300.0 0.0
450.0 0.0000000
454.5 0.0000000
459.0 0.0000000
463.5 0.0000000
468.0 0.0000000
472.5 0.0000000
477.0 0.0000000
481.5 0.0000000
486.0 0.0000000
490.5 0.0000000
495.0 0.0000000
499.5 0.0000000
504.0 0.0000000
508.5 0.0000000
513.0 0.0000000
517.5 0.0000000
522.0 0.0000000
526.5 0.0000000
531.0 0.0000000
535.5 0.0000000
540.0 0.0000000
544.5 0.0000000
549.0 0.0000000
553.5 0.0000000
558.0 0.0000000
562.5 0.0000000
567.0 0.0000000
571.5 0.0000000
576.0 0.0000000
580.5 0.0000000
585.0 0.0000000
589.5 0.0000000
594.0 0.0000000
598.5 0.0000000
603.0 0.0000000
607.5 0.0000000
612.0 0.0000000
616.5 0.0000000
621.0 0.0000000
625.5 0.0000000
630.0 0.0000000
634.5 0.0000000
639.0 0.0000000
643.5 0.0000000
648.0 0.0000000
652.5 0.0000000
657.0 0.0000000
661.5 0.0000000
666.0 0.0000000
670.5 0.0000000
675.0 0.0000000
679.5 0.0000000
684.0 0.0000000
688.5 0.0000000
693.0 0.0000000
697.5 0.0000000
702.0 0.0000000
706.5 0.0000000
711.0 0.0000000
715.5 0.0000000
720.0 0.0000000
724.5 0.0000000
729.0 0.0000000
733.5 0.0000000
738.0 0.0000000
742.5 0.0000000
747.0 0.0000000
751.5 0.0000000
756.0 0.0000000
760.5 0.0000000
765.0 0.0000000
769.5 0.0000000
774.0 0.0000000
778.5 0.0000000
783.0 0.0000000
787.5 0.0000000
792.0 0.0000000
796.5 0.0000000
801.0 0.0000000
805.5 0.0000000
810.0 0.0000000
814.5 0.0000000
819.0 0.0000000
823.5 6.56950874E-07
828.0 3.71397078E-07
832.5 2.05658765E-07
837.0 1.11472900E-07
841.5 5.90899845E-08
846.0 3.06240935E-08
850.5 1.55045417E-08
855.0 7.66112684E-09
859.5 3.69391451E-09
864.0 1.73568082E-09
868.5 7.93255961E-10
873.0 3.53163387E-10
877.5 2.20989719E-07
882.0 1.23694278E-07
886.5 6.78762149E-08
891.0 3.64984523E-08
895.5 1.92182537E-08
900.0 1.08627134E-08
904.5 5.73704861E-09
909.0 2.82649126E-09
913.5 1.46533263E-09
918.0 7.54225737E-10
922.5 3.87517990E-10
927.0 1.93473563E-04
931.5 1.46407372E-04
936.0 9.13352924E-05
940.5 5.55066181E-05
945.0 3.76105418E-05
949.5 2.61374080E-05
954.0 1.85146328E-05
958.5 1.31417291E-05
963.0 8.83871053E-06
967.5 5.44717977E-06
972.0 3.70579119E-06
976.5 2.20623133E-06
981.0 1.31959530E-06
985.5 7.91685807E-07
990.0 4.88336866E-07
994.5 3.13050009E-07
999.0 1.86870039E-07
1003.5 1.16987898E-07
1008.0 7.28395619E-08
1012.5 4.08216323E-08
1017.0 2.01032790E-08
1021.5 1.23434534E-08
1026.0 9.05183128E-09
1030.5 8.46207460E-09
1035.0 8.10238987E-09
1039.5 8.02604294E-09
1044.0 8.45350723E-09
1048.5 9.04303299E-09
1053.0 9.71517089E-09
1057.5 1.08299609E-08
1062.0 1.16389440E-08
1066.5 1.26573045E-08
1071.0 1.40197880E-08
1075.5 1.60716684E-08
1080.0 1.89484357E-08
1084.5 2.35093562E-08
1089.0 3.02731529E-08
1093.5 4.26872333E-08
1098.0 2.3249698
1102.5 1.8834200
1107.0 1.7594323
1111.5 1.7614135
1116.0 1.6525590
1120.5 1.3249764
1125.0 1.1457138
1129.5 1.0790749
1134.0 1.0341675
1138.5 0.96843058
1143.0 0.88557380
1147.5 0.83087260
1152.0 0.81285822
1156.5 0.81615227
1161.0 0.83051026
1165.5 0.83727854
1170.0 0.90179962
1174.5 0.91716802
1179.0 0.87890130
1183.5 0.80194944
1188.0 0.80818826
1192.5 0.80189013
1197.0 0.82214916
1201.5 0.83734179
1206.0 0.82814080
1210.5 0.79934394
1215.0 0.78968543
1219.5 0.81575310
1224.0 0.81166333
1228.5 0.82618570
1233.0 0.81647086
1237.5 0.83653522
1242.0 0.88538539
1246.5 0.93613315
1251.0 1.0060301
1255.5 1.0257759
1260.0 1.0415345
1264.5 0.94821161
1269.0 0.88633990
1273.5 0.84052342
1278.0 0.82106322
1282.5 0.81829554
1287.0 0.78217685
1291.5 0.77310729
1296.0 0.76931918
1300.5 0.76441300
1305.0 0.77894145
1309.5 0.77226138
1314.0 0.75659096
1318.5 0.78007323
1323.0 0.76735872
1327.5 0.78009582
1332.0 0.79952800
1336.5 0.81211317
1341.0 0.83266240
1345.5 0.83222210
1350.0 0.85939562
1354.5 0.87922299
1359.0 0.90141070
1363.5 0.93630099
1368.0 1.0069557
1372.5 1.1013966
1377.0 1.2097714
1381.5 1.3473741
1386.0 1.5183018
1390.5 1.6200683
1395.0 1.4715837
1399.5 1.2492691
1404.0 1.0803106
1408.5 0.99223584
1413.0 0.94814348
1417.5 0.92303658
1422.0 0.87987769
1426.5 0.87721002
1431.0 0.85124987
1435.5 0.86839694
1440.0 0.87108356
1444.5 0.86836427
1449.0 0.87815779
1453.5 0.86746854
1458.0 0.88083041
1462.5 0.89329511
1467.0 0.89497167
1471.5 0.91442490
1476.0 0.87931359
1480.5 0.87351406
1485.0 0.86233956
1489.5 0.87663287
1494.0 0.88074774
1498.5 0.86836833
1503.0 0.82459676
1507.5 0.79816014
1512.0 0.78712332
1516.5 0.77280420
1521.0 0.77426314
1525.5 0.77236903
1530.0 0.77109092
1534.5 0.78344131
1539.0 0.78117639
1543.5 0.79390270
1548.0 0.79778427
1552.5 0.79652715
1557.0 0.78756869
1561.5 0.79773325
1566.0 0.80149698
1570.5 0.82340735
1575.0 0.81038004
1579.5 0.79754508
1584.0 0.76267284
1588.5 0.77436799
1593.0 0.77816308
1597.5 0.76808357
1602.0 0.79434174
1606.5 0.80218840
1611.0 0.78139681
1615.5 0.76838368
1620.0 0.76970637
1624.5 0.77002126
1629.0 0.76998270
1633.5 0.78009850
1638.0 0.76678067
1642.5 0.76467544
1647.0 0.77477902
1651.5 0.77422959
1656.0 0.79374087
1660.5 0.79066175
1665.0 0.84214479
1669.5 0.83962333
1674.0 0.84854764
1678.5 0.83607858
1683.0 0.83828413
1687.5 0.84637946
1692.0 0.88442945
1696.5 0.95207173
1701.0 1.0136151
1705.5 1.0638946
1710.0 1.0834205
1714.5 1.1408561
1719.0 1.0915912
1723.5 0.99854857
1728.0 0.91379672
1732.5 0.85761583
1737.0 0.83151942
1741.5 0.80492646
1746.0 0.77993059
1750.5 0.76082748
1755.0 0.75560212
1759.5 0.72768688
1764.0 0.71674126
1768.5 0.71156853
1773.0 0.71896160
1777.5 0.72248769
1782.0 0.70629901
1786.5 0.70965016
1791.0 0.71385664
1795.5 0.72027522
1800.0 0.70287418
1804.5 0.71098280
1809.0 0.72802788
1813.5 0.68905580
1818.0 0.70772821
1822.5 0.71271306
1827.0 0.70816892
1831.5 0.71465874
1836.0 0.70377791
1840.5 0.69489115
1845.0 0.71463758
1849.5 0.74400043
1854.0 0.72972482
1858.5 0.74852675
1863.0 0.74269956
1867.5 0.74516273
1872.0 0.74143207
1876.5 0.75143683
1881.0 0.74974763
1885.5 0.74832577
1890.0 0.72491217
1894.5 0.71363091
1899.0 0.72337383
1903.5 0.73416179
1908.0 0.70359540
1912.5 0.73806226
1917.0 0.71287000
1921.5 0.73038316
1926.0 0.72418422
1930.5 0.73939431
1935.0 0.70492589
1939.5 0.71580577
1944.0 0.71556920
1948.5 0.72851747
1953.0 0.69288540
1957.5 0.70142603
1962.0 0.71519673
1966.5 0.68382108
1971.0 0.69694293
1975.5 0.67626739
1980.0 0.65780789
1984.5 0.65736079
1989.0 0.65691030
1993.5 0.66145617
1998.0 0.66569954
2002.5 0.66691047
2007.0 0.65781385
2011.5 0.65460402
2016.0 0.65413207
2020.5 0.65365750
2025.0 0.66201222
2029.5 0.66101760
2034.0 0.67084545
2038.5 0.67497861
2043.0 0.67479527
2047.5 0.67978501
2052.0 0.68612462
2056.5 0.69861048
2061.0 0.71434218
2065.5 0.70884615
2070.0 0.72763240
2074.5 0.73603505
2079.0 0.74226445
2083.5 0.74642402
2088.0 0.75177264
2092.5 0.76125228
2097.0 0.76514870
2101.5 0.75484246
2106.0 0.74821007
2110.5 0.73148084
2115.0 0.72966099
2119.5 0.71558183
2124.0 0.72602397
2128.5 0.71709132
2133.0 0.71245754
2137.5 0.71441758
2142.0 0.70998555
2146.5 0.71162885
2151.0 0.71316433
2155.5 0.72131181
2160.0 0.73816687
2164.5 0.72681987
2169.0 0.75291228
2173.5 0.77144605
2178.0 0.79423302
2182.5 0.79180723
2187.0 0.76925218
2191.5 0.76532030
2196.0 0.76767284
2200.5 0.75014955
2205.0 0.73609602
2209.5 0.73184389
2214.0 0.72890782
2218.5 0.74278098
2223.0 0.75781280
2227.5 0.76072890
2232.0 0.75572240
2236.5 0.75756472
2241.0 0.75274116
2245.5 0.75648957
2250.0 0.74873501
2254.5 0.74556851
2259.0 0.74638397
2263.5 0.74289757
2268.0 0.73347771
2272.5 0.72284532
2277.0 0.72956413
2281.5 0.73195571
2286.0 0.73225331
2290.5 0.72515166
2295.0 0.71949989
2299.5 0.71759647
2304.0 0.71401346
2308.5 0.71123332
2313.0 0.70513272
2317.5 0.69562095
2322.0 0.69914001
2326.5 0.69920087
2331.0 0.69146961
2335.5 0.67338371
2340.0 0.69069719
2344.5 0.69376749
2349.0 0.68956113
2353.5 0.68954635
2358.0 0.69548357
2362.5 0.68264288
2367.0 0.68288815
2371.5 0.66956633
2376.0 0.65909123
2380.5 0.63334286
2385.0 0.63043374
2389.5 0.62938762
2394.0 0.62323833
2398.5 0.64019001
2403.0 0.64953136
2407.5 0.65094644
2412.0 0.63700652
2416.5 0.64353210
2421.0 0.64637190
2425.5 0.65509135
2430.0 0.65520966
2434.5 0.67040563
2439.0 0.68990713
2443.5 0.69599634
2448.0 0.68710023
2452.5 0.70817429
2457.0 0.71764642
2461.5 0.71698755
2466.0 0.72072053
2470.5 0.74992913
2475.0 0.76837635
2479.5 0.76444566
2484.0 0.77903533
2488.5 0.76134861
2493.0 0.78044176
2497.5 0.80722880
2502.0 0.87454951
2506.5 0.95343316
2511.0 1.0760499
2515.5 1.2011000
2520.0 1.2395428
2524.5 1.1766098
2529.0 1.0421966
2533.5 0.92726189
2538.0 0.85590279
2542.5 0.82063687
2547.0 0.79285192
2551.5 0.77135468
2556.0 0.75443703
2560.5 0.73821026
2565.0 0.73302299
2569.5 0.71822560
2574.0 0.70540339
2578.5 0.69073975
2583.0 0.68246037
2587.5 0.68039483
2592.0 0.66092491
2596.5 0.66220266
2601.0 0.64574707
2605.5 0.64153725
2610.0 0.64082843
2614.5 0.61439437
2619.0 0.62360883
2623.5 0.62320369
2628.0 0.63235116
2632.5 0.64970523
2637.0 0.65580255
2641.5 0.65805775
2646.0 0.65754104
2650.5 0.66212922
2655.0 0.65311623
2659.5 0.65475327
2664.0 0.66345733
2668.5 0.65369242
2673.0 0.65593374
2677.5 0.64418560
2682.0 0.64809769
2686.5 0.63250709
2691.0 0.62190247
2695.5 0.61078906
2700.0 0.60529035
2704.5 0.59081781
2709.0 0.58488393
2713.5 0.56892049
2718.0 0.55797750
2722.5 0.55576378
2727.0 0.56106883
2731.5 0.55379713
2736.0 0.56567931
2740.5 0.56868881
2745.0 0.57053441
2749.5 0.57051480
2754.0 0.57105219
2758.5 0.58242732
2763.0 0.57644725
2767.5 0.58788007
2772.0 0.58728439
2776.5 0.58501810
2781.0 0.57870173
2785.5 0.58464700
2790.0 0.58057475
2794.5 0.59299380
2799.0 0.60807961
2803.5 0.60975927
2808.0 0.63420111
2812.5 0.63938695
2817.0 0.63917172
2821.5 0.63046813
2826.0 0.62991703
2830.5 0.60676843
2835.0 0.62027502
2839.5 0.61422753
2844.0 0.61312461
2848.5 0.62084651
2853.0 0.63726908
2857.5 0.63793796
2862.0 0.64597160
2866.5 0.65005028
2871.0 0.65514302
2875.5 0.64875793
2880.0 0.65194523
2884.5 0.64228845
2889.0 0.64958107
2893.5 0.64160317
2898.0 0.62259150
2902.5 0.62288791
2907.0 0.63057959
2911.5 0.61400253
2916.0 0.61309481
2920.5 0.61359149
2925.0 0.61326140
2929.5 0.62303030
2934.0 0.62031972
2938.5 0.60983443
2943.0 0.60866702
2947.5 0.62094480
2952.0 0.61979771
2956.5 0.61559093
2961.0 0.62689179
2965.5 0.60918224
2970.0 0.60165673
2974.5 0.59361178
2979.0 0.58790725
2983.5 0.58350307
2988.0 0.57149178
2992.5 0.56924421
2997.0 0.57597083
3001.5 0.58110529
3006.0 0.58859181
3010.5 0.60697532
3015.0 0.58634096
3019.5 0.57819152
3024.0 0.57463133
3028.5 0.57191396
3033.0 0.56527048
3037.5 0.57869321
3042.0 0.57660043
3046.5 0.58069843
3051.0 0.57529205
3055.5 0.57708365
3060.0 0.57742035
3064.5 0.59064955
3069.0 0.59413058
3073.5 0.60420036
3078.0 0.62382007
3082.5 0.64921570
3087.0 0.61858898
3091.5 0.59506273
3096.0 0.59845591
3100.5 0.58925432
3105.0 0.56774014
3109.5 0.57408530
3114.0 0.57572401
3118.5 0.55971599
3123.0 0.55591315
3127.5 0.54355019
3132.0 0.53584355
3136.5 0.55021119
3141.0 0.54864609
3145.5 0.54086572
3150.0 0.55143970
3154.5 0.53760010
3159.0 0.52894050
3163.5 0.52870429
3168.0 0.51978868
3172.5 0.51115727
3177.0 0.50128537
3181.5 0.50757462
3186.0 0.50632215
3190.5 0.49166840
3195.0 0.49597421
3199.5 0.50394344
3204.0 0.50727695
3208.5 0.49767160
3213.0 0.50675613
3217.5 0.51935202
3222.0 0.50958341
3226.5 0.52064723
3231.0 0.50570232
3235.5 0.50687444
3240.0 0.49934888
3244.5 0.50576377
3249.0 0.50871384
3253.5 0.49868605
3258.0 0.51247942
3262.5 0.50382686
3267.0 0.49933320
3271.5 0.50369203
3276.0 0.49276045
3280.5 0.49813336
3285.0 0.49414226
3289.5 0.49739584
3294.0 0.50064737
3298.5 0.49390745
3303.0 0.48964182
3307.5 0.48824003
3312.0 0.48596174
3316.5 0.48298359
3321.0 0.48327619
3325.5 0.48999935
3330.0 0.48925629
3334.5 0.48876029
3339.0 0.47937450
3343.5 0.48115754
3348.0 0.50136566
3352.5 0.56510615
3357.0 0.58703613
3361.5 0.49611795
3366.0 0.47853157
3370.5 0.47843137
3375.0 0.47274172
3379.5 0.48970979
3384.0 0.47601604
3388.5 0.46556598
3393.0 0.46878809
3397.5 0.46348554
3402.0 0.45738071
3406.5 0.45258430
3411.0 0.44699737
3415.5 0.42272258
3420.0 0.42958656
3424.5 0.42154101
3429.0 0.43996024
3433.5 0.43891439
3438.0 0.43422279
3442.5 0.42991555
3447.0 0.42675406
3451.5 0.43768024
3456.0 0.42875358
3460.5 0.43593892
3465.0 0.44258997
3469.5 0.44991323
3474.0 0.46782014
3478.5 0.50355470
3483.0 0.52457494
3487.5 0.47148097
3492.0 0.44061959
3496.5 0.45642713
3501.0 0.46010184
3505.5 0.43612397
3510.0 0.42681825
3514.5 0.42746699
3519.0 0.41998240
3523.5 0.41752246
3528.0 0.40979555
3532.5 0.39795479
3537.0 0.38482428
3541.5 0.38216650
3546.0 0.39382029
3550.5 0.40559500
3555.0 0.40678698
3559.5 0.41136020
3564.0 0.42152759
3568.5 0.42190492
3573.0 0.41933233
3577.5 0.40539429
3582.0 0.40712836
3586.5 0.40503556
3591.0 0.38825905
3595.5 0.39324164
3600.0 0.38008687
3604.5 0.38013369
3609.0 0.37357926
3613.5 0.38174286
3618.0 0.38662687
3622.5 0.37961483
3627.0 0.36771995
3631.5 0.36735478
3636.0 0.36568016
3640.5 0.36140162
3645.0 0.37242004
3649.5 0.36462224
3654.0 0.37401858
3658.5 0.38148567
3663.0 0.40476996
3667.5 0.39856416
3672.0 0.39625326
3676.5 0.41379565
3681.0 0.41962293
3685.5 0.43429813
3690.0 0.46185702
3694.5 0.44838113
3699.0 0.42600903
3703.5 0.42391920
3708.0 0.40500423
3712.5 0.39491642
3717.0 0.39084244
3721.5 0.38433650
3726.0 0.37154695
3730.5 0.35728651
3735.0 0.35316202
3739.5 0.35484815
3744.0 0.36470032
3748.5 0.36180818
3753.0 0.35949403
3757.5 0.36744854
3762.0 0.35479861
3766.5 0.35034731
3771.0 0.35682923
3775.5 0.34869155
3780.0 0.34496051
3784.5 0.34444734
3789.0 0.34393537
3793.5 0.34553251
3798.0 0.34841180
3802.5 0.34684220
3807.0 0.34557402
3811.5 0.36491680
3816.0 0.36274379
3820.5 0.36829409
3825.0 0.36175343
3829.5 0.35306254
3834.0 0.34743482
3838.5 0.36303177
3843.0 0.36283147
3847.5 0.36026382
3852.0 0.37694234
3856.5 0.36696234
3861.0 0.37885758
3865.5 0.39950868
3870.0 0.39264011
3874.5 0.40071028
3879.0 0.40809011
3883.5 0.42483017
3888.0 0.45180780
3892.5 0.45683652
3897.0 0.48216990
3901.5 0.52194309
3906.0 0.54133695
3910.5 0.54369766
3915.0 0.50560421
3919.5 0.49662945
3924.0 0.49170560
3928.5 0.46789506
3933.0 0.44676921
3937.5 0.40920064
3942.0 0.40070611
3946.5 0.38479918
3951.0 0.37706903
3955.5 0.38666934
3960.0 0.37616423
3964.5 0.36980429
3969.0 0.37022039
3973.5 0.36160740
3978.0 0.35909534
3982.5 0.35726440
3987.0 0.33524606
3991.5 0.34675550
3996.0 0.34501284
4000.5 0.35384312
4005.0 0.34620848
4009.5 0.34473035
4014.0 0.36029410
4018.5 0.36553934
4023.0 0.37937352
4027.5 0.37391695
4032.0 0.37110546
4036.5 0.35721835
4041.0 0.37692294
4045.5 0.37779802
4050.0 0.38016039
4054.5 0.37746805
4059.0 0.39171061
4063.5 0.40842974
4068.0 0.40552831
4072.5 0.38893393
4077.0 0.37977076
4081.5 0.37059954
4086.0 0.37321004
4090.5 0.40070829
4095.0 0.38984919
4099.5 0.38512149
4104.0 0.40007579
4108.5 0.39674467
4113.0 0.36744362
4117.5 0.38727444
4122.0 0.40269002
4126.5 0.38539457
4131.0 0.37806433
4135.5 0.38405558
4140.0 0.36973643
4144.5 0.36114758
4149.0 0.36234286
4153.5 0.37390342
4158.0 0.38748771
4162.5 0.38726839
4167.0 0.37954301
4171.5 0.38427511
4176.0 0.37283069
4180.5 0.37903264
4185.0 0.36757535
4189.5 0.38684511
4194.0 0.36409903
4198.5 0.37591815
4203.0 0.36026272
4207.5 0.36362842
4212.0 0.36644611
4216.5 0.37851006
4221.0 0.34522381
4225.5 0.34447703
4230.0 0.32386130
4234.5 0.31976366
4239.0 0.31528342
4243.5 0.32298231
4248.0 0.32191575
4252.5 0.32094371
4257.0 0.31517598
4261.5 0.31994188
4266.0 0.32321998
4270.5 0.31642035
4275.0 0.30579308
4279.5 0.30850318
4284.0 0.30974412
4288.5 0.30811310
4293.0 0.31289631
4297.5 0.31685433
4302.0 0.32255062
4306.5 0.32131395
4311.0 0.31876808
4315.5 0.32495406
4320.0 0.33426070
4324.5 0.33445796
4329.0 0.33751056
4333.5 0.35012761
4338.0 0.37074447
4342.5 0.37245545
4347.0 0.40030065
4351.5 0.40397003
4356.0 0.41745532
4360.5 0.44861829
4365.0 0.46705875
4369.5 0.52251559
4374.0 0.56991392
4378.5 0.55187201
4383.0 0.51474351
4387.5 0.47798511
4392.0 0.45213452
4396.5 0.42963544
4401.0 0.40124822
4405.5 0.39406916
4410.0 0.39014414
4414.5 0.37654504
4419.0 0.35553253
4423.5 0.36612207
4428.0 0.35416347
4432.5 0.34871575
4437.0 0.34281081
4441.5 0.33356917
4446.0 0.32991466
4450.5 0.33847806
4455.0 0.33853272
4459.5 0.39944720
4464.0 0.43663430
4468.5 0.36496258
4473.0 0.32412097
4477.5 0.31552610
4482.0 0.31286249
4486.5 0.30515361
4491.0 0.32498214
4495.5 0.35502005
4500.0 0.43141586
4504.5 0.60776407
4509.0 0.60632294
4513.5 0.40770397
4518.0 0.34320319
4522.5 0.32263362
4527.0 0.31375507
4531.5 0.30633837
4536.0 0.30043787
4540.5 0.30061528
4545.0 0.29846987
4549.5 0.29887396
4554.0 0.29844889
4558.5 0.29355848
4563.0 0.29027468
4567.5 0.29025051
4572.0 0.27913213
4576.5 0.27337417
4581.0 0.28536868
4585.5 0.28278473
4590.0 0.28627977
4594.5 0.27472159
4599.0 0.27694657
4603.5 0.27306333
4608.0 0.28257659
4612.5 0.27759480
4617.0 0.27042800
4621.5 0.27661085
4626.0 0.27486965
4630.5 0.28322664
4635.0 0.28468022
4639.5 0.29607067
4644.0 0.30245596
4648.5 0.29818088
4653.0 0.28954592
4657.5 0.30226809
4662.0 0.28974715
4666.5 0.28254879
4671.0 0.28309900
4675.5 0.29905766
4680.0 0.29345292
4684.5 0.27798489
4689.0 0.28161773
4693.5 0.28419456
4698.0 0.28895295
4702.5 0.28425270
4707.0 0.28693700
4711.5 0.28579718
4716.0 0.28735760
4720.5 0.27685660
4725.0 0.28153437
4729.5 0.29065961
4734.0 0.27667531
4738.5 0.28447816
4743.0 0.28561223
4747.5 0.28350320
4752.0 0.28389460
4756.5 0.28592646
4761.0 0.28404602
4765.5 0.29495311
4770.0 0.28155461
4774.5 0.27561754
4779.0 0.30137658
4783.5 0.28130671
4788.0 0.29437572
4792.5 0.28692150
4797.0 0.27836099
4801.5 0.27440301
4806.0 0.27126798
4810.5 0.27937713
4815.0 0.26475498
4819.5 0.26707759
4824.0 0.26977921
4828.5 0.26683825
4833.0 0.25429103
4837.5 0.25893351
4842.0 0.26515779
4846.5 0.26457611
4851.0 0.25651008
4855.5 0.25743213
4860.0 0.25524503
4864.5 0.25028279
4869.0 0.25525597
4873.5 0.26042369
4878.0 0.25864705
4882.5 0.25230983
4887.0 0.24861881
4891.5 0.24488664
4896.0 0.25335833
4900.5 0.24425711
4905.0 0.26073954
4909.5 0.24574421
4914.0 0.24683851
4918.5 0.24300510
4923.0 0.24269359
4927.5 0.24238265
4932.0 0.24207227
4936.5 0.24758801
4941.0 0.24863929
4945.5 0.25432998
4950.0 0.24809837
4954.5 0.24881260
4959.0 0.24022233
4963.5 0.23991597
4968.0 0.24672079
4972.5 0.25399429
4977.0 0.24967588
4981.5 0.24355909
4986.0 0.25311789
4990.5 0.25714880
4995.0 0.24422577
4999.5 0.24696817
5004.0 0.23718485
5008.5 0.23688424
5013.0 0.24162716
5017.5 0.23762353
5022.0 0.25975284
5026.5 0.24795853
5031.0 0.24117905
5035.5 0.26925340
5040.0 0.26565874
5044.5 0.25364825
5049.0 0.24900159
5053.5 0.23770964
5058.0 0.23737220
5062.5 0.23331991
5067.0 0.24094483
5071.5 0.23273352
5076.0 0.23385447
5080.5 0.23214935
5085.0 0.23403025
5089.5 0.23156726
5094.0 0.23284534
5098.5 0.23198232
5103.0 0.23069820
5107.5 0.23872378
5112.0 0.23518613
5116.5 0.22983408
5121.0 0.22954702
5125.5 0.22926058
5130.0 0.22897464
5134.5 0.22868919
5139.0 0.22840433
5143.5 0.22811994
5148.0 0.23281461
5152.5 0.22755276
5157.0 0.22792967
5161.5 0.22698765
5166.0 0.22801490
5170.5 0.22650069
5175.0 0.22614379
5179.5 0.22834305
5184.0 0.23153432
5188.5 0.23264718
5193.0 0.23048754
5197.5 0.23010379
5202.0 0.22944984
5206.5 0.22629349
5211.0 0.22816817
5215.5 0.22668573
5220.0 0.22625785
5224.5 0.23130552
5229.0 0.24144973
5233.5 0.22961403
5238.0 0.23758808
5242.5 0.23300523
5247.0 0.24022068
5251.5 0.23460157
5256.0 0.24222508
5260.5 0.23837051
5265.0 0.23946804
5269.5 0.24644494
5274.0 0.24048106
5278.5 0.24508834
5283.0 0.25318682
5287.5 0.27261621
5292.0 0.26639515
5296.5 0.26126918
5301.0 0.26270437
5305.5 0.23956233
5310.0 0.23556200
5314.5 0.24654560
5319.0 0.24219878
5323.5 0.23378263
5328.0 0.23506641
5332.5 0.23637480
5337.0 0.23669969
5341.5 0.23254679
5346.0 0.23715225
5350.5 0.24204457
5355.0 0.22716789
5359.5 0.22961058
5364.0 0.22804733
5368.5 0.23538066
5373.0 0.22207388
5377.5 0.22447313
5382.0 0.22388129
5386.5 0.22309864
5391.0 0.22472218
5395.5 0.22429627
5400.0 0.22376810
5404.5 0.22581634
5409.0 0.22218665
5413.5 0.22035688
5418.0 0.21651193
5422.5 0.21635672
5427.0 0.21285115
5431.5 0.21700844
5436.0 0.21750058
5440.5 0.22002834
5445.0 0.22183451
5449.5 0.21340570
5454.0 0.21801566
5458.5 0.22458757
5463.0 0.22199315
5467.5 0.22423109
5472.0 0.22834723
5476.5 0.22463201
5481.0 0.22632347
5485.5 0.22187500
5490.0 0.23305400
5494.5 0.21431673
5499.0 0.20721549
5503.5 0.21038264
5508.0 0.20759825
5512.5 0.20874740
5517.0 0.20906515
5521.5 0.21319965
5526.0 0.21717077
5530.5 0.20733686
5535.0 0.21319401
5539.5 0.21898979
5544.0 0.21094932
5548.5 0.20745720
5553.0 0.20429222
5557.5 0.20405143
5562.0 0.20494260
5566.5 0.21706936
5571.0 0.20684201
5575.5 0.20808911
5580.0 0.20285386
5584.5 0.20338953
5589.0 0.20324114
5593.5 0.20657317
5598.0 0.20451547
5602.5 0.20920679
5607.0 0.20993622
5611.5 0.20519805
5616.0 0.20381339
5620.5 0.20353451
5625.0 0.20943232
5629.5 0.20815198
5634.0 0.20378506
5638.5 0.20233241
5643.0 0.20080054
5647.5 0.19985826
5652.0 0.20154032
5656.5 0.20332837
5661.0 0.21007350
5665.5 0.21298903
5670.0 0.21704763
5674.5 0.22397800
5679.0 0.21505213
5683.5 0.20454144
5688.0 0.20523731
5692.5 0.20314540
5697.0 0.20000488
5701.5 0.20315240
5706.0 0.20922606
5710.5 0.21145645
5715.0 0.20490408
5719.5 0.20652939
5724.0 0.20964782
5728.5 0.21346334
5733.0 0.21673155
5737.5 0.20608084
5742.0 0.20815021
5746.5 0.21204223
5751.0 0.21270512
5755.5 0.20821145
5760.0 0.20787005
5764.5 0.21098529
5769.0 0.21082078
5773.5 0.20855160
5778.0 0.21370238
5782.5 0.21154289
5787.0 0.21455835
5791.5 0.21972322
5796.0 0.21668316
5800.5 0.22302110
5805.0 0.21947764
5809.5 0.23441359
5814.0 0.23617752
5818.5 0.24239087
5823.0 0.24924411
5827.5 0.24826397
5832.0 0.25336662
5836.5 0.26761132
5841.0 0.26912776
5845.5 0.28088525
5850.0 0.29389402
5854.5 0.31196624
5859.0 0.33289093
5863.5 0.35813853
5868.0 0.39290974
5872.5 0.43634066
5877.0 0.48949826
5881.5 0.55213755
5886.0 0.64741707
5890.5 0.76075315
5895.0 0.90351468
5899.5 1.0475137
5904.0 1.2323207
5908.5 1.2665641
5913.0 1.0832467
5917.5 0.90169013
5922.0 0.82043463
5926.5 0.77281904
5931.0 0.66931486
5935.5 0.56470388
5940.0 0.50878602
5944.5 0.46412671
5949.0 0.42328981
5953.5 0.39217529
5958.0 0.37315404
5962.5 0.34941238
5967.0 0.32535565
5971.5 0.30536905
5976.0 0.28528768
5980.5 0.26811850
5985.0 0.26270562
5989.5 0.25733259
5994.0 0.24441542
5998.5 0.24286012
