300.0 0.0
335.0 0.0000000
338.35 0.0000000
341.7 0.0000000
345.05 0.0000000
348.4 0.0000000
351.75 0.0000000
355.1 0.0000000
358.45 0.0000000
361.8 0.0000000
365.15 0.0000000
368.5 0.0000000
371.85 0.0000000
375.2 0.0000000
378.55 0.0000000
381.9 0.0000000
385.25 0.0000000
388.6 0.0000000
391.95 0.0000000
395.3 0.0000000
398.65 0.0000000
402.0 0.0000000
405.35 0.0000000
408.7 0.0000000
412.05 0.0000000
415.4 0.0000000
418.75 0.0000000
422.1 0.0000000
425.45 0.0000000
428.8 0.0000000
432.15 0.0000000
435.5 0.0000000
438.85 0.0000000
442.2 0.0000000
445.55 0.0000000
448.9 0.0000000
452.25 0.0000000
455.6 0.0000000
458.95 0.0000000
462.3 0.0000000
465.65 0.0000000
469.0 0.0000000
472.35 0.0000000
475.7 0.0000000
479.05 0.0000000
482.4 0.0000000
485.75 0.0000000
489.1 0.0000000
492.45 0.0000000
495.8 0.0000000
499.15 0.0000000
502.5 0.0000000
505.85 0.0000000
509.2 0.0000000
512.55 0.0000000
515.9 0.0000000
519.25 0.0000000
522.6 0.0000000
525.95 0.0000000
529.3 0.0000000
532.65 0.0000000
536.0 0.0000000
539.35 0.0000000
542.7 0.0000000
546.05 0.0000000
549.4 0.0000000
552.75 0.0000000
556.1 0.0000000
559.45 0.0000000
562.8 0.0000000
566.15 0.0000000
569.5 0.0000000
572.85 0.0000000
576.2 0.0000000
579.55 0.0000000
582.9 0.0000000
586.25 0.0000000
589.6 0.0000000
592.95 0.0000000
596.3 0.0000000
599.65 0.0000000
603.0 0.0000000
606.35 0.0000000
609.7 0.0000000
613.05 5.91945499E-02
616.4 5.65036647E-02
619.75 5.38757816E-02
623.1 5.13193011E-02
626.45 4.89003547E-02
629.8 4.64827083E-02
633.15 4.39101942E-02
636.5 4.12067547E-02
639.85 3.85345407E-02
643.2 3.60100046E-02
646.55 3.36005017E-02
649.9 3.12944986E-02
653.25 6.44234940E-02
656.6 6.16498664E-02
659.95 5.90549298E-02
663.3 5.65209463E-02
666.65 5.37099205E-02
670.0 5.53413182E-02
673.35 5.40517122E-02
676.7 5.02211154E-02
680.05 5.02873436E-02
683.4 5.13301529E-02
686.75 5.31372279E-02
690.1 0.22934093
693.45 0.23221575
696.8 0.19576861
700.15 0.16239986
703.5 0.15172195
706.85 0.14696980
710.2 0.14667584
713.55 0.14831972
716.9 0.14379190
720.25 0.12920372
723.6 0.12973073
726.95 0.11543307
730.3 0.10447708
733.65 9.61296037E-02
737.0 9.21577811E-02
740.35 9.30814594E-02
743.7 8.88231248E-02
747.05 9.01606530E-02
750.4 9.23870429E-02
753.75 8.93652365E-02
757.1 7.92680830E-02
760.45 7.63535798E-02
763.8 6.92756996E-02
767.15 6.94937706E-02
770.5 6.83500543E-02
773.85 6.53362721E-02
777.2 6.42852113E-02
780.55 6.55758828E-02
783.9 6.76323250E-02
787.25 7.20202252E-02
790.6 7.29555786E-02
793.95 7.34621733E-02
797.3 7.44311586E-02
800.65 7.76546896E-02
804.0 8.34223852E-02
807.35 9.41940770E-02
810.7 0.11010525
814.05 0.14055030
817.4 2.0370424
820.75 1.6508468
824.1 1.5427918
827.45 1.5451481
830.8 1.4502354
834.15 1.1632175
837.5 1.0062338
840.85 0.94807595
844.2 0.90897024
847.55 0.85151768
850.9 0.77895916
854.25 0.73111898
857.6 0.71553558
860.95 0.71870178
864.3 0.73161495
867.65 0.73784775
871.0 0.79499507
874.35 0.80883527
877.7 0.77536553
881.05 0.70773011
884.4 0.71348840
887.75 0.70817608
891.1 0.72632027
894.45 0.73999751
897.8 0.73211706
901.15 0.70690012
904.5 0.69859475
907.85 0.72189748
911.2 0.71851772
914.55 0.73161620
917.9 0.72325104
921.25 0.74126625
924.6 0.78480774
927.95 0.83005804
931.3 0.89232010
934.65 0.91012305
938.0 0.92439657
941.35 0.84183323
944.7 0.78714776
948.05 0.74668956
951.4 0.72962582
954.75 0.72738814
958.1 0.69549274
961.45 0.68763530
964.8 0.68447065
968.15 0.68030763
971.5 0.69344234
974.85 0.68769693
978.2 0.67393881
981.55 0.69505692
984.9 0.68392473
988.25 0.69547570
991.6 0.71300226
994.95 0.72442961
998.3 0.74296838
1001.65 0.74278247
1005.0 0.76724780
1008.35 0.78516513
1011.7 0.80519903
1015.05 0.83659244
1018.4 0.89996582
1021.75 0.98463601
1025.1 1.0818104
1028.45 1.2051773
1031.8 1.3584234
1035.15 1.4498532
1038.5 1.3173115
1041.85 1.1185921
1045.2 0.96755546
1048.55 0.88890016
1051.9 0.84961551
1055.25 0.82732606
1058.6 0.78884006
1061.95 0.78664422
1065.3 0.76355350
1068.65 0.77912569
1072.0 0.78172743
1075.35 0.77947688
1078.7 0.78845841
1082.05 0.77904820
1085.4 0.79123712
1088.75 0.80262464
1092.1 0.80432111
1095.45 0.82199681
1098.8 0.79061913
1102.15 0.78558695
1105.5 0.77571630
1108.85 0.78875488
1112.2 0.79263788
1115.55 0.78167427
1118.9 0.74244004
1122.25 0.71879864
1125.6 0.70901734
1128.95 0.69627345
1132.3 0.69774181
1135.65 0.69618756
1139.0 0.69518703
1142.35 0.70647496
1145.7 0.70458442
1149.05 0.71621639
1152.4 0.71987170
1155.75 0.71888971
1159.1 0.71095437
1162.45 0.72028118
1165.8 0.72383046
1169.15 0.74377197
1172.5 0.73215568
1175.85 0.72070742
1179.2 0.68933570
1182.55 0.70004833
1185.9 0.70362133
1189.25 0.69464684
1192.6 0.71853799
1195.95 0.72578001
1199.3 0.70710856
1202.65 0.69546932
1206.0 0.69680279
1209.35 0.69722342
1212.7 0.69732338
1216.05 0.70662081
1219.4 0.69469041
1222.75 0.69291490
1226.1 0.70220345
1229.45 0.70183784
1232.8 0.71965981
1236.15 0.71700186
1239.5 0.76383030
1242.85 0.76168400
1246.2 0.76992136
1249.55 0.75874645
1252.9 0.76088625
1256.25 0.76837319
1259.6 0.80306095
1262.95 0.86463481
1266.3 0.92069024
1269.65 0.96653181
1273.0 0.98444444
1276.35 1.0368150
1279.7 0.99221617
1283.05 0.90780163
1286.4 0.83089554
1289.75 0.77994579
1293.1 0.75634223
1296.45 0.73227841
1299.8 0.70965892
1303.15 0.69239372
1306.5 0.68775403
1309.85 0.66252857
1313.2 0.65274262
1316.55 0.64820915
1319.9 0.65512210
1323.25 0.65851343
1326.6 0.64393151
1329.95 0.64715999
1333.3 0.65116942
1336.65 0.65719831
1340.0 0.64149022
1343.35 0.64906067
1346.7 0.66479450
1350.05 0.62937051
1353.4 0.64659232
1356.75 0.65131348
1360.1 0.64732593
1363.45 0.65342391
1366.8 0.64363790
1370.15 0.63567024
1373.5 0.65389705
1376.85 0.68093359
1380.2 0.66803306
1383.55 0.68541402
1386.9 0.68024462
1390.25 0.68266672
1393.6 0.67941332
1396.95 0.68874717
1400.3 0.68736351
1403.65 0.68622357
1407.0 0.66491079
1410.35 0.65471768
1413.7 0.66381198
1417.05 0.67386913
1420.4 0.64596307
1423.75 0.67776346
1427.1 0.65477997
1430.45 0.67101955
1433.8 0.66547602
1437.15 0.67960703
1440.5 0.64807171
1443.85 0.65822184
1447.2 0.65815121
1450.55 0.67020929
1453.9 0.63757008
1457.25 0.64557070
1460.6 0.65838897
1463.95 0.62964255
1467.3 0.64186382
1470.65 0.62295663
1474.0 0.60608226
1477.35 0.60579967
1480.7 0.60551316
1484.05 0.60983229
1487.4 0.61387372
1490.75 0.61511922
1494.1 0.60685539
1497.45 0.60401946
1500.8 0.60370868
1504.15 0.60339457
1507.5 0.61123180
1510.85 0.61043769
1514.2 0.61963910
1517.55 0.62358242
1520.9 0.62353802
1524.25 0.62827420
1527.6 0.63425934
1530.95 0.64592916
1534.3 0.66060448
1537.65 0.65565032
1541.0 0.67315805
1544.35 0.68106383
1547.7 0.68696070
1551.05 0.69094318
1554.4 0.69602746
1557.75 0.70493841
1561.1 0.70868105
1564.45 0.69926739
1567.8 0.69325364
1571.15 0.67787981
1574.5 0.67631930
1577.85 0.66339231
1581.2 0.67319703
1584.55 0.66503644
1587.9 0.66085982
1591.25 0.66279846
1594.6 0.65880609
1597.95 0.66044998
1601.3 0.66199392
1604.65 0.66967642
1608.0 0.68544698
1611.35 0.67502987
1614.7 0.69938636
1618.05 0.71672833
1621.4 0.73802811
1624.75 0.73590195
1628.1 0.71506310
1631.45 0.71153104
1634.8 0.71384078
1638.15 0.69766551
1641.5 0.68471181
1644.85 0.68087190
1648.2 0.67825466
1651.55 0.69127995
1654.9 0.70538753
1658.25 0.70821977
1661.6 0.70367551
1664.95 0.70550740
1668.3 0.70113057
1671.65 0.70473731
1675.0 0.69762683
1678.35 0.69478917
1681.7 0.69566154
1685.05 0.69252348
1688.4 0.68385190
1691.75 0.67404640
1695.1 0.68041974
1698.45 0.68275815
1701.8 0.68314326
1705.15 0.67662406
1708.5 0.67145544
1711.85 0.66978323
1715.2 0.66654217
1718.55 0.66404921
1721.9 0.65845448
1725.25 0.64967173
1728.6 0.65305769
1731.95 0.65321362
1735.3 0.64608842
1738.65 0.62928408
1742.0 0.64556038
1745.35 0.64852679
1748.7 0.64469051
1752.05 0.64477205
1755.4 0.65041965
1758.75 0.63850462
1762.1 0.63882732
1765.45 0.62645620
1768.8 0.61674500
1772.15 0.59273648
1775.5 0.59009868
1778.85 0.58920377
1782.2 0.58353031
1785.55 0.59948707
1788.9 0.60832059
1792.25 0.60973179
1795.6 0.59675825
1798.95 0.60295576
1802.3 0.60570079
1805.65 0.61395675
1809.0 0.61415237
1812.35 0.62848258
1815.7 0.64685309
1819.05 0.65265143
1822.4 0.64439690
1825.75 0.66425109
1829.1 0.67322659
1832.45 0.67269880
1835.8 0.67629170
1839.15 0.70379353
1842.5 0.72120154
1845.85 0.71760714
1849.2 0.73139912
1852.55 0.71488768
1855.9 0.73291147
1859.25 0.75816584
1862.6 0.82150126
1865.95 0.89571583
1869.3 1.0110399
1872.65 1.1286798
1876.0 1.1649534
1879.35 1.1059479
1882.7 0.97973108
1886.05 0.87179524
1889.4 0.80480587
1892.75 0.77174199
1896.1 0.74570554
1899.45 0.72557682
1902.8 0.70975113
1906.15 0.69457120
1909.5 0.68977535
1912.85 0.67593366
1916.2 0.66394746
1919.55 0.65022469
1922.9 0.64250875
1926.25 0.64064139
1929.6 0.62238383
1932.95 0.62366176
1936.3 0.60823643
1939.65 0.60434294
1943.0 0.60374677
1946.35 0.57891065
1949.7 0.58766198
1953.05 0.58734894
1956.4 0.59603959
1959.75 0.61246842
1963.1 0.61828786
1966.45 0.62048560
1969.8 0.62006962
1973.15 0.62446797
1976.5 0.61603779
1979.85 0.61765230
1983.2 0.62593400
1986.55 0.61679101
1989.9 0.61897546
1993.25 0.60795736
1996.6 0.61171770
1999.95 0.59706867
2003.3 0.58712333
2006.65 0.57669514
2010.0 0.57156634
2013.35 0.55796129
2016.7 0.55241770
2020.05 0.53739899
2023.4 0.52711946
2026.75 0.52508497
2030.1 0.53015429
2033.45 0.52333939
2036.8 0.53462541
2040.15 0.53752685
2043.5 0.53932858
2046.85 0.53936726
2050.2 0.53993219
2053.55 0.55074525
2056.9 0.54514766
2060.25 0.55601776
2063.6 0.55551213
2066.95 0.55342585
2070.3 0.54750711
2073.65 0.55318880
2077.0 0.54939193
2080.35 0.56120133
2083.7 0.57553703
2087.05 0.57718533
2090.4 0.60038233
2093.75 0.60535264
2097.1 0.60520959
2100.45 0.59702826
2103.8 0.59656596
2107.15 0.57470018
2110.5 0.58755112
2113.85 0.58188009
2117.2 0.58089250
2120.55 0.58826607
2123.9 0.60388589
2127.25 0.60457867
2130.6 0.61225152
2133.95 0.61617708
2137.3 0.62106431
2140.65 0.61507046
2144.0 0.61815143
2147.35 0.60905337
2150.7 0.61602724
2154.05 0.60851920
2157.4 0.59054363
2160.75 0.59088045
2164.1 0.59823310
2167.45 0.58256090
2170.8 0.58175391
2174.15 0.58227932
2177.5 0.58202004
2180.85 0.59134591
2184.2 0.58882731
2187.55 0.57892752
2190.9 0.57787210
2194.25 0.58958244
2197.6 0.58854675
2200.95 0.58460504
2204.3 0.59539080
2207.65 0.57862318
2211.0 0.57152635
2214.35 0.56393468
2217.7 0.55856514
2221.05 0.55443001
2224.4 0.54306525
2227.75 0.54097724
2231.1 0.54741788
2234.45 0.55234623
2237.8 0.55951118
2241.15 0.57703662
2244.5 0.55746847
2247.85 0.54976791
2251.2 0.54642981
2254.55 0.54389262
2257.9 0.53762072
2261.25 0.55043381
2264.6 0.54848993
2267.95 0.55243510
2271.3 0.54733807
2274.65 0.54908901
2278.0 0.54945564
2281.35 0.56209117
2284.7 0.56545120
2288.05 0.57508272
2291.4 0.59380627
2294.75 0.61803120
2298.1 0.58892423
2301.45 0.56657284
2304.8 0.56985021
2308.15 0.56113434
2311.5 0.54069096
2314.85 0.54677820
2318.2 0.54838336
2321.55 0.53317857
2324.9 0.52959859
2328.25 0.51786244
2331.6 0.51056081
2334.95 0.52429241
2338.3 0.52284259
2341.65 0.51546901
2345.0 0.52558798
2348.35 0.51243746
2351.7 0.50422275
2355.05 0.50403708
2358.4 0.49557611
2361.75 0.48738474
2365.1 0.47800902
2368.45 0.48404366
2371.8 0.48288643
2375.15 0.46894705
2378.5 0.47309011
2381.85 0.48072836
2385.2 0.48394516
2388.55 0.47481766
2391.9 0.48352164
2395.25 0.49557745
2398.6 0.48629254
2401.95 0.49688801
2405.3 0.48266119
2408.65 0.48381603
2412.0 0.47666821
2415.35 0.48282751
2418.7 0.48567969
2422.05 0.47614107
2425.4 0.48934677
2428.75 0.48111999
2432.1 0.47686377
2435.45 0.48106143
2438.8 0.47065523
2442.15 0.47582158
2445.5 0.47204325
2448.85 0.47518557
2452.2 0.47832617
2455.55 0.47192052
2458.9 0.46787819
2462.25 0.46657181
2465.6 0.46442765
2468.95 0.46161407
2472.3 0.46192628
2475.65 0.46838540
2479.0 0.46770787
2482.35 0.46726638
2485.7 0.45832530
2489.05 0.46006200
2492.4 0.47941738
2495.75 0.54040480
2499.1 0.56141496
2502.45 0.47449744
2505.8 0.45770878
2509.15 0.45764428
2512.5 0.45223260
2515.85 0.46849635
2519.2 0.45542660
2522.55 0.44545868
2525.9 0.44857180
2529.25 0.44352767
2532.6 0.43771508
2535.95 0.43315378
2539.3 0.42783514
2542.65 0.40462783
2546.0 0.41122523
2549.35 0.40355021
2552.7 0.42121106
2556.05 0.42023736
2559.4 0.41577262
2562.75 0.41167527
2566.1 0.40867451
2569.45 0.41916496
2572.8 0.41064253
2576.15 0.41755131
2579.5 0.42394909
2582.85 0.43099159
2586.2 0.44817403
2589.55 0.48243880
2592.9 0.50260955
2596.25 0.45176741
2599.6 0.42222315
2602.95 0.43739828
2606.3 0.44094762
2609.65 0.41799417
2613.0 0.40910086
2616.35 0.40974823
2619.7 0.40259898
2623.05 0.40026566
2626.4 0.39288247
2629.75 0.38155401
2633.1 0.36898726
2636.45 0.36646137
2639.8 0.37765941
2643.15 0.38897470
2646.5 0.39014158
2649.85 0.39455163
2653.2 0.40432808
2656.55 0.40471447
2659.9 0.40227088
2663.25 0.38892332
2666.6 0.39061037
2669.95 0.38862568
2673.3 0.37255105
2676.65 0.37735453
2680.0 0.36475283
2683.35 0.36481932
2686.7 0.35855010
2690.05 0.36640677
2693.4 0.37111640
2696.75 0.36440691
2700.1 0.35300913
2703.45 0.35267910
2706.8 0.35109177
2710.15 0.34700400
2713.5 0.35760412
2716.85 0.35013670
2720.2 0.35918039
2723.55 0.36637214
2726.9 0.38875619
2730.25 0.38281769
2733.6 0.38061979
2736.95 0.39749253
2740.3 0.40311301
2743.65 0.41723430
2747.0 0.44373533
2750.35 0.43081239
2753.7 0.40933973
2757.05 0.40735444
2760.4 0.38920024
2763.75 0.37952709
2767.1 0.37563264
2770.45 0.36940029
2773.8 0.35712743
2777.15 0.34343928
2780.5 0.33949322
2783.85 0.34113270
2787.2 0.35062322
2790.55 0.34786162
2793.9 0.34565538
2797.25 0.35332271
2800.6 0.34117755
2803.95 0.33691528
2807.3 0.34316707
2810.65 0.33535889
2814.0 0.33178827
2817.35 0.33131233
2820.7 0.33083743
2824.05 0.33239135
2827.4 0.33517882
2830.75 0.33368644
2834.1 0.33248383
2837.45 0.35111237
2840.8 0.34903979
2844.15 0.35439885
2847.5 0.34812307
2850.85 0.33977726
2854.2 0.33437866
2857.55 0.34940749
2860.9 0.34923273
2864.25 0.34677914
2867.6 0.36285195
2870.95 0.35326308
2874.3 0.36473286
2877.65 0.38463360
2881.0 0.37803996
2884.35 0.38582954
2887.7 0.39295515
2891.05 0.40909493
2894.4 0.43509525
2897.75 0.43995997
2901.1 0.46438068
2904.45 0.50271153
2907.8 0.52141678
2911.15 0.52371657
2914.5 0.48704720
2917.85 0.47842544
2921.2 0.47370544
2924.55 0.45078868
2927.9 0.43045622
2931.25 0.39427871
2934.6 0.38611278
2937.95 0.37080321
2941.3 0.36337185
2944.65 0.37264147
2948.0 0.36253497
2951.35 0.35642266
2954.7 0.35684079
2958.05 0.34855580
2961.4 0.34615099
2964.75 0.34440243
2968.1 0.32319215
2971.45 0.33430365
2974.8 0.33263934
2978.15 0.34116906
2981.5 0.33382359
2984.85 0.33241397
2988.2 0.34743795
2991.55 0.35251254
2994.9 0.36587077
2998.25 0.36062521
3001.6 0.35793027
3004.95 0.34455213
3008.3 0.36357489
3011.65 0.36443576
3015.0 0.36673149
3018.35 0.36415097
3021.7 0.37790832
3025.05 0.39405635
3028.4 0.39127484
3031.75 0.37528083
3035.1 0.36645585
3038.45 0.35762241
3041.8 0.36015776
3045.15 0.38671175
3048.5 0.37624881
3051.85 0.37170270
3055.2 0.38615322
3058.55 0.38295510
3061.9 0.35468829
3065.25 0.37384728
3068.6 0.38874567
3071.95 0.37206554
3075.3 0.36500484
3078.65 0.37080550
3082.0 0.35699606
3085.35 0.34871837
3088.7 0.34988785
3092.05 0.36106676
3095.4 0.37420094
3098.75 0.37400538
3102.1 0.36656040
3105.45 0.37114665
3108.8 0.36010873
3112.15 0.36611480
3115.5 0.35506320
3118.85 0.37369302
3122.2 0.35173526
3125.55 0.36316851
3128.9 0.34805885
3132.25 0.35132542
3135.6 0.35406274
3138.95 0.36573446
3142.3 0.33358571
3145.65 0.33287811
3149.0 0.31296962
3152.35 0.30902272
3155.7 0.30470565
3159.05 0.31215927
3162.4 0.31114137
3165.75 0.31021470
3169.1 0.30465236
3172.45 0.30927193
3175.8 0.31245354
3179.15 0.30589300
3182.5 0.29563138
3185.85 0.29826358
3189.2 0.29947555
3192.55 0.29791072
3195.9 0.30254787
3199.25 0.30638736
3202.6 0.31190807
3205.95 0.31072474
3209.3 0.30827519
3212.65 0.31427017
3216.0 0.32328376
3219.35 0.32348743
3222.7 0.32645291
3226.05 0.33867010
3229.4 0.35862651
3232.75 0.36029583
3236.1 0.38724732
3239.45 0.39081243
3242.8 0.40387434
3246.15 0.43404049
3249.5 0.45189950
3252.85 0.50557613
3256.2 0.55145937
3259.55 0.53402245
3262.9 0.49811414
3266.25 0.46256122
3269.6 0.43756163
3272.95 0.41580379
3276.3 0.38834539
3279.65 0.38141185
3283.0 0.37762734
3286.35 0.36447853
3289.7 0.34415245
3293.05 0.35441652
3296.4 0.34285325
3299.75 0.33759230
3303.1 0.33188826
3306.45 0.32295328
3309.8 0.31942707
3313.15 0.32773060
3316.5 0.32779580
3319.85 0.38679281
3323.2 0.42281756
3326.55 0.35342696
3329.9 0.31388792
3333.25 0.30557573
3336.6 0.30300733
3339.95 0.29555219
3343.3 0.31476843
3346.65 0.34387493
3350.0 0.41788781
3353.35 0.58872771
3356.7 0.58735317
3360.05 0.39496273
3363.4 0.33248976
3366.75 0.31257364
3370.1 0.30398294
3373.45 0.29680794
3376.8 0.29110149
3380.15 0.29128391
3383.5 0.28921548
3386.85 0.28961742
3390.2 0.28921586
3393.55 0.28448689
3396.9 0.28131458
3400.25 0.28130114
3403.6 0.27053517
3406.95 0.26496392
3410.3 0.27659917
3413.65 0.27410427
3417.0 0.27750182
3420.35 0.26630735
3423.7 0.26847360
3427.05 0.26471838
3430.4 0.27395046
3433.75 0.26913011
3437.1 0.26219097
3440.45 0.26819476
3443.8 0.26651576
3447.15 0.27462822
3450.5 0.27604717
3453.85 0.28710207
3457.2 0.29330400
3460.55 0.28916818
3463.9 0.28080380
3467.25 0.29315180
3470.6 0.28101805
3473.95 0.27404583
3477.3 0.27458879
3480.65 0.29007754
3484.0 0.28465065
3487.35 0.26965570
3490.7 0.27318889
3494.05 0.27569780
3497.4 0.28032327
3500.75 0.27577263
3504.1 0.27838612
3507.45 0.27728948
3510.8 0.27881271
3514.15 0.26863283
3517.5 0.27318066
3520.85 0.28204447
3524.2 0.26848346
3527.55 0.27606440
3530.9 0.27717397
3534.25 0.27513626
3537.6 0.27552509
3540.95 0.27750605
3544.3 0.27568996
3547.65 0.28628546
3551.0 0.27328953
3554.35 0.26753539
3557.7 0.29254851
3561.05 0.27307531
3564.4 0.28577110
3567.75 0.27854368
3571.1 0.27024180
3574.45 0.26640773
3577.8 0.26337242
3581.15 0.27125418
3584.5 0.25706533
3587.85 0.25932866
3591.2 0.26196018
3594.55 0.25911263
3597.9 0.24693644
3601.25 0.25145257
3604.6 0.25750509
3607.95 0.25694820
3611.3 0.24912250
3614.65 0.25002578
3618.0 0.24790932
3621.35 0.24309723
3624.7 0.24793530
3628.05 0.25296265
3631.4 0.25124466
3634.75 0.24509633
3638.1 0.24151826
3641.45 0.23789999
3644.8 0.24613750
3648.15 0.23730291
3651.5 0.25332376
3654.85 0.23876223
3658.2 0.23983270
3661.55 0.23611523
3664.9 0.23581970
3668.25 0.23552467
3671.6 0.23523015
3674.95 0.24059723
3678.3 0.24162605
3681.65 0.24716362
3685.0 0.24111483
3688.35 0.24181615
3691.7 0.23347440
3695.05 0.23318358
3698.4 0.23980454
3701.75 0.24688144
3705.1 0.24269116
3708.45 0.23675245
3711.8 0.24605136
3715.15 0.24997707
3718.5 0.23742139
3721.85 0.24009442
3725.2 0.23059012
3728.55 0.23030455
3731.9 0.23492257
3735.25 0.23103674
3738.6 0.25255996
3741.95 0.24109922
3745.3 0.23451404
3748.65 0.26182011
3752.0 0.25833213
3755.35 0.24665995
3758.7 0.24214822
3762.05 0.23117368
3765.4 0.23085213
3768.75 0.22691755
3772.1 0.23433994
3775.45 0.22636014
3778.8 0.22745682
3782.15 0.22580472
3785.5 0.22764064
3788.85 0.22525124
3792.2 0.22650082
3795.55 0.22566766
3798.9 0.22442476
3802.25 0.23223858
3805.6 0.22880343
3808.95 0.22360286
3812.3 0.22332977
3815.65 0.22305727
3819.0 0.22278522
3822.35 0.22251366
3825.7 0.22224261
3829.05 0.22197199
3832.4 0.22654635
3835.75 0.22143224
3839.1 0.22180508
3842.45 0.22089443
3845.8 0.22190015
3849.15 0.22043253
3852.5 0.22009116
3855.85 0.22223760
3859.2 0.22534963
3862.55 0.22643887
3865.9 0.22434290
3869.25 0.22397541
3872.6 0.22334486
3875.95 0.22027843
3879.3 0.22210921
3882.65 0.22067204
3886.0 0.22026137
3889.35 0.22518128
3892.7 0.23506312
3896.05 0.22354642
3899.4 0.23131585
3902.75 0.22685999
3906.1 0.23389128
3909.45 0.22842623
3912.8 0.23585528
3916.15 0.23210816
3919.5 0.23318298
3922.85 0.23998302
3926.2 0.23418163
3929.55 0.23867440
3932.9 0.24656738
3936.25 0.26549566
3939.6 0.25944382
3942.95 0.25445816
3946.3 0.25586253
3949.65 0.23332922
3953.0 0.22943887
3956.35 0.24014312
3959.7 0.23591521
3963.05 0.22772326
3966.4 0.22897959
3969.75 0.23025995
3973.1 0.23058231
3976.45 0.22654246
3979.8 0.23103487
3983.15 0.23580693
3986.5 0.22131924
3989.85 0.22370468
3993.2 0.22218725
3996.55 0.22933787
3999.9 0.21637811
4003.25 0.21872132
4006.6 0.21815008
4009.95 0.21739286
4013.3 0.21898030
4016.65 0.21857075
4020.0 0.21806146
4023.35 0.22006291
4026.7 0.21653104
4030.05 0.21475315
4033.4 0.21101114
4036.75 0.21086508
4040.1 0.20745355
4043.45 0.21151061
4046.8 0.21199545
4050.15 0.21446447
4053.5 0.21623023
4056.85 0.20801941
4060.2 0.21251817
4063.55 0.21892968
4066.9 0.21640582
4070.25 0.21859272
4073.6 0.22261071
4076.95 0.21899410
4080.3 0.22064839
4083.65 0.21631666
4087.0 0.22722106
4090.35 0.20895772
4093.7 0.20203887
4097.05 0.20513175
4100.4 0.20242169
4103.75 0.20354699
4107.1 0.20386165
4110.45 0.20789815
4113.8 0.21177554
4117.15 0.20219068
4120.5 0.20790735
4123.85 0.21356441
4127.2 0.20572796
4130.55 0.20232700
4133.9 0.19924493
4137.25 0.19901474
4140.6 0.19988857
4143.95 0.21172117
4147.3 0.20175049
4150.65 0.20297158
4154.0 0.19786966
4157.35 0.19839673
4160.7 0.19825654
4164.05 0.20151147
4167.4 0.19950879
4170.75 0.20408992
4174.1 0.20480618
4177.45 0.20018837
4180.8 0.19884203
4184.15 0.19857448
4187.5 0.20433320
4190.85 0.20308863
4194.2 0.19883244
4197.55 0.19741955
4200.9 0.19592930
4204.25 0.19501427
4207.6 0.19665998
4210.95 0.19840917
4214.3 0.20499572
4217.65 0.20784540
4221.0 0.21181071
4224.35 0.21857874
4227.7 0.20987271
4231.05 0.19961959
4234.4 0.20030317
4237.75 0.19826591
4241.1 0.19520514
4244.45 0.19828151
4247.8 0.20421402
4251.15 0.20639552
4254.5 0.20000438
4257.85 0.20159523
4261.2 0.20464362
4264.55 0.20837261
4267.9 0.21156749
4271.25 0.20117494
4274.6 0.20319946
4277.95 0.20700340
4281.3 0.20765503
4284.65 0.20327246
4288.0 0.20294352
4291.35 0.20598936
4294.7 0.20583315
4298.05 0.20362204
4301.4 0.20865555
4304.75 0.20655148
4308.1 0.20950024
4311.45 0.21454793
4314.8 0.21158400
4318.15 0.21777739
4321.5 0.21432179
4324.85 0.22891174
4328.2 0.23063913
4331.55 0.23671179
4334.9 0.24340957
4338.25 0.24245746
4341.6 0.24744600
4344.95 0.26136327
4348.3 0.26284978
4351.65 0.27433875
4355.0 0.28705037
4358.35 0.30470809
4361.7 0.32515272
4365.05 0.34982067
4368.4 0.38379225
4371.75 0.42622417
4375.1 0.47815925
4378.45 0.53935862
4381.8 0.63244593
4385.15 0.74317646
4388.5 0.88265765
4391.85 1.0233536
4395.2 1.2039229
4398.55 1.2374023
4401.9 1.0583273
4405.25 0.88096511
4408.6 0.80159366
4411.95 0.75508690
4415.3 0.65397078
4418.65 0.55176920
4422.0 0.49714211
4425.35 0.45351404
4428.7 0.41361928
4432.05 0.38322324
4435.4 0.36464351
4438.75 0.34145021
4442.1 0.31794798
4445.45 0.29842240
4448.8 0.27880338
4452.15 0.26202968
4455.5 0.25674483
4458.85 0.25149867
4462.2 0.23887907
4465.55 0.23736371
4468.9 0.23293684
4472.25 0.23322646
4475.6 0.23736091
4478.95 0.23672149
4482.3 0.23181719
4485.65 0.22432339
4489.0 0.23555112
4492.35 0.24162921
4495.7 0.24657620
4499.05 0.27156654
4502.4 0.27018905
4505.75 0.25191081
4509.1 0.25447309
4512.45 0.25757250
4515.8 0.25019717
4519.15 0.23092552
4522.5 0.21216226
4525.85 0.21010044
4529.2 0.20480001
4532.55 0.19860521
4535.9 0.19738263
4539.25 0.19189917
4542.6 0.18346472
4545.95 0.18246406
4549.3 0.18337797
4552.65 0.18307443
4556.0 0.17455821
4559.35 0.17294222
4562.7 0.17275715
4566.05 0.17830604
4569.4 0.18534394
4572.75 0.17801982
4576.1 0.17544761
4579.45 0.17495045
4582.8 0.17165029
4586.15 0.17146698
4589.5 0.17128395
4592.85 0.18286452
4596.2 0.17591409
4599.55 0.17718506
4602.9 0.17055492
4606.25 0.17037342
4609.6 0.17349012
4612.95 0.17906365
4616.3 0.17768006
4619.65 0.17351161
4623.0 0.17527357
4626.35 0.17544287
4629.7 0.17415054
4633.05 0.16893236
4636.4 0.16875359
4639.75 0.16857508
4643.1 0.16995671
4646.45 0.16821903
4649.8 0.16804144
4653.15 0.16786416
4656.5 0.17184457
4659.85 0.16751045
4663.2 0.16733406
4666.55 0.16715795
4669.9 0.16946959
4673.25 0.16680659
4676.6 0.16663137
4679.95 0.16645642
4683.3 0.16628177
4686.65 0.17078300
4690.0 0.16692983
4693.35 0.17614385
4696.7 0.16683921
4700.05 0.16684598
4703.4 0.16524002
4706.75 0.16506740
4710.1 0.17686167
4713.45 0.18352170
4716.8 0.17716375
4720.15 0.19034937
4723.5 0.17601453
4726.85 0.19806895
4730.2 0.18646383
4733.55 0.17230822
4736.9 0.19178049
4740.25 0.17866768
4743.6 0.17426114
4746.95 0.17572761
4750.3 0.17018563
4753.65 0.16779247
4757.0 0.16251244
4760.35 0.16234435
4763.7 0.16468611
4767.05 0.17087142
4770.4 0.16184181
4773.75 0.16167487
4777.1 0.16150822
4780.45 0.16134183
4783.8 0.17745489
4787.15 0.16484682
4790.5 0.16084428
4793.85 0.16067903
4797.2 0.16339938
4800.55 0.16230485
4803.9 0.16018477
4807.25 0.16002065
4810.6 0.16457087
4813.95 0.16968532
4817.3 0.17909493
4820.65 0.15936655
4824.0 0.17632435
4827.35 0.15950075
4830.7 0.16702193
4834.05 0.15871687
4837.4 0.16946831
4840.75 0.16502190
4844.1 0.16469450
4847.45 0.16797341
4850.8 0.17581415
4854.15 0.16750348
4857.5 0.15759036
4860.85 0.16821618
4864.2 0.18623641
4867.55 0.15711154
4870.9 0.15695249
4874.25 0.15724435
4877.6 0.15663512
4880.95 0.15647687
4884.3 0.15631881
4887.65 0.17163073
4891.0 0.16719401
4894.35 0.15584640
4897.7 0.15568943
4901.05 0.16404469
4904.4 0.17555468
4907.75 0.15522012
4911.1 0.15652589
4914.45 0.19132869
4917.8 0.16454178
4921.15 0.16312625
4924.5 0.15444311
4927.85 0.17550111
4931.2 0.18757434
4934.55 0.17918593
4937.9 0.19709474
4941.25 0.19296026
4944.6 0.20336293
4947.95 0.17676188
4951.3 0.18341523
4954.65 0.22589363
4958.0 0.20260839
4961.35 0.19444010
4964.7 0.17599843
4968.05 0.17007953
4971.4 0.21023966
4974.75 0.20054115
4978.1 0.19401214
4981.45 0.18071049
4984.8 0.16169502
4988.15 0.18273596
4991.5 0.15139922
4994.85 0.15124968
4998.2 0.15110035
5001.55 0.15095136
5004.9 0.15080257
5008.25 0.15065400
5011.6 0.15050575
5014.95 0.15035766
5018.3 0.15020987
5021.65 0.15006229
5025.0 0.14991501
5028.35 0.14976794
5031.7 0.14962113
5035.05 0.14947455
5038.4 0.14932826
5041.75 0.14918219
5045.1 0.14903633
5048.45 0.14889075
5051.8 0.14874539
5055.15 0.14860031
5058.5 0.14845544
5061.85 0.14831083
5065.2 0.14816648
5068.55 0.14802234
5071.9 0.14787842
5075.25 0.14773475
5078.6 0.14759137
5081.95 0.14744821
5085.3 0.14730524
5088.65 0.14716257
5092.0 0.14702015
5095.35 0.14687791
5098.7 0.14673595
5102.05 0.14659420
5105.4 0.14645271
5108.75 0.14631143
5112.1 0.14617045
5115.45 0.14602968
5118.8 0.14588915
5122.15 0.14574879
5125.5 0.14560872
5128.85 0.14546888
5132.2 0.14532927
5135.55 0.14518991
5138.9 0.14505076
5142.25 0.14491189
5145.6 0.14477320
5148.95 0.14463477
5152.3 0.14449659
5155.65 0.14435863
5159.0 0.14422087
5162.35 0.14408335
5165.7 0.14394611
5169.05 0.14380904
5172.4 0.14367227
5175.75 0.14353564
5179.1 0.14339925
5182.45 0.14326319
5185.8 0.14312740
5189.15 0.14299166
5192.5 0.14285620
5195.85 0.14272104
5199.2 0.14258608
5202.55 0.14245123
5205.9 0.14231667
5209.25 0.14218259
5212.6 0.14204834
5215.95 0.14191456
5219.3 0.14178103
5222.65 0.14164765
5226.0 0.14151450
5229.35 0.14138155
5232.7 0.14124873
5236.05 0.14111640
5239.4 0.14098409
5242.75 0.14085203
5246.1 0.14072011
5249.45 0.14058857
5252.8 0.14045718
5256.15 0.14032602
5259.5 0.14019507
5262.85 0.14006446
5266.2 0.13993406
5269.55 0.13980378
5272.9 0.13967372
5276.25 0.13954392
5279.6 0.13941438
5282.95 0.13928492
5286.3 0.13915575
5289.65 0.13902695
5293.0 0.13889809
5296.35 0.13876967
5299.7 0.13864146
5303.05 0.13851337
5306.4 0.13838553
5309.75 0.13825792
5313.1 0.13813038
5316.45 0.13800335
5319.8 0.13787630
5323.15 0.13774957
5326.5 0.13762303
5329.85 0.13749675
5333.2 0.13737059
5336.55 0.13724481
5339.9 0.13711916
5343.25 0.13699372
5346.6 0.13686837
5349.95 0.13674341
5353.3 0.13661857
5356.65 0.13649395
5360.0 0.13636957
5363.35 0.13624546
5366.7 0.13612141
5370.05 0.13599777
5373.4 0.13587424
5376.75 0.13575095
5380.1 0.13562770
5383.45 0.13550487
5386.8 0.13538212
5390.15 0.13525981
5393.5 0.13513753
5396.85 0.13501535
5400.2 0.13489357
5403.55 0.13477187
5406.9 0.13465059
5410.25 0.13452937
5413.6 0.13440822
5416.95 0.13428749
5420.3 0.13416699
5423.65 0.13404660
5427.0 0.13392636
5430.35 0.13380642
5433.7 0.13368672
5437.05 0.13356708
5440.4 0.13344771
5443.75 0.13332872
5447.1 0.13320976
5450.45 0.13309091
5453.8 0.13297248
5457.15 0.13285410
5460.5 0.13273610
5463.85 0.13261820
5467.2 0.13250037
5470.55 0.13238296
5473.9 0.13226570
5477.25 0.13214861
5480.6 0.13203168
5483.95 0.13191500
5487.3 0.13179858
5490.65 0.13168222
5494.0 0.13156626
5497.35 0.13145033
5500.7 0.13133466
5504.05 0.13121922
5507.4 0.13110399
5510.75 0.13098887
5514.1 0.13087416
5517.45 0.13075945
5520.8 0.13064498
5524.15 0.13053077
5527.5 0.13041663
5530.85 0.13030286
5534.2 0.13018914
5537.55 0.13007565
5540.9 0.12996243
5544.25 0.12984940
5547.6 0.12973644
5550.95 0.12962388
5554.3 0.12951140
5557.65 0.12939911
5561.0 0.12928706
5564.35 0.12917510
5567.7 0.12906350
5571.05 0.12895195
5574.4 0.12884080
5577.75 0.12872972
5581.1 0.12861869
5584.45 0.12850806
5587.8 0.12839764
5591.15 0.12828727
5594.5 0.12817715
5597.85 0.12806724
5601.2 0.12795755
5604.55 0.12784807
5607.9 0.12773867
5611.25 0.12762949
5614.6 0.12752053
5617.95 0.12741180
5621.3 0.12730329
5624.65 0.12719499
5628.0 0.12708671
5631.35 0.12697884
5634.7 0.12687106
5638.05 0.12676348
5641.4 0.12665609
5644.75 0.12654881
5648.1 0.12644188
5651.45 0.12633498
5654.8 0.12622832
5658.15 0.12612188
5661.5 0.12601568
5664.85 0.12590967
5668.2 0.12580371
5671.55 0.12569797
5674.9 0.12559262
5678.25 0.12548730
5681.6 0.12538207
5684.95 0.12527719
5688.3 0.12517254
5691.65 0.12506790
5695.0 0.12496353
5698.35 0.12485934
5701.7 0.12475535
5705.05 0.12465162
5708.4 0.12454794
5711.75 0.12444459
5715.1 0.12434132
5718.45 0.12423826
5721.8 0.12413540
5725.15 0.12403279
5728.5 0.12393019
5731.85 0.12382797
5735.2 0.12372579
5738.55 0.12362385
5741.9 0.12352210
5745.25 0.12342057
5748.6 0.12331922
5751.95 0.12321796
5755.3 0.12311703
5758.65 0.12301616
5762.0 0.12291553
5765.35 0.12281509
5768.7 0.12271472
5772.05 0.12261467
5775.4 0.12251469
5778.75 0.12241507
5782.1 0.12231550
5785.45 0.12221614
5788.8 0.12211698
5792.15 0.12201790
5795.5 0.12191916
5798.85 0.12182046
5802.2 0.12172199
5805.55 0.12162369
5808.9 0.12152562
5812.25 0.12142772
5815.6 0.12132990
5818.95 0.12123244
5822.3 0.12113503
5825.65 0.12103780
5829.0 0.12094079
5832.35 0.12084396
5835.7 0.12074737
5839.05 0.12065081
5842.4 0.12055460
5845.75 0.12045842
5849.1 0.12036249
5852.45 0.12026672
5855.8 0.12017117
5859.15 0.12007580
5862.5 0.11998051
5865.85 0.11988539
5869.2 0.11979063
5872.55 0.11969592
5875.9 0.11960141
5879.25 0.11950692
5882.6 0.11941282
5885.95 0.11931892
5889.3 0.11922505
5892.65 0.11913136
5896.0 0.11903788
5899.35 0.11894462
5902.7 0.11885153
5906.05 0.11875848
5909.4 0.11866579
5912.75 0.11857313
5916.1 0.11848070
5919.45 0.11838844
5922.8 0.11829638
5926.15 0.11820451
5929.5 0.11811284
5932.85 0.11802122
5936.2 0.11792994
5939.55 0.11783870
5942.9 0.11774768
5946.25 0.11765683
5949.6 0.11756615
5952.95 0.11747554
5956.3 0.11738529
5959.65 0.11729506
5963.0 0.11720501
5966.35 0.11711517
5969.7 0.11702553
5973.05 0.11693604
5976.4 0.11684681
5979.75 0.11675757
5983.1 0.11666867
5986.45 0.11657982
5989.8 0.11649118
5993.15 0.11640272
5996.5 0.11631444
5999.85 0.11622622
