300.0 0.0
430.0 0.0000000
434.3 0.0000000
438.6 0.0000000
442.9 0.0000000
447.2 0.0000000
451.5 0.0000000
455.8 0.0000000
460.1 0.0000000
464.4 0.0000000
468.7 0.0000000
473.0 0.0000000
477.3 0.0000000
481.6 0.0000000
485.9 0.0000000
490.2 0.0000000
494.5 0.0000000
498.8 0.0000000
503.1 0.0000000
507.4 0.0000000
511.7 0.0000000
516.0 0.0000000
520.3 0.0000000
524.6 0.0000000
528.9 0.0000000
533.2 0.0000000
537.5 0.0000000
541.8 0.0000000
546.1 0.0000000
550.4 0.0000000
554.70005 0.0000000
559.00005 0.0000000
563.30005 0.0000000
567.60005 0.0000000
571.90005 0.0000000
576.20005 0.0000000
580.50005 0.0000000
584.80005 0.0000000
589.10005 0.0000000
593.40005 0.0000000
597.70005 0.0000000
602.00005 0.0000000
606.30005 0.0000000
610.60005 0.0000000
614.90005 0.0000000
619.20005 0.0000000
623.50005 0.0000000
627.80005 0.0000000
632.10005 0.0000000
636.40005 0.0000000
640.70005 0.0000000
645.00005 0.0000000
649.30005 0.0000000
653.60005 0.0000000
657.90005 0.0000000
662.20005 0.0000000
666.50005 0.0000000
670.80005 0.0000000
675.10005 0.0000000
679.40005 0.0000000
683.70005 0.0000000
688.00005 0.0000000
692.30005 0.0000000
696.60005 0.0000000
700.90005 0.0000000
705.20005 0.0000000
709.50005 0.0000000
713.80005 0.0000000
718.10005 0.0000000
722.40005 0.0000000
726.70005 0.0000000
731.00005 0.0000000
735.30005 0.0000000
739.60005 0.0000000
743.90005 0.0000000
748.20005 0.0000000
752.50005 0.0000000
756.80005 0.0000000
761.10005 0.0000000
765.40005 0.0000000
769.70005 0.0000000
774.00005 0.0000000
778.30005 0.0000000
782.60005 0.0000000
786.90005 7.90867416E-05
791.20005 5.41509762E-05
795.50005 3.56811979E-05
799.80005 2.29052657E-05
804.10005 1.45252034E-05
808.40005 9.08623588E-06
812.70005 5.59040791E-06
817.00005 3.38108953E-06
821.3 2.00928525E-06
825.6 1.17263812E-06
829.9 6.71635632E-07
834.2 3.77416825E-07
838.5 3.66299064E-05
842.8 2.42018468E-05
847.1 1.57723171E-05
851.4 1.01287551E-05
855.7 6.40830967E-06
860.0 4.38037841E-06
864.3 2.81536404E-06
868.6 1.69902728E-06
872.9 1.08664835E-06
877.2 6.97817882E-07
881.5 4.47632289E-07
885.8 5.06025879E-03
890.1 4.18941211E-03
894.4 2.86907819E-03
898.7 1.91981962E-03
903.0 1.43617974E-03
907.3 1.10605732E-03
911.6 8.70884862E-04
915.9 6.89403736E-04
920.2 5.19192778E-04
924.5 3.59358964E-04
928.8 2.75623752E-04
933.1 1.85751356E-04
937.4 1.26181549E-04
941.7 8.63671667E-05
946.0 6.10257848E-05
950.3 4.49796571E-05
954.6 3.10220712E-05
958.9 2.25284330E-05
963.2 1.63410441E-05
967.5 1.10746878E-05
971.8 6.80740095E-06
976.1 4.49254230E-06
980.4 2.76176934E-06
984.7 1.85472993E-06
989.0 1.20636025E-06
993.3 7.53436154E-07
997.6 4.78216521E-07
1001.9 3.10178791E-07
1006.2 2.00048191E-07
1010.5 1.31180457E-07
1014.8 7.70786812E-08
1019.1 4.77730033E-08
1023.4 3.66416906E-08
1027.7 3.51221452E-08
1032.0 3.79909189E-08
1036.3 4.45303705E-08
1040.6 5.75962744E-08
1044.9 8.27649984E-08
1049.2 4.5030141
1053.5 3.6404009
1057.8 3.3938963
1062.1 3.3909180
1066.4 3.1750381
1070.7 2.5406461
1075.0 2.1926138
1079.3 2.0610740
1083.6 1.9715004
1087.9 1.8426483
1092.2 1.6818014
1096.5 1.5749488
1100.8 1.5379167
1105.1001 1.5412855
1109.4001 1.5655141
1113.7001 1.5753821
1118.0001 1.6937059
1122.3001 1.7194633
1126.6001 1.6447809
1130.9001 1.4981073
1135.2001 1.5070949
1139.5001 1.4927354
1143.8001 1.5277860
1148.1001 1.5533334
1152.4001 1.5336356
1156.7001 1.4777865
1161.0001 1.4574649
1165.3001 1.5030544
1169.6001 1.4930277
1173.9001 1.5172238
1178.2001 1.4969202
1182.5001 1.5312080
1186.8001 1.6179965
1191.1001 1.7079825
1195.4001 1.8325776
1199.7001 1.8655809
1204.0001 1.8912547
1208.3001 1.7191005
1212.6001 1.6044279
1216.9001 1.5191427
1221.2001 1.4816936
1225.5001 1.4744484
1229.8001 1.4072341
1234.1001 1.3888252
1238.4001 1.3799549
1242.7001 1.3691199
1247.0001 1.3930836
1251.3001 1.3791137
1255.6001 1.3491627
1259.9001 1.3890252
1264.2001 1.3644230
1268.5001 1.3850906
1272.8001 1.4175795
1277.1001 1.4378643
1281.4001 1.4721835
1285.7001 1.4693573
1290.0001 1.5152369
1294.3001 1.5480659
1298.6001 1.5849658
1302.9001 1.6440803
1307.2001 1.7657621
1311.5001 1.9287826
1315.8001 2.1157496
1320.1001 2.3532832
1324.4001 2.6483335
1328.7001 2.8221490
1333.0001 2.5601604
1337.3001 2.1705871
1341.6001 1.8746156
1345.9001 1.7195873
1350.2001 1.6410904
1354.5001 1.5956215
1358.8001 1.5191095
1363.1001 1.5126183
1367.4001 1.4660375
1371.7001 1.4937283
1376.0001 1.4965183
1380.3001 1.4900327
1384.6001 1.5050169
1388.9001 1.4849113
1393.2001 1.5059829
1397.5001 1.5254806
1401.8001 1.5265403
1406.1001 1.5578908
1410.4001 1.4963244
1414.7001 1.4847314
1419.0001 1.4640472
1423.3001 1.4866076
1427.6001 1.4918828
1431.9001 1.4692458
1436.2001 1.3936136
1440.5001 1.3474225
1444.8001 1.3273100
1449.1001 1.3017194
1453.4001 1.3027400
1457.7001 1.2981291
1462.0001 1.2945690
1466.3001 1.3138790
1470.6001 1.3086687
1474.9001 1.3285635
1479.2001 1.3336365
1483.5001 1.3301235
1487.8001 1.3137777
1492.1001 1.3293389
1496.4001 1.3342183
1500.7001 1.3692702
1505.0001 1.3462172
1509.3001 1.3235368
1513.6001 1.2643749
1517.9001 1.2824609
1522.2001 1.2874454
1526.5001 1.2694941
1530.8001 1.3115824
1535.1001 1.3232235
1539.4001 1.2876542
1543.7001 1.2649657
1548.0001 1.2659050
1552.3001 1.2651917
1556.6001 1.2639048
1560.9001 1.2792770
1565.2001 1.2562340
1569.5001 1.2515922
1573.8001 1.2669283
1578.1001 1.2648369
1582.4001 1.2954968
1586.7001 1.2892679
1591.0001 1.3719426
1595.3001 1.3665725
1599.6001 1.3798295
1603.9001 1.3583112
1608.2001 1.3606569
1612.5001 1.3725542
1616.8001 1.4329684
1621.1001 1.5411823
1625.4001 1.6393453
1629.7001 1.7191390
1634.0001 1.7491467
1638.3001 1.8402578
1642.6 1.7592543
1646.9 1.6079042
1651.2 1.4701612
1655.5 1.3785876
1659.8 1.3354946
1664.1 1.2916825
1668.4 1.2505106
1672.7 1.2188524
1677.0 1.2094653
1681.3 1.1631726
1685.6 1.1441010
1689.9 1.1342911
1694.2 1.1445177
1698.5 1.1485759
1702.8 1.1213294
1707.1 1.1251425
1711.4 1.1303059
1715.7 1.1389593
1720.0 1.1099807
1724.3 1.1213157
1728.6 1.1467026
1732.9 1.0839128
1737.2 1.1118507
1741.5 1.1182468
1745.8 1.1097007
1750.1 1.1184502
1754.4 1.1000322
1758.7 1.0847788
1763.0 1.1142119
1767.3 1.1585523
1771.6 1.1349186
1775.9 1.1627307
1780.2 1.1522682
1784.5 1.1546839
1788.8 1.1475127
1793.1 1.1615976
1797.4 1.1575989
1801.7 1.1540267
1806.0 1.1165947
1810.3 1.0979220
1814.6 1.1116062
1818.9 1.1268672
1823.2 1.0786967
1827.5 1.1302309
1831.8 1.0903982
1836.1 1.1159084
1840.4 1.1051780
1844.7 1.1271126
1849.0 1.0733590
1853.3 1.0887034
1857.6 1.0871298
1861.9 1.1055728
1866.2 1.0503379
1870.5 1.0621158
1874.8 1.0817834
1879.1 1.0332000
1883.4 1.0518857
1887.7 1.0195808
1892.0 0.99068642
1896.3 0.98895681
1900.6 0.98722970
1904.9 0.99301094
1909.2 0.99833024
1913.5 0.99909937
1917.8 0.98444581
1922.1 0.97862661
1926.4 0.97691250
1930.7 0.97520131
1935.0 0.98665696
1939.3 0.98417294
1943.6 0.99779445
1947.9 1.0029310
1952.2 1.0016533
1956.5 1.0080531
1960.8 1.0164437
1965.1 1.0339180
1969.4 1.0561604
1973.7 1.0470083
1978.0 1.0737095
1982.3 1.0850548
1986.6 1.0931820
1990.9 1.0982515
1995.2 1.1050631
1999.5 1.1179324
2003.8 1.1225897
2008.1 1.1064239
2012.4 1.0956725
2016.7 1.0701734
2021.0 1.0665174
2025.3 1.0449697
2029.6 1.0592409
2033.9 1.0452483
2038.2 1.0375456
2042.5 1.0394536
2046.8 1.0320699
2051.1 1.0335263
2055.4 1.0348266
2059.7 1.0457143
2064.0 1.0691981
2068.3 1.0518305
2072.6 1.0886302
2076.9 1.1144494
2081.2 1.1463661
2085.5 1.1418705
2089.8 1.1083834
2094.1 1.1017677
2098.4 1.1042061
2102.7 1.0780790
2107.0 1.0569823
2111.3 1.0499864
2115.6 1.0448920
2119.9 1.0638852
2124.2 1.0845079
2128.5 1.0877751
2132.8 1.0797209
2137.1 1.0814601
2141.4 1.0736914
2145.7 1.0781553
2150.0 1.0662345
2154.3 1.0608640
2158.6 1.0611670
2162.9 1.0553607
2167.2 1.0411447
2171.5 1.0252342
2175.8 1.0339422
2180.1 1.0365115
2184.4 1.0361168
2188.7 1.0252644
2193.0 1.0164793
2197.3 1.0130024
2201.6 1.0071639
2205.9002 1.0024693
2210.2002 0.99310791
2214.5002 0.97896290
2218.8002 0.98316616
2223.1002 0.98250669
2227.4002 0.97090942
2231.7002 0.94480377
2236.0002 0.96837038
2240.3002 0.97194993
2244.6002 0.96533972
2248.9002 0.96460539
2253.2002 0.97219425
2257.5002 0.95354497
2261.8002 0.95319110
2266.1002 0.93391639
2270.4002 0.91863954
2274.7002 0.88211477
2279.0002 0.87743199
2283.3002 0.87534928
2287.6002 0.86617917
2291.9002 0.88910711
2296.2002 0.90144259
2300.5002 0.90277028
2304.8002 0.88281822
2309.1002 0.89123905
2313.4002 0.89454883
2317.7002 0.90598810
2322.0002 0.90552640
2326.3002 0.92589045
2330.6002 0.95217156
2334.9002 0.95992064
2339.2002 0.94700712
2343.5002 0.97539234
2347.8002 0.98777246
2352.1002 0.98620325
2356.4002 0.99067473
2360.7002 1.0301369
2365.0002 1.0547768
2369.3002 1.0486873
2373.6002 1.0679983
2377.9002 1.0430669
2382.2002 1.0685265
2386.5002 1.1044825
2390.8002 1.1958176
2395.1002 1.3028375
2399.4002 1.4694439
2403.7002 1.6391600
2408.0002 1.6905440
2412.3002 1.6036929
2416.6002 1.4195910
2420.9002 1.2622396
2425.2002 1.1643696
2429.5002 1.1156949
2433.8002 1.0772475
2438.1002 1.0473877
2442.4002 1.0237818
2446.7002 1.0011444
2451.0002 0.99349850
2455.3002 0.97284734
2459.6002 0.95489651
2463.9002 0.93447834
2468.2002 0.92271894
2472.5002 0.91937137
2476.8002 0.89252651
2481.1002 0.89371681
2485.4002 0.87098843
2489.7002 0.86479634
2494.0002 0.86332953
2498.3002 0.82722920
2502.6002 0.83914232
2506.9002 0.83810657
2511.2002 0.84991229
2515.5002 0.87272972
2519.8002 0.88041025
2524.1002 0.88292819
2528.4002 0.88172799
2532.7002 0.88737214
2537.0002 0.87479359
2541.3002 0.87648779
2545.6002 0.88763654
2549.9002 0.87407851
2554.2002 0.87658250
2558.5002 0.86040002
2562.8002 0.86514217
2567.1002 0.84386075
2571.4002 0.82925272
2575.7002 0.81398398
2580.0002 0.80621213
2584.3002 0.78650409
2588.6002 0.77817965
2592.9002 0.75652826
2597.2002 0.74157423
2601.5002 0.73823297
2605.8002 0.74487871
2610.1002 0.73483008
2614.4002 0.75019497
2618.7002 0.75378430
2623.0002 0.75582916
2627.3002 0.75540304
2631.6002 0.75571597
2635.9002 0.77036458
2640.2002 0.76205540
2644.5002 0.77676415
2648.8002 0.77557361
2653.1002 0.77218026
2657.4002 0.76344895
2661.7002 0.77089518
2666.0002 0.76513332
2670.3002 0.78110087
2674.6002 0.80056429
2678.9002 0.80236834
2683.2002 0.83410865
2687.5002 0.84050548
2691.8002 0.83980054
2696.1002 0.82795042
2700.4002 0.82681382
2704.7002 0.79603356
2709.0002 0.81334996
2713.3002 0.80502260
2717.6002 0.80318159
2721.9002 0.81289834
2726.2002 0.83399343
2730.5002 0.83446217
2734.8002 0.84456050
2739.1002 0.84948194
2743.4002 0.85572439
2747.7002 0.84697711
2752.0002 0.85073066
2756.3002 0.83772922
2760.6002 0.84683806
2764.9002 0.83604079
2769.2002 0.81088442
2773.5002 0.81088841
2777.8002 0.82051605
2782.1002 0.79857218
2786.4002 0.79702002
2790.7002 0.79729474
2795.0002 0.79649675
2799.3002 0.80881089
2803.6002 0.80492157
2807.9002 0.79095322
2812.2002 0.78907800
2816.5002 0.80462807
2820.8002 0.80277699
2825.1002 0.79696757
2829.4002 0.81123185
2833.7002 0.78796005
2838.0002 0.77787745
2842.3002 0.76713347
2846.6002 0.75942278
2850.9002 0.75339919
2855.2002 0.73756409
2859.5002 0.73433936
2863.8002 0.74269056
2868.1002 0.74898267
2872.4002 0.75830060
2876.7002 0.78164440
2881.0002 0.75474423
2885.3002 0.74393249
2889.6002 0.73903275
2893.9002 0.73522198
2898.2002 0.72637004
2902.5002 0.74330074
2906.8002 0.74029726
2911.1002 0.74524218
2915.4002 0.73799181
2919.7002 0.73997796
2924.0002 0.74009848
2928.3002 0.75673753
2932.6002 0.76087922
2936.9002 0.77345306
2941.2002 0.79823750
2945.5002 0.83038974
2949.8002 0.79088980
2954.1002 0.76049775
2958.4002 0.76452088
2962.7002 0.75245827
2967.0002 0.72468990
2971.3002 0.73249155
2975.6002 0.73428512
2979.9002 0.71358037
2984.2002 0.70844686
2988.5002 0.69241410
2992.8002 0.68232358
2997.1002 0.70033985
3001.4002 0.69807017
3005.7002 0.68789804
3010.0002 0.70106941
3014.3002 0.68320543
3018.6002 0.67193669
3022.9002 0.67137384
3027.2002 0.65979499
3031.5002 0.64858627
3035.8002 0.63581365
3040.1002 0.64354175
3044.4002 0.64170629
3048.7002 0.62289476
3053.0002 0.62810904
3057.3002 0.63795793
3061.6002 0.64193332
3065.9002 0.62953931
3070.2002 0.64078838
3074.5002 0.65646780
3078.8002 0.64387786
3083.1002 0.65761048
3087.4002 0.63849539
3091.7002 0.63973689
3096.0002 0.63000423
3100.3002 0.63786113
3104.6002 0.64134473
3108.9002 0.62847096
3113.2002 0.64561683
3117.5002 0.63448405
3121.8002 0.62859517
3126.1002 0.63385171
3130.4002 0.61987007
3134.7002 0.62640208
3139.0002 0.62115926
3143.3002 0.62502408
3147.6002 0.62888420
3151.9002 0.62019598
3156.2002 0.61462063
3160.5002 0.61264312
3164.8002 0.60956782
3169.1002 0.60561830
3173.4002 0.60577142
3177.7002 0.61398298
3182.0002 0.61283708
3186.3002 0.61200178
3190.6002 0.60004014
3194.9002 0.60206294
3199.2002 0.62713152
3203.5002 0.70661688
3207.8002 0.73378569
3212.1002 0.61992639
3216.4002 0.59774667
3220.7002 0.59741741
3225.0002 0.59011185
3229.3002 0.61108494
3233.6002 0.59379613
3237.9002 0.58056444
3242.2002 0.58438569
3246.5002 0.57758170
3250.8002 0.56978327
3255.1002 0.56361979
3259.4002 0.55647719
3263.7002 0.52608222
3268.0002 0.53444749
3272.3002 0.52426523
3276.6002 0.54699284
3280.9 0.54551345
3285.2 0.53950596
3289.5 0.53397995
3293.8 0.52988088
3298.1 0.54327095
3302.4 0.53201854
3306.7 0.54076010
3311.0 0.54883367
3315.3 0.55773586
3319.6 0.57974857
3323.9 0.62383378
3328.2 0.64966804
3332.5 0.58372778
3336.8 0.54534656
3341.1 0.56473309
3345.4 0.56910056
3349.7 0.53927308
3354.0 0.52760124
3358.3 0.52823836
3362.6 0.51882786
3366.9 0.51562887
3371.2 0.50592977
3375.5 0.49115950
3379.8 0.47480759
3384.1 0.47138351
3388.4 0.48560914
3392.7 0.49997562
3397.0 0.50129235
3401.3 0.50677395
3405.6 0.51914251
3409.9 0.51945031
3414.2 0.51612741
3418.5 0.49882221
3422.8 0.50080580
3427.1 0.49808255
3431.4 0.47730982
3435.7 0.48329169
3440.0 0.46698600
3444.3 0.46690547
3448.6 0.45871967
3452.9 0.46860611
3457.2 0.47446221
3461.5 0.46572098
3465.8 0.45099652
3470.1 0.45041752
3474.4 0.44823420
3478.7 0.44286165
3483.0 0.45623186
3487.3 0.44655070
3491.6 0.45792696
3495.9 0.46693563
3500.2 0.49529400
3504.5 0.48756132
3508.8 0.48459673
3513.1 0.50590676
3517.4 0.51288640
3521.7 0.53067362
3526.0 0.56418973
3530.3 0.54757440
3534.6 0.52010757
3538.9 0.51741177
3543.2 0.49418777
3547.5 0.48174495
3551.8 0.47664332
3556.1 0.46857986
3560.4 0.45286223
3564.7 0.43536130
3569.0 0.43021780
3573.3 0.43215379
3577.6 0.44403130
3581.9 0.44039035
3586.2 0.43745509
3590.5 0.44701374
3594.8 0.43150824
3599.1 0.42597997
3603.4 0.43374497
3607.7 0.42373976
3612.0 0.41909400
3616.3 0.41835913
3620.6 0.41762629
3624.9 0.41945454
3629.2 0.42283827
3633.5 0.42082229
3637.8 0.41917354
3642.1 0.44251999
3646.4 0.43976977
3650.7 0.44638228
3655.0 0.43834075
3659.3 0.42769879
3663.6 0.42077249
3667.9 0.43954828
3672.2 0.43919256
3676.5 0.43597263
3680.8 0.45603913
3685.1 0.44385147
3689.4 0.45812219
3693.7 0.48297119
3698.0 0.47454724
3702.3 0.48417851
3706.6 0.49297109
3710.9 0.51306373
3715.2 0.54550743
3719.5 0.55144089
3723.8 0.58187497
3728.1 0.62971562
3732.4 0.65295166
3736.7 0.65563643
3741.0 0.60954928
3745.3 0.59858167
3749.6 0.59250110
3753.9 0.56367117
3758.2 0.53808904
3762.5 0.49272099
3766.8 0.48237512
3771.1 0.46311352
3775.4 0.45369998
3779.7 0.46513876
3784.0 0.45239252
3788.3 0.44463670
3792.6 0.44503003
3796.9 0.43457249
3801.2 0.43145037
3805.5 0.42914814
3809.8 0.40260372
3814.1 0.41632688
3818.4 0.41413647
3822.7 0.42463565
3827.0 0.41537562
3831.3 0.41350499
3835.6 0.43207243
3839.9 0.43826008
3844.2 0.45474026
3848.5 0.44809541
3852.8 0.44462290
3857.1 0.42788547
3861.4 0.45138389
3865.7 0.45232752
3870.0 0.45505121
3874.3 0.45172480
3878.6 0.46866187
3882.9 0.48855394
3887.2 0.48497275
3891.5 0.46502179
3895.8 0.45396301
3900.1 0.44289991
3904.4 0.44591904
3908.7 0.47866675
3913.0 0.46559030
3917.3 0.45984104
3921.6 0.47758996
3925.9 0.47350779
3930.2 0.43843991
3934.5 0.46199983
3938.8 0.48028350
3943.1 0.45955387
3947.4 0.45071369
3951.7 0.45775560
3956.0 0.44059196
3960.3 0.43026289
3964.6 0.43159267
3968.9 0.44526565
3973.2 0.46134230
3977.5 0.46098119
3981.8 0.45168757
3986.1 0.45722046
3990.4 0.44350806
3994.7 0.45078889
3999.0 0.43706888
4003.3 0.45988333
4007.6 0.43275037
4011.9 0.44670287
4016.2 0.42800865
4020.5 0.43191570
4024.8 0.43517050
4029.1 0.44940218
4033.4 0.40979540
4037.7 0.40882307
4042.0 0.38427594
4046.3 0.37933460
4050.6 0.37394169
4054.9 0.38299334
4059.2 0.38164937
4063.5 0.38041815
4067.8 0.37350437
4072.1 0.37907416
4076.4 0.38287935
4080.7 0.37474772
4085.0 0.36208728
4089.3 0.36522171
4093.6 0.36661601
4097.9 0.36461136
4102.2 0.37019652
4106.5 0.37480345
4110.8 0.38146451
4115.1 0.37992534
4119.4 0.37683928
4123.7 0.38407516
4128.0 0.39499587
4132.3 0.39515001
4136.6 0.39867708
4140.9 0.41349843
4145.2 0.43775994
4149.5 0.43969312
4153.8 0.47247180
4158.1 0.47670877
4162.4 0.49252528
4166.7 0.52918833
4171.0 0.55083287
4175.3 0.61611634
4179.6 0.67187428
4183.9 0.65047807
4188.2 0.60659784
4192.5 0.56317103
4196.8 0.53261042
4201.1 0.50600910
4205.4 0.47248477
4209.7 0.46394211
4214.0 0.45923313
4218.3 0.44314116
4222.6 0.41833258
4226.9 0.43071061
4231.2 0.41656324
4235.5 0.41007802
4239.8 0.40305784
4244.1 0.39211807
4248.4 0.38774908
4252.7 0.39773899
4257.0 0.39772865
4261.3 0.46920693
4265.6 0.51279271
4269.9 0.42854008
4274.2 0.38051307
4278.5 0.37035415
4282.8 0.36715981
4287.1 0.35804695
4291.4 0.38124219
4295.7 0.41640362
4300.0 0.50591570
4304.3 0.71258646
4308.6 0.71076685
4312.9 0.47784722
4317.2 0.40217626
4321.5 0.37800363
4325.8 0.36753479
4330.1 0.35878199
4334.4 0.35180792
4338.7 0.35195240
4343.0 0.34937787
4347.3 0.34978822
4351.6 0.34922832
4355.9 0.34344456
4360.2 0.33954230
4364.5 0.33945373
4368.8 0.32639271
4373.1 0.31960332
4377.4 0.33356729
4381.7 0.33048871
4386.0 0.33451456
4390.3 0.32095268
4394.6 0.32349548
4398.9 0.31890383
4403.2 0.32995665
4407.5004 0.32408315
4411.8004 0.31566134
4416.1004 0.32282248
4420.4004 0.32073495
4424.7004 0.33042940
4429.0004 0.33206809
4433.3004 0.34529528
4437.6004 0.35268176
4441.9004 0.34763733
4446.2004 0.33751255
4450.5004 0.35228229
4454.8004 0.33763221
4459.1004 0.32918835
4463.4004 0.32977358
4467.7004 0.34830454
4472.0004 0.34171918
4476.3004 0.32365260
4480.6004 0.32782724
4484.9004 0.33077145
4489.2004 0.33625349
4493.5004 0.33072865
4497.8004 0.33379626
4502.1004 0.33241507
4506.4004 0.33417460
4510.7004 0.32190949
4515.0004 0.32729441
4519.3004 0.33784720
4523.6004 0.32153970
4527.9004 0.33055362
4532.2004 0.33181694
4536.5004 0.32931295
4540.8004 0.32971379
4545.1004 0.33201957
4549.4004 0.32978237
4553.7004 0.34239021
4558.0004 0.32678396
4562.3004 0.31984150
4566.6004 0.34967735
4570.9004 0.32633844
4575.2004 0.34144476
4579.5004 0.33274537
4583.8004 0.32276610
4588.1004 0.31812593
4592.4004 0.31444132
4596.7004 0.32378963
4601.0004 0.30679438
4605.3004 0.30943680
4609.6004 0.31251755
4613.9004 0.30906197
4618.2004 0.29448301
4622.5004 0.29981217
4626.8004 0.30697101
4631.1004 0.30624971
4635.4004 0.29686686
4639.7004 0.29788759
4644.0004 0.29531091
4648.3004 0.28952482
4652.6004 0.29523206
4656.9004 0.30116260
4661.2004 0.29906189
4665.5004 0.29168954
4669.8004 0.28737834
4674.1004 0.28302094
4678.4004 0.29276708
4682.7004 0.28220710
4687.0004 0.30120450
4691.3004 0.28383884
4695.6004 0.28505951
4699.9004 0.28059003
4704.2004 0.28018796
4708.5004 0.27978680
4712.8004 0.27938643
4717.1004 0.28570947
4721.4004 0.28687960
4725.7004 0.29340154
4730.0004 0.28616989
4734.3004 0.28695089
4738.6004 0.27700269
4742.9004 0.27660835
4747.2004 0.28441173
4751.5004 0.29275304
4755.8004 0.28773323
4760.1004 0.28064266
4764.4004 0.29161400
4768.7004 0.29621446
4773.0004 0.28128695
4777.3004 0.28440392
4781.6004 0.27309778
4785.9004 0.27271190
4790.2004 0.27813169
4794.5004 0.27348354
4798.8004 0.29890913
4803.1004 0.28529564
4807.4004 0.27745527
4811.7004 0.30970776
4816.0004 0.30552912
4820.3004 0.29167423
4824.6004 0.28628996
4828.9004 0.27326798
4833.2004 0.27284119
4837.5004 0.26814514
4841.8004 0.27686888
4846.1004 0.26739535
4850.4004 0.26864523
4854.7004 0.26664874
4859.0004 0.26877129
4863.3004 0.26590526
4867.6004 0.26733530
4871.9004 0.26630712
4876.2004 0.26479593
4880.5004 0.27396944
4884.8004 0.26987186
4889.1004 0.26369381
4893.4004 0.26332790
4897.7004 0.26296285
4902.0004 0.26259848
4906.3004 0.26223496
4910.6004 0.26187220
4914.9004 0.26151016
4919.2004 0.26685536
4923.5004 0.26078838
4927.8004 0.26118463
4932.1004 0.26006967
4936.4004 0.26121104
4940.7004 0.25944108
4945.0004 0.25899711
4949.3004 0.26148042
4953.6004 0.26509896
4957.9004 0.26633719
4962.2004 0.26382923
4966.5004 0.26335454
4970.8004 0.26257083
4975.1004 0.25892419
4979.4004 0.26103428
4983.7004 0.25930366
4988.0004 0.25877973
4992.3004 0.26451775
4996.6004 0.27608186
5000.9004 0.26251373
5005.2004 0.27159438
5009.5004 0.26632041
5013.8004 0.27453133
5018.1004 0.26807439
5022.4004 0.27674928
5026.7004 0.27230960
5031.0004 0.27352765
5035.3004 0.28146014
5039.6004 0.27461308
5043.9004 0.27983788
5048.2004 0.28904703
5052.5004 0.31118795
5056.8004 0.30404738
5061.1004 0.29815838
5065.4004 0.29975751
5069.7004 0.27331626
5074.0004 0.26871777
5078.3004 0.28121129
5082.6004 0.27621791
5086.9004 0.26658559
5091.2004 0.26801530
5095.5004 0.26947278
5099.8004 0.26980889
5104.1004 0.26504144
5108.4004 0.27025625
5112.7004 0.27579662
5117.0004 0.25881281
5121.3004 0.26156282
5125.6004 0.25974941
5129.9004 0.26806852
5134.2004 0.25288212
5138.5004 0.25558230
5142.8004 0.25487664
5147.1004 0.25395396
5151.4004 0.25577024
5155.7004 0.25525382
5160.0004 0.25462121
5164.3004 0.25692010
5168.6004 0.25275925
5172.9004 0.25064680
5177.2004 0.24624301
5181.5004 0.24603631
5185.8004 0.24202015
5190.1004 0.24671699
5194.4004 0.24724628
5198.7004 0.25008926
5203.0004 0.25211149
5207.3004 0.24250284
5211.6004 0.24771130
5215.9004 0.25514749
5220.2004 0.25216955
5224.5004 0.25468099
5228.8004 0.25932485
5233.1004 0.25507498
5237.4004 0.25696483
5241.7004 0.25188392
5246.0004 0.26454327
5250.3004 0.24324526
5254.6004 0.23515747
5258.9004 0.23872328
5263.2004 0.23553587
5267.5004 0.23681158
5271.8004 0.23714399
5276.1004 0.24180521
5280.4004 0.24628013
5284.7004 0.23510039
5289.0004 0.24171346
5293.3004 0.24825543
5297.6004 0.23911244
5301.9004 0.23512661
5306.2004 0.23151252
5310.5004 0.23121272
5314.8004 0.23219551
5319.1004 0.24590629
5323.4004 0.23429315
5327.7004 0.23567851
5332.0004 0.22972260
5336.3004 0.23030271
5340.6004 0.23010817
5344.9004 0.23385383
5349.2004 0.23149785
5353.5004 0.23678102
5357.8004 0.23757939
5362.1004 0.23219085
5366.4004 0.23059779
5370.7004 0.23025610
5375.0004 0.23690131
5379.3004 0.23542638
5383.6004 0.23046120
5387.9004 0.22879256
5392.2004 0.22703476
5396.5004 0.22594397
5400.8004 0.22781998
5405.1004 0.22981539
5409.4004 0.23741265
5413.7004 0.24068066
5418.0004 0.24523960
5422.3004 0.25304195
5426.6004 0.24293083
5430.9004 0.23103194
5435.2004 0.23179226
5439.5004 0.22940429
5443.8004 0.22583288
5448.1004 0.22936158
5452.4004 0.23619282
5456.7004 0.23868448
5461.0004 0.23126304
5465.3004 0.23307191
5469.6004 0.23656525
5473.9004 0.24084437
5478.2004 0.24450515
5482.5004 0.23246431
5486.8004 0.23477310
5491.1004 0.23913702
5495.4004 0.23985864
5499.7004 0.23476598
5504.0004 0.23435576
5508.3004 0.23784231
5512.6004 0.23763131
5516.9004 0.23504834
5521.2004 0.24082774
5525.5004 0.23836865
5529.8004 0.24174067
5534.1004 0.24753352
5538.4004 0.24408270
5542.7004 0.25119537
5547.0004 0.24717805
5551.3004 0.26397115
5555.6004 0.26592937
5559.9004 0.27289665
5564.2004 0.28058285
5568.5004 0.27945006
5572.8004 0.28516379
5577.1004 0.30116457
5581.4004 0.30283943
5585.7004 0.31603667
5590.0004 0.33063895
5594.3004 0.35093418
5598.6004 0.37443367
5602.9004 0.40279016
5607.2004 0.44185078
5611.5004 0.49064070
5615.8004 0.55035669
5620.1004 0.62071973
5624.4004 0.72775924
5628.7004 0.85507202
5633.0004 1.0154290
5637.3004 1.1771442
5641.6004 1.3846794
5645.9004 1.4230113
5650.2004 1.2169265
5654.5004 1.0128613
5658.8004 0.92149413
5663.1004 0.86792535
5667.4004 0.75160730
5671.7004 0.63407034
5676.0004 0.57122600
5680.3004 0.52103347
5684.6004 0.47514173
5688.9004 0.44017154
5693.2004 0.41878039
5697.5004 0.39209658
5701.8004 0.36506453
5706.1004 0.34260443
5710.4004 0.32004252
5714.7004 0.30075184
5719.0004 0.29465088
5723.3004 0.28859586
5727.6004 0.27408224
5731.9004 0.27231127
5736.2004 0.26720101
5740.5004 0.26750156
5744.8004 0.27221149
5749.1004 0.27144620
5753.4004 0.26579121
5757.7004 0.25716901
5762.0004 0.27000901
5766.3004 0.27694380
5770.6004 0.28258079
5774.9004 0.31118387
5779.2004 0.30956933
5783.5004 0.28859347
5787.8004 0.29149500
5792.1004 0.29501110
5796.4004 0.28653055
5800.7004 0.26442975
5805.0004 0.24291615
5809.3004 0.24052776
5813.6004 0.23443273
5817.9004 0.22731550
5822.2004 0.22589026
5826.5004 0.21958970
5830.8004 0.20991418
5835.1004 0.20874546
5839.4004 0.20976707
5843.7004 0.20939602
5848.0004 0.19963272
5852.3004 0.19776216
5856.6004 0.19752817
5860.9004 0.20384964
5865.2004 0.21187186
5869.5004 0.20347653
5873.8004 0.20051393
5878.1004 0.19992328
5882.4004 0.19613004
5886.7004 0.19589862
5891.0004 0.19566768
5895.3004 0.20887350
5899.6004 0.20091213
5903.9004 0.20234118
5908.2004 0.19474809
5912.5004 0.19451924
5916.8004 0.19805571
5921.1004 0.20439582
5925.4004 0.20279413
5929.7004 0.19801466
5934.0004 0.20000340
5938.3004 0.20017461
5942.6004 0.19867828
5946.9004 0.19270407
5951.2004 0.19247906
5955.5004 0.19225447
5959.8004 0.19380905
5964.1004 0.19180660
5968.4004 0.19158326
5972.7004 0.19136038
5977.0004 0.19587672
5981.3004 0.19091582
5985.6004 0.19069417
5989.9004 0.19047293
5994.2004 0.19308619
5998.5004 0.19003165
