300.0 0.0
380.0 0.0000000
383.8 0.0000000
387.6 0.0000000
391.4 0.0000000
395.2 0.0000000
399.0 0.0000000
402.8 0.0000000
406.6 0.0000000
410.4 0.0000000
414.2 0.0000000
418.0 0.0000000
421.8 0.0000000
425.6 0.0000000
429.4 0.0000000
433.2 0.0000000
437.0 0.0000000
440.8 0.0000000
444.6 0.0000000
448.4 0.0000000
452.2 0.0000000
456.0 0.0000000
459.8 0.0000000
463.6 0.0000000
467.4 0.0000000
471.2 0.0000000
475.0 0.0000000
478.8 0.0000000
482.6 0.0000000
486.4 0.0000000
490.2 0.0000000
494.0 0.0000000
497.8 0.0000000
501.6 0.0000000
505.4 0.0000000
509.2 0.0000000
513.0 0.0000000
516.8 0.0000000
520.6 0.0000000
524.4 0.0000000
528.2 0.0000000
532.0 0.0000000
535.8 0.0000000
539.6 0.0000000
543.4 0.0000000
547.2 0.0000000
551.0 0.0000000
554.8 0.0000000
558.6 0.0000000
562.4 0.0000000
566.2 0.0000000
570.0 0.0000000
573.8 0.0000000
577.6 0.0000000
581.4 0.0000000
585.2 0.0000000
589.0 0.0000000
592.8 0.0000000
596.6 0.0000000
600.4 0.0000000
604.2 0.0000000
608.0 0.0000000
611.8 0.0000000
615.6 0.0000000
619.4 0.0000000
623.2 0.0000000
627.0 0.0000000
630.8 0.0000000
634.6 0.0000000
638.4 0.0000000
642.2 0.0000000
646.0 0.0000000
649.8 0.0000000
653.6 0.0000000
657.4 0.0000000
661.2 0.0000000
665.0 0.0000000
668.8 0.0000000
672.6 0.0000000
676.4 0.0000000
680.2 0.0000000
684.0 0.0000000
687.8 0.0000000
691.6 0.0000000
695.4 6.91250935E-02
699.2 5.89567721E-02
703.0 5.00352159E-02
706.8 4.22470905E-02
710.6 3.54804024E-02
714.4 2.96404324E-02
718.2 2.46237330E-02
722.0 2.03404874E-02
725.8 1.67069137E-02
729.6 1.36381956E-02
733.4 1.10658510E-02
737.2 8.92216433E-03
741.0 5.53059131E-02
744.8 4.76747490E-02
748.6 4.09255214E-02
752.4 3.49804126E-02
756.2 2.97696330E-02
760.0 2.76619922E-02
763.8 2.44508535E-02
767.6 2.05197334E-02
771.4 1.84677858E-02
775.2 1.68930646E-02
779.0 1.56234764E-02
782.8 0.65989000
786.6 0.65024835
790.4 0.52579111
794.2 0.40923032
798.0 0.35358855
801.8 0.31550783
805.6 0.29063162
809.4 0.27062351
813.2 0.24091768
817.0 0.19818807
820.8 0.18167229
824.6 0.14712930
828.4 0.12081517
832.2 0.10054551
836.0 8.69008079E-02
839.8 7.88454488E-02
843.6 6.73535764E-02
847.4 6.09828010E-02
851.2 5.55242375E-02
855.0 4.75413837E-02
858.8 3.71870659E-02
862.6 3.14584523E-02
866.4 2.49636937E-02
870.2 2.18143091E-02
874.0 1.86054744E-02
877.8 1.53515516E-02
881.6 1.29834795E-02
885.4 1.13130165E-02
889.2 9.88139305E-03
893.0 8.90733581E-03
896.8 7.69671705E-03
900.6 6.68886257E-03
904.4 5.88541804E-03
908.2 5.32699609E-03
912.0 4.92682168E-03
915.8 4.76446282E-03
919.6 4.75140614E-03
923.4 5.15289744E-03
927.2 12.967040
931.0 10.448945
934.8 9.7100210
938.6 9.6704531
942.4 9.0260162
946.2 7.1998224
950.0 6.1941209
953.8 5.8044453
957.6 5.5351124
961.4 5.1575193
965.2 4.6930447
969.0 4.3816500
972.8 4.2658110
976.6 4.2624793
980.4 4.3167429
984.2 4.3312325
988.0 4.6430440
991.8 4.7000585
995.6 4.4830842
999.4 4.0717068
1003.2 4.0845609
1007.0 4.0343323
1010.8 4.1175776
1014.6 4.1748791
1018.4 4.1106539
1022.2 3.9501765
1026.0 3.8853350
1029.8 3.9961362
1033.6 3.9589052
1037.4 4.0124063
1041.2 3.9483116
1045.0 4.0282297
1048.8 4.2455101
1052.6 4.4700942
1056.4 4.7839274
1060.2 4.8577213
1064.0 4.9121571
1067.8 4.4538426
1071.6 4.1464100
1075.4 3.9163065
1079.2 3.8103886
1083.0 3.7825146
1086.8 3.6013441
1090.6 3.5456843
1094.4 3.5146198
1098.2 3.4787474
1102.0 3.5312867
1105.8 3.4876854
1109.6 3.4039991
1113.4 3.4964700
1117.2 3.4266517
1121.0 3.4706156
1124.8 3.5439658
1128.6 3.5865767
1132.4 3.6639597
1136.2 3.6487873
1140.0 3.7543981
1143.8 3.8273137
1147.6 3.9099877
1151.4 4.0470185
1155.2 4.3371763
1159.0 4.7274470
1162.8 5.1746607
1166.6 5.7434363
1170.4 6.4499459
1174.2 6.8589001
1178.0 6.2092438
1181.8 5.2535286
1185.6 4.5278702
1189.4 4.1449499
1193.2 3.9477162
1197.0 3.8306057
1200.8 3.6396189
1204.6 3.6168509
1208.4 3.4985321
1212.2 3.5575995
1216.0 3.5572755
1219.8 3.5349708
1223.6 3.5636208
1227.4 3.5092587
1231.2 3.5522575
1235.0 3.5914149
1238.8 3.5871260
1242.6 3.6539230
1246.4 3.5029740
1250.2 3.4693863
1254.0 3.4147422
1257.8 3.4610038
1261.6 3.4669521
1265.4 3.4081554
1269.2 3.2268863
1273.0 3.1143389
1276.8 3.0623844
1280.6 2.9980175
1284.4 2.9950802
1288.2 2.9792483
1292.0 2.9659004
1295.8 3.0049233
1299.6 2.9878490
1303.4 3.0280724
1307.2 3.0344548
1311.0 3.0213299
1314.8 2.9791698
1318.6 3.0094039
1322.4 3.0154135
1326.2 3.0895000
1330.0 3.0324759
1333.8 2.9764960
1337.6 2.8388081
1341.4 2.8747432
1345.2 2.8812566
1349.0 2.8365221
1352.8 2.9258811
1356.6 2.9471624
1360.4 2.8634090
1364.2 2.8085337
1368.0 2.8062265
1371.8 2.8002839
1375.6 2.7931085
1379.4 2.8227272
1383.2 2.7676401
1387.0 2.7532148
1390.8 2.7827282
1394.6 2.7739472
1398.4 2.8369293
1402.2 2.8190775
1406.0 2.9953988
1409.8 2.9792695
1413.6 3.0037525
1417.4 2.9525876
1421.2 2.9533877
1425.0 2.9749012
1428.8 3.1013732
1432.6 3.3308039
1436.4 3.5379059
1440.2 3.7048516
1444.0 3.7642021
1447.8 3.9547145
1451.6 3.7753601
1455.4 3.4457657
1459.2 3.1462235
1463.0 2.9461911
1466.8 2.8501902
1470.6 2.7529297
1474.4 2.6615682
1478.2 2.5906880
1482.0 2.5672827
1485.8 2.4635620
1489.6 2.4178400
1493.4 2.3918667
1497.2 2.4081824
1501.0 2.4114952
1504.8 2.3492246
1508.6 2.3521693
1512.4 2.3579359
1516.2 2.3709581
1520.0 2.3057694
1523.8 2.3244381
1527.6 2.3721125
1531.4 2.2375789
1535.2 2.2905223
1539.0 2.2989762
1542.8 2.2767546
1546.6 2.2900524
1550.4 2.2477970
1554.2 2.2121787
1558.0 2.2676656
1561.8 2.3532250
1565.6 2.3006666
1569.4 2.3524153
1573.2 2.3266883
1577.0 2.3270319
1580.8 2.3081043
1584.6 2.3319371
1588.4 2.3194599
1592.2 2.3078957
1596.0 2.2288041
1599.8 2.1873984
1603.6 2.2105079
1607.4 2.2366724
1611.2 2.1370840
1615.0 2.2350430
1618.8 2.1523099
1622.6 2.1986344
1626.4 2.1735287
1630.2 2.2126527
1634.0 2.1033306
1637.8 2.1295736
1641.6 2.1227024
1645.4 2.1548803
1649.2 2.0436060
1653.0 2.0628891
1656.8 2.0974131
1660.6 1.9997313
1664.4 2.0323701
1668.2 1.9665579
1672.0 1.9075491
1675.8 1.9009694
1679.6 1.8944263
1683.4 1.9022992
1687.2 1.9092721
1691.0 1.9075443
1694.8 1.8764366
1698.6 1.8622521
1702.4 1.8559231
1706.2 1.8496292
1710.0 1.8682996
1713.8 1.8605649
1717.6 1.8832625
1721.4 1.8899080
1725.2 1.8844736
1729.0 1.8934867
1732.8 1.9062154
1736.6 1.9359214
1740.4 1.9744569
1744.2 1.9542820
1748.0 2.0009973
1751.8 2.0190022
1755.6 2.0309844
1759.4 2.0372658
1763.2 2.0467653
1767.0 2.0674489
1770.8 2.0729144
1774.6 2.0399797
1778.4 2.0171225
1782.2 1.9672343
1786.0 1.9575948
1789.8 1.9152025
1793.6 1.9384956
1797.4 1.9100795
1801.2 1.8932340
1805.0 1.8939563
1808.8 1.8777789
1812.6 1.8777177
1816.4 1.8773810
1820.2 1.8944232
1824.0 1.9342113
1827.8 1.9000987
1831.6 1.9638031
1835.4 2.0075576
1839.2 2.0621676
1843.0 2.0512221
1846.8 1.9883109
1850.6 1.9737170
1854.4 1.9753705
1858.2 1.9259945
1862.0 1.8857355
1865.8 1.8707163
1869.6 1.8591287
1873.4 1.8903801
1877.2 1.9244472
1881.0 1.9276751
1884.8 1.9108659
1888.6 1.9114186
1892.4 1.8951933
1896.2 1.9005827
1900.0 1.8771201
1903.8 1.8652422
1907.6 1.8633649
1911.4 1.8507856
1915.2 1.8235170
1919.0 1.7933606
1922.8 1.8062953
1926.6 1.8084946
1930.4 1.8055294
1934.2 1.7843788
1938.0 1.7668797
1941.8 1.7586474
1945.6 1.7463459
1949.4 1.7360630
1953.2 1.7177399
1957.0 1.6912041
1960.8 1.6963967
1964.6 1.6932040
1968.4 1.6711969
1972.2 1.6243066
1976.0 1.6628288
1979.8 1.6669859
1983.6 1.6536820
1987.4 1.6504698
1991.2 1.6614947
1995.0 1.6277111
1998.8 1.6252067
2002.6 1.5904903
2006.4 1.5626600
2010.2 1.4987975
2014.0 1.4891274
2017.8 1.4838927
2021.6 1.4666736
2025.4 1.5037872
2029.2 1.5229263
2033.0 1.5234509
2036.8 1.4881103
2040.6 1.5006266
2044.4 1.5045222
2048.2 1.5220728
2052.0 1.5196178
2055.8 1.5520825
2059.6 1.5943900
2063.4 1.6056126
2067.2 1.5822911
2071.0 1.6279536
2074.8 1.6468390
2078.6 1.6424572
2082.4 1.6481388
2086.2 1.7119641
2090.0 1.7510523
2093.8 1.7391021
2097.6 1.7692612
2101.4 1.7261474
2105.2 1.7664322
2109.0 1.8239729
2112.8 1.9727585
2116.6 2.1470900
2120.4 2.4191675
2124.2 2.6958075
2128.0 2.7774773
2131.8 2.6321054
2135.6 2.3275819
2139.4 2.0674968
2143.2 1.9052724
2147.0 1.8237967
2150.8 1.7591906
2154.6 1.7087280
2158.4 1.6685623
2162.2 1.6300588
2166.0 1.6160194
2169.8 1.5808794
2173.6 1.5501952
2177.4 1.5155731
2181.2 1.4950532
2185.0 1.4881921
2188.8 1.4433495
2192.6 1.4438907
2196.4 1.4058287
2200.2 1.3945081
2204.0 1.3908242
2207.8 1.3314093
2211.6 1.3493142
2215.4 1.3463871
2219.2 1.3640785
2223.0 1.3993979
2226.8 1.4104065
2230.6 1.4131349
2234.4 1.4099169
2238.2 1.4176420
2242.0 1.3962717
2245.8 1.3977033
2249.6 1.4141996
2253.4 1.3913412
2257.2 1.3940722
2261.0 1.3671099
2264.8 1.3734177
2268.6 1.3384416
2272.4 1.3141055
2276.2 1.2887694
2280.0 1.2753409
2283.8 1.2430735
2287.6 1.2288424
2291.4 1.1936113
2295.2 1.1690025
2299.0 1.1627291
2302.8 1.1721861
2306.6 1.1553799
2310.4 1.1785288
2314.2 1.1831584
2318.0 1.1853607
2321.8 1.1836889
2325.6 1.1831807
2329.4 1.2051016
2333.2 1.1911042
2337.0 1.2130810
2340.8 1.2102146
2344.6 1.2039202
2348.4 1.1893244
2352.2 1.1999354
2356.0 1.1899905
2359.8 1.2138313
2363.6 1.2430640
2367.4 1.2448540
2371.2 1.2930508
2375.0 1.3019174
2378.8 1.2997801
2382.6 1.2804135
2386.4 1.2776349
2390.2 1.2290932
2394.0 1.2548349
2397.8 1.2410067
2401.6 1.2371938
2405.4 1.2511790
2409.2 1.2826445
2413.0 1.2823653
2416.8 1.2968764
2420.6 1.3034239
2424.4 1.3119895
2428.2 1.2975798
2432.0 1.3023319
2435.8 1.2814493
2439.6 1.2943971
2443.4 1.2769240
2447.2 1.2375656
2451.0 1.2366393
2454.8 1.2503817
2458.6 1.2160307
2462.4 1.2127626
2466.2 1.2122781
2470.0 1.2101674
2473.8 1.2279692
2477.6 1.2211651
2481.4 1.1990930
2485.2 1.1953752
2489.0 1.2180432
2492.8 1.2143586
2496.6 1.2046976
2500.4 1.2253745
2504.2 1.1893656
2508.0 1.1733053
2511.8 1.1562729
2515.6 1.1438347
2519.4 1.1339563
2523.2 1.1093369
2527.0 1.1037073
2530.8 1.1154747
2534.6 1.1241363
2538.4 1.1373259
2542.2 1.1715217
2546.0 1.1304183
2549.8 1.1134543
2553.6 1.1053574
2557.4 1.0989020
2561.2 1.0849268
2565.0 1.1094570
2568.8 1.1042211
2572.6 1.1108420
2576.4 1.0992910
2580.2 1.1015058
2584.0 1.1009443
2587.8 1.1249413
2591.6 1.1303418
2595.4 1.1482561
2599.2 1.1842642
2603.0 1.2311494
2606.8 1.1718123
2610.6 1.1260412
2614.4 1.1312559
2618.2 1.1126786
2622.0 1.0709183
2625.8 1.0817441
2629.6 1.0836908
2633.4 1.0524542
2637.2 1.0442102
2641.0 1.0199239
2644.8 1.0044173
2648.6 1.0302814
2652.4 1.0262897
2656.2 1.0106934
2660.0 1.0293945
2663.8 1.0025326
2667.6 0.98537821
2671.4 0.98393631
2675.2 0.96636349
2679.0 0.94935548
2682.8 0.93008262
2686.6 0.94080496
2690.4 0.93754333
2694.2 0.90949965
2698.0 0.91655105
2701.8 0.93035424
2705.6 0.93558145
2709.4 0.91696095
2713.2 0.93278074
2717.0 0.95502770
2720.8 0.93614817
2724.6 0.95554042
2728.4 0.92721027
2732.2 0.92845958
2736.0 0.91379017
2739.8 0.92463762
2743.6 0.92913824
2747.4 0.90995097
2751.2 0.93422669
2755.0 0.91757959
2758.8 0.90853149
2762.6 0.91559589
2766.4 0.89487904
2770.2 0.90378553
2774.0 0.89570415
2777.8 0.90075797
2781.6 0.90580094
2785.4 0.89277577
2789.2 0.88424551
2793.0 0.88089931
2796.8 0.87597972
2800.6 0.86981231
2804.4 0.86954129
2808.2 0.88083303
2812.0 0.87869626
2815.8 0.87700808
2819.6 0.85938734
2823.4 0.86180544
2827.2 0.89719117
2831.0 1.0103467
2834.8 1.0486155
2838.6 0.88541818
2842.4 0.85327244
2846.2 0.85233629
2850.0 0.84145510
2853.8 0.87088752
2857.6 0.84579015
2861.4 0.82649678
2865.2 0.83148873
2869.0 0.82136637
2872.8 0.80984241
2876.6 0.80065447
2880.4 0.79008752
2884.2 0.74653596
2888.0 0.75800502
2891.8 0.74317133
2895.6 0.77498043
2899.4 0.77247846
2903.2 0.76357198
2907.0 0.75535619
2910.8 0.74916798
2914.6 0.76770055
2918.4 0.75141031
2922.2 0.76336288
2926.0 0.77436101
2929.8 0.78651720
2933.6 0.81714094
2937.4 0.87882900
2941.2 0.91475737
2945.0 0.82149374
2948.8 0.76709062
2952.6 0.79395908
2956.4 0.79969609
2960.2 0.75740266
2964.0 0.74063843
2967.8 0.74116307
2971.6 0.72759688
2975.4 0.72275162
2979.2 0.70880544
2983.0 0.68777221
2986.8 0.66454738
2990.6 0.65943086
2994.4 0.67899871
2998.2 0.69874501
3002.0 0.70024407
3005.8 0.70755708
3009.6 0.72447526
3013.4 0.72455448
3017.2 0.71957266
3021.0 0.69511223
3024.8 0.69754165
3028.6 0.69341695
3032.4 0.66418099
3036.2 0.67218530
3040.0 0.64919841
3043.8 0.64877951
3047.6 0.63710457
3051.4 0.65052968
3055.2 0.65835023
3059.0 0.64591879
3062.8 0.62520546
3066.6 0.62411213
3070.4 0.62079859
3074.2 0.61307395
3078.0 0.63129127
3081.8 0.61761081
3085.6 0.63305438
3089.4 0.64521295
3093.2 0.68408608
3097.0 0.67309880
3100.8 0.66870201
3104.6 0.69779181
3108.4 0.70709926
3112.2 0.73129207
3116.0 0.77712935
3119.8 0.75390464
3123.6 0.71576786
3127.4 0.71174002
3131.2 0.67949116
3135.0 0.66208899
3138.8 0.65478748
3142.6 0.64342630
3146.4 0.62156981
3150.2 0.59728682
3154.0 0.58997202
3157.8 0.59236801
3161.6 0.60838348
3165.4 0.60313261
3169.2 0.59885317
3173.0 0.61167383
3176.8 0.59020191
3180.6 0.58238989
3184.4 0.59275174
3188.2 0.57883090
3192.0 0.57224053
3195.8 0.57099396
3199.6 0.56975144
3203.4 0.57200325
3207.2 0.57637417
3211.0 0.57338405
3214.8 0.57089776
3218.6 0.60244203
3222.4 0.59844744
3226.2 0.60719258
3230.0 0.59600592
3233.8 0.58129454
3237.6 0.57164413
3241.4 0.59690583
3245.2 0.59617662
3249.0 0.59156299
3252.8 0.61853695
3256.6 0.60176039
3260.4 0.62085474
3264.2 0.65426433
3268.0 0.64259171
3271.8 0.65536839
3275.6 0.66700041
3279.4 0.69390649
3283.2 0.73748940
3287.0 0.74521220
3290.8 0.78602624
3294.6 0.85031259
3298.4 0.88133776
3302.2 0.88461041
3306.0 0.82210231
3309.8 0.80699146
3313.6 0.79847920
3317.4 0.75932825
3321.2 0.72458220
3325.0 0.66323090
3328.8 0.64905143
3332.6 0.62289190
3336.4 0.60999376
3340.2 0.62513095
3344.0 0.60776561
3347.8 0.59711593
3351.6 0.59741443
3355.4 0.58315241
3359.2 0.57874143
3363.0 0.57543361
3366.8 0.53963542
3370.6 0.55781752
3374.4 0.55467254
3378.2 0.56851965
3382.0 0.55591238
3385.8 0.55320072
3389.6 0.57782400
3393.4 0.58587962
3397.2 0.60768390
3401.0 0.59858114
3404.8 0.59372175
3408.6 0.57115990
3412.4 0.60230374
3416.2 0.60334027
3420.0 0.60674995
3423.8 0.60209346
3427.6 0.62443972
3431.4 0.65070581
3435.2 0.64570057
3439.0 0.61891240
3442.8 0.60397476
3446.6 0.58904260
3450.4 0.59284383
3454.2 0.63615227
3458.0 0.61855125
3461.8 0.61069411
3465.6 0.63403875
3469.4 0.62839508
3473.2 0.58164918
3477.0 0.61268687
3480.8 0.63670832
3484.6 0.60901183
3488.4 0.59708595
3492.2 0.60620147
3496.0 0.58326697
3499.8 0.56939363
3503.6 0.57095391
3507.4 0.58883655
3511.2 0.60988474
3515.0 0.60919595
3518.8 0.59670770
3522.6 0.60380834
3526.4 0.58549786
3530.2 0.59490514
3534.0 0.57660103
3537.8 0.60649133
3541.6 0.57051373
3545.4 0.58870739
3549.2 0.56387866
3553.0 0.56883311
3556.8 0.57292587
3560.6 0.59146297
3564.4 0.53915447
3568.2 0.53769451
3572.0 0.50524014
3575.8 0.49857658
3579.6 0.49132448
3583.4 0.50304997
3587.2 0.50111824
3591.0 0.49933612
3594.8 0.49009901
3598.6 0.49724346
3602.4 0.50206953
3606.2 0.49124521
3610.0 0.47449353
3613.8 0.47844458
3617.6 0.48011452
3621.4 0.47733387
3625.2 0.48448840
3629.0 0.49035880
3632.8 0.49891216
3636.6 0.49673885
3640.4 0.49254546
3644.2 0.50184190
3648.0 0.51594585
3651.8 0.51598227
3655.6 0.52042186
3659.4 0.53959751
3663.2 0.57107639
3667.0 0.57341659
3670.8 0.61596954
3674.6 0.62129730
3678.4 0.64170909
3682.2 0.68926078
3686.0 0.71722770
3689.8 0.80198121
3693.6 0.87428713
3697.4 0.84618151
3701.2 0.78885436
3705.0 0.73215282
3708.8 0.69220829
3712.6 0.65743309
3716.4 0.61368757
3720.2 0.60240686
3724.0 0.59610981
3727.8 0.57504570
3731.6 0.54268700
3735.4 0.55857450
3739.2 0.54006314
3743.0 0.53149408
3746.8 0.52223742
3750.6 0.50790954
3754.4 0.50209922
3758.2 0.51488042
3762.0 0.51471269
3765.8 0.60703331
3769.6 0.66322410
3773.4 0.55409026
3777.2 0.49184644
3781.0 0.47857323
3784.8 0.47430506
3788.6 0.46239629
3792.4 0.49220645
3796.2 0.53744400
3800.0 0.65278381
3803.8 0.91918230
3807.6 0.91656733
3811.4 0.61602688
3815.2 0.51832324
3819.0 0.48702824
3822.8 0.47340280
3826.6 0.46199524
3830.4 0.45288423
3834.2 0.45293981
3838.0 0.44949746
3841.8 0.44989643
3845.6 0.44904786
3849.4 0.44148493
3853.2 0.43634441
3857.0 0.43610665
3860.8 0.41920784
3864.6 0.41037166
3868.4 0.42818052
3872.2 0.42410919
3876.0 0.42915478
3879.8 0.41164050
3883.6 0.41478559
3887.4 0.40878397
3891.2 0.42283401
3895.0 0.41519165
3898.8 0.40429002
3902.6 0.41334724
3906.4 0.41056082
3910.2 0.42285362
3914.0 0.42483366
3917.8 0.44163460
3921.6 0.45095828
3925.4 0.44438654
3929.2 0.43132624
3933.0 0.45007864
3936.8 0.43124431
3940.6 0.42034522
3944.4 0.42097849
3948.2 0.44451436
3952.0 0.43599242
3955.8 0.41283050
3959.6 0.41804311
3963.4 0.42168453
3967.2 0.42855865
3971.0 0.42140469
3974.8 0.42520007
3978.6 0.42332816
3982.4 0.42545605
3986.2 0.40973213
3990.0 0.41647613
3993.8 0.42979103
3997.6 0.40893790
4001.4 0.42029154
4005.2 0.42178729
4009.0 0.41849491
4012.8 0.41889495
4016.6 0.42171451
4020.4 0.41876411
4024.2 0.43466103
4028.0 0.41474167
4031.8 0.40582573
4035.6 0.44356808
4039.4 0.41385603
4043.2 0.43290240
4047.0 0.42176476
4050.8 0.40901110
4054.6 0.40302819
4058.4 0.39825881
4062.2 0.40999475
4066.0 0.38837618
4069.8 0.39162207
4073.6 0.39542115
4077.4 0.39095029
4081.2 0.37241477
4085.0 0.37905905
4088.8 0.38801289
4092.6 0.38700432
4096.4 0.37505367
4100.2 0.37624949
4104.0 0.37290224
4107.8 0.36550519
4111.6 0.37261787
4115.4 0.38000897
4119.2 0.37726521
4123.0 0.36787447
4126.8 0.36234817
4130.6 0.35676655
4134.4 0.36896190
4138.2 0.35556674
4142.0 0.37941000
4145.8 0.35744852
4149.6 0.35889858
4153.4 0.35318577
4157.2 0.35259441
4161.0 0.35200456
4164.8 0.35141620
4168.6 0.35928300
4172.4 0.36066788
4176.2 0.36877903
4180.0 0.35960349
4183.8 0.36049893
4187.6 0.34791806
4191.4 0.34734020
4195.2 0.35705429
4199.0 0.36743912
4202.8 0.36105332
4206.6 0.35207295
4210.4 0.36575064
4214.2 0.37143344
4218.0 0.35263264
4221.8 0.35645682
4225.6 0.34220636
4229.4 0.34164318
4233.2 0.34835190
4237.0 0.34245068
4240.8 0.37420136
4244.6 0.35707620
4248.4 0.34718305
4252.2 0.38745168
4256.0 0.38213623
4259.8 0.36472371
4263.6 0.35790896
4267.4 0.34155127
4271.2 0.34094000
4275.0 0.33499560
4278.8 0.34581557
4282.6 0.33390716
4286.4 0.33539197
4290.2 0.33282423
4294.0 0.33539784
4297.8 0.33174664
4301.6 0.33345583
4305.4 0.33209884
4309.2 0.33014038
4313.0 0.34150136
4316.8 0.33631876
4320.6 0.32854638
4324.4 0.32801759
4328.2 0.32749021
4332.0 0.32696411
4335.8 0.32643929
4339.6 0.32591584
4343.4 0.32539365
4347.2 0.33197168
4351.0 0.32435313
4354.8 0.32477486
4358.6 0.32331780
4362.4 0.32466596
4366.2 0.32239586
4370.0 0.32177424
4373.8 0.32478905
4377.6 0.32921243
4381.4 0.33067867
4385.2 0.32749426
4389.0 0.32683465
4392.8 0.32579204
4396.6 0.32119846
4400.4 0.32374680
4404.2 0.32153168
4408.0 0.32081363
4411.8 0.32785738
4415.6 0.34211785
4419.4 0.32523537
4423.2 0.33641440
4427.0 0.32981205
4430.8 0.33990881
4434.6 0.33184436
4438.4 0.34251085
4442.2 0.33694556
4446.0 0.33838186
4449.8 0.34812239
4453.6 0.33958286
4457.4 0.34597173
4461.2 0.35728303
4465.0 0.38457102
4468.8 0.37566882
4472.6 0.36831647
4476.4 0.37021554
4480.2 0.33748978
4484.0 0.33174336
4487.8 0.34709591
4491.6 0.34086284
4495.4 0.32890898
4499.2 0.33060545
4503.0 0.33233562
4506.8 0.33268249
4510.6 0.32673779
4514.4 0.33309901
4518.2 0.33985895
4522.0 0.31886575
4525.8 0.32218894
4529.6 0.31989089
4533.4 0.33006990
4537.2 0.31130868
4541.0 0.31456974
4544.8 0.31363863
4548.6 0.31244096
4552.4 0.31461293
4556.2 0.31391534
4560.0 0.31307527
4563.8 0.31583944
4567.6 0.31066298
4571.4 0.30800590
4575.2 0.30253479
4579.0 0.30222142
4582.8 0.29722986
4586.6 0.30293882
4590.4 0.30352938
4594.2 0.30695966
4598.0 0.30938151
4601.8 0.29753229
4605.6 0.30386370
4609.4 0.31292495
4613.2 0.30921286
4617.0 0.31223217
4620.8 0.31786418
4624.6 0.31259480
4628.4 0.31485036
4632.2 0.30856577
4636.0 0.32401189
4639.8 0.29786924
4643.6 0.28791034
4647.4 0.29222044
4651.2 0.28826398
4655.0 0.28977031
4658.8 0.29012215
4662.6 0.29576880
4666.4 0.30118555
4670.2 0.28745928
4674.0 0.29548958
4677.8 0.30343005
4681.6 0.29220030
4685.4 0.28727582
4689.2 0.28280735
4693.0 0.28238851
4696.8 0.28353605
4700.6 0.30022269
4704.4 0.28599137
4708.2 0.28762919
4712.0 0.28030863
4715.8 0.28096464
4719.6 0.28067565
4723.4 0.28519201
4727.2 0.28226703
4731.0 0.28865597
4734.8 0.28957632
4738.6 0.28295678
4742.4 0.28096423
4746.2 0.28049687
4750.0 0.28853968
4753.8 0.28669125
4757.6 0.28059411
4761.4 0.27851218
4765.2 0.27632254
4769.0 0.27494544
4772.8 0.27717850
4776.6 0.27955607
4780.4 0.28874594
4784.2 0.29266825
4788.0 0.29815871
4791.8 0.30758989
4795.6 0.29524660
4799.4 0.28073540
4803.2 0.28160936
4807.0 0.27865884
4810.8 0.27427214
4814.6 0.27850863
4818.4 0.28675315
4822.2 0.28972724
4826.0 0.28066948
4829.8 0.28281525
4833.6 0.28700393
4837.4 0.29214442
4841.2 0.29653326
4845.0 0.28188121
4848.8 0.28463134
4852.6 0.28987175
4856.4 0.29069614
4860.2 0.28447494
4864.0 0.28392887
4867.8 0.28810328
4871.6 0.28779820
4875.4 0.28462106
4879.2 0.29156938
4883.0 0.28854281
4886.8 0.29257464
4890.6 0.29953453
4894.4 0.29530850
4898.2 0.30386227
4902.0 0.29895192
4905.8 0.31920844
4909.6 0.32152206
4913.4 0.32989010
4917.2 0.33912438
4921.0 0.33769840
4924.8 0.34454522
4928.6 0.36381692
4932.4 0.36577898
4936.2 0.38165522
4940.0 0.39922273
4943.8 0.42365718
4947.6 0.45195121
4951.4 0.48609751
4955.2 0.53314847
4959.0 0.59192169
4962.8 0.66385484
4966.6 0.74860513
4970.4 0.87755316
4974.2 1.0309012
4978.0 1.2240316
4981.8 1.4187357
4985.6 1.6685915
4989.4 1.7145027
4993.2 1.4659641
4997.0 1.2199395
5000.8 1.1097120
5004.6 1.0450321
5008.4 0.90483189
5012.2 0.76321006
5016.0 0.68745530
5019.8 0.62694883
5023.6 0.57163626
5027.4 0.52947897
5031.2 0.50366694
5035.0 0.47149879
5038.8 0.43892238
5042.6 0.41185254
5046.4 0.38466904
5050.2 0.36142540
5054.0 0.35403740
5057.8 0.34670699
5061.6 0.32921878
5065.4 0.32703981
5069.2 0.32085186
5073.0 0.32116216
5076.8 0.32676548
5080.6 0.32579562
5084.4 0.31895834
5088.2 0.30856305
5092.0 0.32391846
5095.8 0.33218598
5099.6 0.33889455
5103.4 0.37313968
5107.2 0.37114602
5111.0 0.34594420
5114.8 0.34936821
5118.6 0.35352775
5122.4 0.34331205
5126.2 0.31678274
5130.0 0.29096499
5133.8 0.28805992
5137.6 0.28071737
5141.4 0.27215326
5145.2 0.27040556
5149.0 0.26282325
5152.8 0.25120449
5156.6 0.24976788
5160.4 0.25095212
5164.2 0.25047022
5168.0 0.23875564
5171.8 0.23648274
5175.6 0.23616728
5179.4 0.24368857
5183.2 0.25324050
5187.0 0.24316941
5190.8 0.23959294
5194.6 0.23885140
5198.4 0.23428451
5202.2 0.23397316
5206.0 0.23366246
5209.8 0.24939546
5213.6 0.23985392
5217.4 0.24152413
5221.2 0.23242621
5225.0 0.23211874
5228.8 0.23630390
5232.6 0.24383245
5236.4 0.24188611
5240.2 0.23615059
5244.0 0.23848735
5247.8 0.23865652
5251.6 0.23683791
5255.4 0.22968267
5259.2 0.22938101
5263.0 0.22908002
5266.8 0.23089878
5270.6 0.22847994
5274.4 0.22818084
5278.2 0.22788240
5282.0 0.23322698
5285.8 0.22728735
5289.6 0.22699074
5293.4 0.22669479
5297.2 0.22977202
5301.0 0.22610469
5304.8 0.22581060
5308.6 0.22551711
5312.4 0.22522423
5316.2 0.23126334
5320.0 0.22598934
5323.8 0.23840398
5327.6 0.22575447
5331.4 0.22570767
5335.2 0.22347982
5339.0 0.22319120
5342.8 0.23907952
5346.6 0.24802133
5350.4 0.23936994
5354.2 0.25712219
5358.0 0.23770054
5361.8 0.26741862
5365.6 0.25168869
5369.4 0.23252471
5373.2 0.25873885
5377.0 0.24098918
5380.8 0.23498848
5384.6 0.23690848
5388.4 0.22938144
5392.2 0.22610116
5396.0 0.21893342
5399.8 0.21865425
5403.6 0.22175485
5407.4 0.23002821
5411.2 0.21782023
5415.0 0.21754341
5418.8 0.21726713
5422.6 0.21699142
5426.4 0.23860522
5430.2 0.22159964
5434.0 0.21616770
5437.8 0.21589431
5441.6 0.21949740
5445.4 0.21797548
5449.2 0.21507733
5453.0 0.21480621
5456.8 0.22086222
5460.6 0.22767246
5464.4 0.24024117
5468.2 0.21372701
5472.0 0.23641373
5475.8 0.21380679
5479.6 0.22383645
5483.4 0.21265669
5487.2 0.22700912
5491.0 0.22100154
5494.8 0.22051187
5498.6 0.22484988
5502.4 0.23529105
5506.2 0.22411709
5510.0 0.21080478
5513.8 0.22496681
5517.6 0.24900913
5521.4 0.21001917
5525.2 0.20975840
5529.0 0.21010031
5532.8 0.20923840
5536.6 0.20897922
5540.4 0.20872054
5544.2 0.22911313
5548.0 0.22313967
5551.8 0.20794773
5555.6 0.20769119
5559.4 0.21878761
5563.2 0.23408560
5567.0 0.20692463
5570.8 0.20861833
5574.6 0.25494623
5578.4 0.21920326
5582.2 0.21726869
5586.0 0.20565747
5589.8 0.23364612
5593.6 0.24966349
5597.4 0.23844521
5601.2 0.26221824
5605.0 0.25666052
5608.8 0.27043721
5612.6 0.23501030
5616.4 0.24380213
5620.2 0.30019951
5624.0 0.26919529
5627.8 0.25828546
5631.6 0.23373689
5635.4 0.22582653
5639.2 0.27908865
5643.0 0.26615572
5646.8 0.25743407
5650.6 0.23973173
5654.4 0.21445881
5658.2 0.24231294
5662.0 0.20071584
5665.8 0.20047396
5669.6 0.20023257
5673.4 0.19999173
5677.2 0.19975136
5681.0 0.19951142
5684.8 0.19927207
5688.6 0.19903308
5692.4 0.19879463
5696.2 0.19855665
5700.0 0.19831918
5703.8 0.19808216
5707.6 0.19784562
5711.4 0.19760957
5715.2 0.19737402
5719.0 0.19713892
5722.8 0.19690429
5726.6 0.19667014
5730.4 0.19643645
5734.2 0.19620325
5738.0 0.19597051
5741.8 0.19573823
5745.6 0.19550645
5749.4 0.19527511
5753.2 0.19504420
5757.0 0.19481379
5760.8 0.19458385
5764.6 0.19435440
5768.4 0.19412534
5772.2 0.19389677
5776.0 0.19366872
5779.8 0.19344106
5783.6 0.19321388
5787.4 0.19298714
5791.2 0.19276087
5795.0 0.19253504
5798.8 0.19230969
5802.6 0.19208482
5806.4 0.19186038
5810.2 0.19163632
5814.0 0.19141276
5817.8 0.19118966
5821.6 0.19096698
5825.4 0.19074477
5829.2 0.19052300
5833.0 0.19030169
5836.8 0.19008079
5840.6 0.18986037
5844.4 0.18964039
5848.2 0.18942083
5852.0 0.18920168
5855.8 0.18898301
5859.6 0.18876480
5863.4 0.18854697
5867.2 0.18832962
5871.0 0.18811269
5874.8 0.18789615
5878.6 0.18768010
5882.4 0.18746451
5886.2 0.18724927
5890.0 0.18703449
5893.8 0.18682019
5897.6 0.18660624
5901.4 0.18639274
5905.2 0.18617970
5909.0 0.18596712
5912.8 0.18575488
5916.6 0.18554309
5920.4 0.18533172
5924.2 0.18512082
5928.0 0.18491031
5931.8 0.18470016
5935.6 0.18449050
5939.4 0.18428129
5943.2 0.18407242
5947.0 0.18386398
5950.8 0.18365601
5954.6 0.18344836
5958.4 0.18324125
5962.2 0.18303448
5966.0 0.18282810
5969.8 0.18262219
5973.6 0.18241665
5977.4 0.18221158
5981.2 0.18200685
5985.0 0.18180256
5988.8 0.18159865
5992.6 0.18139516
5996.4 0.18119211
