300.0 0.0
405.00002 0.0000000
409.05002 0.0000000
413.1 0.0000000
417.15 0.0000000
421.2 0.0000000
425.25 0.0000000
429.3 0.0000000
433.35 0.0000000
437.4 0.0000000
441.45 0.0000000
445.5 0.0000000
449.55 0.0000000
453.6 0.0000000
457.65 0.0000000
461.7 0.0000000
465.75 0.0000000
469.8 0.0000000
473.85 0.0000000
477.9 0.0000000
481.95 0.0000000
486.0 0.0000000
490.05 0.0000000
494.1 0.0000000
498.15 0.0000000
502.2 0.0000000
506.25 0.0000000
510.3 0.0000000
514.35 0.0000000
518.4 0.0000000
522.45005 0.0000000
526.50005 0.0000000
530.55005 0.0000000
534.60005 0.0000000
538.65005 0.0000000
542.70005 0.0000000
546.75005 0.0000000
550.80005 0.0000000
554.85005 0.0000000
558.90005 0.0000000
562.95005 0.0000000
567.00005 0.0000000
571.05005 0.0000000
575.10005 0.0000000
579.15005 0.0000000
583.20005 0.0000000
587.25005 0.0000000
591.30005 0.0000000
595.35005 0.0000000
599.40005 0.0000000
603.45005 0.0000000
607.50005 0.0000000
611.55005 0.0000000
615.60005 0.0000000
619.65005 0.0000000
623.70005 0.0000000
627.75005 0.0000000
631.80005 0.0000000
635.85005 0.0000000
639.90005 0.0000000
643.95005 0.0000000
648.00005 0.0000000
652.05005 0.0000000
656.10005 0.0000000
660.15005 0.0000000
664.20005 0.0000000
668.25005 0.0000000
672.30005 0.0000000
676.35005 0.0000000
680.40005 0.0000000
684.45005 0.0000000
688.50005 0.0000000
692.55005 0.0000000
696.60005 0.0000000
700.65005 0.0000000
704.70005 0.0000000
708.75005 0.0000000
712.80005 0.0000000
716.85005 0.0000000
720.90005 0.0000000
724.95005 0.0000000
729.00005 0.0000000
733.05005 0.0000000
737.10005 0.0000000
741.15005 5.28087839E-03
745.20005 4.14290745E-03
749.25005 3.22457775E-03
753.30005 2.48991884E-03
757.35005 1.90683443E-03
761.40005 1.44775503E-03
765.45005 1.08988839E-03
769.50005 8.13091348E-04
773.55005 6.01066626E-04
777.60005 4.39977099E-04
781.65005 3.19944142E-04
785.70005 2.30803489E-04
789.75005 4.41014906E-03
793.80005 3.41549795E-03
797.85005 2.58328160E-03
801.90005 1.93148106E-03
805.95005 1.43781689E-03
810.00005 1.16287987E-03
814.05005 8.89629475E-04
818.10005 6.42589817E-04
822.15 4.94915526E-04
826.2 3.85183259E-04
830.25 3.01301276E-04
834.3 0.11688138
838.35 0.10477933
842.4 7.78782666E-02
846.45 5.67237921E-02
850.5 4.63241749E-02
854.55 3.90473530E-02
858.6 3.37590612E-02
862.65 2.94318497E-02
866.7 2.44811103E-02
870.75 1.87834688E-02
874.8 1.60203502E-02
878.85 1.20430542E-02
882.9 9.16082598E-03
886.95 7.04387482E-03
891.0 5.61069185E-03
895.05 4.68177488E-03
899.1 3.66819603E-03
903.15 3.03763966E-03
907.2 2.52366532E-03
911.25 1.96615746E-03
915.3 1.39520934E-03
919.35 1.06802257E-03
923.4 7.64576136E-04
927.45 6.00698870E-04
931.5 4.59347502E-04
935.55 3.38759768E-04
939.6 2.55186576E-04
943.65 1.97449393E-04
947.7 1.52630819E-04
951.75 1.21295001E-04
955.8 9.20907041E-05
959.85 7.00711535E-05
963.9 5.37697488E-05
967.95 4.22916855E-05
972.0 3.38578393E-05
976.05 2.82234214E-05
980.1 2.41655289E-05
984.15 2.24064224E-05
988.2 9.9542027
992.25 8.0277100
996.3 7.4660311
1000.35 7.4415679
1004.4 6.9511924
1008.45 5.5491619
1012.5 4.7777705
1016.55 4.4806800
1020.6 4.2760625
1024.65 3.9874136
1028.7 3.6310704
1032.75 3.3926952
1036.8 3.3054790
1040.8501 3.3053503
1044.9001 3.3498964
1048.9501 3.3636057
1053.0001 3.6083744
1057.0501 3.6553223
1061.1001 3.4890699
1065.1501 3.1711595
1069.2001 3.1834219
1073.2501 3.1464763
1077.3001 3.2136383
1081.3501 3.2606118
1085.4001 3.2126524
1089.4501 3.0893371
1093.5001 3.0406811
1097.5501 3.1294923
1101.6001 3.1024039
1105.6501 3.1464157
1109.7001 3.0981913
1113.7501 3.1629639
1117.8001 3.3357372
1121.8501 3.5144582
1125.9001 3.7636051
1129.9501 3.8240888
1134.0001 3.8693829
1138.0501 3.5105605
1142.1001 3.2702746
1146.1501 3.0907023
1150.2001 3.0089610
1154.2501 2.9887726
1158.3001 2.8473449
1162.3501 2.8050265
1166.4001 2.7821145
1170.4501 2.7553546
1174.5001 2.7986205
1178.5501 2.7656868
1182.6001 2.7008977
1186.6501 2.7758749
1190.7001 2.7220101
1194.7501 2.7585092
1198.8001 2.8184090
1202.8501 2.8539054
1206.9001 2.9171147
1210.9501 2.9066534
1215.0001 2.9924395
1219.0501 3.0522346
1223.1001 3.1198702
1227.1501 3.2309642
1231.2001 3.4644823
1235.2501 3.7782512
1239.3001 4.1378760
1243.3501 4.5951262
1247.4001 5.1630964
1251.4501 5.4933319
1255.5001 4.9756041
1259.5501 4.2119441
1263.6001 3.6320224
1267.6501 3.3265612
1271.7001 3.1698782
1275.7501 3.0773938
1279.8001 2.9254267
1283.8501 2.9085751
1287.9001 2.8148203
1291.9501 2.8637540
1296.0001 2.8648944
1300.0501 2.8483171
1304.1001 2.8727906
1308.1501 2.8303275
1312.2001 2.8663774
1316.2501 2.8993514
1320.3001 2.8972573
1324.3501 2.9525945
1328.4001 2.8319404
1332.4501 2.8060892
1336.5001 2.7631674
1340.5501 2.8018870
1344.6001 2.8079834
1348.6501 2.7616150
1352.7001 2.6159132
1356.7501 2.5258081
1360.8001 2.4847794
1364.8501 2.4336324
1368.9001 2.4323204
1372.9501 2.4205246
1377.0001 2.4107308
1381.0501 2.4435086
1385.1001 2.4306722
1389.1501 2.4644513
1393.2001 2.4706991
1397.2501 2.4610567
1401.3001 2.4277384
1405.3501 2.4534051
1409.4001 2.4593303
1413.4501 2.5208004
1417.5001 2.4752941
1421.5501 2.4305971
1425.6001 2.3191082
1429.6501 2.3494182
1433.7001 2.3556929
1437.7501 2.3200498
1441.8001 2.3940952
1445.8501 2.4124668
1449.9001 2.3448353
1453.9501 2.3008027
1458.0001 2.2998118
1462.0501 2.2958348
1466.1001 2.2908385
1470.1501 2.3160229
1474.2001 2.2716942
1478.2501 2.2607150
1482.3001 2.2858152
1486.3501 2.2794616
1490.4001 2.3320909
1494.4501 2.3182809
1498.5001 2.4641945
1502.5501 2.4518309
1506.6001 2.4728880
1510.6501 2.4316547
1514.7001 2.4331982
1518.7501 2.4518096
1522.8001 2.5569644
1526.8501 2.7471054
1530.9001 2.9189546
1534.9501 3.0577774
1539.0001 3.1078587
1543.0501 3.2662997
1547.1001 3.1192555
1551.1501 2.8479302
1555.2001 2.6012580
1559.2501 2.4367125
1563.3001 2.3581202
1567.3501 2.2784278
1571.4001 2.2035608
1575.4501 2.1456017
1579.5001 2.1269319
1583.5501 2.0421314
1587.6001 2.0053341
1591.6501 1.9848782
1595.7001 1.9995058
1599.7501 2.0033402
1603.8001 1.9526603
1607.8501 1.9561553
1611.9001 1.9619955
1615.9501 1.9738764
1620.0001 1.9206170
1624.0501 1.9371822
1628.1001 1.9779449
1632.1501 1.8667337
1636.2001 1.9118884
1640.25 1.9199294
1644.3 1.9023422
1648.35 1.9144245
1652.4 1.8800491
1656.45 1.8511877
1660.5 1.8985682
1664.55 1.9711810
1668.6 1.9281083
1672.65 1.9724468
1676.7 1.9518303
1680.75 1.9530687
1684.8 1.9381213
1688.85 1.9590771
1692.9 1.9495288
1696.95 1.9407344
1701.0 1.8751147
1705.05 1.8411483
1709.1 1.8614732
1713.15 1.8843864
1717.2 1.8013207
1721.25 1.8847606
1725.3 1.8158288
1729.35 1.8557603
1733.4 1.8354057
1737.45 1.8692904
1741.5 1.7777345
1745.55 1.8007228
1749.6 1.7957141
1753.65 1.8237454
1757.7 1.7303348
1761.75 1.7474303
1765.8 1.7774527
1769.85 1.6954104
1773.9 1.7238293
1777.95 1.6687276
1782.0 1.6193504
1786.05 1.6144540
1790.1 1.6095811
1794.15 1.6169538
1798.2 1.6235640
1802.25 1.6227744
1806.3 1.5969759
1810.35 1.5855615
1814.4 1.5808253
1818.45 1.5761119
1822.5 1.5926723
1826.55 1.5867243
1830.6 1.6067319
1834.65 1.6130515
1838.7 1.6090586
1842.75 1.6174004
1846.8 1.6289203
1850.85 1.6549593
1854.9 1.6885667
1858.95 1.6719681
1863.0 1.7126025
1867.05 1.7286836
1871.1 1.7396147
1875.15 1.7456663
1879.2 1.7544775
1883.25 1.7728827
1887.3 1.7782437
1891.35 1.7506517
1895.4 1.7316869
1899.45 1.6894900
1903.5 1.6818377
1907.55 1.6460270
1911.6 1.6666611
1915.65 1.6428331
1919.7 1.6289397
1923.75 1.6301544
1927.8 1.6168160
1931.85 1.6173466
1935.9 1.6176375
1939.95 1.6329054
1944.0 1.6677942
1948.05 1.6389607
1952.1 1.6945076
1956.15 1.7328705
1960.2 1.7806305
1964.25 1.7717960
1968.3 1.7180498
1972.35 1.7060281
1976.4 1.7080437
1980.45 1.6659192
1984.5 1.6316519
1988.55 1.6192051
1992.6 1.6097184
1996.65 1.6373276
2000.7 1.6673919
2004.75 1.6707450
2008.8 1.6567254
2012.85 1.6577517
2016.9 1.6442204
2020.95 1.6494358
2025.0 1.6296046
2029.05 1.6198186
2033.1 1.6187111
2037.15 1.6083009
2041.2 1.5851127
2045.25 1.5593963
2049.3 1.5711427
2053.35 1.5735533
2057.4 1.5714682
2061.45 1.5535465
2065.5 1.5387918
2069.55 1.5320985
2073.6 1.5218531
2077.6502 1.5133587
2081.7002 1.4978460
2085.7502 1.4751581
2089.8002 1.4801383
2093.8502 1.4778006
2097.9002 1.4590340
2101.9502 1.4185231
2106.0002 1.4526000
2110.0502 1.4566658
2114.1002 1.4454699
2118.1502 1.4430890
2122.2002 1.4531568
2126.2502 1.4240271
2130.3002 1.4222517
2134.3502 1.3922758
2138.4002 1.3683105
2142.4502 1.3127695
2146.5002 1.3046747
2150.5502 1.3004606
2154.6002 1.2857367
2158.6502 1.3186462
2162.7002 1.3358070
2166.7502 1.3366437
2170.8002 1.3060030
2174.8502 1.3173556
2178.9002 1.3211434
2182.9502 1.3369255
2187.0002 1.3351376
2191.0502 1.3640366
2195.1002 1.4016021
2199.1502 1.4118528
2203.2002 1.3917240
2207.2502 1.4322748
2211.3002 1.4492810
2215.3502 1.4458131
2219.4002 1.4512029
2223.4502 1.5078036
2227.5002 1.5426395
2231.5502 1.5325171
2235.6002 1.5595045
2239.6502 1.5219011
2243.7002 1.5578264
2247.7502 1.6089907
2251.8002 1.7406911
2255.8502 1.8950045
2259.9002 2.1356876
2263.9502 2.3805208
2268.0002 2.4532652
2272.0502 2.3254540
2276.1002 2.0569301
2280.1502 1.8275492
2284.2002 1.6845756
2288.2502 1.6129417
2292.3002 1.5561932
2296.3502 1.5119296
2300.4002 1.4767557
2304.4502 1.4430342
2308.5002 1.4309574
2312.5502 1.4001844
2316.6002 1.3733425
2320.6502 1.3429968
2324.7002 1.3251342
2328.7502 1.3193711
2332.8002 1.2799232
2336.8502 1.2807097
2340.9002 1.2472469
2344.9502 1.2374973
2349.0002 1.2345206
2353.0502 1.1820618
2357.1002 1.1982398
2361.1502 1.1959205
2365.2002 1.2119175
2369.2502 1.2435861
2373.3002 1.2536591
2377.3502 1.2563744
2381.4002 1.2538015
2385.4502 1.2609601
2389.5002 1.2422353
2393.5502 1.2437918
2397.6002 1.2587568
2401.6502 1.2386906
2405.7002 1.2414012
2409.7502 1.2176646
2413.8002 1.2235560
2417.8502 1.1926616
2421.9002 1.1712359
2425.9502 1.1489083
2430.0002 1.1371875
2434.0502 1.1086587
2438.1002 1.0962058
2442.1502 1.0650095
2446.2002 1.0432785
2450.2502 1.0379043
2454.3002 1.0465713
2458.3502 1.0317876
2462.4002 1.0526856
2466.4502 1.0570461
2470.5002 1.0592386
2474.5502 1.0579689
2478.6002 1.0577376
2482.6502 1.0775609
2486.7002 1.0652682
2490.7502 1.0851498
2494.8002 1.0828108
2498.8502 1.0774025
2502.9002 1.0645602
2506.9502 1.0742793
2511.0002 1.0655943
2515.0502 1.0871651
2519.1002 1.1135743
2523.1502 1.1154041
2527.2002 1.1588236
2531.2502 1.1670049
2535.3002 1.1653234
2539.3502 1.1481900
2543.4002 1.1459271
2547.4502 1.1026088
2551.5002 1.1259246
2555.5502 1.1137370
2559.6002 1.1105337
2563.6502 1.1233075
2567.7002 1.1517823
2571.7502 1.1517560
2575.8002 1.1650153
2579.8502 1.1711237
2583.9002 1.1790473
2587.9502 1.1663220
2592.0002 1.1708177
2596.0502 1.1522640
2600.1002 1.1641279
2604.1502 1.1486313
2608.2002 1.1134377
2612.2502 1.1128138
2616.3002 1.1253918
2620.3502 1.0946795
2624.4002 1.0919410
2628.4502 1.0917078
2632.5002 1.0900090
2636.5502 1.1062475
2640.6002 1.1003205
2644.6502 1.0806308
2648.7002 1.0774775
2652.7502 1.0981100
2656.8002 1.0949869
2660.8502 1.0864724
2664.9002 1.1053196
2668.9502 1.0730318
2673.0002 1.0587320
2677.0502 1.0435493
2681.1002 1.0325078
2685.1502 1.0237726
2689.2002 1.0017227
2693.2502 0.99681520
2697.3002 1.0076200
2701.3502 1.0156223
2705.4002 1.0277182
2709.4502 1.0588027
2713.5002 1.0218316
2717.5502 1.0066713
2721.6002 0.99952340
2725.6502 0.99385685
2729.7002 0.98138595
2733.7502 1.0037464
2737.8002 0.99917960
2741.8502 1.0053414
2745.9002 0.99505568
2749.9502 0.99722868
2754.0002 0.99688804
2758.0502 1.0187877
2762.1002 1.0238498
2766.1502 1.0402496
2770.2002 1.0730488
2774.2502 1.1157157
2778.3002 1.0621175
2782.3502 1.0207988
2786.4002 1.0256944
2790.4502 1.0090157
2794.5002 0.97130430
2798.5502 0.98128253
2802.6002 0.98320758
2806.6502 0.95502144
2810.7002 0.94769323
2814.7502 0.92580026
2818.8002 0.91187066
2822.8502 0.93550068
2826.9002 0.93202436
2830.9502 0.91800618
2835.0002 0.93514001
2839.0502 0.91088116
2843.1002 0.89543551
2847.1502 0.89426523
2851.2002 0.87843096
2855.2502 0.86310488
2859.3002 0.84571415
2863.3502 0.85559630
2867.4002 0.85276151
2871.4502 0.82738107
2875.5002 0.83392358
2879.5502 0.84661168
2883.6002 0.85149807
2887.6502 0.83467776
2891.7002 0.84920657
2895.7502 0.86959159
2899.8002 0.85252929
2903.8502 0.87032002
2907.9002 0.84464288
2911.9502 0.84590697
2916.0002 0.83266580
2920.0502 0.84267515
2924.1002 0.84690195
2928.1502 0.82953519
2932.2002 0.85179073
2936.2502 0.83673507
2940.3002 0.82860535
2944.3502 0.83516979
2948.4002 0.81639141
2952.4502 0.82463610
2956.5002 0.81738037
2960.5502 0.82211065
2964.6002 0.82683194
2968.6502 0.81505901
2972.7002 0.80738640
2976.7502 0.80444545
2980.8002 0.80006647
2984.8502 0.79454577
2988.9002 0.79441023
2992.9502 0.80483949
2997.0002 0.80299962
3001.0502 0.80156893
3005.1002 0.78557342
3009.1502 0.78789324
3013.2002 0.82035798
3017.2502 0.92395067
3021.3002 0.95907927
3025.3502 0.80992794
3029.4002 0.78062969
3033.4502 0.77987987
3037.5002 0.77002847
3041.5502 0.79707086
3045.6002 0.77420557
3049.6502 0.75664729
3053.7002 0.76131988
3057.7502 0.75215274
3061.8002 0.74169916
3065.8502 0.73338228
3069.9002 0.72379941
3073.9502 0.68399262
3078.0002 0.69459289
3082.0502 0.68108994
3086.1002 0.71033543
3090.1502 0.70813513
3094.2002 0.70006204
3098.2502 0.69262010
3102.3002 0.68703514
3106.3502 0.70412219
3110.4002 0.68927026
3114.4502 0.70032471
3118.5002 0.71050608
3122.5502 0.72175252
3126.6002 0.74995059
3130.6502 0.80666924
3134.7002 0.83975446
3138.7502 0.75423342
3142.8002 0.70437372
3146.8502 0.72913742
3150.9002 0.73449862
3154.9502 0.69574052
3159.0002 0.68042636
3163.0502 0.68099326
3167.1002 0.66861171
3171.1502 0.66424167
3175.2002 0.65150517
3179.2502 0.63225043
3183.3002 0.61097562
3187.3502 0.60634607
3191.4002 0.62441516
3195.4502 0.64265257
3199.5002 0.64410967
3203.5502 0.65091562
3207.6002 0.66656011
3211.6502 0.66671354
3215.7002 0.66220921
3219.7502 0.63977557
3223.8002 0.64208859
3227.8502 0.63836813
3231.9002 0.61152595
3235.9502 0.61896926
3240.0002 0.59787315
3244.0502 0.59755802
3248.1002 0.58687401
3252.1502 0.59931111
3256.2002 0.60658705
3260.2502 0.59520268
3264.3002 0.57618290
3268.3502 0.57524228
3272.4002 0.57225460
3276.4502 0.56519938
3280.5 0.58206135
3284.55 0.56951332
3288.6 0.58382112
3292.65 0.59510219
3296.7 0.63102829
3300.75 0.62096399
3304.8 0.61697787
3308.85 0.64389050
3312.9 0.65255272
3316.95 0.67495531
3321.0 0.71734202
3325.05 0.69598216
3329.1 0.66084927
3333.15 0.65720385
3337.2 0.62749583
3341.25 0.61149311
3345.3 0.60481650
3349.35 0.59438795
3353.4 0.57426047
3357.45 0.55188632
3361.5 0.54518723
3365.55 0.54746109
3369.6 0.56232381
3373.65 0.55753100
3377.7 0.55363512
3381.75 0.56554890
3385.8 0.54575503
3389.85 0.53858924
3393.9 0.54823059
3397.95 0.53541261
3402.0 0.52937305
3406.05 0.52827609
3410.1 0.52718258
3414.15 0.52932221
3418.2 0.53342324
3422.25 0.53071195
3426.3 0.52846622
3430.35 0.55772442
3434.4 0.55408430
3438.45 0.56223977
3442.5 0.55193877
3446.55 0.53837103
3450.6 0.52948803
3454.65 0.55294383
3458.7 0.55232531
3462.75 0.54810727
3466.8 0.57315850
3470.85 0.55766976
3474.9 0.57542384
3478.95 0.60645032
3483.0 0.59569126
3487.05 0.60759681
3491.1 0.61844337
3495.15 0.64345556
3499.2 0.68393844
3503.25 0.69116968
3507.3 0.72909683
3511.35 0.78880572
3515.4 0.81766808
3519.45 0.82078570
3523.5 0.76286310
3527.55 0.74891502
3531.6 0.74108839
3535.65 0.70482063
3539.7 0.67263472
3543.75 0.61574209
3547.8 0.60263669
3551.85 0.57840413
3555.9 0.56648213
3559.95 0.58059579
3564.0 0.56452209
3568.05 0.55468357
3572.1 0.55501425
3576.15 0.54181635
3580.2 0.53776944
3584.25 0.53474683
3588.3 0.50152755
3592.35 0.51847488
3596.4 0.51560056
3600.45 0.52852219
3604.5 0.51685059
3608.55 0.51437783
3612.6 0.53732347
3616.65 0.54486549
3620.7 0.56519610
3624.75 0.55678159
3628.8 0.55231285
3632.85 0.53137386
3636.9 0.56040007
3640.95 0.56141627
3645.0 0.56464094
3649.05 0.56035906
3653.1 0.58120966
3657.15 0.60571265
3661.2 0.60110825
3665.25 0.57622248
3669.3 0.56236619
3673.35 0.54851240
3677.4 0.55210191
3681.45 0.59248739
3685.5 0.57614625
3689.55 0.56887877
3693.6 0.59067780
3697.65 0.58547235
3701.7 0.54196763
3705.75 0.57093859
3709.8 0.59337580
3713.85 0.56761438
3717.9 0.55654824
3721.95 0.56509459
3726.0 0.54376304
3730.05 0.53087580
3734.1 0.53237700
3738.15 0.54909927
3742.2 0.56877649
3746.25 0.56818342
3750.3 0.55658406
3754.35 0.56325591
3758.4 0.54622221
3762.45 0.55504614
3766.5 0.53801453
3770.55 0.56595296
3774.6 0.53242564
3778.65 0.54945141
3782.7 0.52632302
3786.75 0.53099251
3790.8 0.53485823
3794.85 0.55221027
3798.9 0.50341558
3802.95 0.50209463
3807.0 0.47182852
3811.05 0.46564457
3815.1 0.45890975
3819.15 0.46990076
3823.2 0.46813518
3827.25 0.46650901
3831.3 0.45791700
3835.35 0.46463063
3839.4 0.46917880
3843.45 0.45910126
3847.5 0.44348204
3851.55 0.44721138
3855.6 0.44880891
3859.65 0.44624588
3863.7 0.45297125
3867.75 0.45849687
3871.8 0.46653217
3875.85 0.46453738
3879.9 0.46065286
3883.95 0.46938506
3888.0 0.48261544
3892.05 0.48268807
3896.1 0.48688003
3900.15 0.50485998
3904.2 0.53435475
3908.25 0.53658694
3912.3 0.57645231
3916.35 0.58148414
3920.4 0.60063517
3924.45 0.64519387
3928.5 0.67142534
3932.55 0.75082517
3936.6 0.81858271
3940.65 0.79232949
3944.7 0.73870802
3948.75 0.68566406
3952.8 0.64830595
3956.85 0.61578381
3960.9 0.57485390
3964.95 0.56433028
3969.0 0.55847406
3973.05 0.53878105
3977.1 0.50850177
3981.15 0.52342832
3985.2 0.50612015
3989.25 0.49812740
3993.3 0.48948887
3997.35 0.47609541
4001.4 0.47068447
4005.45 0.48270223
4009.5 0.48258117
4013.55 0.56918114
4017.6 0.62191451
4021.65 0.51961690
4025.7 0.46127993
4029.75 0.44886488
4033.8 0.44489458
4037.85 0.43375626
4041.9 0.46175405
4045.95 0.50422984
4050.0 0.61248654
4054.05 0.86250299
4058.1 0.86011213
4062.15 0.57812536
4066.2 0.48646837
4070.25 0.45712987
4074.3 0.44437310
4078.35 0.43369636
4082.4 0.42517409
4086.45 0.42525688
4090.5 0.42205524
4094.55 0.42246011
4098.6 0.42169344
4102.65 0.41462079
4106.7 0.40982226
4110.75 0.40962803
4114.8 0.39378318
4118.85 0.38551018
4122.9 0.40226853
4126.95 0.39847165
4131.0 0.40324059
4135.05 0.38681099
4139.1 0.38979369
4143.15 0.38418049
4147.2 0.39741260
4151.2504 0.39025685
4155.3004 0.38003632
4159.3504 0.38857713
4163.4004 0.38598436
4167.4504 0.39756873
4171.5004 0.39945787
4175.5504 0.41528380
4179.6004 0.42408022
4183.6504 0.41792876
4187.7004 0.40567374
4191.7504 0.42333969
4195.8004 0.40565190
4199.8504 0.39542642
4203.9004 0.39604896
4207.9504 0.41821936
4212.0004 0.41022918
4216.0504 0.38846207
4220.1004 0.39339340
4224.1504 0.39684668
4228.2004 0.40334287
4232.2504 0.39663634
4236.3004 0.40023527
4240.3504 0.39849976
4244.4004 0.40052938
4248.4504 0.38575223
4252.5004 0.39212745
4256.5504 0.40469059
4260.6004 0.38508064
4264.6504 0.39579788
4268.7004 0.39723247
4272.7504 0.39415753
4276.8004 0.39456004
4280.8504 0.39724168
4284.9004 0.39448813
4288.9504 0.40949005
4293.0004 0.39074951
4297.0504 0.38237405
4301.1004 0.41796228
4305.1504 0.38999051
4309.2004 0.40796474
4313.2504 0.39749414
4317.3004 0.38549903
4321.3504 0.37988427
4325.4004 0.37541270
4329.4504 0.38649997
4333.5004 0.36614347
4337.5504 0.36922690
4341.6004 0.37283230
4345.6504 0.36864009
4349.7004 0.35118440
4353.7504 0.35747233
4357.8004 0.36593923
4361.8504 0.36501083
4365.9004 0.35376143
4369.9504 0.35491148
4374.0004 0.35177594
4378.0504 0.34481934
4382.1004 0.35155126
4386.1504 0.35854661
4390.2004 0.35597980
4394.2504 0.34714022
4398.3004 0.34194642
4402.3504 0.33669972
4406.4004 0.34823042
4410.4504 0.33560839
4414.5004 0.35813513
4418.5504 0.33742565
4422.6004 0.33881503
4426.6504 0.33344212
4430.7004 0.33290392
4434.7504 0.33236709
4438.8004 0.33183151
4442.8504 0.33928031
4446.9004 0.34060851
4450.9504 0.34828940
4455.0004 0.33964396
4459.0504 0.34051001
4463.1004 0.32864627
4467.1504 0.32811993
4471.2004 0.33731648
4475.2504 0.34714779
4479.3004 0.34113479
4483.3504 0.33266944
4487.4004 0.34561366
4491.4504 0.35100418
4495.5004 0.33325699
4499.5504 0.33689076
4503.6004 0.32344139
4507.6504 0.32292792
4511.7004 0.32928827
4515.7504 0.32372880
4519.8004 0.35376415
4523.8504 0.33759379
4527.9004 0.32825938
4531.9504 0.36635420
4536.0004 0.36134896
4540.0504 0.34490344
4544.1004 0.33847842
4548.1504 0.32302722
4552.2004 0.32246751
4556.2504 0.31686321
4560.3004 0.32711610
4564.3504 0.31586957
4568.4004 0.31729212
4572.4504 0.31488073
4576.5004 0.31733349
4580.5504 0.31389663
4584.6004 0.31553158
4588.6504 0.31426513
4592.7004 0.31242934
4596.7504 0.32319888
4600.8004 0.31831181
4604.8504 0.31097287
4608.9004 0.31048962
4612.9504 0.31000760
4617.0004 0.30952671
4621.0504 0.30904695
4625.1004 0.30856839
4629.1504 0.30809096
4633.2004 0.31433645
4637.2504 0.30713949
4641.3004 0.30755565
4645.3504 0.30619255
4649.4004 0.30748609
4653.4504 0.30535269
4657.5004 0.30478051
4661.5504 0.30765277
4665.6004 0.31185964
4669.6504 0.31326550
4673.7004 0.31026551
4677.7504 0.30965728
4681.8004 0.30868605
4685.8504 0.30434996
4689.9004 0.30678102
4693.9504 0.30469829
4698.0004 0.30403402
4702.0504 0.31072587
4706.1004 0.32425842
4710.1504 0.30827361
4714.2004 0.31888649
4718.2504 0.31264466
4722.3004 0.32223284
4726.3504 0.31460431
4730.4004 0.32473370
4734.4504 0.31947401
4738.5004 0.32085264
4742.5504 0.33010584
4746.6004 0.32202503
4750.6504 0.32810065
4754.7004 0.33884528
4758.7504 0.36474395
4762.8004 0.35631916
4766.8504 0.34936357
4770.9004 0.35118300
4774.9504 0.32015616
4779.0004 0.31472105
4783.0504 0.32930270
4787.1004 0.32340571
4791.1504 0.31208003
4795.2004 0.31370568
4799.2504 0.31536350
4803.3004 0.31570870
4807.3504 0.31008300
4811.4004 0.31613600
4815.4504 0.32256800
4819.5004 0.30265811
4823.5504 0.30582780
4827.6004 0.30366173
4831.6504 0.31334004
4835.7004 0.29554456
4839.7504 0.29865542
4843.8004 0.29778627
4847.8504 0.29666391
4851.9004 0.29874107
4855.9504 0.29809347
4860.0004 0.29731047
4864.0504 0.29995027
4868.1004 0.29504883
4872.1504 0.29253972
4876.2004 0.28735748
4880.2504 0.28707391
4884.3004 0.28234637
4888.3504 0.28778356
4892.4004 0.28835866
4896.4504 0.29163170
4900.5004 0.29394695
4904.5504 0.28270259
4908.6004 0.28873244
4912.6504 0.29735687
4916.7004 0.29384366
4920.7504 0.29672721
4924.8004 0.30209410
4928.8504 0.29710042
4932.9004 0.29925856
4936.9504 0.29329923
4941.0004 0.30799586
4945.0504 0.28315899
4949.1004 0.27370495
4953.1504 0.27781561
4957.2004 0.27406719
4961.2504 0.27551240
4965.3004 0.27585998
4969.3504 0.28124231
4973.4004 0.28640655
4977.4504 0.27336669
4981.5004 0.28101650
4985.5504 0.28858158
4989.6004 0.27791438
4993.6504 0.27324343
4997.7004 0.26900581
5001.7504 0.26861989
5005.8004 0.26972404
5009.8504 0.28561109
5013.9004 0.27208498
5017.9504 0.27365583
5022.0004 0.26670325
5026.0504 0.26733974
5030.1004 0.26707706
5034.1504 0.27138707
5038.2004 0.26861599
5042.2504 0.27470851
5046.3004 0.27559701
5050.3504 0.26930931
5054.4004 0.26742503
5058.4504 0.26699233
5062.5004 0.27466038
5066.5504 0.27291325
5070.6004 0.26712120
5074.6504 0.26515123
5078.7004 0.26307848
5082.7504 0.26177916
5086.8004 0.26391715
5090.8504 0.26619291
5094.9004 0.27495578
5098.9504 0.27870324
5103.0004 0.28394437
5107.0504 0.29293901
5111.1004 0.28119612
5115.1504 0.26738739
5119.2004 0.26823166
5123.2504 0.26543304
5127.3004 0.26126611
5131.3504 0.26531339
5135.4004 0.27317932
5139.4504 0.27602476
5143.5004 0.26740709
5147.5504 0.26946327
5151.6004 0.27346620
5155.6504 0.27837634
5159.7004 0.28257066
5163.7504 0.26862019
5167.8004 0.27125275
5171.8504 0.27625880
5175.9004 0.27705649
5179.9504 0.27113888
5184.0004 0.27063009
5188.0504 0.27462080
5192.1004 0.27434179
5196.1504 0.27132484
5200.2004 0.27796048
5204.2504 0.27508694
5208.3004 0.27894264
5212.3504 0.28559044
5216.4004 0.28157312
5220.4504 0.28974137
5224.5004 0.28507131
5228.5504 0.30440018
5232.6004 0.30661941
5236.6504 0.31461290
5240.7004 0.32343316
5244.7504 0.32208669
5248.8004 0.32863078
5252.8504 0.34702688
5256.9004 0.34891301
5260.9504 0.36407241
5265.0004 0.38084650
5269.0504 0.40417305
5273.1004 0.43118376
5277.1504 0.46378025
5281.2004 0.50869215
5285.2504 0.56479269
5289.3004 0.63345522
5293.3504 0.71435404
5297.4004 0.83743674
5301.4504 0.98381507
5305.5004 1.1681721
5309.5504 1.3540463
5313.6004 1.5925747
5317.6504 1.6364611
5321.7004 1.3992927
5325.7504 1.1645046
5329.8004 1.0593290
5333.8504 0.99762613
5337.9004 0.86382085
5341.9504 0.72864741
5346.0004 0.65634978
5350.0504 0.59860516
5354.1004 0.54581523
5358.1504 0.50558245
5362.2004 0.48095471
5366.2504 0.45025516
5370.3004 0.41916326
5374.3504 0.39332774
5378.4004 0.36738154
5382.4504 0.34519625
5386.5004 0.33815342
5390.5504 0.33116505
5394.6004 0.31447321
5398.6504 0.31240419
5402.7004 0.30650526
5406.7504 0.30681378
5410.8004 0.31217903
5414.8504 0.31126469
5418.9004 0.30474430
5422.9504 0.29482383
5427.0004 0.30950764
5431.0504 0.31741971
5435.1004 0.32384267
5439.1504 0.35658070
5443.2004 0.35468930
5447.2504 0.33061776
5451.3004 0.33390301
5455.3504 0.33789149
5459.4004 0.32814026
5463.4504 0.30279502
5467.5004 0.27812797
5471.5504 0.27536163
5475.6004 0.26835304
5479.6504 0.26017609
5483.7004 0.25851521
5487.7504 0.25127590
5491.8004 0.24017677
5495.8504 0.23881230
5499.9004 0.23995373
5503.9504 0.23950201
5508.0004 0.22830908
5512.0504 0.22614416
5516.1004 0.22585103
5520.1504 0.23305254
5524.2004 0.24219668
5528.2504 0.23257354
5532.3004 0.22916149
5536.3504 0.22846079
5540.4004 0.22410095
5544.4504 0.22381149
5548.5004 0.22352262
5552.5504 0.23858176
5556.6004 0.22946246
5560.6504 0.23106888
5564.7004 0.22237304
5568.7504 0.22208709
5572.8004 0.22609970
5576.8504 0.23331176
5580.9004 0.23145792
5584.9504 0.22597797
5589.0004 0.22822244
5593.0504 0.22839271
5597.1004 0.22666059
5601.1504 0.21982086
5605.2004 0.21954016
5609.2504 0.21926007
5613.3004 0.22100890
5617.3504 0.21870159
5621.4004 0.21842320
5625.4504 0.21814543
5629.5004 0.22326972
5633.5504 0.21759151
5637.6004 0.21731539
5641.6504 0.21703984
5645.7004 0.21999390
5649.7504 0.21649042
5653.8004 0.21621656
5657.8504 0.21594326
5661.9004 0.21567051
5665.9504 0.22146133
5670.0004 0.21641858
5674.0504 0.22831556
5678.1004 0.21620899
5682.1504 0.21617183
5686.2004 0.21404567
5690.2504 0.21377678
5694.3004 0.22900298
5698.3504 0.23757629
5702.4004 0.22929731
5706.4504 0.24631116
5710.5004 0.22771409
5714.5504 0.25619262
5718.6004 0.24113142
5722.6504 0.22277907
5726.7004 0.24790314
5730.7504 0.23090483
5734.8004 0.22516306
5738.8504 0.22701065
5742.9004 0.21980569
5746.9504 0.21666983
5751.0004 0.20980832
5755.0504 0.20954800
5759.1004 0.21252678
5763.1504 0.22046344
5767.2004 0.20877023
5771.2504 0.20851205
5775.3004 0.20825437
5779.3504 0.20799720
5783.4004 0.22872290
5787.4504 0.21242887
5791.5004 0.20722878
5795.5504 0.20697372
5799.6004 0.21043506
5803.6504 0.20898305
5807.7004 0.20621142
5811.7504 0.20595843
5815.8004 0.21177213
5819.8504 0.21830942
5823.9004 0.23036897
5827.9504 0.20495124
5832.0004 0.22671400
5836.0504 0.20504145
5840.1004 0.21466710
5844.1504 0.20395212
5848.2004 0.21772429
5852.2504 0.21196948
5856.3004 0.21150684
5860.3504 0.21567485
5864.4004 0.22569743
5868.4504 0.21498616
5872.5004 0.20222290
5876.5504 0.21581550
5880.6004 0.23888768
5884.6504 0.20148915
5888.7004 0.20124558
5892.7504 0.20158020
5896.8004 0.20075980
5900.8504 0.20051768
5904.9004 0.20027600
5908.9504 0.21985070
5913.0004 0.21412569
5917.0504 0.19955392
5921.1004 0.19931419
5925.1504 0.20996985
5929.2004 0.22465855
5933.2504 0.19859780
5937.3004 0.20022979
5941.3504 0.24470273
5945.4004 0.21040264
5949.4504 0.20855242
5953.5004 0.19741334
5957.5504 0.22428720
5961.6004 0.23967062
5965.6504 0.22890866
5969.7004 0.25173891
5973.7504 0.24641113
5977.8004 0.25964591
5981.8504 0.22563981
5985.9004 0.23408850
5989.9504 0.28824797
5994.0004 0.25848627
5998.0504 0.24801825
