300.0 0.0
445.0 0.0000000
449.45 0.0000000
453.9 0.0000000
458.35 0.0000000
462.8 0.0000000
467.25 0.0000000
471.7 0.0000000
476.15 0.0000000
480.6 0.0000000
485.05 0.0000000
489.5 0.0000000
493.95 0.0000000
498.4 0.0000000
502.85 0.0000000
507.3 0.0000000
511.75 0.0000000
516.2 0.0000000
520.65 0.0000000
525.1 0.0000000
529.55 0.0000000
534.0 0.0000000
538.45 0.0000000
542.9 0.0000000
547.35 0.0000000
551.8 0.0000000
556.25 0.0000000
560.7 0.0000000
565.15 0.0000000
569.6 0.0000000
574.04995 0.0000000
578.49995 0.0000000
582.94995 0.0000000
587.39995 0.0000000
591.84995 0.0000000
596.29995 0.0000000
600.74995 0.0000000
605.19995 0.0000000
609.64995 0.0000000
614.09995 0.0000000
618.54995 0.0000000
622.99995 0.0000000
627.44995 0.0000000
631.89995 0.0000000
636.34995 0.0000000
640.79995 0.0000000
645.24995 0.0000000
649.69995 0.0000000
654.14995 0.0000000
658.59995 0.0000000
663.04995 0.0000000
667.49995 0.0000000
671.94995 0.0000000
676.39995 0.0000000
680.84995 0.0000000
685.29995 0.0000000
689.74995 0.0000000
694.19995 0.0000000
698.64995 0.0000000
703.09995 0.0000000
707.54995 0.0000000
711.99995 0.0000000
716.44995 0.0000000
720.89995 0.0000000
725.34995 0.0000000
729.79995 0.0000000
734.24995 0.0000000
738.69995 0.0000000
743.14995 0.0000000
747.59995 0.0000000
752.04995 0.0000000
756.49995 0.0000000
760.94995 0.0000000
765.39995 0.0000000
769.84995 0.0000000
774.29995 0.0000000
778.74995 0.0000000
783.19995 0.0000000
787.64995 0.0000000
792.09995 0.0000000
796.54995 0.0000000
800.99995 0.0000000
805.44995 0.0000000
809.89995 0.0000000
814.34995 1.70186049E-05
818.79995 9.98625728E-06
823.25 5.74961859E-06
827.7 3.24575967E-06
832.15 1.79575477E-06
836.6 9.73124543E-07
841.05 5.16048544E-07
845.5 2.67717439E-07
849.95 1.35777782E-07
854.4 6.72521949E-08
858.85 3.25281846E-08
863.3 1.53447868E-08
867.75 5.66513108E-06
872.2 3.29720251E-06
876.65 1.88409626E-06
881.1 1.05691515E-06
885.55 5.81581389E-07
890.0 3.44185736E-07
894.45 1.90715141E-07
898.9 9.87305384E-08
903.35 5.38953842E-08
907.8 2.94098115E-08
912.25 1.59444138E-08
916.7 2.75067496E-03
921.15 2.12061894E-03
925.6 1.34878606E-03
930.05 8.36620515E-04
934.5 5.79000334E-04
938.95 4.11418790E-04
943.4 2.98323954E-04
947.85 2.16934292E-04
952.3 1.49646585E-04
956.75 9.46810324E-05
961.2 6.61894665E-05
965.65 4.05496503E-05
970.1 2.49817331E-05
974.55 1.54550944E-05
979.0 9.84433882E-06
983.45 6.52348717E-06
987.9 4.03058084E-06
992.35 2.61495779E-06
996.8 1.68919314E-06
1001.25 1.01579246E-06
1005.7 5.52398660E-07
1010.15 3.20409100E-07
1014.6 1.62260818E-07
1019.05 9.42695237E-08
1023.5 6.60127526E-08
1027.95 5.48788108E-08
1032.4 5.16153058E-08
1036.85 5.20038128E-08
1041.3 5.62379547E-08
1045.75 6.34682848E-08
1050.2 6.78224339E-08
1054.65 7.33428820E-08
1059.1 8.07848224E-08
1063.55 9.20962009E-08
1068.0 1.07985855E-07
1072.45 1.33248861E-07
1076.9 1.70659135E-07
1081.35 2.39351181E-07
1085.8 12.967040
1090.25 10.448945
1094.7 9.7100210
1099.15 9.6704531
1103.6 9.0260162
1108.05 7.1998224
1112.5 6.1941209
1116.95 5.8044453
1121.4 5.5351124
1125.85 5.1575193
1130.3 4.6930447
1134.75 4.3816500
1139.2 4.2658110
1143.6499 4.2624793
1148.0999 4.3167429
1152.5499 4.3312325
1156.9999 4.6430440
1161.4499 4.7000585
1165.8999 4.4830842
1170.3499 4.0717068
1174.7999 4.0845609
1179.2499 4.0343323
1183.6999 4.1175776
1188.1499 4.1748791
1192.5999 4.1106539
1197.0499 3.9501765
1201.4999 3.8853350
1205.9499 3.9961362
1210.3999 3.9589052
1214.8499 4.0124063
1219.2999 3.9483116
1223.7499 4.0282297
1228.1999 4.2455101
1232.6499 4.4700942
1237.0999 4.7839274
1241.5499 4.8577213
1245.9999 4.9121571
1250.4499 4.4538426
1254.8999 4.1464100
1259.3499 3.9163065
1263.7999 3.8103886
1268.2499 3.7825146
1272.6999 3.6013441
1277.1499 3.5456843
1281.5999 3.5146198
1286.0499 3.4787474
1290.4999 3.5312867
1294.9499 3.4876854
1299.3999 3.4039991
1303.8499 3.4964700
1308.2999 3.4266517
1312.7499 3.4706156
1317.1999 3.5439658
1321.6499 3.5865767
1326.0999 3.6639597
1330.5499 3.6487873
1334.9999 3.7543981
1339.4499 3.8273137
1343.8999 3.9099877
1348.3499 4.0470185
1352.7999 4.3371763
1357.2499 4.7274470
1361.6999 5.1746607
1366.1499 5.7434363
1370.5999 6.4499459
1375.0499 6.8589001
1379.4999 6.2092438
1383.9499 5.2535286
1388.3999 4.5278702
1392.8499 4.1449499
1397.2999 3.9477162
1401.7499 3.8306057
1406.1999 3.6396189
1410.6499 3.6168509
1415.0999 3.4985321
1419.5499 3.5575995
1423.9999 3.5572755
1428.4499 3.5349708
1432.8999 3.5636208
1437.3499 3.5092587
1441.7999 3.5522575
1446.2499 3.5914149
1450.6999 3.5871260
1455.1499 3.6539230
1459.5999 3.5029740
1464.0499 3.4693863
1468.4999 3.4147422
1472.9499 3.4610038
1477.3999 3.4669521
1481.8499 3.4081554
1486.2999 3.2268863
1490.7499 3.1143389
1495.1999 3.0623844
1499.6499 2.9980175
1504.0999 2.9950802
1508.5499 2.9792483
1512.9999 2.9659004
1517.4499 3.0049233
1521.8999 2.9878490
1526.3499 3.0280724
1530.7999 3.0344548
1535.2499 3.0213299
1539.6999 2.9791698
1544.1499 3.0094039
1548.5999 3.0154135
1553.0499 3.0895000
1557.4999 3.0324759
1561.9499 2.9764960
1566.3999 2.8388081
1570.8499 2.8747432
1575.2999 2.8812566
1579.7499 2.8365221
1584.1999 2.9258811
1588.6499 2.9471624
1593.0999 2.8634090
1597.5499 2.8085337
1601.9999 2.8062265
1606.4499 2.8002839
1610.8999 2.7931085
1615.3499 2.8227272
1619.7999 2.7676401
1624.2499 2.7532148
1628.6999 2.7827282
1633.1499 2.7739472
1637.5999 2.8369293
1642.05 2.8190775
1646.5 2.9953988
1650.95 2.9792695
1655.4 3.0037525
1659.85 2.9525876
1664.3 2.9533877
1668.75 2.9749012
1673.2 3.1013732
1677.65 3.3308039
1682.1 3.5379059
1686.55 3.7048516
1691.0 3.7642021
1695.45 3.9547145
1699.9 3.7753601
1704.35 3.4457657
1708.8 3.1462235
1713.25 2.9461911
1717.7 2.8501902
1722.15 2.7529297
1726.6 2.6615682
1731.05 2.5906880
1735.5 2.5672827
1739.95 2.4635620
1744.4 2.4178400
1748.85 2.3918667
1753.3 2.4081824
1757.75 2.4114952
1762.2 2.3492246
1766.65 2.3521693
1771.1 2.3579359
1775.55 2.3709581
1780.0 2.3057694
1784.45 2.3244381
1788.9 2.3721125
1793.35 2.2375789
1797.8 2.2905223
1802.25 2.2989762
1806.7 2.2767546
1811.15 2.2900524
1815.6 2.2477970
1820.05 2.2121787
1824.5 2.2676656
1828.95 2.3532250
1833.4 2.3006666
1837.85 2.3524153
1842.3 2.3266883
1846.75 2.3270319
1851.2 2.3081043
1855.65 2.3319371
1860.1 2.3194599
1864.55 2.3078957
1869.0 2.2288041
1873.45 2.1873984
1877.9 2.2105079
1882.35 2.2366724
1886.8 2.1370840
1891.25 2.2350430
1895.7 2.1523099
1900.15 2.1986344
1904.6 2.1735287
1909.05 2.2126527
1913.5 2.1033306
1917.95 2.1295736
1922.4 2.1227024
1926.85 2.1548803
1931.3 2.0436060
1935.75 2.0628891
1940.2 2.0974131
1944.65 1.9997313
1949.1 2.0323701
1953.55 1.9665579
1958.0 1.9075491
1962.45 1.9009694
1966.9 1.8944263
1971.35 1.9022992
1975.8 1.9092721
1980.25 1.9075443
1984.7 1.8764366
1989.15 1.8622521
1993.6 1.8559231
1998.05 1.8496292
2002.5 1.8682996
2006.95 1.8605649
2011.4 1.8832625
2015.85 1.8899080
2020.3 1.8844736
2024.75 1.8934867
2029.2 1.9062154
2033.65 1.9359214
2038.1 1.9744569
2042.55 1.9542820
2047.0 2.0009973
2051.45 2.0190022
2055.9 2.0309844
2060.35 2.0372658
2064.8 2.0467653
2069.25 2.0674489
2073.7 2.0729144
2078.15 2.0399797
2082.6 2.0171225
2087.05 1.9672343
2091.5 1.9575948
2095.95 1.9152025
2100.4 1.9384956
2104.85 1.9100795
2109.3 1.8932340
2113.75 1.8939563
2118.2 1.8777789
2122.65 1.8777177
2127.1 1.8773810
2131.55 1.8944232
2136.0 1.9342113
2140.45 1.9000987
2144.9 1.9638031
2149.35 2.0075576
2153.8 2.0621676
2158.25 2.0512221
2162.7 1.9883109
2167.15 1.9737170
2171.6 1.9753705
2176.05 1.9259945
2180.5 1.8857355
2184.95 1.8707163
2189.4 1.8591287
2193.85 1.8903801
2198.3 1.9244472
2202.75 1.9276751
2207.2 1.9108659
2211.65 1.9114186
2216.1 1.8951933
2220.55 1.9005827
2225.0 1.8771201
2229.45 1.8652422
2233.9 1.8633649
2238.35 1.8507856
2242.8 1.8235170
2247.25 1.7933606
2251.7 1.8062953
2256.15 1.8084946
2260.6 1.8055294
2265.05 1.7843788
2269.5 1.7668797
2273.95 1.7586474
2278.4 1.7463459
2282.8498 1.7360630
2287.2998 1.7177399
2291.7498 1.6912041
2296.1998 1.6963967
2300.6498 1.6932040
2305.0998 1.6711969
2309.5498 1.6243066
2313.9998 1.6628288
2318.4498 1.6669859
2322.8998 1.6536820
2327.3498 1.6504698
2331.7998 1.6614947
2336.2498 1.6277111
2340.6998 1.6252067
2345.1498 1.5904903
2349.5998 1.5626600
2354.0498 1.4987975
2358.4998 1.4891274
2362.9498 1.4838927
2367.3998 1.4666736
2371.8498 1.5037872
2376.2998 1.5229263
2380.7498 1.5234509
2385.1998 1.4881103
2389.6498 1.5006266
2394.0998 1.5045222
2398.5498 1.5220728
2402.9998 1.5196178
2407.4498 1.5520825
2411.8998 1.5943900
2416.3498 1.6056126
2420.7998 1.5822911
2425.2498 1.6279536
2429.6998 1.6468390
2434.1498 1.6424572
2438.5998 1.6481388
2443.0498 1.7119641
2447.4998 1.7510523
2451.9498 1.7391021
2456.3998 1.7692612
2460.8498 1.7261474
2465.2998 1.7664322
2469.7498 1.8239729
2474.1998 1.9727585
2478.6498 2.1470900
2483.0998 2.4191675
2487.5498 2.6958075
2491.9998 2.7774773
2496.4498 2.6321054
2500.8998 2.3275819
2505.3498 2.0674968
2509.7998 1.9052724
2514.2498 1.8237967
2518.6998 1.7591906
2523.1498 1.7087280
2527.5998 1.6685623
2532.0498 1.6300588
2536.4998 1.6160194
2540.9498 1.5808794
2545.3998 1.5501952
2549.8498 1.5155731
2554.2998 1.4950532
2558.7498 1.4881921
2563.1998 1.4433495
2567.6498 1.4438907
2572.0998 1.4058287
2576.5498 1.3945081
2580.9998 1.3908242
2585.4498 1.3314093
2589.8998 1.3493142
2594.3498 1.3463871
2598.7998 1.3640785
2603.2498 1.3993979
2607.6998 1.4104065
2612.1498 1.4131349
2616.5998 1.4099169
2621.0498 1.4176420
2625.4998 1.3962717
2629.9498 1.3977033
2634.3998 1.4141996
2638.8498 1.3913412
2643.2998 1.3940722
2647.7498 1.3671099
2652.1998 1.3734177
2656.6498 1.3384416
2661.0998 1.3141055
2665.5498 1.2887694
2669.9998 1.2753409
2674.4498 1.2430735
2678.8998 1.2288424
2683.3498 1.1936113
2687.7998 1.1690025
2692.2498 1.1627291
2696.6998 1.1721861
2701.1498 1.1553799
2705.5998 1.1785288
2710.0498 1.1831584
2714.4998 1.1853607
2718.9498 1.1836889
2723.3998 1.1831807
2727.8498 1.2051016
2732.2998 1.1911042
2736.7498 1.2130810
2741.1998 1.2102146
2745.6498 1.2039202
2750.0998 1.1893244
2754.5498 1.1999354
2758.9998 1.1899905
2763.4498 1.2138313
2767.8998 1.2430640
2772.3498 1.2448540
2776.7998 1.2930508
2781.2498 1.3019174
2785.6998 1.2997801
2790.1498 1.2804135
2794.5998 1.2776349
2799.0498 1.2290932
2803.4998 1.2548349
2807.9498 1.2410067
2812.3998 1.2371938
2816.8498 1.2511790
2821.2998 1.2826445
2825.7498 1.2823653
2830.1998 1.2968764
2834.6498 1.3034239
2839.0998 1.3119895
2843.5498 1.2975798
2847.9998 1.3023319
2852.4498 1.2814493
2856.8998 1.2943971
2861.3498 1.2769240
2865.7998 1.2375656
2870.2498 1.2366393
2874.6998 1.2503817
2879.1498 1.2160307
2883.5998 1.2127626
2888.0498 1.2122781
2892.4998 1.2101674
2896.9498 1.2279692
2901.3998 1.2211651
2905.8498 1.1990930
2910.2998 1.1953752
2914.7498 1.2180432
2919.1998 1.2143586
2923.6498 1.2046976
2928.0998 1.2253745
2932.5498 1.1893656
2936.9998 1.1733053
2941.4498 1.1562729
2945.8998 1.1438347
2950.3498 1.1339563
2954.7998 1.1093369
2959.2498 1.1037073
2963.6998 1.1154747
2968.1498 1.1241363
2972.5998 1.1373259
2977.0498 1.1715217
2981.4998 1.1304183
2985.9498 1.1134543
2990.3998 1.1053574
2994.8498 1.0989020
2999.2998 1.0849268
3003.7498 1.1094570
3008.1998 1.1042211
3012.6498 1.1108420
3017.0998 1.0992910
3021.5498 1.1015058
3025.9998 1.1009443
3030.4498 1.1249413
3034.8998 1.1303418
3039.3498 1.1482561
3043.7998 1.1842642
3048.2498 1.2311494
3052.6998 1.1718123
3057.1498 1.1260412
3061.5998 1.1312559
3066.0498 1.1126786
3070.4998 1.0709183
3074.9498 1.0817441
3079.3998 1.0836908
3083.8498 1.0524542
3088.2998 1.0442102
3092.7498 1.0199239
3097.1998 1.0044173
3101.6498 1.0302814
3106.0998 1.0262897
3110.5498 1.0106934
3114.9998 1.0293945
3119.4498 1.0025326
3123.8998 0.98537821
3128.3498 0.98393631
3132.7998 0.96636349
3137.2498 0.94935548
3141.6998 0.93008262
3146.1498 0.94080496
3150.5998 0.93754333
3155.0498 0.90949965
3159.4998 0.91655105
3163.9498 0.93035424
3168.3998 0.93558145
3172.8498 0.91696095
3177.2998 0.93278074
3181.7498 0.95502770
3186.1998 0.93614817
3190.6498 0.95554042
3195.0998 0.92721027
3199.5498 0.92845958
3203.9998 0.91379017
3208.4498 0.92463762
3212.8998 0.92913824
3217.3498 0.90995097
3221.7998 0.93422669
3226.2498 0.91757959
3230.6998 0.90853149
3235.1498 0.91559589
3239.5998 0.89487904
3244.0498 0.90378553
3248.4998 0.89570415
3252.9498 0.90075797
3257.3998 0.90580094
3261.8498 0.89277577
3266.2998 0.88424551
3270.7498 0.88089931
3275.1998 0.87597972
3279.65 0.86981231
3284.1 0.86954129
3288.55 0.88083303
3293.0 0.87869626
3297.45 0.87700808
3301.9 0.85938734
3306.35 0.86180544
3310.8 0.89719117
3315.25 1.0103467
3319.7 1.0486155
3324.15 0.88541818
3328.6 0.85327244
3333.05 0.85233629
3337.5 0.84145510
3341.95 0.87088752
3346.4 0.84579015
3350.85 0.82649678
3355.3 0.83148873
3359.75 0.82136637
3364.2 0.80984241
3368.65 0.80065447
3373.1 0.79008752
3377.55 0.74653596
3382.0 0.75800502
3386.45 0.74317133
3390.9 0.77498043
3395.35 0.77247846
3399.8 0.76357198
3404.25 0.75535619
3408.7 0.74916798
3413.15 0.76770055
3417.6 0.75141031
3422.05 0.76336288
3426.5 0.77436101
3430.95 0.78651720
3435.4 0.81714094
3439.85 0.87882900
3444.3 0.91475737
3448.75 0.82149374
3453.2 0.76709062
3457.65 0.79395908
3462.1 0.79969609
3466.55 0.75740266
3471.0 0.74063843
3475.45 0.74116307
3479.9 0.72759688
3484.35 0.72275162
3488.8 0.70880544
3493.25 0.68777221
3497.7 0.66454738
3502.15 0.65943086
3506.6 0.67899871
3511.05 0.69874501
3515.5 0.70024407
3519.95 0.70755708
3524.4 0.72447526
3528.85 0.72455448
3533.3 0.71957266
3537.75 0.69511223
3542.2 0.69754165
3546.65 0.69341695
3551.1 0.66418099
3555.55 0.67218530
3560.0 0.64919841
3564.45 0.64877951
3568.9 0.63710457
3573.35 0.65052968
3577.8 0.65835023
3582.25 0.64591879
3586.7 0.62520546
3591.15 0.62411213
3595.6 0.62079859
3600.05 0.61307395
3604.5 0.63129127
3608.95 0.61761081
3613.4 0.63305438
3617.85 0.64521295
3622.3 0.68408608
3626.75 0.67309880
3631.2 0.66870201
3635.65 0.69779181
3640.1 0.70709926
3644.55 0.73129207
3649.0 0.77712935
3653.45 0.75390464
3657.9 0.71576786
3662.35 0.71174002
3666.8 0.67949116
3671.25 0.66208899
3675.7 0.65478748
3680.15 0.64342630
3684.6 0.62156981
3689.05 0.59728682
3693.5 0.58997202
3697.95 0.59236801
3702.4 0.60838348
3706.85 0.60313261
3711.3 0.59885317
3715.75 0.61167383
3720.2 0.59020191
3724.65 0.58238989
3729.1 0.59275174
3733.55 0.57883090
3738.0 0.57224053
3742.45 0.57099396
3746.9 0.56975144
3751.35 0.57200325
3755.8 0.57637417
3760.25 0.57338405
3764.7 0.57089776
3769.15 0.60244203
3773.6 0.59844744
3778.05 0.60719258
3782.5 0.59600592
3786.95 0.58129454
3791.4 0.57164413
3795.85 0.59690583
3800.3 0.59617662
3804.75 0.59156299
3809.2 0.61853695
3813.65 0.60176039
3818.1 0.62085474
3822.55 0.65426433
3827.0 0.64259171
3831.45 0.65536839
3835.9 0.66700041
3840.35 0.69390649
3844.8 0.73748940
3849.25 0.74521220
3853.7 0.78602624
3858.15 0.85031259
3862.6 0.88133776
3867.05 0.88461041
3871.5 0.82210231
3875.95 0.80699146
3880.4 0.79847920
3884.85 0.75932825
3889.3 0.72458220
3893.75 0.66323090
3898.2 0.64905143
3902.65 0.62289190
3907.1 0.60999376
3911.55 0.62513095
3916.0 0.60776561
3920.45 0.59711593
3924.9 0.59741443
3929.35 0.58315241
3933.8 0.57874143
3938.25 0.57543361
3942.7 0.53963542
3947.15 0.55781752
3951.6 0.55467254
3956.05 0.56851965
3960.5 0.55591238
3964.95 0.55320072
3969.4 0.57782400
3973.85 0.58587962
3978.3 0.60768390
3982.75 0.59858114
3987.2 0.59372175
3991.65 0.57115990
3996.1 0.60230374
4000.55 0.60334027
4005.0 0.60674995
4009.45 0.60209346
4013.9 0.62443972
4018.35 0.65070581
4022.8 0.64570057
4027.25 0.61891240
4031.7 0.60397476
4036.15 0.58904260
4040.6 0.59284383
4045.05 0.63615227
4049.5 0.61855125
4053.95 0.61069411
4058.4 0.63403875
4062.85 0.62839508
4067.3 0.58164918
4071.75 0.61268687
4076.2 0.63670832
4080.65 0.60901183
4085.1 0.59708595
4089.55 0.60620147
4094.0 0.58326697
4098.45 0.56939363
4102.9 0.57095391
4107.35 0.58883655
4111.8 0.60988474
4116.25 0.60919595
4120.7 0.59670770
4125.15 0.60380834
4129.6 0.58549786
4134.05 0.59490514
4138.5 0.57660103
4142.95 0.60649133
4147.4 0.57051373
4151.85 0.58870739
4156.3 0.56387866
4160.75 0.56883311
4165.2 0.57292587
4169.65 0.59146297
4174.1 0.53915447
4178.55 0.53769451
4183.0 0.50524014
4187.45 0.49857658
4191.9 0.49132448
4196.35 0.50304997
4200.8 0.50111824
4205.25 0.49933612
4209.7 0.49009901
4214.15 0.49724346
4218.6 0.50206953
4223.05 0.49124521
4227.5 0.47449353
4231.95 0.47844458
4236.4 0.48011452
4240.85 0.47733387
4245.3 0.48448840
4249.75 0.49035880
4254.2 0.49891216
4258.65 0.49673885
4263.1 0.49254546
4267.55 0.50184190
4272.0 0.51594585
4276.45 0.51598227
4280.9 0.52042186
4285.35 0.53959751
4289.8 0.57107639
4294.25 0.57341659
4298.7 0.61596954
4303.15 0.62129730
4307.6 0.64170909
4312.05 0.68926078
4316.5 0.71722770
4320.95 0.80198121
4325.4 0.87428713
4329.85 0.84618151
4334.3 0.78885436
4338.75 0.73215282
4343.2 0.69220829
4347.65 0.65743309
4352.1 0.61368757
4356.55 0.60240686
4361.0 0.59610981
4365.45 0.57504570
4369.9 0.54268700
4374.35 0.55857450
4378.8 0.54006314
4383.25 0.53149408
4387.7 0.52223742
4392.15 0.50790954
4396.6 0.50209922
4401.05 0.51488042
4405.5 0.51471269
4409.95 0.60703331
4414.4 0.66322410
4418.85 0.55409026
4423.3 0.49184644
4427.75 0.47857323
4432.2 0.47430506
4436.65 0.46239629
4441.1 0.49220645
4445.55 0.53744400
4450.0 0.65278381
4454.45 0.91918230
4458.9 0.91656733
4463.35 0.61602688
4467.8 0.51832324
4472.25 0.48702824
4476.7 0.47340280
4481.15 0.46199524
4485.6 0.45288423
4490.05 0.45293981
4494.5 0.44949746
4498.95 0.44989643
4503.4 0.44904786
4507.85 0.44148493
4512.3 0.43634441
4516.75 0.43610665
4521.2 0.41920784
4525.65 0.41037166
4530.1 0.42818052
4534.55 0.42410919
4539.0 0.42915478
4543.45 0.41164050
4547.9 0.41478559
4552.35 0.40878397
4556.8 0.42283401
4561.2496 0.41519165
4565.6996 0.40429002
4570.1496 0.41334724
4574.5996 0.41056082
4579.0496 0.42285362
4583.4996 0.42483366
4587.9496 0.44163460
4592.3996 0.45095828
4596.8496 0.44438654
4601.2996 0.43132624
4605.7496 0.45007864
4610.1996 0.43124431
4614.6496 0.42034522
4619.0996 0.42097849
4623.5496 0.44451436
4627.9996 0.43599242
4632.4496 0.41283050
4636.8996 0.41804311
4641.3496 0.42168453
4645.7996 0.42855865
4650.2496 0.42140469
4654.6996 0.42520007
4659.1496 0.42332816
4663.5996 0.42545605
4668.0496 0.40973213
4672.4996 0.41647613
4676.9496 0.42979103
4681.3996 0.40893790
4685.8496 0.42029154
4690.2996 0.42178729
4694.7496 0.41849491
4699.1996 0.41889495
4703.6496 0.42171451
4708.0996 0.41876411
4712.5496 0.43466103
4716.9996 0.41474167
4721.4496 0.40582573
4725.8996 0.44356808
4730.3496 0.41385603
4734.7996 0.43290240
4739.2496 0.42176476
4743.6996 0.40901110
4748.1496 0.40302819
4752.5996 0.39825881
4757.0496 0.40999475
4761.4996 0.38837618
4765.9496 0.39162207
4770.3996 0.39542115
4774.8496 0.39095029
4779.2996 0.37241477
4783.7496 0.37905905
4788.1996 0.38801289
4792.6496 0.38700432
4797.0996 0.37505367
4801.5496 0.37624949
4805.9996 0.37290224
4810.4496 0.36550519
4814.8996 0.37261787
4819.3496 0.38000897
4823.7996 0.37726521
4828.2496 0.36787447
4832.6996 0.36234817
4837.1496 0.35676655
4841.5996 0.36896190
4846.0496 0.35556674
4850.4996 0.37941000
4854.9496 0.35744852
4859.3996 0.35889858
4863.8496 0.35318577
4868.2996 0.35259441
4872.7496 0.35200456
4877.1996 0.35141620
4881.6496 0.35928300
4886.0996 0.36066788
4890.5496 0.36877903
4894.9996 0.35960349
4899.4496 0.36049893
4903.8996 0.34791806
4908.3496 0.34734020
4912.7996 0.35705429
4917.2496 0.36743912
4921.6996 0.36105332
4926.1496 0.35207295
4930.5996 0.36575064
4935.0496 0.37143344
4939.4996 0.35263264
4943.9496 0.35645682
4948.3996 0.34220636
4952.8496 0.34164318
4957.2996 0.34835190
4961.7496 0.34245068
4966.1996 0.37420136
4970.6496 0.35707620
4975.0996 0.34718305
4979.5496 0.38745168
4983.9996 0.38213623
4988.4496 0.36472371
4992.8996 0.35790896
4997.3496 0.34155127
5001.7996 0.34094000
5006.2496 0.33499560
5010.6996 0.34581557
5015.1496 0.33390716
5019.5996 0.33539197
5024.0496 0.33282423
5028.4996 0.33539784
5032.9496 0.33174664
5037.3996 0.33345583
5041.8496 0.33209884
5046.2996 0.33014038
5050.7496 0.34150136
5055.1996 0.33631876
5059.6496 0.32854638
5064.0996 0.32801759
5068.5496 0.32749021
5072.9996 0.32696411
5077.4496 0.32643929
5081.8996 0.32591584
5086.3496 0.32539365
5090.7996 0.33197168
5095.2496 0.32435313
5099.6996 0.32477486
5104.1496 0.32331780
5108.5996 0.32466596
5113.0496 0.32239586
5117.4996 0.32177424
5121.9496 0.32478905
5126.3996 0.32921243
5130.8496 0.33067867
5135.2996 0.32749426
5139.7496 0.32683465
5144.1996 0.32579204
5148.6496 0.32119846
5153.0996 0.32374680
5157.5496 0.32153168
5161.9996 0.32081363
5166.4496 0.32785738
5170.8996 0.34211785
5175.3496 0.32523537
5179.7996 0.33641440
5184.2496 0.32981205
5188.6996 0.33990881
5193.1496 0.33184436
5197.5996 0.34251085
5202.0496 0.33694556
5206.4996 0.33838186
5210.9496 0.34812239
5215.3996 0.33958286
5219.8496 0.34597173
5224.2996 0.35728303
5228.7496 0.38457102
5233.1996 0.37566882
5237.6496 0.36831647
5242.0996 0.37021554
5246.5496 0.33748978
5250.9996 0.33174336
5255.4496 0.34709591
5259.8996 0.34086284
5264.3496 0.32890898
5268.7996 0.33060545
5273.2496 0.33233562
5277.6996 0.33268249
5282.1496 0.32673779
5286.5996 0.33309901
5291.0496 0.33985895
5295.4996 0.31886575
5299.9496 0.32218894
5304.3996 0.31989089
5308.8496 0.33006990
5313.2996 0.31130868
5317.7496 0.31456974
5322.1996 0.31363863
5326.6496 0.31244096
5331.0996 0.31461293
5335.5496 0.31391534
5339.9996 0.31307527
5344.4496 0.31583944
5348.8996 0.31066298
5353.3496 0.30800590
5357.7996 0.30253479
5362.2496 0.30222142
5366.6996 0.29722986
5371.1496 0.30293882
5375.5996 0.30352938
5380.0496 0.30695966
5384.4996 0.30938151
5388.9496 0.29753229
5393.3996 0.30386370
5397.8496 0.31292495
5402.2996 0.30921286
5406.7496 0.31223217
5411.1996 0.31786418
5415.6496 0.31259480
5420.0996 0.31485036
5424.5496 0.30856577
5428.9996 0.32401189
5433.4496 0.29786924
5437.8996 0.28791034
5442.3496 0.29222044
5446.7996 0.28826398
5451.2496 0.28977031
5455.6996 0.29012215
5460.1496 0.29576880
5464.5996 0.30118555
5469.0496 0.28745928
5473.4996 0.29548958
5477.9496 0.30343005
5482.3996 0.29220030
5486.8496 0.28727582
5491.2996 0.28280735
5495.7496 0.28238851
5500.1996 0.28353605
5504.6496 0.30022269
5509.0996 0.28599137
5513.5496 0.28762919
5517.9996 0.28030863
5522.4496 0.28096464
5526.8996 0.28067565
5531.3496 0.28519201
5535.7996 0.28226703
5540.2496 0.28865597
5544.6996 0.28957632
5549.1496 0.28295678
5553.5996 0.28096423
5558.0496 0.28049687
5562.4996 0.28853968
5566.9496 0.28669125
5571.3996 0.28059411
5575.8496 0.27851218
5580.2996 0.27632254
5584.7496 0.27494544
5589.1996 0.27717850
5593.6496 0.27955607
5598.0996 0.28874594
5602.5496 0.29266825
5606.9996 0.29815871
5611.4496 0.30758989
5615.8996 0.29524660
5620.3496 0.28073540
5624.7996 0.28160936
5629.2496 0.27865884
5633.6996 0.27427214
5638.1496 0.27850863
5642.5996 0.28675315
5647.0496 0.28972724
5651.4996 0.28066948
5655.9496 0.28281525
5660.3996 0.28700393
5664.8496 0.29214442
5669.2996 0.29653326
5673.7496 0.28188121
5678.1996 0.28463134
5682.6496 0.28987175
5687.0996 0.29069614
5691.5496 0.28447494
5695.9996 0.28392887
5700.4496 0.28810328
5704.8996 0.28779820
5709.3496 0.28462106
5713.7996 0.29156938
5718.2496 0.28854281
5722.6996 0.29257464
5727.1496 0.29953453
5731.5996 0.29530850
5736.0496 0.30386227
5740.4996 0.29895192
5744.9496 0.31920844
5749.3996 0.32152206
5753.8496 0.32989010
5758.2996 0.33912438
5762.7496 0.33769840
5767.1996 0.34454522
5771.6496 0.36381692
5776.0996 0.36577898
5780.5496 0.38165522
5784.9996 0.39922273
5789.4496 0.42365718
5793.8996 0.45195121
5798.3496 0.48609751
5802.7996 0.53314847
5807.2496 0.59192169
5811.6996 0.66385484
5816.1496 0.74860513
5820.5996 0.87755316
5825.0496 1.0309012
5829.4996 1.2240316
5833.9496 1.4187357
5838.3996 1.6685915
5842.8496 1.7145027
5847.2996 1.4659641
5851.7496 1.2199395
5856.1996 1.1097120
5860.6496 1.0450321
5865.0996 0.90483189
5869.5496 0.76321006
5873.9996 0.68745530
5878.4496 0.62694883
5882.8996 0.57163626
5887.3496 0.52947897
5891.7996 0.50366694
5896.2496 0.47149879
5900.6996 0.43892238
5905.1496 0.41185254
5909.5996 0.38466904
5914.0496 0.36142540
5918.4996 0.35403740
5922.9496 0.34670699
5927.3996 0.32921878
5931.8496 0.32703981
5936.2996 0.32085186
5940.7496 0.32116216
5945.1996 0.32676548
5949.6496 0.32579562
5954.0996 0.31895834
5958.5496 0.30856305
5962.9996 0.32391846
5967.4496 0.33218598
5971.8996 0.33889455
5976.3496 0.37313968
5980.7996 0.37114602
5985.2496 0.34594420
5989.6996 0.34936821
5994.1496 0.35352775
5998.5996 0.34331205
