300.0 0.0
390.0 0.0000000
393.9 0.0000000
397.8 0.0000000
401.7 0.0000000
405.6 0.0000000
409.5 0.0000000
413.4 0.0000000
417.3 0.0000000
421.2 0.0000000
425.1 0.0000000
429.0 0.0000000
432.9 0.0000000
436.8 0.0000000
440.7 0.0000000
444.6 0.0000000
448.5 0.0000000
452.4 0.0000000
456.3 0.0000000
460.2 0.0000000
464.1 0.0000000
468.0 0.0000000
471.9 0.0000000
475.8 0.0000000
479.7 0.0000000
483.6 0.0000000
487.5 0.0000000
491.4 0.0000000
495.3 0.0000000
499.2 0.0000000
503.1 0.0000000
507.0 0.0000000
510.9 0.0000000
514.8 0.0000000
518.7 0.0000000
522.6 0.0000000
526.5 0.0000000
530.4 0.0000000
534.3 0.0000000
538.2 0.0000000
542.1 0.0000000
546.0 0.0000000
549.9 0.0000000
553.8 0.0000000
557.7 0.0000000
561.6 0.0000000
565.5 0.0000000
569.4 0.0000000
573.3 0.0000000
577.2 0.0000000
581.1 0.0000000
585.0 0.0000000
588.9 0.0000000
592.8 0.0000000
596.7 0.0000000
600.6 0.0000000
604.5 0.0000000
608.4 0.0000000
612.3 0.0000000
616.2 0.0000000
620.1 0.0000000
624.0 0.0000000
627.9 0.0000000
631.8 0.0000000
635.7 0.0000000
639.6 0.0000000
643.5 0.0000000
647.4 0.0000000
651.3 0.0000000
655.2 0.0000000
659.1 0.0000000
663.0 0.0000000
666.9 0.0000000
670.8 0.0000000
674.7 0.0000000
678.6 0.0000000
682.5 0.0000000
686.4 0.0000000
690.3 0.0000000
694.2 0.0000000
698.1 0.0000000
702.0 0.0000000
705.9 0.0000000
709.8 0.0000000
713.7 5.06974244E-03
717.6 4.22789808E-03
721.5 3.50445532E-03
725.4 2.88733887E-03
729.3 2.36343639E-03
733.2 1.92210951E-03
737.1 1.55274651E-03
741.0 1.24547351E-03
744.9 9.92087880E-04
748.8 7.84475124E-04
752.7 6.15700032E-04
756.6 4.79564333E-04
760.5 4.45354823E-03
764.4 3.76251037E-03
768.3 3.16279661E-03
772.2 2.64481688E-03
776.1 2.19966727E-03
780.0 1.99698866E-03
783.9 1.73149211E-03
787.8 1.41577458E-03
791.7 1.21694326E-03
795.6 1.03983446E-03
799.5 8.87849659E-04
803.4 7.98031092E-02
807.3 7.45319277E-02
811.2 5.77868745E-02
815.1 4.39442471E-02
819.0 3.75171676E-02
822.9 3.31057981E-02
826.8 2.99936831E-02
830.7 2.74399575E-02
834.6 2.39859447E-02
838.5 1.93597153E-02
842.4 1.73937492E-02
846.3 1.37968892E-02
850.2 1.10869128E-02
854.1 9.01894178E-03
858.0 7.61327008E-03
861.9 6.74133794E-03
865.8 5.61412284E-03
869.7 4.95158322E-03
873.6 4.38798871E-03
877.5 3.65243619E-03
881.4 2.77464534E-03
885.3 2.27739359E-03
889.2 1.75129843E-03
893.1 1.48139056E-03
897.0 1.22179312E-03
900.9 9.73665738E-04
904.8 7.94350693E-04
908.7 6.66920329E-04
912.6 5.60583954E-04
916.5 4.85649041E-04
920.4 4.02823876E-04
924.3 3.35605495E-04
928.2 2.82691937E-04
932.1 2.44630850E-04
936.0 2.16011758E-04
939.9 1.99141941E-04
943.8 1.89056766E-04
947.7 1.94889930E-04
951.6 3.0286679
955.5 2.4514780
959.4 2.2882473
963.3 2.2889888
967.2 2.1458223
971.1 1.7191056
975.0 1.4853557
978.9 1.3978750
982.8 1.3386692
986.7 1.2526162
990.6 1.1445761
994.5 1.0730680
998.4 1.0490156
1002.3 1.0524850
1006.2 1.0702119
1010.1 1.0781429
1014.0 1.1603826
1017.9 1.1793059
1021.8 1.1292948
1025.7 1.0296872
1029.6 1.0369642
1033.5 1.0281633
1037.4 1.0534049
1041.3 1.0721301
1045.2 1.0596230
1049.1 1.0220799
1053.0 1.0090476
1056.9 1.0416578
1060.8 1.0357447
1064.7 1.0535774
1068.6 1.0405042
1072.5 1.0653793
1076.4 1.1268612
1080.3 1.1906824
1084.2 1.2787673
1088.1 1.3030382
1092.0 1.3222215
1095.9 1.2029946
1099.8 1.1237979
1103.7 1.0650483
1107.6 1.0397509
1111.5 1.0356141
1115.4 0.98930347
1119.3 0.97724384
1123.2 0.97187394
1127.1 0.96510243
1131.0 0.98286474
1134.9 0.97386461
1138.8 0.95354778
1142.7 0.98257387
1146.6 0.96600330
1150.5 0.98147684
1154.4 1.0053544
1158.3 1.0206037
1162.2 1.0458422
1166.1 1.0447069
1170.0 1.0782217
1173.9 1.1024914
1177.8 1.1296960
1181.7 1.1727852
1185.6 1.2606051
1189.5 1.3780963
1193.4 1.5128912
1197.3 1.6840795
1201.2 1.8967232
1205.1 2.0227952
1209.0 1.8364445
1212.9 1.5582047
1216.8 1.3467720
1220.7 1.2363420
1224.6 1.1808031
1228.5 1.1489557
1232.4 1.0946845
1236.3 1.0908220
1240.2 1.0580162
1244.1 1.0787967
1248.0 1.0816050
1251.9 1.0777040
1255.8 1.0893316
1259.7 1.0755544
1263.6 1.0915996
1267.5 1.1065210
1271.4 1.1080742
1275.3 1.1316278
1279.2 1.0876684
1283.1 1.0799934
1287.0 1.0656855
1290.9 1.0828521
1294.8 1.0874388
1298.7 1.0716677
1302.6 1.0171896
1306.5 0.98413700
1310.4 0.97009581
1314.3 0.95202559
1318.2 0.95340234
1322.1 0.95065314
1326.0 0.94866621
1329.9 0.96344298
1333.8 0.96024340
1337.7 0.97546852
1341.6 0.97981983
1345.5 0.97786099
1349.4 0.96645540
1353.3 0.97851825
1357.2 0.98272479
1361.1 1.0091704
1365.0 0.99279428
1368.9 0.97666931
1372.8 0.93358374
1376.7 0.94751513
1380.6 0.95177412
1384.5 0.93906862
1388.4 0.97078413
1392.3 0.97998434
1396.2 0.95420712
1400.1 0.93794709
1404.0 0.93919444
1407.9 0.93921304
1411.8 0.93880272
1415.7 0.95076990
1419.6 0.93418086
1423.5 0.93126082
1427.4 0.94320816
1431.3 0.94218391
1435.2 0.96556556
1439.1 0.96146107
1443.0 1.0236852
1446.9 1.0202433
1450.8 1.0307087
1454.7 1.0151914
1458.6 1.0174994
1462.5 1.0269537
1466.4 1.0727352
1470.3 1.1543655
1474.2 1.2285477
1478.1 1.2890315
1482.0 1.3122263
1485.9 1.3813062
1489.8 1.3211966
1493.7 1.2081631
1497.6 1.1052377
1501.5 1.0369300
1505.4 1.0050329
1509.3 0.97255921
1513.2 0.94203830
1517.1 0.91865438
1521.0 0.91203874
1524.9 0.87785816
1528.8 0.86417788
1532.7 0.85747176
1536.6 0.86590934
1540.5 0.86968547
1544.4 0.84974080
1548.3 0.85331529
1552.2 0.85791641
1556.1 0.86517173
1560.0 0.84382564
1563.9 0.85311306
1567.8 0.87311041
1571.7 0.82594353
1575.6 0.84788811
1579.5 0.85342211
1583.4 0.84754813
1587.3 0.85488129
1591.2 0.84144074
1595.1 0.83039844
1599.0 0.85356897
1602.9 0.88819885
1606.8 0.87072569
1610.7 0.89272159
1614.6 0.88533849
1618.5 0.88784242
1622.4 0.88296956
1626.3 0.89445347
1630.2 0.89201522
1634.1 0.88989908
1638.0 0.86164707
1641.9 0.84783781
1645.8 0.85900968
1649.7 0.87141323
1653.6 0.83474445
1657.5 0.87523091
1661.4 0.84496796
1665.3 0.86533016
1669.2 0.85759521
1673.1 0.87521064
1677.0 0.83403462
1680.9 0.84652728
1684.8 0.84586984
1688.7 0.86079341
1692.6 0.81832993
1696.5 0.82805246
1700.4 0.84393972
1704.3 0.80656475
1708.2 0.82168567
1712.1 0.79696590
1716.0 0.77487898
1719.9 0.77402180
1723.8 0.77316272
1727.7 0.77818388
1731.6 0.78284651
1735.5 0.78394216
1739.4 0.77292705
1743.3 0.76883650
1747.2 0.76796514
1751.1 0.76709270
1755.0 0.77657974
1758.9 0.77509761
1762.8 0.78630298
1766.7 0.79082870
1770.6 0.79029667
1774.5 0.79582268
1778.4 0.80292529
1782.3 0.81721348
1786.2 0.83528703
1790.1 0.82853574
1794.0 0.85016245
1797.9 0.85964620
1801.8 0.86658710
1805.7 0.87110806
1809.6 0.87701440
1813.5 0.88773507
1817.4 0.89194059
1821.3 0.87959433
1825.2 0.87153822
1829.1 0.85173297
1833.0 0.84929746
1836.9 0.83260125
1840.8 0.84443933
1844.7 0.83374345
1848.6 0.82805324
1852.5 0.83002913
1856.4 0.82458103
1860.3 0.82619154
1864.2 0.82767683
1868.1 0.83683342
1872.0 0.85608333
1875.9 0.84262502
1879.8 0.87256694
1883.7 0.89373237
1887.6 0.91980994
1891.5 0.91668135
1895.4 0.89026076
1899.3 0.88540494
1903.2 0.88782173
1907.1 0.86725914
1911.0 0.85072213
1914.9 0.84552121
1918.8 0.84184492
1922.7 0.85757941
1926.6 0.87464184
1930.5 0.87771517
1934.4 0.87164968
1938.3 0.87348616
1942.2 0.86763918
1946.1 0.87167436
1950.0 0.86245799
1953.9 0.85853183
1957.8 0.85919321
1961.7 0.85490471
1965.6 0.84379429
1969.5 0.83129752
1973.4 0.83875787
1977.3 0.84124118
1981.2 0.84131825
1985.1 0.83289766
1989.0 0.82614797
1992.9 0.82370621
1996.8 0.81933951
2000.7 0.81589764
2004.6 0.80865097
2008.5 0.79749894
2012.4 0.80128914
2016.3 0.80111593
2020.2 0.79201853
2024.1 0.77107072
2028.0 0.79065889
2031.9 0.79393679
2035.8 0.78888869
2039.7 0.78863841
2043.6 0.79519445
2047.5 0.78028387
2051.4 0.78033614
2055.3 0.76489067
2059.2 0.75270605
2063.1 0.72309160
2067.0 0.71956336
2070.9 0.71816367
2074.8 0.71094435
2078.7 0.73007405
2082.6 0.74051750
2086.5 0.74192166
2090.4 0.72582984
2094.3 0.73306054
2098.2 0.73609030
2102.1 0.74581325
2106.0 0.74574202
2109.9 0.76282763
2113.8 0.78480262
2117.7 0.79151350
2121.6 0.78118402
2125.5 0.80492580
2129.4 0.81547207
2133.3 0.81450456
2137.2 0.81852615
2141.1 0.85147148
2145.0 0.87218493
2148.9 0.86749381
2152.8 0.88381732
2156.7 0.86352515
2160.6 0.88494933
2164.5 0.91508526
2168.4 0.99114370
2172.3 1.0802649
2176.2 1.2188791
2180.1 1.3601789
2184.0 1.4033549
2187.9 1.3317660
2191.8 1.1793293
2195.7 1.0490065
2199.6 0.96803486
2203.5 0.92791623
2207.4 0.89627522
2211.3 0.87175709
2215.2 0.85242617
2219.1 0.83388609
2223.0 0.82782298
2226.9 0.81091326
2230.8 0.79624188
2234.7 0.77950042
2238.6 0.76997083
2242.5 0.76745516
2246.4 0.74531478
2250.3 0.74657679
2254.2 0.72785085
2258.1 0.72293395
2262.0 0.72196424
2265.9 0.69202006
2269.8 0.70223361
2273.7 0.70161307
2277.6 0.71174532
2281.5 0.73110837
2285.4 0.73779869
2289.3 0.74016500
2293.2 0.73941386
2297.1 0.74440277
2301.0 0.73410213
2304.9 0.73577487
2308.8 0.74538714
2312.7 0.73425049
2316.6 0.73660231
2320.5 0.72324723
2324.4 0.72747701
2328.3 0.70981896
2332.2 0.69776332
2336.1 0.68514282
2340.0 0.67882520
2343.9 0.66244906
2347.8 0.65565252
2351.7 0.63761860
2355.6 0.62521857
2359.5 0.62260342
2363.4 0.62841117
2367.3 0.62013346
2371.2 0.63330346
2375.1 0.63653696
2379.0 0.63846713
2382.9 0.63830996
2386.8 0.63877648
2390.7 0.65136373
2394.6 0.64454073
2398.5 0.65718693
2402.4 0.65638447
2406.3 0.65371591
2410.2 0.64652437
2414.1 0.65303183
2418.0 0.64835030
2421.9 0.66208375
2425.8 0.67878890
2429.7 0.68052578
2433.6 0.70766097
2437.5 0.71330369
2441.4 0.71292037
2445.3 0.70307165
2449.2 0.70231682
2453.1 0.67637306
2457.0 0.69129205
2460.9 0.68441695
2464.8 0.68305355
2468.7 0.69152039
2472.6 0.70967376
2476.5 0.71028024
2480.4 0.71908516
2484.3 0.72348547
2488.2 0.72901291
2492.1 0.72176909
2496.0 0.72517616
2499.9 0.71429819
2503.8 0.72227091
2507.7 0.71326488
2511.6 0.69199896
2515.5 0.69219810
2519.4 0.70061392
2523.3 0.68206811
2527.2 0.68093288
2531.1 0.68135756
2535.0 0.68086493
2538.9 0.69158304
2542.8 0.68844742
2546.7 0.67668647
2550.6 0.67526746
2554.5 0.68876308
2558.4 0.68736577
2562.3 0.68257689
2566.2 0.69498193
2570.1 0.67522728
2574.0 0.66676646
2577.9 0.65773332
2581.8 0.65129650
2585.7 0.64630264
2589.6 0.63288659
2593.5 0.63028634
2597.4 0.63762224
2601.3 0.64319342
2605.2 0.65136600
2609.1 0.67159313
2613.0 0.64864939
2616.9 0.63952339
2620.8 0.63547581
2624.7 0.63236213
2628.6 0.62490922
2632.5 0.63963884
2636.4 0.63721710
2640.3 0.64163691
2644.2 0.63555568
2648.1 0.63742745
2652.0 0.63769215
2655.9 0.65219277
2659.8 0.65592688
2663.7 0.66693294
2667.6 0.68847549
2671.5 0.71638453
2675.4 0.68247640
2679.3 0.65641248
2683.2 0.66004723
2687.1 0.64979243
2691.0 0.62596583
2694.9 0.63285887
2698.8 0.63456267
2702.7 0.61681908
2706.6 0.61252952
2710.5 0.59881151
2714.4 0.59022677
2718.3 0.60595614
2722.2 0.60413641
2726.1 0.59547466
2730.0 0.60702032
2733.9 0.59169257
2737.8 0.58207029
2741.7 0.58171928
2745.6 0.57182050
2749.5 0.56223750
2753.4 0.55129361
2757.3 0.55812389
2761.2 0.55666089
2765.1 0.54046708
2769.0 0.54511666
2772.9 0.55379105
2776.8 0.55736929
2780.7 0.54673243
2784.6 0.55662823
2788.5 0.57037759
2792.4 0.55956501
2796.3 0.57162815
2800.2 0.55513686
2804.1 0.55634069
2808.0 0.54799908
2811.9 0.55495667
2815.8 0.55811119
2819.7 0.54702908
2823.6 0.56207699
2827.5 0.55250609
2831.4 0.54749817
2835.3 0.55219716
2839.2 0.54013431
2843.1 0.54594469
2847.0 0.54149246
2850.9 0.54497927
2854.8 0.54846311
2858.7 0.54100204
2862.6 0.53625321
2866.5 0.53464198
2870.4 0.53207153
2874.3 0.52873617
2878.2 0.52898180
2882.1 0.53626549
2886.0 0.53537720
2889.9 0.53475964
2893.8 0.52441734
2897.7 0.52629483
2901.6 0.54832268
2905.5 0.61794758
2909.4 0.64183968
2913.3 0.54235917
2917.2 0.52306205
2921.1 0.52288109
2925.0 0.51659244
2928.9 0.53506172
2932.8 0.52002937
2936.7 0.50854445
2940.6 0.51199502
2944.5 0.50613582
2948.4 0.49940234
2952.3 0.49409923
2956.2 0.48793495
2960.1 0.46137571
2964.0 0.46880522
2967.9 0.45996451
2971.8 0.47999939
2975.7 0.47879547
2979.6 0.47361565
2983.5 0.46885639
2987.4 0.46534804
2991.3 0.47720036
2995.2 0.46740717
2999.1 0.47517899
3003.0 0.48236662
3006.9 0.49028507
3010.8 0.50973350
3014.7 0.54859966
3018.6 0.57142752
3022.5 0.51352626
3026.4 0.47985202
3030.3 0.49700433
3034.2 0.50094259
3038.1 0.47477677
3042.0 0.46458811
3045.9 0.46523622
3049.8 0.45703346
3053.7 0.45430005
3057.6 0.44583732
3061.5 0.43290168
3065.4 0.41856652
3069.3 0.41562468
3073.2 0.42824626
3077.1 0.44099644
3081.0 0.44223860
3084.9 0.44715601
3088.8 0.45815271
3092.7 0.45850745
3096.6 0.45565668
3100.5 0.44045842
3104.4 0.44228944
3108.3 0.43996325
3112.2 0.42168975
3116.1 0.42705074
3120.0 0.41271597
3123.9 0.41271800
3127.8 0.40555391
3131.7 0.41436753
3135.6 0.41961971
3139.5 0.41196111
3143.4 0.39900616
3147.3 0.39856347
3151.2 0.39670056
3155.1 0.39201373
3159.0 0.40391880
3162.9 0.39541596
3166.8 0.40555936
3170.7 0.41360876
3174.6 0.43880361
3178.5 0.43202674
3182.4 0.42947301
3186.3 0.44843525
3190.2 0.45469898
3194.1 0.47054780
3198.0 0.50035083
3201.9 0.48569724
3205.8 0.46141163
3209.7 0.45909691
3213.6 0.43856356
3217.5 0.42759237
3221.4 0.42313448
3225.3 0.41604513
3229.2 0.40215608
3233.1 0.38667837
3237.0 0.38217279
3240.9 0.38395545
3244.8 0.39457279
3248.7 0.39140117
3252.6 0.38885564
3256.5 0.39741680
3260.4 0.38369378
3264.3 0.37883925
3268.2 0.38580695
3272.1 0.37696806
3276.0 0.37289470
3279.9 0.37230036
3283.8 0.37170741
3287.7 0.37339398
3291.6 0.37646571
3295.5 0.37473017
3299.4 0.37332082
3303.3 0.39417535
3307.2 0.39178711
3311.1 0.39774030
3315.0 0.39063609
3318.9 0.38121167
3322.8 0.37509644
3326.7 0.39189470
3330.6 0.39163813
3334.5 0.38882673
3338.4 0.40678585
3342.3 0.39597520
3346.2 0.40876916
3350.1 0.43100691
3354.0 0.42355379
3357.9 0.43221569
3361.8 0.44013128
3365.7 0.45813948
3369.6 0.48718345
3373.5 0.49255648
3377.4 0.51981866
3381.3 0.56264138
3385.2 0.58348954
3389.1 0.58597583
3393.0 0.54486626
3396.9 0.53514171
3400.8 0.52978390
3404.7 0.50407994
3408.6 0.48127308
3412.5 0.44076002
3416.4 0.43156826
3420.3 0.41439593
3424.2 0.40603176
3428.1 0.41632918
3432.0 0.40497911
3435.9 0.39809370
3439.8 0.39850330
3443.7 0.38919502
3447.6 0.38645434
3451.5 0.38444722
3455.4 0.36071923
3459.3 0.37306783
3463.2 0.37115774
3467.1 0.38062125
3471.0 0.37237370
3474.9 0.37074903
3478.8 0.38745108
3482.7 0.39305493
3486.6 0.40789238
3490.5 0.40198818
3494.4 0.39892852
3498.3 0.38396469
3502.2 0.40510723
3506.1 0.40601027
3510.0 0.40851146
3513.9 0.40558109
3517.8 0.42084581
3521.7 0.43876851
3525.6 0.43561178
3529.5 0.41774842
3533.4 0.40786934
3537.3 0.39798358
3541.2 0.40075085
3545.1 0.43023953
3549.0 0.41854247
3552.9 0.41342974
3556.8 0.42944485
3560.7 0.42583120
3564.6 0.39434689
3568.5 0.41559282
3572.4 0.43209738
3576.3 0.41350231
3580.2 0.40560162
3584.1 0.41199309
3588.0 0.39659753
3591.9 0.38735071
3595.8 0.38859880
3599.7 0.40096208
3603.6 0.41549334
3607.5 0.41522214
3611.4 0.40690389
3615.3 0.41194156
3619.2 0.39963871
3623.1 0.40625176
3627.0 0.39393792
3630.9 0.41455421
3634.8 0.39014557
3638.7 0.40277585
3642.6 0.38596919
3646.5 0.38954201
3650.4 0.39252725
3654.3 0.40541565
3658.2 0.36973220
3662.1 0.36890140
3666.0 0.34679490
3669.9 0.34237847
3673.8 0.33755317
3677.7 0.34576717
3681.6 0.34459674
3685.5 0.34352773
3689.4 0.33732623
3693.3 0.34239888
3697.2 0.34587860
3701.1 0.33857450
3705.0 0.32717633
3708.9 0.33004898
3712.8 0.33134955
3716.7 0.32957795
3720.6 0.33466724
3724.5 0.33887321
3728.4 0.34493747
3732.3 0.34358725
3736.2 0.34083751
3740.1 0.34742391
3744.0 0.35734540
3747.9 0.35752770
3751.8 0.36076212
3755.7 0.37421858
3759.6 0.39622259
3763.5 0.39801961
3767.4 0.42774224
3771.3 0.43162915
3775.2 0.44600260
3779.1 0.47925898
3783.0 0.49891993
3786.9 0.55811620
3790.8 0.60869640
3794.7 0.58938092
3798.6 0.54968619
3802.5 0.51039308
3806.4 0.48275238
3810.3 0.45869434
3814.2 0.42835414
3818.1 0.42065781
3822.0 0.41643605
3825.9 0.40188983
3829.8 0.37943402
3833.7 0.39070573
3837.6 0.37791541
3841.5 0.37207416
3845.4 0.36574608
3849.3 0.35585925
3853.2 0.35193405
3857.1 0.36104187
3861.0 0.36107308
3864.9 0.42601156
3868.8 0.46563697
3872.7 0.38917556
3876.6 0.34559870
3880.5 0.33640936
3884.4 0.33354479
3888.3 0.32530224
3892.2 0.34641451
3896.1 0.37840557
3900.0 0.45979998
3903.9 0.64770317
3907.8 0.64612013
3911.7 0.43443277
3915.6 0.36567673
3919.5 0.34373534
3923.4 0.33425188
3927.3 0.32632706
3931.2 0.32001847
3935.1 0.32018444
3939.0 0.31787655
3942.9 0.31828409
3946.8 0.31780872
3950.7 0.31257874
3954.6 0.30906019
3958.5 0.30901250
3962.4 0.29715434
3966.3 0.29100403
3970.2 0.30375060
3974.1 0.30097902
3978.0 0.30467752
3981.9 0.29235607
3985.8 0.29470322
3989.7 0.29055071
3993.6 0.30065227
3997.5 0.29533121
4001.4 0.28768653
4005.3 0.29424360
4009.2 0.29237118
4013.1 0.30123952
4017.0 0.30276468
4020.9 0.31485707
4024.8 0.32162550
4028.7 0.31705779
4032.6 0.30785519
4036.5 0.32135990
4040.4 0.30802718
4044.3 0.30035427
4048.2 0.30091882
4052.1 0.31786054
4056.0 0.31188235
4059.9 0.29542303
4063.8 0.29926369
4067.7 0.30198172
4071.6 0.30701739
4075.5 0.30200318
4079.4 0.30483478
4083.3 0.30360371
4087.2 0.30524108
4091.1 0.29406708
4095.0 0.29901591
4098.9 0.30868745
4102.8 0.29381642
4106.7 0.30208290
4110.6 0.30326721
4114.5 0.30100819
4118.4 0.30140409
4122.3 0.30354148
4126.2 0.30152559
4130.1 0.31308359
4134.0 0.29884216
4137.9 0.29252169
4141.8 0.31983992
4145.7 0.29852131
4149.6 0.31237006
4153.5 0.30444065
4157.4 0.29533857
4161.3 0.29112059
4165.2 0.28777626
4169.1 0.29636005
4173.0 0.28083128
4176.9 0.28327695
4180.8 0.28612435
4184.7 0.28298736
4188.6 0.26966381
4192.5 0.27456975
4196.4 0.28115228
4200.3 0.28051794
4204.2 0.27194893
4208.1 0.27290949
4212.0 0.27057406
4215.9 0.26529735
4219.8 0.27055213
4223.7 0.27601248
4227.6 0.27411255
4231.5 0.26737997
4235.4 0.26345229
4239.3 0.25948155
4243.2 0.26844171
4247.1 0.25878286
4251.0 0.27622864
4254.9 0.26032671
4258.8 0.26147005
4262.7 0.25739384
4266.6 0.25704834
4270.5 0.25670350
4274.4 0.25635934
4278.3 0.26218486
4282.2 0.26328233
4286.1 0.26929200
4290.0 0.26267812
4293.9 0.26341859
4297.8 0.25430894
4301.7 0.25396952
4305.6 0.26115748
4309.5 0.26884064
4313.4 0.26425421
4317.3 0.25776508
4321.2 0.26786569
4325.1 0.27211544
4329.0 0.25842512
4332.9 0.26131168
4336.8 0.25094551
4340.7 0.25061283
4344.6 0.25561577
4348.5 0.25136578
4352.4 0.27475893
4356.3 0.26226810
4360.2 0.25508267
4364.1 0.28475904
4368.0 0.28094125
4371.9 0.26822445
4375.8 0.26329568
4379.7 0.25134113
4383.6 0.25097004
4387.5 0.24667156
4391.4 0.25471833
4395.3 0.24602367
4399.2 0.24719463
4403.1 0.24537839
4407.0 0.24735253
4410.9 0.24473555
4414.8 0.24607249
4418.7 0.24514668
4422.6 0.24377605
4426.5 0.25224248
4430.4 0.24849066
4434.3 0.24282233
4438.2 0.24250560
4442.1 0.24218953
4446.0 0.24187407
4449.9 0.24155921
4453.8 0.24124502
4457.7 0.24093138
4461.6 0.24587619
4465.5 0.24030598
4469.4 0.24069083
4473.3 0.23968299
4477.2 0.24075456
4481.1 0.23914275
4485.0 0.23875296
4488.9 0.24106176
4492.8 0.24441756
4496.7 0.24557908
4500.6 0.24328630
4504.5 0.24286816
4508.4 0.24216494
4512.3 0.23882085
4516.2 0.24078648
4520.1 0.23920925
4524.0 0.23874500
4527.9 0.24405830
4531.8 0.25474823
4535.7 0.24224782
4539.6 0.25064731
4543.5 0.24579960
4547.4 0.25339788
4551.3 0.24745752
4555.2 0.25548539
4559.1 0.25140661
4563.0 0.25255096
4566.9 0.25989544
4570.8 0.25359288
4574.7 0.25843790
4578.6 0.26696363
4582.5 0.28743529
4586.4 0.28086156
4590.3 0.27544299
4594.2 0.27694172
4598.1 0.25253251
4602.0 0.24830285
4605.9 0.25986716
4609.8 0.25527242
4613.7 0.24638939
4617.6 0.24772976
4621.5 0.24909595
4625.4 0.24942565
4629.3 0.24503702
4633.2 0.24987721
4637.1 0.25501913
4641.0 0.23933294
4644.9 0.24189425
4648.8 0.24023530
4652.7 0.24794810
4656.6 0.23391913
4660.5 0.23643452
4664.4 0.23579940
4668.3 0.23496336
4672.2 0.23666146
4676.1 0.23620124
4680.0 0.23563334
4683.9 0.23777844
4687.8 0.23394489
4691.7 0.23200688
4695.6 0.22794741
4699.5 0.22777283
4703.4 0.22407129
4707.3 0.22843656
4711.2 0.22894342
4715.1 0.23159288
4719.0 0.23348261
4722.9 0.22460032
4726.8 0.22944094
4730.7 0.23634583
4734.6 0.23360427
4738.5 0.23594789
4742.4 0.24026756
4746.3 0.23634702
4750.2 0.23811525
4754.1 0.23342384
4758.0 0.24517301
4761.9 0.22545061
4765.8 0.21797006
4769.7 0.22129104
4773.6 0.21835193
4777.5 0.21955018
4781.4 0.21987398
4785.3 0.22421165
4789.2 0.22837712
4793.1 0.21802549
4797.0 0.22417405
4800.9 0.23025753
4804.8 0.22179294
4808.7 0.21811113
4812.6 0.21477360
4816.5 0.21451047
4820.4 0.21543726
4824.3 0.22817443
4828.2 0.21741378
4832.1 0.21871452
4836.0 0.21320210
4839.9 0.21375522
4843.8 0.21358943
4847.7 0.21708116
4851.6 0.21490894
4855.5 0.21982862
4859.4 0.22058499
4863.3 0.21559663
4867.2 0.21413204
4871.1 0.21382934
4875.0 0.22001548
4878.9 0.21866052
4882.8 0.21406345
4886.7 0.21252793
4890.6 0.21090937
4894.5 0.20991020
4898.4 0.21166736
4902.3 0.21353567
4906.2 0.22060955
4910.1 0.22366129
4914.0 0.22791308
4917.9 0.23517992
4921.8 0.22579758
4925.7 0.21475218
4929.6 0.21547325
4933.5 0.21326756
4937.4 0.20996127
4941.3 0.21325609
4945.2 0.21962214
4949.1 0.22195360
4953.0 0.21506655
4956.9 0.21676297
4960.8 0.22002628
4964.7 0.22402091
4968.6 0.22744085
4972.5 0.21625446
4976.4 0.21841650
4980.3 0.22249083
4984.2 0.22317673
4988.1 0.21845241
4992.0 0.21808481
4995.9 0.22134359
4999.8 0.22116150
5003.7 0.21877162
5007.6 0.22416522
5011.5 0.22189049
5015.4 0.22504383
5019.3 0.23045130
5023.2 0.22725315
5027.1 0.23389028
5031.0 0.23016438
5034.9 0.24581721
5038.8 0.24765645
5042.7 0.25416109
5046.6 0.26133609
5050.5 0.26029742
5054.4 0.26563627
5058.3 0.28055900
5062.2 0.28213701
5066.1 0.29445052
5070.0 0.30807471
5073.9 0.32700536
5077.8 0.34892425
5081.7 0.37537226
5085.6 0.41179961
5089.5 0.45729962
5093.4 0.51298940
5097.3 0.57861090
5101.2 0.67843080
5105.1 0.79716337
5109.0 0.94671863
5112.9 1.0975585
5116.8 1.2911417
5120.7 1.3269655
5124.6 1.1348597
5128.5 0.94461393
5132.4 0.85945559
5136.3 0.80954254
5140.2 0.70109147
5144.1 0.59149003
5148.0 0.53289825
5151.9 0.48610285
5155.8 0.44331455
5159.7 0.41071153
5163.6 0.39077556
5167.5 0.36589813
5171.4 0.34069273
5175.3 0.31975120
5179.2 0.29871213
5183.1 0.28072390
5187.0 0.27504560
5190.9 0.26940951
5194.8 0.25587597
5198.7 0.25423768
5202.6 0.24948138
5206.5 0.24977680
5210.4 0.25418964
5214.3 0.25348991
5218.2 0.24822362
5222.1 0.24018539
5226.0 0.25219226
5229.9 0.25868458
5233.8 0.26396534
5237.7 0.29070106
5241.6 0.28920966
5245.5 0.26962906
5249.4 0.27235574
5253.3 0.27565694
5257.2 0.26774827
5261.1 0.24711047
5265.0 0.22701903
5268.9 0.22479990
5272.8 0.21911600
5276.7 0.21247597
5280.6 0.21115591
5284.5 0.20527805
5288.4 0.19624434
5292.3 0.19516288
5296.2 0.19612919
5300.1 0.19579339
5304.0 0.18667494
5307.9 0.18493627
5311.8 0.18472792
5315.7 0.19065052
5319.6 0.19816449
5323.5 0.19032302
5327.4 0.18756248
5331.3 0.18702050
5335.2 0.18348236
5339.1 0.18327613
5343.0 0.18307029
5346.9 0.19543682
5350.8 0.18799807
5354.7 0.18934581
5358.6 0.18225050
5362.5 0.18204643
5366.4 0.18536641
5370.3 0.19131090
5374.2 0.18982223
5378.1 0.18535869
5382.0 0.18723063
5385.9 0.18740121
5389.8 0.18601057
5393.7 0.18042715
5397.6 0.18022633
5401.5 0.18002588
5405.4 0.18149145
5409.3 0.17962606
5413.2 0.17942666
5417.1 0.17922764
5421.0 0.18346757
5424.9 0.17883064
5428.8 0.17863266
5432.7 0.17843504
5436.6 0.18089290
5440.5 0.17804082
5444.4 0.17784424
5448.3 0.17764801
5452.2 0.17745210
5456.1 0.18224597
5460.0 0.17812467
5463.9 0.18794660
5467.8 0.17800905
5471.7 0.17800680
5475.6 0.17628406
5479.5 0.17609057
5483.4 0.18866250
5487.3 0.19575658
5491.2 0.18896480
5495.1 0.20301801
5499.0 0.18771929
5502.9 0.21122919
5506.8 0.19884259
5510.7 0.18373762
5514.6 0.20449083
5518.5 0.19049904
5522.4 0.18579102
5526.3 0.18734476
5530.2 0.18142699
5534.1 0.17886648
5538.0 0.17322901
5541.9 0.17304090
5545.8 0.17552790
5549.7 0.18211101
5553.6 0.17247859
5557.5 0.17229183
5561.4 0.17210540
5565.3 0.17191929
5569.2 0.18907905
5573.1 0.17563611
5577.0 0.17136288
5580.9 0.17117809
5584.8 0.17406736
5588.7 0.17289260
5592.6 0.17062555
5596.5 0.17044212
5600.4 0.17527983
5604.3 0.18071797
5608.2 0.19072975
5612.1 0.16971122
5616.0 0.18776031
5619.9 0.16983706
5623.8 0.17783675
5627.7 0.16898547
5631.6 0.18042350
5635.5 0.17568088
5639.4 0.17532362
5643.3 0.17880526
5647.2 0.18714234
5651.1 0.17828734
5655.0 0.16772769
5658.9 0.17902820
5662.8 0.19819690
5666.7 0.16719335
5670.6 0.16701587
5674.5 0.16731822
5678.4 0.16666180
5682.3 0.16648525
5686.2 0.16630897
5690.1 0.18259053
5694.0 0.17786181
5697.9 0.16578209
5701.8 0.16560709
5705.7 0.17448612
5709.6 0.18671966
5713.5 0.16508386
5717.4 0.16646458
5721.3 0.20346737
5725.2 0.17497255
5729.1 0.17345893
5733.0 0.16421792
5736.9 0.18659973
5740.8 0.19942690
5744.7 0.19049935
5748.6 0.20952886
5752.5 0.20512377
5756.4 0.21617189
5760.3 0.18788642
5764.2 0.19494925
5768.1 0.24008752
5772.0 0.21532898
5775.9 0.20663802
5779.8 0.18703064
5783.7 0.18073219
5787.6 0.22339718
5791.5 0.21308172
5795.4 0.20613472
5799.3 0.19199294
5803.2 0.17178221
5807.1 0.19412671
5811.0 0.16082911
5814.9 0.16066276
5818.8 0.16049667
5822.7 0.16033095
5826.6 0.16016550
5830.5 0.16000028
5834.4 0.15983544
5838.3 0.15967080
5842.2 0.15950648
5846.1 0.15934244
5850.0 0.15917872
5853.9 0.15901527
5857.8 0.15885210
5861.7 0.15868922
5865.6 0.15852664
5869.5 0.15836434
5873.4 0.15820231
5877.3 0.15804057
5881.2 0.15787910
5885.1 0.15771794
5889.0 0.15755704
5892.9 0.15739642
5896.8 0.15723613
5900.7 0.15707608
5904.6 0.15691628
5908.5 0.15675677
5912.4 0.15659758
5916.3 0.15643866
5920.2 0.15627998
5924.1 0.15612161
5928.0 0.15596355
5931.9 0.15580574
5935.8 0.15564819
5939.7 0.15549091
5943.6 0.15533392
5947.5 0.15517719
5951.4 0.15502077
5955.3 0.15486464
5959.2 0.15470876
5963.1 0.15455310
5967.0 0.15439776
5970.9 0.15424271
5974.8 0.15408789
5978.7 0.15393338
5982.6 0.15377909
5986.5 0.15362513
5990.4 0.15347141
5994.3 0.15331797
5998.2 0.15316480
