300.0 0.0
340.0 0.0000000
343.4 0.0000000
346.8 0.0000000
350.2 0.0000000
353.6 0.0000000
357.0 0.0000000
360.4 0.0000000
363.8 0.0000000
367.2 0.0000000
370.6 0.0000000
374.0 0.0000000
377.4 0.0000000
380.8 0.0000000
384.2 0.0000000
387.6 0.0000000
391.0 0.0000000
394.4 0.0000000
397.8 0.0000000
401.2 0.0000000
404.6 0.0000000
408.0 0.0000000
411.4 0.0000000
414.8 0.0000000
418.2 0.0000000
421.6 0.0000000
425.0 0.0000000
428.4 0.0000000
431.8 0.0000000
435.2 0.0000000
438.6 0.0000000
442.0 0.0000000
445.4 0.0000000
448.8 0.0000000
452.2 0.0000000
455.6 0.0000000
459.0 0.0000000
462.4 0.0000000
465.8 0.0000000
469.2 0.0000000
472.6 0.0000000
476.0 0.0000000
479.4 0.0000000
482.8 0.0000000
486.2 0.0000000
489.6 0.0000000
493.0 0.0000000
496.4 0.0000000
499.8 0.0000000
503.2 0.0000000
506.6 0.0000000
510.0 0.0000000
513.4 0.0000000
516.8 0.0000000
520.2 0.0000000
523.6 0.0000000
527.0 0.0000000
530.4 0.0000000
533.8 0.0000000
537.2 0.0000000
540.6 0.0000000
544.0 0.0000000
547.4 0.0000000
550.8 0.0000000
554.2 0.0000000
557.6 0.0000000
561.0 0.0000000
564.4 0.0000000
567.8 0.0000000
571.2 0.0000000
574.6 0.0000000
578.0 0.0000000
581.4 0.0000000
584.8 0.0000000
588.2 0.0000000
591.6 0.0000000
595.0 0.0000000
598.4 0.0000000
601.8 0.0000000
605.2 0.0000000
608.6 0.0000000
612.0 0.0000000
615.4 0.0000000
618.8 0.0000000
622.2 0.19102924
625.6 0.18089586
629.0 0.17105597
632.4 0.16086347
635.8 0.15019709
639.2 0.13964403
642.6 0.12969697
646.0 0.12030973
649.4 0.11139550
652.8 0.10294303
656.2 9.49352831E-02
659.6 8.75147879E-02
663.0 0.19592090
666.4 0.18528555
669.8 0.17319304
673.2 0.16051736
676.6 0.14832540
680.0 0.15034170
683.4 0.14530969
686.8 0.13367076
690.2 0.13221461
693.6 0.13328369
697.0 0.13623886
700.4 0.69392455
703.8 0.69807446
707.2 0.58468187
710.6 0.48186257
714.0 0.44725281
717.4 0.43043289
720.8 0.42678457
724.2 0.42877167
727.6 0.41299599
731.0 0.36869425
734.4 0.36780310
737.8 0.32515126
741.2 0.29239762
744.6 0.26731354
748.0 0.25463739
751.4 0.25554782
754.8 0.24228796
758.2 0.24433564
761.6 0.24873517
765.0 0.23903136
768.4 0.21065329
771.8 0.20161547
775.2 0.18174146
778.6 0.18107773
782.0 0.17757031
785.4 0.16932425
788.8 0.16485648
792.2 0.16343005
795.6 0.16070022
799.0 0.16250882
802.4 0.15819924
805.8 0.15598685
809.2 0.15626347
812.6 0.16157551
816.0 0.17133345
819.4 0.19066931
822.8 0.21960634
826.2 0.27613989
829.6 5.8659406
833.0 4.7383819
836.4 4.4139657
839.8 4.4065599
843.2 4.1227379
846.6 3.2963901
850.0 2.8426049
853.4 2.6699944
856.8 2.5519917
860.2 2.3833733
863.6 2.1736755
867.0 2.0340390
870.4 1.9847236
873.8 1.9875951
877.2 2.0173523
880.6 2.0285807
884.0 2.1793611
887.4 2.2109070
890.8 2.1133690
894.2 1.9235404
897.6 1.9337118
901.0 1.9139477
904.4 1.9575253
907.8 1.9888841
911.2 1.9623177
914.6 1.8895695
918.0 1.8623259
921.4 1.9192922
924.8 1.9052182
928.2 1.9348108
931.6 1.9076638
935.0 1.9500881
938.4 2.0592809
941.8 2.1724098
945.2 2.3293939
948.6 2.3698385
952.0 2.4009359
955.4 2.1810203
958.8 2.0342684
962.2 1.9249442
965.6 1.8763382
969.0 1.8660244
972.4 1.7798809
975.8 1.7555399
979.2 1.7432846
982.6 1.7285694
986.0 1.7577865
989.4 1.7391393
992.8 1.7003785
996.2 1.7496051
999.6 1.7176287
1003.0 1.7426505
1006.4 1.7825141
1009.8 1.8070012
1013.2 1.8490946
1016.6 1.8445172
1020.0 1.9010584
1023.4 1.9411790
1026.8 1.9863635
1030.2 2.0593307
1033.6 2.2105527
1037.0 2.4133434
1040.4 2.6458712
1043.8 2.9413629
1047.2 3.3084040
1050.6 3.5236971
1054.0 3.1949203
1057.4 2.7073579
1060.8 2.3369944
1064.2 2.1426342
1067.6 2.0437880
1071.0 1.9861600
1074.4 1.8899738
1077.8 1.8809605
1081.2 1.8221339
1084.6 1.8556370
1088.0 1.8581934
1091.4 1.8492399
1094.8 1.8669337
1098.2 1.8411078
1101.6 1.8663415
1105.0 1.8896066
1108.4 1.8900263
1111.8 1.9279358
1115.2 1.8508811
1118.6 1.8356889
1122.0 1.8092800
1125.4 1.8363174
1128.8 1.8419931
1132.2 1.8132210
1135.6 1.7191062
1139.0 1.6613814
1142.4 1.6358528
1145.8 1.6036021
1149.2 1.6041516
1152.6 1.5977730
1156.0 1.5926964
1159.4 1.6157525
1162.8 1.6086515
1166.2 1.6324064
1169.6 1.6379411
1173.0 1.6329335
1176.4 1.6121862
1179.8 1.6305979
1183.2 1.6359004
1186.6 1.6781814
1190.0 1.6492469
1193.4 1.6207958
1196.8 1.5477147
1200.2 1.5692167
1203.6 1.5746793
1207.0 1.5520995
1210.4 1.6029162
1213.8 1.6165006
1217.2 1.5724262
1220.6 1.5441124
1224.0 1.5446550
1227.4 1.5431840
1230.8 1.5410180
1234.2 1.5591599
1237.6 1.5304894
1241.0 1.5242532
1244.4 1.5423459
1247.8 1.5392191
1251.2 1.5759388
1254.6 1.5677764
1258.0 1.6676911
1261.4 1.6605500
1264.8 1.6760428
1268.2 1.6493019
1271.6 1.6515496
1275.0 1.6653874
1278.4 1.7380649
1281.8 1.8686492
1285.2 1.9869612
1288.6 2.0829360
1292.0 2.1185460
1295.4 2.2281160
1298.8 2.1292961
1302.2 1.9454341
1305.6 1.7781610
1309.0 1.6668289
1312.4 1.6141731
1315.8 1.5606862
1319.2 1.5104276
1322.6 1.4716926
1326.0 1.4598676
1329.4 1.4032142
1332.8 1.3794475
1336.2 1.3668712
1339.6 1.3784442
1343.0 1.3825835
1346.4 1.3490592
1349.8 1.3529220
1353.2 1.3584073
1356.6 1.3680819
1360.0 1.3325715
1363.4 1.3454744
1366.8 1.3752192
1370.2 1.2992429
1373.6 1.3320440
1377.0 1.3390194
1380.4 1.3281082
1383.8 1.3379005
1387.2 1.3152046
1390.6 1.2963163
1394.0 1.3308240
1397.4 1.3830968
1400.8 1.3542130
1404.2 1.3867171
1407.6 1.3735666
1411.0 1.3757768
1414.4 1.3665702
1417.8 1.3826777
1421.2 1.3772578
1424.6 1.3723533
1428.0 1.3272101
1431.4 1.3043993
1434.8 1.3200374
1438.2 1.3375350
1441.6 1.2797639
1445.0 1.3402841
1448.4 1.2924539
1451.8 1.3220859
1455.2 1.3087766
1458.6 1.3341473
1462.0 1.2699472
1465.4 1.2875241
1468.8 1.2850894
1472.2 1.3063101
1475.6 1.2404979
1479.0 1.2538565
1482.4 1.2765158
1485.8 1.2186563
1489.2 1.2401583
1492.6 1.2015529
1496.0 1.1670008
1499.4 1.1644660
1502.8 1.1619384
1506.2 1.1682485
1509.6 1.1740123
1513.0 1.1744248
1516.4 1.1567175
1519.8 1.1494031
1523.2 1.1469164
1526.6 1.1444370
1530.0 1.1574074
1533.4 1.1540238
1536.8 1.1695224
1540.2 1.1750692
1543.6 1.1731014
1547.0 1.1801254
1550.4 1.1894755
1553.8 1.2094461
1557.2 1.2349783
1560.6 1.2237971
1564.0 1.2545176
1567.4 1.2672812
1570.8 1.2762802
1574.2 1.2817055
1577.6 1.2891616
1581.0 1.3036783
1584.4 1.3086127
1587.8 1.2892811
1591.2 1.2762733
1594.6 1.2461050
1598.0 1.2413855
1601.4 1.2158540
1604.8 1.2320045
1608.2 1.2152830
1611.6 1.2058866
1615.0 1.2076646
1618.4 1.1986516
1621.8 1.1999100
1625.2 1.2009883
1628.6 1.2131906
1632.0 1.2399940
1635.4 1.2194202
1638.8 1.2616379
1642.2 1.2911072
1645.6 1.3276192
1649.0 1.3219523
1652.4 1.2827400
1655.8 1.2746435
1659.2 1.2770262
1662.6 1.2463835
1666.0 1.2215773
1669.4 1.2130808
1672.8 1.2067878
1676.2 1.2283109
1679.6 1.2517023
1683.0 1.2550551
1686.4 1.2453493
1689.8 1.2469436
1693.2 1.2375791
1696.6 1.2423178
1700.0 1.2281815
1703.4 1.2215989
1706.8 1.2215527
1710.2 1.2144783
1713.6 1.1977351
1717.0 1.1790556
1720.4 1.1886921
1723.8 1.1912692
1727.2 1.1904405
1730.6 1.1776023
1734.0 1.1671472
1737.4 1.1627934
1740.8 1.1557335
1744.2 1.1499916
1747.6 1.1389029
1751.0 1.1223381
1754.4 1.1268135
1757.8 1.1257164
1761.2 1.1120926
1764.6 1.0818652
1768.0 1.1085186
1771.4 1.1122845
1774.8 1.1043917
1778.2 1.1032251
1781.6 1.1115769
1785.0 1.0899340
1788.4 1.0892113
1791.8 1.0668756
1795.2 1.0491196
1798.6 1.0071161
1802.0 1.0014818
1805.4 0.99881870
1808.8 0.98807335
1812.2 1.0139397
1815.6 1.0277164
1819.0 1.0289400
1822.4 1.0059172
1825.8 1.0152285
1829.2 1.0187149
1832.6 1.0314560
1836.0 1.0306457
1839.4 1.0535337
1842.8 1.0831411
1846.2 1.0916582
1849.6 1.0766797
1853.0 1.1086514
1856.4 1.1224203
1859.8 1.1203361
1863.2 1.1251146
1866.6 1.1696203
1870.0 1.1972785
1873.4 1.1900517
1876.8 1.2116463
1880.2 1.1830512
1883.6 1.2116110
1887.0 1.2520560
1890.4 1.3552431
1893.8 1.4761492
1897.2 1.6644901
1900.6 1.8562577
1904.0 1.9139587
1907.4 1.8151675
1910.8 1.6063814
1914.2 1.4279649
1917.6 1.3169138
1921.0 1.2615463
1924.4 1.2177687
1927.8 1.1837196
1931.2 1.1567544
1934.6 1.1308978
1938.0 1.1219850
1941.4 1.0983942
1944.8 1.0778637
1948.2 1.0545597
1951.6 1.0410372
1955.0 1.0370101
1958.4 1.0064882
1961.8 1.0075892
1965.2 0.98173082
1968.6 0.97451979
1972.0 0.97263634
1975.4 0.93174553
1978.8 0.94494176
1982.2 0.94355428
1985.6 0.95662212
1989.0 0.98207611
1992.4 0.99048954
1995.8 0.99309307
1999.2 0.99151510
2002.6 0.99763340
2006.0 0.98326755
2009.4 0.98494768
2012.8 0.99725008
2016.2 0.98179597
2019.6 0.98438710
2023.0 0.96599782
2026.4 0.97110516
2029.8 0.94700646
2033.2 0.93040651
2036.6 0.91307336
2040.0 0.90415651
2043.4 0.88186055
2046.8 0.87233633
2050.2 0.84788036
2053.6 0.83094037
2057.0 0.82701755
2060.4 0.83428282
2063.8 0.82285130
2067.2 0.83987695
2070.6 0.84371543
2074.0 0.84582466
2077.4 0.84516871
2080.8 0.84534061
2084.2 0.86154538
2087.6 0.85207409
2091.0 0.86833906
2094.4 0.86682791
2097.8 0.86285627
2101.2 0.85292351
2104.6 0.86106509
2108.0 0.85445404
2111.4 0.87210733
2114.8 0.89365631
2118.2 0.89548838
2121.6 0.93072391
2125.0 0.93767267
2128.4 0.93669796
2131.8 0.92329568
2135.2 0.92184407
2138.6 0.88734961
2142.0 0.90647274
2145.4 0.89701480
2148.8 0.89478719
2152.2 0.90543449
2155.6 0.92874944
2159.0 0.92909026
2162.4 0.94015121
2165.8 0.94544667
2169.2 0.95221061
2172.6 0.94229585
2176.0 0.94629049
2179.4 0.93165070
2182.8 0.94160146
2186.2 0.92941970
2189.6 0.90128314
2193.0 0.90111786
2196.4 0.91164541
2199.8 0.88709825
2203.2 0.88520914
2206.6 0.88534951
2210.0 0.88429952
2213.4 0.89780509
2216.8 0.89332348
2220.2 0.87766004
2223.6 0.87541908
2227.0 0.89250785
2230.4 0.89029294
2233.8 0.88369006
2237.2 0.89934421
2240.6 0.87338752
2244.0 0.86205733
2247.4 0.84999871
2250.8 0.84130514
2254.2 0.83448386
2257.6 0.81679994
2261.0 0.81308526
2264.4 0.82218742
2267.8 0.82900774
2271.2 0.83917451
2274.6 0.86485738
2278.0 0.83494842
2281.4 0.82284540
2284.8 0.81728482
2288.2 0.81293088
2291.6 0.80300558
2295.0 0.82158226
2298.4 0.81812298
2301.8 0.82344794
2305.2 0.81529886
2308.6 0.81735510
2312.0 0.81735075
2315.4 0.83558643
2318.8 0.84001929
2322.2 0.85375869
2325.6 0.88097024
2329.0 0.91630316
2332.4 0.87257242
2335.8 0.83890355
2339.2 0.84320313
2342.6 0.82976335
2346.0 0.79901183
2349.4 0.80748242
2352.8 0.80932862
2356.2 0.78638095
2359.6 0.78059804
2363.0 0.76280993
2366.4 0.75157326
2369.8 0.77129513
2373.2 0.76867330
2376.6 0.75735223
2380.0 0.77173150
2383.4 0.75194854
2386.8 0.73942995
2390.2 0.73869485
2393.6 0.72584164
2397.0 0.71339989
2400.4 0.69924241
2403.8 0.70763195
2407.2 0.70550501
2410.6 0.68471783
2414.0 0.69034386
2417.4 0.70106149
2420.8 0.70532268
2424.2 0.69159979
2427.6 0.70385122
2431.0 0.72096479
2434.4 0.70703149
2437.8 0.72200269
2441.2 0.70091099
2444.6 0.70216930
2448.0 0.69138378
2451.4 0.69990236
2454.8 0.70362091
2458.2 0.68939549
2461.6 0.70809937
2465.0 0.69578725
2468.4 0.68922853
2471.8 0.69489104
2475.2 0.67946422
2478.6 0.68652487
2482.0 0.68068063
2485.4 0.68481714
2488.8 0.68894762
2492.2 0.67933238
2495.6 0.67312938
2499.0 0.67086828
2502.4 0.66740590
2505.8 0.66298795
2509.2 0.66306198
2512.6 0.67195570
2516.0 0.67060757
2519.4 0.66960001
2522.8 0.65642101
2526.2 0.65854239
2529.6 0.68586743
2533.0 0.77269053
2536.4 0.80228931
2539.8 0.67770737
2543.2 0.65337092
2546.6 0.65292174
2550.0 0.64484966
2553.4 0.66767746
2556.8 0.64869964
2560.2 0.63415897
2563.6 0.63824695
2567.0 0.63073117
2570.4 0.62213171
2573.8 0.61531991
2577.2 0.60744131
2580.6 0.57418638
2584.0 0.58323932
2587.4 0.57205200
2590.8 0.59677261
2594.2 0.59508044
2597.6 0.58845013
2601.0 0.58234674
2604.4 0.57780129
2607.8 0.59232533
2611.2 0.57998174
2614.6 0.58943546
2618.0 0.59815872
2621.4 0.60778290
2624.8 0.63169003
2628.2 0.67963815
2631.6 0.70769334
2635.0 0.63578290
2638.4 0.59390384
2641.8 0.61493891
2645.2 0.61961651
2648.6 0.58706778
2652.0 0.57428950
2655.4 0.57491142
2658.8 0.56459910
2662.2 0.56104821
2665.6 0.55042660
2669.0 0.53429127
2672.4 0.51643986
2675.8 0.51265258
2679.2 0.52805895
2682.6 0.54361480
2686.0 0.54498011
2689.4 0.55087245
2692.8 0.56424904
2696.2 0.56451535
2699.6 0.56083661
2703.0 0.54196733
2706.4 0.54405719
2709.8 0.54103410
2713.2 0.51840824
2716.6 0.52484286
2720.0 0.50707507
2723.4 0.50692767
2726.8 0.49798152
2730.2 0.50865430
2733.6 0.51495045
2737.0 0.50540411
2740.4 0.48936799
2743.8 0.48868284
2747.2 0.48625761
2750.6 0.48037374
2754.0 0.49481934
2757.4 0.48426357
2760.8 0.49654362
2764.2 0.50625408
2767.6 0.53693902
2771.0 0.52849591
2774.4 0.52522272
2777.8 0.54825723
2781.2 0.55575830
2784.6 0.57496756
2788.0 0.61121243
2791.4 0.59314579
2794.8 0.56333005
2798.2 0.56034768
2801.6 0.53513694
2805.0 0.52160525
2808.4 0.51602435
2811.8 0.50723875
2815.2 0.49017033
2818.6 0.47117594
2822.0 0.46555838
2825.4 0.46760231
2828.8 0.48040169
2832.2 0.47641072
2835.6 0.47318414
2839.0 0.48347124
2842.4 0.46665075
2845.8 0.46062273
2849.2 0.46896887
2852.6 0.45810217
2856.0 0.45303130
2859.4 0.45218882
2862.8 0.45134872
2866.2 0.45327660
2869.6 0.45688492
2873.0 0.45465860
2876.4 0.45282978
2879.8 0.47800061
2883.2 0.47498024
2886.6 0.48207191
2890.0 0.47333816
2893.4 0.46179852
2896.8 0.45427305
2900.2 0.47449479
2903.6 0.47406176
2907.0 0.47053799
2910.4 0.49214491
2913.8 0.47894338
2917.2 0.49429193
2920.6 0.52104986
2924.0 0.51190966
2927.4 0.52224642
2930.8 0.53167671
2934.2 0.55329114
2937.6 0.58821952
2941.0 0.59455794
2944.4 0.62730896
2947.8 0.67881745
2951.2 0.70379531
2954.6 0.70661896
2958.0 0.65688306
2961.4 0.64500016
2964.8 0.63838518
2968.2 0.60726285
2971.6 0.57964557
2975.0 0.53072190
2978.4 0.51952738
2981.8 0.49873373
2985.2 0.48854876
2988.6 0.50081766
2992.0 0.48704669
2995.4 0.47865066
2998.8 0.47902802
3002.2 0.46772671
3005.6 0.46432203
3009.0 0.46180031
3012.4 0.43319502
3015.8 0.44791836
3019.2 0.44551957
3022.6 0.45677122
3026.0 0.44676828
3029.4 0.44471446
3032.8 0.46463966
3036.2 0.47124964
3039.6 0.48892471
3043.0 0.48173547
3046.4 0.47795784
3049.8 0.45992300
3053.2 0.48513591
3056.6 0.48610529
3060.0 0.48898736
3063.4 0.48536831
3066.8 0.50352067
3070.2 0.52484435
3073.6 0.52094966
3077.0 0.49947327
3080.4 0.48755100
3083.8 0.47562632
3087.2 0.47882533
3090.6 0.51394331
3094.0 0.49985826
3097.4 0.49364161
3100.8 0.51264924
3104.2 0.50822204
3107.6 0.47054142
3111.0 0.49578232
3114.4 0.51535726
3117.8 0.49307021
3121.2 0.48354265
3124.6 0.49105427
3128.0 0.47260058
3131.4 0.46148074
3134.8 0.46286657
3138.2 0.47748867
3141.6 0.49468574
3145.0 0.49425566
3148.4 0.48424932
3151.8 0.49013871
3155.2 0.47539809
3158.6 0.48316097
3162.0 0.46841547
3165.4 0.49282405
3168.8 0.46370801
3172.2 0.47861788
3175.6 0.45854908
3179.0 0.46269569
3182.4 0.46614304
3185.8 0.48134699
3189.2 0.43888789
3192.6 0.43780977
3196.0 0.41148770
3199.4 0.40616250
3202.8 0.40035477
3206.2 0.41001162
3209.6 0.40853894
3213.0 0.40718725
3216.4 0.39975390
3219.8 0.40568170
3223.2 0.40972024
3226.6 0.40098566
3230.0 0.38740706
3233.4 0.39072874
3236.8 0.39218846
3240.2 0.39001223
3243.6 0.39595434
3247.0 0.40084937
3250.4 0.40794030
3253.8 0.40626153
3257.2 0.40292916
3260.6 0.41063303
3264.0 0.42227507
3267.4 0.42240611
3270.8 0.42614251
3274.2 0.44194975
3277.6 0.46784347
3281.0 0.46987230
3284.4 0.50486088
3287.8 0.50934815
3291.2 0.52620620
3294.6 0.56533200
3298.0 0.58840871
3301.4 0.65809423
3304.8 0.71759522
3308.2 0.69468892
3311.6 0.64777601
3315.0 0.60135466
3318.4 0.56867802
3321.8 0.54023367
3325.2 0.50440305
3328.6 0.49524525
3332.0 0.49018100
3335.4 0.47296843
3338.8 0.44645596
3342.2 0.45963117
3345.6 0.44450009
3349.0 0.43754676
3352.4 0.43002385
3355.8 0.41832057
3359.2 0.41362855
3362.6 0.42425328
3366.0 0.42421046
3369.4 0.50041056
3372.8 0.54685408
3376.2 0.45697108
3379.6 0.40572760
3383.0 0.39486626
3386.4 0.39143151
3389.8 0.38168806
3393.2 0.40638489
3396.6 0.44383264
3400.0 0.53920132
3403.4 0.75941396
3406.8 0.75741947
3410.2 0.50917459
3413.6 0.42851153
3417.0 0.40272680
3420.4 0.39154488
3423.8 0.38219267
3427.2 0.37473655
3430.6 0.37486342
3434.0 0.37209460
3437.4 0.37250495
3440.8 0.37188208
3444.2 0.36569706
3447.6 0.36151621
3451.0 0.36139622
3454.4 0.34746629
3457.8 0.34021449
3461.2 0.35505393
3464.6 0.35175228
3468.0 0.35601208
3471.4 0.34155470
3474.8 0.34423661
3478.2 0.33932686
3481.6 0.35106304
3485.0 0.34478983
3488.4 0.33580667
3491.8 0.34340104
3495.2 0.34115684
3498.6 0.35144433
3502.0 0.35316291
3505.4 0.36720514
3508.8 0.37503460
3512.2 0.36964515
3515.6 0.35885495
3519.0 0.37453309
3522.4 0.35893330
3525.8 0.34993297
3529.2 0.35053134
3532.6 0.37020373
3536.0 0.36317986
3539.4 0.34395552
3542.8 0.34836864
3546.2 0.35147381
3549.6 0.35727501
3553.0 0.35138136
3556.4 0.35461691
3559.8 0.35312611
3563.2 0.35497174
3566.6 0.34192064
3570.0 0.34761739
3573.4 0.35880178
3576.8 0.34146035
3580.2 0.35100970
3583.6 0.35232812
3587.0 0.34964648
3590.4 0.35004923
3593.8 0.35247421
3597.2 0.35007650
3600.6 0.36343661
3604.0 0.34684861
3607.4 0.33945796
3610.8 0.37109977
3614.2 0.34630877
3617.6 0.36231628
3621.0 0.35306251
3624.4 0.34245199
3627.8 0.33750731
3631.2 0.33357698
3634.6 0.34347236
3638.0 0.32542333
3641.4 0.32820541
3644.8 0.33145210
3648.2 0.32776648
3651.6 0.31228554
3655.0 0.31791693
3658.4 0.32548770
3661.8 0.32470256
3665.2 0.31473473
3668.6 0.31579721
3672.0 0.31304616
3675.4 0.30689356
3678.8 0.31292379
3682.2 0.31918997
3685.6 0.31694397
3689.0 0.30911180
3692.4 0.30452436
3695.8 0.29988861
3699.2 0.31019661
3702.6 0.29898971
3706.0 0.31909740
3709.4 0.30068189
3712.8 0.30195665
3716.2 0.29720423
3719.6 0.29676041
3723.0 0.29631761
3726.4 0.29587579
3729.8 0.30255380
3733.2 0.30377471
3736.6 0.31066218
3740.0 0.30298695
3743.4 0.30379575
3746.8 0.29324609
3750.2 0.29281121
3753.6 0.30105385
3757.0 0.30986491
3760.4 0.30453366
3763.8 0.29701161
3767.2 0.30860469
3770.6 0.31345481
3774.0 0.29764104
3777.4 0.30092165
3780.8 0.28894198
3784.2 0.28851688
3787.6 0.29423371
3791.0 0.28929964
3794.4 0.31617731
3797.8 0.30175993
3801.2 0.29345018
3804.6 0.32754311
3808.0 0.32310525
3811.4 0.30843565
3814.8 0.30272463
3818.2 0.28893861
3821.6 0.28847083
3825.0 0.28348967
3828.4 0.29269597
3831.8 0.28266487
3835.2 0.28397003
3838.6 0.28184375
3842.0 0.28407121
3845.4 0.28102621
3848.8 0.28252169
3852.2 0.28141931
3855.6 0.27980670
3859.0 0.28948408
3862.4 0.28513858
3865.8 0.27859551
3869.2 0.27819347
3872.6 0.27779242
3876.0 0.27739218
3879.4 0.27699283
3882.8 0.27659443
3886.2 0.27619684
3889.6 0.28182673
3893.0 0.27540430
3896.4 0.27580765
3899.8 0.27461526
3903.2 0.27580544
3906.6 0.27392170
3910.0 0.27343807
3913.4 0.27604491
3916.8 0.27984983
3920.2 0.28114179
3923.6 0.27847943
3927.0 0.27796340
3930.4 0.27712137
3933.8 0.27325794
3937.2 0.27547014
3940.6 0.27362919
3944.0 0.27306175
3947.4 0.27910161
3950.8 0.29128784
3954.2 0.27695769
3957.6 0.28652284
3961.0 0.28094414
3964.4 0.28959069
3967.8 0.28276467
3971.2 0.29189959
3974.6 0.28720182
3978.0 0.28847134
3981.4 0.29682168
3984.8 0.28958586
3988.2 0.29508016
3991.6 0.30477509
3995.0 0.32810375
3998.4 0.32055846
4001.8 0.31433341
4005.2 0.31600302
4008.6 0.28811395
4012.0 0.28325191
4015.4 0.29640594
4018.8 0.29112786
4022.2 0.28096125
4025.6 0.28245363
4029.0 0.28397521
4032.4 0.28431493
4035.8 0.27927703
4039.2 0.28475749
4042.6 0.29058045
4046.0 0.27267247
4049.4 0.27555585
4052.8 0.27363169
4056.2 0.28238124
4059.6 0.26637068
4063.0 0.26920140
4066.4 0.26844475
4069.8 0.26745963
4073.2 0.26935908
4076.6 0.26880190
4080.0 0.26812240
4083.4 0.27052981
4086.8 0.26613539
4090.2 0.26389816
4093.6 0.25924882
4097.0 0.25901845
4100.4 0.25477791
4103.8 0.25970960
4107.2 0.26025406
4110.6 0.26323378
4114.0 0.26534939
4117.4 0.25522378
4120.8 0.26069281
4124.2 0.26850569
4127.6 0.26535901
4131.0 0.26798889
4134.4 0.27286229
4137.8 0.26837763
4141.2 0.27035308
4144.6 0.26499474
4148.0 0.27829972
4151.4 0.25588199
4154.8 0.24736224
4158.2 0.25110117
4161.6 0.24773672
4165.0 0.24906670
4168.4 0.24940452
4171.8 0.25429472
4175.2 0.25898856
4178.6 0.24722028
4182.0 0.25416231
4185.4 0.26102898
4188.8 0.25140375
4192.2 0.24720150
4195.6 0.24339044
4199.0 0.24306394
4202.4 0.24408574
4205.8 0.25848666
4209.2 0.24626797
4212.6 0.24771266
4216.0 0.24144150
4219.4 0.24204001
4222.8 0.24182446
4226.2 0.24574953
4229.6 0.24326254
4233.0 0.24880281
4236.4 0.24963032
4239.8 0.24395731
4243.2 0.24227248
4246.6 0.24190249
4250.0 0.24887256
4253.4 0.24731186
4256.8 0.24208505
4260.2 0.24032141
4263.6 0.23846430
4267.0 0.23730788
4270.4 0.23926750
4273.8 0.24135238
4277.2 0.24931984
4280.6 0.25274050
4284.0 0.25751635
4287.4 0.26569748
4290.8 0.25506932
4294.2 0.24256510
4297.6 0.24335259
4301.0 0.24083488
4304.4 0.23707502
4307.8 0.24076879
4311.2 0.24792884
4314.6 0.25053328
4318.0 0.24273279
4321.4 0.24462067
4324.8 0.24827623
4328.2 0.25275618
4331.6 0.25658682
4335.0 0.24394041
4338.4 0.24635248
4341.8 0.25092074
4345.2 0.25166702
4348.6 0.24631302
4352.0 0.24587202
4355.4 0.24951915
4358.8 0.24928708
4362.2 0.24656682
4365.6 0.25261861
4369.0 0.25002843
4372.4 0.25355458
4375.8 0.25961944
4379.2 0.25598928
4382.6 0.26343769
4386.0 0.25921360
4389.4 0.27681267
4392.8 0.27885437
4396.2 0.28614816
4399.6 0.29419520
4403.0 0.29299513
4406.4 0.29897326
4409.8 0.31573564
4413.2 0.31747827
4416.6 0.33129960
4420.0 0.34659263
4423.4 0.36785182
4426.8 0.39246783
4430.2 0.42217255
4433.6 0.46309358
4437.0 0.51420790
4440.4 0.57676840
4443.8 0.65048140
4447.2 0.76262170
4450.6 0.89599645
4454.0 1.0639846
4457.4 1.2333820
4460.8 1.4507730
4464.2 1.4908735
4467.6 1.2749087
4471.0 1.0610774
4474.4 0.96532154
4477.8 0.90916812
4481.2 0.78729087
4484.6 0.66414684
4488.0 0.59829736
4491.4 0.54570413
4494.8 0.49761942
4498.2 0.46097633
4501.6 0.43855655
4505.0 0.41059619
4508.4 0.38227347
4511.8 0.35874033
4515.2 0.33510244
4518.6 0.31489146
4522.0 0.30849141
4525.4 0.30214000
4528.8 0.28693387
4532.2 0.28506857
4535.6 0.27970788
4539.0 0.28001148
4542.4 0.28493047
4545.8 0.28411826
4549.2 0.27818835
4552.6 0.26915342
4556.0 0.28258079
4559.4 0.28982717
4562.8 0.29571486
4566.2 0.32563469
4569.6 0.32393259
4573.0 0.30197179
4576.4 0.30499601
4579.8 0.30866304
4583.2 0.29977849
4586.6 0.27664518
4590.0 0.25412798
4593.4 0.25161970
4596.8 0.24523419
4600.2 0.23777990
4603.6 0.23628004
4607.0 0.22968091
4610.4 0.21955240
4613.8 0.21832171
4617.2 0.21938187
4620.6 0.21898548
4624.0 0.20876718
4627.4 0.20680320
4630.8 0.20655072
4634.2 0.21315290
4637.6 0.22153291
4641.0 0.21274677
4644.4 0.20964134
4647.8 0.20901597
4651.2 0.20504254
4654.6 0.20479298
4658.0 0.20454390
4661.4 0.21834067
4664.8 0.21001065
4668.2 0.21149658
4671.6 0.20355238
4675.0 0.20330566
4678.4 0.20699424
4681.8 0.21361262
4685.2 0.21193090
4688.6 0.20692848
4692.0 0.20899908
4695.4 0.20917033
4698.8 0.20759918
4702.2 0.20134935
4705.6 0.20110691
4709.0 0.20086494
4712.4 0.20248176
4715.8 0.20038244
4719.2 0.20014188
4722.6 0.19990180
4726.0 0.20461233
4729.4 0.19942302
4732.8 0.19918430
4736.2 0.19894606
4739.6 0.20166834
4743.0 0.19847089
4746.4 0.19823404
4749.8 0.19799761
4753.2 0.19776164
4756.6 0.20308608
4760.0 0.19847584
4763.4 0.20940135
4766.8 0.19831181
4770.2 0.19829173
4773.6 0.19635534
4777.0 0.19612251
4780.4 0.21010610
4783.8 0.21798731
4787.2 0.21040574
4790.6 0.22603372
4794.0 0.20898229
4797.4 0.23513460
4800.8 0.22132684
4804.2 0.20449606
4807.6 0.22757410
4811.0 0.21198447
4814.4 0.20672752
4817.8 0.20843829
4821.2 0.20183675
4824.6 0.19897100
4828.0 0.19268326
4831.4 0.19245745
4834.8 0.19520673
4838.2 0.20251049
4841.6 0.19178264
4845.0 0.19155858
4848.4 0.19133493
4851.8 0.19111171
4855.2 0.21016921
4858.6 0.19521022
4862.0 0.19044457
4865.4 0.19022307
4868.8 0.19341740
4872.2 0.19209582
4875.6 0.18956095
4879.0 0.18934117
4882.4 0.19469891
4885.8 0.20072266
4889.2 0.21182494
4892.6 0.18846589
4896.0 0.20849213
4899.4 0.18857409
4902.8 0.19743986
4906.2 0.18759726
4909.6 0.20027840
4913.0 0.19499767
4916.4 0.19458498
4919.8 0.19843267
4923.2 0.20766774
4926.6 0.19782521
4930.0 0.18609302
4933.4 0.19861452
4936.8 0.21986225
4940.2 0.18545440
4943.6 0.18524235
4947.0 0.18556252
4950.4 0.18481940
4953.8 0.18460856
4957.2 0.18439807
4960.6 0.20243405
4964.0 0.19717540
4967.4 0.18376908
4970.8 0.18356021
4974.2 0.19338614
4977.6 0.20692809
4981.0 0.18293591
4984.4 0.18445109
4987.8 0.22543390
4991.2 0.19384719
4994.6 0.19215490
4998.0 0.18190327
5001.4 0.20667897
5004.8 0.22086880
5008.2 0.21096453
5011.6 0.23201990
5015.0 0.22712390
5018.4 0.23933797
5021.8 0.20800480
5025.2 0.21580683
5028.6 0.26575342
5032.0 0.23832932
5035.4 0.22869202
5038.8 0.20697568
5042.2 0.19998987
5045.6 0.24718158
5049.0 0.23574938
5052.4 0.22804552
5055.8 0.21238397
5059.2 0.19001189
5062.6 0.21471089
5066.0 0.17786874
5069.4 0.17767096
5072.8 0.17747355
5076.2 0.17727655
5079.6 0.17707992
5083.0 0.17688361
5086.4 0.17668775
5089.8 0.17649215
5093.2 0.17629698
5096.6 0.17610215
5100.0 0.17590772
5103.4 0.17571361
5106.8 0.17551990
5110.2 0.17532654
5113.6 0.17513359
5117.0 0.17494096
5120.4 0.17474867
5123.8 0.17455676
5127.2 0.17436521
5130.6 0.17417404
5134.0 0.17398320
5137.4 0.17379272
5140.8 0.17360264
5144.2 0.17341287
5147.6 0.17322344
5151.0 0.17303438
5154.4 0.17284569
5157.8 0.17265739
5161.2 0.17246936
5164.6 0.17228171
5168.0 0.17209448
5171.4 0.17190753
5174.8 0.17172095
5178.2 0.17153470
5181.6 0.17134881
5185.0 0.17116328
5188.4 0.17097808
5191.8 0.17079328
5195.2 0.17060880
5198.6 0.17042461
5202.0 0.17024080
5205.4 0.17005736
5208.8 0.16987422
5212.2 0.16969146
5215.6 0.16950902
5219.0 0.16932695
5222.4 0.16914518
5225.8 0.16896379
5229.2 0.16878274
5232.6 0.16860200
5236.0 0.16842160
5239.4 0.16824153
5242.8 0.16806184
5246.2 0.16788243
5249.6 0.16770342
5253.0 0.16752470
5256.4 0.16734627
5259.8 0.16716826
5263.2 0.16699064
5266.6 0.16681319
5270.0 0.16663612
5273.4 0.16645946
5276.8 0.16628307
5280.2 0.16610694
5283.6 0.16593121
5287.0 0.16575594
5290.4 0.16558078
5293.8 0.16540606
5297.2 0.16523169
5300.6 0.16505761
5304.0 0.16488387
5307.4 0.16471040
5310.8 0.16453727
5314.2 0.16436456
5317.6 0.16419207
5321.0 0.16401991
5324.4 0.16384806
5327.8 0.16367656
5331.2 0.16350541
5334.6 0.16333455
5338.0 0.16316399
5341.4 0.16299382
5344.8 0.16282396
5348.2 0.16265440
5351.6 0.16248511
5355.0 0.16231619
5358.4 0.16214757
5361.8 0.16197921
5365.2 0.16181123
5368.6 0.16164361
5372.0 0.16147617
5375.4 0.16130914
5378.8 0.16114244
5382.2 0.16097601
5385.6 0.16080990
5389.0 0.16064408
5392.4 0.16047853
5395.8 0.16031343
5399.2 0.16014852
5402.6 0.15998396
5406.0 0.15981969
5409.4 0.15965576
5412.8 0.15949211
5416.2 0.15932883
5419.6 0.15916583
5423.0 0.15900312
5426.4 0.15884064
5429.8 0.15867856
5433.2 0.15851676
5436.6 0.15835525
5440.0 0.15819404
5443.4 0.15803318
5446.8 0.15787254
5450.2 0.15771230
5453.6 0.15755233
5457.0 0.15739265
5460.4 0.15723318
5463.8 0.15707414
5467.2 0.15691529
5470.6 0.15675692
5474.0 0.15659869
5477.4 0.15644075
5480.8 0.15628317
5484.2 0.15612583
5487.6 0.15596890
5491.0 0.15581217
5494.4 0.15565570
5497.8 0.15549962
5501.2 0.15534382
5504.6 0.15518829
5508.0 0.15503301
5511.4 0.15487808
5514.8 0.15472345
5518.2 0.15456904
5521.6 0.15441495
5525.0 0.15426125
5528.4 0.15410773
5531.8 0.15395445
5535.2 0.15380158
5538.6 0.15364891
5542.0 0.15349661
5545.4 0.15334457
5548.8 0.15319274
5552.2 0.15304132
5555.6 0.15289012
5559.0 0.15273923
5562.4 0.15258856
5565.8 0.15243822
5569.2 0.15228818
5572.6 0.15213838
5576.0 0.15198895
5579.4 0.15183970
5582.8 0.15169080
5586.2 0.15154216
5589.6 0.15139379
5593.0 0.15124571
5596.4 0.15109797
5599.8 0.15095045
5603.2 0.15080318
5606.6 0.15065624
5610.0 0.15050952
5613.4 0.15036318
5616.8 0.15021701
5620.2 0.15007113
5623.6 0.14992557
5627.0 0.14978030
5630.4 0.14963521
5633.8 0.14949052
5637.2 0.14934605
5640.6 0.14920183
5644.0 0.14905792
5647.4 0.14891425
5650.8 0.14877090
5654.2 0.14862776
5657.6 0.14848500
5661.0 0.14834242
5664.4 0.14820006
5667.8 0.14805809
5671.2 0.14791638
5674.6 0.14777486
5678.0 0.14763366
5681.4 0.14749271
5684.8 0.14735204
5688.2 0.14721164
5691.6 0.14707148
5695.0 0.14693159
5698.4 0.14679199
5701.8 0.14665267
5705.2 0.14651363
5708.6 0.14637485
5712.0 0.14623626
5715.4 0.14609803
5718.8 0.14596003
5722.2 0.14582229
5725.6 0.14568479
5729.0 0.14554755
5732.4 0.14541066
5735.8 0.14527391
5739.2 0.14513746
5742.6 0.14500129
5746.0 0.14486542
5749.4 0.14472979
5752.8 0.14459437
5756.2 0.14445920
5759.6 0.14432441
5763.0 0.14418977
5766.4 0.14405538
5769.8 0.14392133
5773.2 0.14378753
5776.6 0.14365388
5780.0 0.14352056
5783.4 0.14338750
5786.8 0.14325467
5790.2 0.14312217
5793.6 0.14298983
5797.0 0.14285782
5800.4 0.14272602
5803.8 0.14259449
5807.2 0.14246321
5810.6 0.14233223
5814.0 0.14220139
5817.4 0.14207090
5820.8 0.14194061
5824.2 0.14181060
5827.6 0.14168081
5831.0 0.14155133
5834.4 0.14142205
5837.8 0.14129302
5841.2 0.14116429
5844.6 0.14103575
5848.0 0.14090750
5851.4 0.14077950
5854.8 0.14065170
5858.2 0.14052419
5861.6 0.14039688
5865.0 0.14026991
5868.4 0.14014311
5871.8 0.14001659
5875.2 0.13989030
5878.6 0.13976422
5882.0 0.13963845
5885.4 0.13951290
5888.8 0.13938758
5892.2 0.13926250
5895.6 0.13913769
5899.0 0.13901311
5902.4 0.13888875
5905.8 0.13876471
5909.2 0.13864085
5912.6 0.13851720
5916.0 0.13839385
5919.4 0.13827072
5922.8 0.13814789
5926.2 0.13802519
5929.6 0.13790284
5933.0 0.13778064
5936.4 0.13765875
5939.8 0.13753706
5943.2 0.13741563
5946.6 0.13729443
5950.0 0.13717344
5953.4 0.13705269
5956.8 0.13693224
5960.2 0.13681199
5963.6 0.13669197
5967.0 0.13657211
5970.4 0.13645260
5973.8 0.13633335
5977.2 0.13621426
5980.6 0.13609537
5984.0 0.13597676
5987.4 0.13585842
5990.8 0.13574030
5994.2 0.13562234
5997.6 0.13550469
