300.0 0.0
325.0 0.0000000
328.25 0.0000000
331.5 0.0000000
334.75 0.0000000
338.0 0.0000000
341.25 0.0000000
344.5 0.0000000
347.75 0.0000000
351.0 0.0000000
354.25 0.0000000
357.5 0.0000000
360.75 0.0000000
364.0 0.0000000
367.25 0.0000000
370.5 0.0000000
373.75 0.0000000
377.0 0.0000000
380.25 0.0000000
383.5 0.0000000
386.75 0.0000000
390.0 0.0000000
393.25 0.0000000
396.5 0.0000000
399.75 0.0000000
403.0 0.0000000
406.25 0.0000000
409.5 0.0000000
412.75 0.0000000
416.0 0.0000000
419.25 0.0000000
422.5 0.0000000
425.75 0.0000000
429.0 0.0000000
432.25 0.0000000
435.5 0.0000000
438.75 0.0000000
442.0 0.0000000
445.25 0.0000000
448.5 0.0000000
451.75 0.0000000
455.0 0.0000000
458.25 0.0000000
461.5 0.0000000
464.75 0.0000000
468.0 0.0000000
471.25 0.0000000
474.5 0.0000000
477.75 0.0000000
481.0 0.0000000
484.25 0.0000000
487.5 0.0000000
490.75 0.0000000
494.0 0.0000000
497.25 0.0000000
500.5 0.0000000
503.75 0.0000000
507.0 0.0000000
510.25 0.0000000
513.5 0.0000000
516.75 0.0000000
520.0 0.0000000
523.25 0.0000000
526.5 0.0000000
529.75 0.0000000
533.0 0.0000000
536.25 0.0000000
539.5 0.0000000
542.75 0.0000000
546.0 0.0000000
549.25 0.0000000
552.5 0.0000000
555.75 0.0000000
559.0 0.0000000
562.25 0.0000000
565.5 0.0000000
568.75 0.0000000
572.0 0.0000000
575.25 0.0000000
578.5 0.0000000
581.75 0.0000000
585.0 0.0000000
588.25 0.0000000
591.5 0.0000000
594.75 0.29121667
598.0 0.27825457
601.25 0.26564473
604.5 0.25338116
607.75 0.24146324
611.0 0.22988944
614.25 0.21865986
617.5 0.20778292
620.75 0.19724953
624.0 0.18715253
627.25 0.17759147
630.5 0.16799502
633.75 0.29698917
637.0 0.28456652
640.25 0.27246463
643.5 0.26067737
646.75 0.24919526
650.0 0.26108393
653.25 0.26115564
656.5 0.24893838
659.75 0.25595516
663.0 0.26871035
666.25 0.28497079
669.5 0.91383386
672.75 0.92460585
676.0 0.77898628
679.25 0.64584678
682.5 0.60311091
685.75 0.58403784
689.0 0.58275151
692.25 0.58922553
695.5 0.57125366
698.75 0.51337677
702.0 0.51560521
705.25 0.45893672
708.5 0.41556534
711.75 0.38257468
715.0 0.36700478
718.25 0.37094995
721.5 0.35426611
724.75 0.35990992
728.0 0.36914691
731.25 0.35745528
734.5 0.31744698
737.75 0.30617538
741.0 0.27819383
744.25 0.27950823
747.5 0.27534911
750.75 0.26366633
754.0 0.25996208
757.25 0.26533687
760.5 0.27286974
763.75 0.29101092
767.0 0.29903749
770.25 0.31080854
773.5 0.32883704
776.75 0.35978758
780.0 0.40496111
783.25 0.48131305
786.5 0.59189886
789.75 0.78850836
793.0 5.8659406
796.25 4.7383819
799.5 4.4139657
802.75 4.4065599
806.0 4.1227379
809.25 3.2963901
812.5 2.8426049
815.75 2.6699944
819.0 2.5519917
822.25 2.3833733
825.5 2.1736755
828.75 2.0340390
832.0 1.9847236
835.25 1.9875951
838.5 2.0173523
841.75 2.0285807
845.0 2.1793611
848.25 2.2109070
851.5 2.1133690
854.75 1.9235404
858.0 1.9337118
861.25 1.9139477
864.5 1.9575253
867.75 1.9888841
871.0 1.9623177
874.25 1.8895695
877.5 1.8623259
880.75 1.9192922
884.0 1.9052182
887.25 1.9348108
890.5 1.9076638
893.75 1.9500881
897.0 2.0592809
900.25 2.1724098
903.5 2.3293939
906.75 2.3698385
910.0 2.4009359
913.25 2.1810203
916.5 2.0342684
919.75 1.9249442
923.0 1.8763382
926.25 1.8660244
929.5 1.7798809
932.75 1.7555399
936.0 1.7432846
939.25 1.7285694
942.5 1.7577865
945.75 1.7391393
949.0 1.7003785
952.25 1.7496051
955.5 1.7176287
958.75 1.7426505
962.0 1.7825141
965.25 1.8070012
968.5 1.8490946
971.75 1.8445172
975.0 1.9010584
978.25 1.9411790
981.5 1.9863635
984.75 2.0593307
988.0 2.2105527
991.25 2.4133434
994.5 2.6458712
997.75 2.9413629
1001.0 3.3084040
1004.25 3.5236971
1007.5 3.1949203
1010.75 2.7073579
1014.0 2.3369944
1017.25 2.1426342
1020.5 2.0437880
1023.75 1.9861600
1027.0 1.8899738
1030.25 1.8809605
1033.5 1.8221339
1036.75 1.8556370
1040.0 1.8581934
1043.25 1.8492399
1046.5 1.8669337
1049.75 1.8411078
1053.0 1.8663415
1056.25 1.8896066
1059.5 1.8900263
1062.75 1.9279358
1066.0 1.8508811
1069.25 1.8356889
1072.5 1.8092800
1075.75 1.8363174
1079.0 1.8419931
1082.25 1.8132210
1085.5 1.7191062
1088.75 1.6613814
1092.0 1.6358528
1095.25 1.6036021
1098.5 1.6041516
1101.75 1.5977730
1105.0 1.5926964
1108.25 1.6157525
1111.5 1.6086515
1114.75 1.6324064
1118.0 1.6379411
1121.25 1.6329335
1124.5 1.6121862
1127.75 1.6305979
1131.0 1.6359004
1134.25 1.6781814
1137.5 1.6492469
1140.75 1.6207958
1144.0 1.5477147
1147.25 1.5692167
1150.5 1.5746793
1153.75 1.5520995
1157.0 1.6029162
1160.25 1.6165006
1163.5 1.5724262
1166.75 1.5441124
1170.0 1.5446550
1173.25 1.5431840
1176.5 1.5410180
1179.75 1.5591599
1183.0 1.5304894
1186.25 1.5242532
1189.5 1.5423459
1192.75 1.5392191
1196.0 1.5759388
1199.25 1.5677764
1202.5 1.6676911
1205.75 1.6605500
1209.0 1.6760428
1212.25 1.6493019
1215.5 1.6515496
1218.75 1.6653874
1222.0 1.7380649
1225.25 1.8686492
1228.5 1.9869612
1231.75 2.0829360
1235.0 2.1185460
1238.25 2.2281160
1241.5 2.1292961
1244.75 1.9454341
1248.0 1.7781610
1251.25 1.6668289
1254.5 1.6141731
1257.75 1.5606862
1261.0 1.5104276
1264.25 1.4716926
1267.5 1.4598676
1270.75 1.4032142
1274.0 1.3794475
1277.25 1.3668712
1280.5 1.3784442
1283.75 1.3825835
1287.0 1.3490592
1290.25 1.3529220
1293.5 1.3584073
1296.75 1.3680819
1300.0 1.3325715
1303.25 1.3454744
1306.5 1.3752192
1309.75 1.2992429
1313.0 1.3320440
1316.25 1.3390194
1319.5 1.3281082
1322.75 1.3379005
1326.0 1.3152046
1329.25 1.2963163
1332.5 1.3308240
1335.75 1.3830968
1339.0 1.3542130
1342.25 1.3867171
1345.5 1.3735666
1348.75 1.3757768
1352.0 1.3665702
1355.25 1.3826777
1358.5 1.3772578
1361.75 1.3723533
1365.0 1.3272101
1368.25 1.3043993
1371.5 1.3200374
1374.75 1.3375350
1378.0 1.2797639
1381.25 1.3402841
1384.5 1.2924539
1387.75 1.3220859
1391.0 1.3087766
1394.25 1.3341473
1397.5 1.2699472
1400.75 1.2875241
1404.0 1.2850894
1407.25 1.3063101
1410.5 1.2404979
1413.75 1.2538565
1417.0 1.2765158
1420.25 1.2186563
1423.5 1.2401583
1426.75 1.2015529
1430.0 1.1670008
1433.25 1.1644660
1436.5 1.1619384
1439.75 1.1682485
1443.0 1.1740123
1446.25 1.1744248
1449.5 1.1567175
1452.75 1.1494031
1456.0 1.1469164
1459.25 1.1444370
1462.5 1.1574074
1465.75 1.1540238
1469.0 1.1695224
1472.25 1.1750692
1475.5 1.1731014
1478.75 1.1801254
1482.0 1.1894755
1485.25 1.2094461
1488.5 1.2349783
1491.75 1.2237971
1495.0 1.2545176
1498.25 1.2672812
1501.5 1.2762802
1504.75 1.2817055
1508.0 1.2891616
1511.25 1.3036783
1514.5 1.3086127
1517.75 1.2892811
1521.0 1.2762733
1524.25 1.2461050
1527.5 1.2413855
1530.75 1.2158540
1534.0 1.2320045
1537.25 1.2152830
1540.5 1.2058866
1543.75 1.2076646
1547.0 1.1986516
1550.25 1.1999100
1553.5 1.2009883
1556.75 1.2131906
1560.0 1.2399940
1563.25 1.2194202
1566.5 1.2616379
1569.75 1.2911072
1573.0 1.3276192
1576.25 1.3219523
1579.5 1.2827400
1582.75 1.2746435
1586.0 1.2770262
1589.25 1.2463835
1592.5 1.2215773
1595.75 1.2130808
1599.0 1.2067878
1602.25 1.2283109
1605.5 1.2517023
1608.75 1.2550551
1612.0 1.2453493
1615.25 1.2469436
1618.5 1.2375791
1621.75 1.2423178
1625.0 1.2281815
1628.25 1.2215989
1631.5 1.2215527
1634.75 1.2144783
1638.0 1.1977351
1641.25 1.1790556
1644.5 1.1886921
1647.75 1.1912692
1651.0 1.1904405
1654.25 1.1776023
1657.5 1.1671472
1660.75 1.1627934
1664.0 1.1557335
1667.25 1.1499916
1670.5 1.1389029
1673.75 1.1223381
1677.0 1.1268135
1680.25 1.1257164
1683.5 1.1120926
1686.75 1.0818652
1690.0 1.1085186
1693.25 1.1122845
1696.5 1.1043917
1699.75 1.1032251
1703.0 1.1115769
1706.25 1.0899340
1709.5 1.0892113
1712.75 1.0668756
1716.0 1.0491196
1719.25 1.0071161
1722.5 1.0014818
1725.75 0.99881870
1729.0 0.98807335
1732.25 1.0139397
1735.5 1.0277164
1738.75 1.0289400
1742.0 1.0059172
1745.25 1.0152285
1748.5 1.0187149
1751.75 1.0314560
1755.0 1.0306457
1758.25 1.0535337
1761.5 1.0831411
1764.75 1.0916582
1768.0 1.0766797
1771.25 1.1086514
1774.5 1.1224203
1777.75 1.1203361
1781.0 1.1251146
1784.25 1.1696203
1787.5 1.1972785
1790.75 1.1900517
1794.0 1.2116463
1797.25 1.1830512
1800.5 1.2116110
1803.75 1.2520560
1807.0 1.3552431
1810.25 1.4761492
1813.5 1.6644901
1816.75 1.8562577
1820.0 1.9139587
1823.25 1.8151675
1826.5 1.6063814
1829.75 1.4279649
1833.0 1.3169138
1836.25 1.2615463
1839.5 1.2177687
1842.75 1.1837196
1846.0 1.1567544
1849.25 1.1308978
1852.5 1.1219850
1855.75 1.0983942
1859.0 1.0778637
1862.25 1.0545597
1865.5 1.0410372
1868.75 1.0370101
1872.0 1.0064882
1875.25 1.0075892
1878.5 0.98173082
1881.75 0.97451979
1885.0 0.97263634
1888.25 0.93174553
1891.5 0.94494176
1894.75 0.94355428
1898.0 0.95662212
1901.25 0.98207611
1904.5 0.99048954
1907.75 0.99309307
1911.0 0.99151510
1914.25 0.99763340
1917.5 0.98326755
1920.75 0.98494768
1924.0 0.99725008
1927.25 0.98179597
1930.5 0.98438710
1933.75 0.96599782
1937.0 0.97110516
1940.25 0.94700646
1943.5 0.93040651
1946.75 0.91307336
1950.0 0.90415651
1953.25 0.88186055
1956.5 0.87233633
1959.75 0.84788036
1963.0 0.83094037
1966.25 0.82701755
1969.5 0.83428282
1972.75 0.82285130
1976.0 0.83987695
1979.25 0.84371543
1982.5 0.84582466
1985.75 0.84516871
1989.0 0.84534061
1992.25 0.86154538
1995.5 0.85207409
1998.75 0.86833906
2002.0 0.86682791
2005.25 0.86285627
2008.5 0.85292351
2011.75 0.86106509
2015.0 0.85445404
2018.25 0.87210733
2021.5 0.89365631
2024.75 0.89548838
2028.0 0.93072391
2031.25 0.93767267
2034.5 0.93669796
2037.75 0.92329568
2041.0 0.92184407
2044.25 0.88734961
2047.5 0.90647274
2050.75 0.89701480
2054.0 0.89478719
2057.25 0.90543449
2060.5 0.92874944
2063.75 0.92909026
2067.0 0.94015121
2070.25 0.94544667
2073.5 0.95221061
2076.75 0.94229585
2080.0 0.94629049
2083.25 0.93165070
2086.5 0.94160146
2089.75 0.92941970
2093.0 0.90128314
2096.25 0.90111786
2099.5 0.91164541
2102.75 0.88709825
2106.0 0.88520914
2109.25 0.88534951
2112.5 0.88429952
2115.75 0.89780509
2119.0 0.89332348
2122.25 0.87766004
2125.5 0.87541908
2128.75 0.89250785
2132.0 0.89029294
2135.25 0.88369006
2138.5 0.89934421
2141.75 0.87338752
2145.0 0.86205733
2148.25 0.84999871
2151.5 0.84130514
2154.75 0.83448386
2158.0 0.81679994
2161.25 0.81308526
2164.5 0.82218742
2167.75 0.82900774
2171.0 0.83917451
2174.25 0.86485738
2177.5 0.83494842
2180.75 0.82284540
2184.0 0.81728482
2187.25 0.81293088
2190.5 0.80300558
2193.75 0.82158226
2197.0 0.81812298
2200.25 0.82344794
2203.5 0.81529886
2206.75 0.81735510
2210.0 0.81735075
2213.25 0.83558643
2216.5 0.84001929
2219.75 0.85375869
2223.0 0.88097024
2226.25 0.91630316
2229.5 0.87257242
2232.75 0.83890355
2236.0 0.84320313
2239.25 0.82976335
2242.5 0.79901183
2245.75 0.80748242
2249.0 0.80932862
2252.25 0.78638095
2255.5 0.78059804
2258.75 0.76280993
2262.0 0.75157326
2265.25 0.77129513
2268.5 0.76867330
2271.75 0.75735223
2275.0 0.77173150
2278.25 0.75194854
2281.5 0.73942995
2284.75 0.73869485
2288.0 0.72584164
2291.25 0.71339989
2294.5 0.69924241
2297.75 0.70763195
2301.0 0.70550501
2304.25 0.68471783
2307.5 0.69034386
2310.75 0.70106149
2314.0 0.70532268
2317.25 0.69159979
2320.5 0.70385122
2323.75 0.72096479
2327.0 0.70703149
2330.25 0.72200269
2333.5 0.70091099
2336.75 0.70216930
2340.0 0.69138378
2343.25 0.69990236
2346.5 0.70362091
2349.75 0.68939549
2353.0 0.70809937
2356.25 0.69578725
2359.5 0.68922853
2362.75 0.69489104
2366.0 0.67946422
2369.25 0.68652487
2372.5 0.68068063
2375.75 0.68481714
2379.0 0.68894762
2382.25 0.67933238
2385.5 0.67312938
2388.75 0.67086828
2392.0 0.66740590
2395.25 0.66298795
2398.5 0.66306198
2401.75 0.67195570
2405.0 0.67060757
2408.25 0.66960001
2411.5 0.65642101
2414.75 0.65854239
2418.0 0.68586743
2421.25 0.77269053
2424.5 0.80228931
2427.75 0.67770737
2431.0 0.65337092
2434.25 0.65292174
2437.5 0.64484966
2440.75 0.66767746
2444.0 0.64869964
2447.25 0.63415897
2450.5 0.63824695
2453.75 0.63073117
2457.0 0.62213171
2460.25 0.61531991
2463.5 0.60744131
2466.75 0.57418638
2470.0 0.58323932
2473.25 0.57205200
2476.5 0.59677261
2479.75 0.59508044
2483.0 0.58845013
2486.25 0.58234674
2489.5 0.57780129
2492.75 0.59232533
2496.0 0.57998174
2499.25 0.58943546
2502.5 0.59815872
2505.75 0.60778290
2509.0 0.63169003
2512.25 0.67963815
2515.5 0.70769334
2518.75 0.63578290
2522.0 0.59390384
2525.25 0.61493891
2528.5 0.61961651
2531.75 0.58706778
2535.0 0.57428950
2538.25 0.57491142
2541.5 0.56459910
2544.75 0.56104821
2548.0 0.55042660
2551.25 0.53429127
2554.5 0.51643986
2557.75 0.51265258
2561.0 0.52805895
2564.25 0.54361480
2567.5 0.54498011
2570.75 0.55087245
2574.0 0.56424904
2577.25 0.56451535
2580.5 0.56083661
2583.75 0.54196733
2587.0 0.54405719
2590.25 0.54103410
2593.5 0.51840824
2596.75 0.52484286
2600.0 0.50707507
2603.25 0.50692767
2606.5 0.49798152
2609.75 0.50865430
2613.0 0.51495045
2616.25 0.50540411
2619.5 0.48936799
2622.75 0.48868284
2626.0 0.48625761
2629.25 0.48037374
2632.5 0.49481934
2635.75 0.48426357
2639.0 0.49654362
2642.25 0.50625408
2645.5 0.53693902
2648.75 0.52849591
2652.0 0.52522272
2655.25 0.54825723
2658.5 0.55575830
2661.75 0.57496756
2665.0 0.61121243
2668.25 0.59314579
2671.5 0.56333005
2674.75 0.56034768
2678.0 0.53513694
2681.25 0.52160525
2684.5 0.51602435
2687.75 0.50723875
2691.0 0.49017033
2694.25 0.47117594
2697.5 0.46555838
2700.75 0.46760231
2704.0 0.48040169
2707.25 0.47641072
2710.5 0.47318414
2713.75 0.48347124
2717.0 0.46665075
2720.25 0.46062273
2723.5 0.46896887
2726.75 0.45810217
2730.0 0.45303130
2733.25 0.45218882
2736.5 0.45134872
2739.75 0.45327660
2743.0 0.45688492
2746.25 0.45465860
2749.5 0.45282978
2752.75 0.47800061
2756.0 0.47498024
2759.25 0.48207191
2762.5 0.47333816
2765.75 0.46179852
2769.0 0.45427305
2772.25 0.47449479
2775.5 0.47406176
2778.75 0.47053799
2782.0 0.49214491
2785.25 0.47894338
2788.5 0.49429193
2791.75 0.52104986
2795.0 0.51190966
2798.25 0.52224642
2801.5 0.53167671
2804.75 0.55329114
2808.0 0.58821952
2811.25 0.59455794
2814.5 0.62730896
2817.75 0.67881745
2821.0 0.70379531
2824.25 0.70661896
2827.5 0.65688306
2830.75 0.64500016
2834.0 0.63838518
2837.25 0.60726285
2840.5 0.57964557
2843.75 0.53072190
2847.0 0.51952738
2850.25 0.49873373
2853.5 0.48854876
2856.75 0.50081766
2860.0 0.48704669
2863.25 0.47865066
2866.5 0.47902802
2869.75 0.46772671
2873.0 0.46432203
2876.25 0.46180031
2879.5 0.43319502
2882.75 0.44791836
2886.0 0.44551957
2889.25 0.45677122
2892.5 0.44676828
2895.75 0.44471446
2899.0 0.46463966
2902.25 0.47124964
2905.5 0.48892471
2908.75 0.48173547
2912.0 0.47795784
2915.25 0.45992300
2918.5 0.48513591
2921.75 0.48610529
2925.0 0.48898736
2928.25 0.48536831
2931.5 0.50352067
2934.75 0.52484435
2938.0 0.52094966
2941.25 0.49947327
2944.5 0.48755100
2947.75 0.47562632
2951.0 0.47882533
2954.25 0.51394331
2957.5 0.49985826
2960.75 0.49364161
2964.0 0.51264924
2967.25 0.50822204
2970.5 0.47054142
2973.75 0.49578232
2977.0 0.51535726
2980.25 0.49307021
2983.5 0.48354265
2986.75 0.49105427
2990.0 0.47260058
2993.25 0.46148074
2996.5 0.46286657
2999.75 0.47748867
3003.0 0.49468574
3006.25 0.49425566
3009.5 0.48424932
3012.75 0.49013871
3016.0 0.47539809
3019.25 0.48316097
3022.5 0.46841547
3025.75 0.49282405
3029.0 0.46370801
3032.25 0.47861788
3035.5 0.45854908
3038.75 0.46269569
3042.0 0.46614304
3045.25 0.48134699
3048.5 0.43888789
3051.75 0.43780977
3055.0 0.41148770
3058.25 0.40616250
3061.5 0.40035477
3064.75 0.41001162
3068.0 0.40853894
3071.25 0.40718725
3074.5 0.39975390
3077.75 0.40568170
3081.0 0.40972024
3084.25 0.40098566
3087.5 0.38740706
3090.75 0.39072874
3094.0 0.39218846
3097.25 0.39001223
3100.5 0.39595434
3103.75 0.40084937
3107.0 0.40794030
3110.25 0.40626153
3113.5 0.40292916
3116.75 0.41063303
3120.0 0.42227507
3123.25 0.42240611
3126.5 0.42614251
3129.75 0.44194975
3133.0 0.46784347
3136.25 0.46987230
3139.5 0.50486088
3142.75 0.50934815
3146.0 0.52620620
3149.25 0.56533200
3152.5 0.58840871
3155.75 0.65809423
3159.0 0.71759522
3162.25 0.69468892
3165.5 0.64777601
3168.75 0.60135466
3172.0 0.56867802
3175.25 0.54023367
3178.5 0.50440305
3181.75 0.49524525
3185.0 0.49018100
3188.25 0.47296843
3191.5 0.44645596
3194.75 0.45963117
3198.0 0.44450009
3201.25 0.43754676
3204.5 0.43002385
3207.75 0.41832057
3211.0 0.41362855
3214.25 0.42425328
3217.5 0.42421046
3220.75 0.50041056
3224.0 0.54685408
3227.25 0.45697108
3230.5 0.40572760
3233.75 0.39486626
3237.0 0.39143151
3240.25 0.38168806
3243.5 0.40638489
3246.75 0.44383264
3250.0 0.53920132
3253.25 0.75941396
3256.5 0.75741947
3259.75 0.50917459
3263.0 0.42851153
3266.25 0.40272680
3269.5 0.39154488
3272.75 0.38219267
3276.0 0.37473655
3279.25 0.37486342
3282.5 0.37209460
3285.75 0.37250495
3289.0 0.37188208
3292.25 0.36569706
3295.5 0.36151621
3298.75 0.36139622
3302.0 0.34746629
3305.25 0.34021449
3308.5 0.35505393
3311.75 0.35175228
3315.0 0.35601208
3318.25 0.34155470
3321.5 0.34423661
3324.75 0.33932686
3328.0 0.35106304
3331.25 0.34478983
3334.5 0.33580667
3337.75 0.34340104
3341.0 0.34115684
3344.25 0.35144433
3347.5 0.35316291
3350.75 0.36720514
3354.0 0.37503460
3357.25 0.36964515
3360.5 0.35885495
3363.75 0.37453309
3367.0 0.35893330
3370.25 0.34993297
3373.5 0.35053134
3376.75 0.37020373
3380.0 0.36317986
3383.25 0.34395552
3386.5 0.34836864
3389.75 0.35147381
3393.0 0.35727501
3396.25 0.35138136
3399.5 0.35461691
3402.75 0.35312611
3406.0 0.35497174
3409.25 0.34192064
3412.5 0.34761739
3415.75 0.35880178
3419.0 0.34146035
3422.25 0.35100970
3425.5 0.35232812
3428.75 0.34964648
3432.0 0.35004923
3435.25 0.35247421
3438.5 0.35007650
3441.75 0.36343661
3445.0 0.34684861
3448.25 0.33945796
3451.5 0.37109977
3454.75 0.34630877
3458.0 0.36231628
3461.25 0.35306251
3464.5 0.34245199
3467.75 0.33750731
3471.0 0.33357698
3474.25 0.34347236
3477.5 0.32542333
3480.75 0.32820541
3484.0 0.33145210
3487.25 0.32776648
3490.5 0.31228554
3493.75 0.31791693
3497.0 0.32548770
3500.25 0.32470256
3503.5 0.31473473
3506.75 0.31579721
3510.0 0.31304616
3513.25 0.30689356
3516.5 0.31292379
3519.75 0.31918997
3523.0 0.31694397
3526.25 0.30911180
3529.5 0.30452436
3532.75 0.29988861
3536.0 0.31019661
3539.25 0.29898971
3542.5 0.31909740
3545.75 0.30068189
3549.0 0.30195665
3552.25 0.29720423
3555.5 0.29676041
3558.75 0.29631761
3562.0 0.29587579
3565.25 0.30255380
3568.5 0.30377471
3571.75 0.31066218
3575.0 0.30298695
3578.25 0.30379575
3581.5 0.29324609
3584.75 0.29281121
3588.0 0.30105385
3591.25 0.30986491
3594.5 0.30453366
3597.75 0.29701161
3601.0 0.30860469
3604.25 0.31345481
3607.5 0.29764104
3610.75 0.30092165
3614.0 0.28894198
3617.25 0.28851688
3620.5 0.29423371
3623.75 0.28929964
3627.0 0.31617731
3630.25 0.30175993
3633.5 0.29345018
3636.75 0.32754311
3640.0 0.32310525
3643.25 0.30843565
3646.5 0.30272463
3649.75 0.28893861
3653.0 0.28847083
3656.25 0.28348967
3659.5 0.29269597
3662.75 0.28266487
3666.0 0.28397003
3669.25 0.28184375
3672.5 0.28407121
3675.75 0.28102621
3679.0 0.28252169
3682.25 0.28141931
3685.5 0.27980670
3688.75 0.28948408
3692.0 0.28513858
3695.25 0.27859551
3698.5 0.27819347
3701.75 0.27779242
3705.0 0.27739218
3708.25 0.27699283
3711.5 0.27659443
3714.75 0.27619684
3718.0 0.28182673
3721.25 0.27540430
3724.5 0.27580765
3727.75 0.27461526
3731.0 0.27580544
3734.25 0.27392170
3737.5 0.27343807
3740.75 0.27604491
3744.0 0.27984983
3747.25 0.28114179
3750.5 0.27847943
3753.75 0.27796340
3757.0 0.27712137
3760.25 0.27325794
3763.5 0.27547014
3766.75 0.27362919
3770.0 0.27306175
3773.25 0.27910161
3776.5 0.29128784
3779.75 0.27695769
3783.0 0.28652284
3786.25 0.28094414
3789.5 0.28959069
3792.75 0.28276467
3796.0 0.29189959
3799.25 0.28720182
3802.5 0.28847134
3805.75 0.29682168
3809.0 0.28958586
3812.25 0.29508016
3815.5 0.30477509
3818.75 0.32810375
3822.0 0.32055846
3825.25 0.31433341
3828.5 0.31600302
3831.75 0.28811395
3835.0 0.28325191
3838.25 0.29640594
3841.5 0.29112786
3844.75 0.28096125
3848.0 0.28245363
3851.25 0.28397521
3854.5 0.28431493
3857.75 0.27927703
3861.0 0.28475749
3864.25 0.29058045
3867.5 0.27267247
3870.75 0.27555585
3874.0 0.27363169
3877.25 0.28238124
3880.5 0.26637068
3883.75 0.26920140
3887.0 0.26844475
3890.25 0.26745963
3893.5 0.26935908
3896.75 0.26880190
3900.0 0.26812240
3903.25 0.27052981
3906.5 0.26613539
3909.75 0.26389816
3913.0 0.25924882
3916.25 0.25901845
3919.5 0.25477791
3922.75 0.25970960
3926.0 0.26025406
3929.25 0.26323378
3932.5 0.26534939
3935.75 0.25522378
3939.0 0.26069281
3942.25 0.26850569
3945.5 0.26535901
3948.75 0.26798889
3952.0 0.27286229
3955.25 0.26837763
3958.5 0.27035308
3961.75 0.26499474
3965.0 0.27829972
3968.25 0.25588199
3971.5 0.24736224
3974.75 0.25110117
3978.0 0.24773672
3981.25 0.24906670
3984.5 0.24940452
3987.75 0.25429472
3991.0 0.25898856
3994.25 0.24722028
3997.5 0.25416231
4000.75 0.26102898
4004.0 0.25140375
4007.25 0.24720150
4010.5 0.24339044
4013.75 0.24306394
4017.0 0.24408574
4020.25 0.25848666
4023.5 0.24626797
4026.75 0.24771266
4030.0 0.24144150
4033.25 0.24204001
4036.5 0.24182446
4039.75 0.24574953
4043.0 0.24326254
4046.25 0.24880281
4049.5 0.24963032
4052.75 0.24395731
4056.0 0.24227248
4059.25 0.24190249
4062.5 0.24887256
4065.75 0.24731186
4069.0 0.24208505
4072.25 0.24032141
4075.5 0.23846430
4078.75 0.23730788
4082.0 0.23926750
4085.25 0.24135238
4088.5 0.24931984
4091.75 0.25274050
4095.0 0.25751635
4098.25 0.26569748
4101.5 0.25506932
4104.75 0.24256510
4108.0 0.24335259
4111.25 0.24083488
4114.5 0.23707502
4117.75 0.24076879
4121.0 0.24792884
4124.25 0.25053328
4127.5 0.24273279
4130.75 0.24462067
4134.0 0.24827623
4137.25 0.25275618
4140.5 0.25658682
4143.75 0.24394041
4147.0 0.24635248
4150.25 0.25092074
4153.5 0.25166702
4156.75 0.24631302
4160.0 0.24587202
4163.25 0.24951915
4166.5 0.24928708
4169.75 0.24656682
4173.0 0.25261861
4176.25 0.25002843
4179.5 0.25355458
4182.75 0.25961944
4186.0 0.25598928
4189.25 0.26343769
4192.5 0.25921360
4195.75 0.27681267
4199.0 0.27885437
4202.25 0.28614816
4205.5 0.29419520
4208.75 0.29299513
4212.0 0.29897326
4215.25 0.31573564
4218.5 0.31747827
4221.75 0.33129960
4225.0 0.34659263
4228.25 0.36785182
4231.5 0.39246783
4234.75 0.42217255
4238.0 0.46309358
4241.25 0.51420790
4244.5 0.57676840
4247.75 0.65048140
4251.0 0.76262170
4254.25 0.89599645
4257.5 1.0639846
4260.75 1.2333820
4264.0 1.4507730
4267.25 1.4908735
4270.5 1.2749087
4273.75 1.0610774
4277.0 0.96532154
4280.25 0.90916812
4283.5 0.78729087
4286.75 0.66414684
4290.0 0.59829736
4293.25 0.54570413
4296.5 0.49761942
4299.75 0.46097633
4303.0 0.43855655
4306.25 0.41059619
4309.5 0.38227347
4312.75 0.35874033
4316.0 0.33510244
4319.25 0.31489146
4322.5 0.30849141
4325.75 0.30214000
4329.0 0.28693387
4332.25 0.28506857
4335.5 0.27970788
4338.75 0.28001148
4342.0 0.28493047
4345.25 0.28411826
4348.5 0.27818835
4351.75 0.26915342
4355.0 0.28258079
4358.25 0.28982717
4361.5 0.29571486
4364.75 0.32563469
4368.0 0.32393259
4371.25 0.30197179
4374.5 0.30499601
4377.75 0.30866304
4381.0 0.29977849
4384.25 0.27664518
4387.5 0.25412798
4390.75 0.25161970
4394.0 0.24523419
4397.25 0.23777990
4400.5 0.23628004
4403.75 0.22968091
4407.0 0.21955240
4410.25 0.21832171
4413.5 0.21938187
4416.75 0.21898548
4420.0 0.20876718
4423.25 0.20680320
4426.5 0.20655072
4429.75 0.21315290
4433.0 0.22153291
4436.25 0.21274677
4439.5 0.20964134
4442.75 0.20901597
4446.0 0.20504254
4449.25 0.20479298
4452.5 0.20454390
4455.75 0.21834067
4459.0 0.21001065
4462.25 0.21149658
4465.5 0.20355238
4468.75 0.20330566
4472.0 0.20699424
4475.25 0.21361262
4478.5 0.21193090
4481.75 0.20692848
4485.0 0.20899908
4488.25 0.20917033
4491.5 0.20759918
4494.75 0.20134935
4498.0 0.20110691
4501.25 0.20086494
4504.5 0.20248176
4507.75 0.20038244
4511.0 0.20014188
4514.25 0.19990180
4517.5 0.20461233
4520.75 0.19942302
4524.0 0.19918430
4527.25 0.19894606
4530.5 0.20166834
4533.75 0.19847089
4537.0 0.19823404
4540.25 0.19799761
4543.5 0.19776164
4546.75 0.20308608
4550.0 0.19847584
4553.25 0.20940135
4556.5 0.19831181
4559.75 0.19829173
4563.0 0.19635534
4566.25 0.19612251
4569.5 0.21010610
4572.75 0.21798731
4576.0 0.21040574
4579.25 0.22603372
4582.5 0.20898229
4585.75 0.23513460
4589.0 0.22132684
4592.25 0.20449606
4595.5 0.22757410
4598.75 0.21198447
4602.0 0.20672752
4605.25 0.20843829
4608.5 0.20183675
4611.75 0.19897100
4615.0 0.19268326
4618.25 0.19245745
4621.5 0.19520673
4624.75 0.20251049
4628.0 0.19178264
4631.25 0.19155858
4634.5 0.19133493
4637.75 0.19111171
4641.0 0.21016921
4644.25 0.19521022
4647.5 0.19044457
4650.75 0.19022307
4654.0 0.19341740
4657.25 0.19209582
4660.5 0.18956095
4663.75 0.18934117
4667.0 0.19469891
4670.25 0.20072266
4673.5 0.21182494
4676.75 0.18846589
4680.0 0.20849213
4683.25 0.18857409
4686.5 0.19743986
4689.75 0.18759726
4693.0 0.20027840
4696.25 0.19499767
4699.5 0.19458498
4702.75 0.19843267
4706.0 0.20766774
4709.25 0.19782521
4712.5 0.18609302
4715.75 0.19861452
4719.0 0.21986225
4722.25 0.18545440
4725.5 0.18524235
4728.75 0.18556252
4732.0 0.18481940
4735.25 0.18460856
4738.5 0.18439807
4741.75 0.20243405
4745.0 0.19717540
4748.25 0.18376908
4751.5 0.18356021
4754.75 0.19338614
4758.0 0.20692809
4761.25 0.18293591
4764.5 0.18445109
4767.75 0.22543390
4771.0 0.19384719
4774.25 0.19215490
4777.5 0.18190327
4780.75 0.20667897
4784.0 0.22086880
4787.25 0.21096453
4790.5 0.23201990
4793.75 0.22712390
4797.0 0.23933797
4800.25 0.20800480
4803.5 0.21580683
4806.75 0.26575342
4810.0 0.23832932
4813.25 0.22869202
4816.5 0.20697568
4819.75 0.19998987
4823.0 0.24718158
4826.25 0.23574938
4829.5 0.22804552
4832.75 0.21238397
4836.0 0.19001189
4839.25 0.21471089
4842.5 0.17786874
4845.75 0.17767096
4849.0 0.17747355
4852.25 0.17727655
4855.5 0.17707992
4858.75 0.17688361
4862.0 0.17668775
4865.25 0.17649215
4868.5 0.17629698
4871.75 0.17610215
4875.0 0.17590772
4878.25 0.17571361
4881.5 0.17551990
4884.75 0.17532654
4888.0 0.17513359
4891.25 0.17494096
4894.5 0.17474867
4897.75 0.17455676
4901.0 0.17436521
4904.25 0.17417404
4907.5 0.17398320
4910.75 0.17379272
4914.0 0.17360264
4917.25 0.17341287
4920.5 0.17322344
4923.75 0.17303438
4927.0 0.17284569
4930.25 0.17265739
4933.5 0.17246936
4936.75 0.17228171
4940.0 0.17209448
4943.25 0.17190753
4946.5 0.17172095
4949.75 0.17153470
4953.0 0.17134881
4956.25 0.17116328
4959.5 0.17097808
4962.75 0.17079328
4966.0 0.17060880
4969.25 0.17042461
4972.5 0.17024080
4975.75 0.17005736
4979.0 0.16987422
4982.25 0.16969146
4985.5 0.16950902
4988.75 0.16932695
4992.0 0.16914518
4995.25 0.16896379
4998.5 0.16878274
5001.75 0.16860200
5005.0 0.16842160
5008.25 0.16824153
5011.5 0.16806184
5014.75 0.16788243
5018.0 0.16770342
5021.25 0.16752470
5024.5 0.16734627
5027.75 0.16716826
5031.0 0.16699064
5034.25 0.16681319
5037.5 0.16663612
5040.75 0.16645946
5044.0 0.16628307
5047.25 0.16610694
5050.5 0.16593121
5053.75 0.16575594
5057.0 0.16558078
5060.25 0.16540606
5063.5 0.16523169
5066.75 0.16505761
5070.0 0.16488387
5073.25 0.16471040
5076.5 0.16453727
5079.75 0.16436456
5083.0 0.16419207
5086.25 0.16401991
5089.5 0.16384806
5092.75 0.16367656
5096.0 0.16350541
5099.25 0.16333455
5102.5 0.16316399
5105.75 0.16299382
5109.0 0.16282396
5112.25 0.16265440
5115.5 0.16248511
5118.75 0.16231619
5122.0 0.16214757
5125.25 0.16197921
5128.5 0.16181123
5131.75 0.16164361
5135.0 0.16147617
5138.25 0.16130914
5141.5 0.16114244
5144.75 0.16097601
5148.0 0.16080990
5151.25 0.16064408
5154.5 0.16047853
5157.75 0.16031343
5161.0 0.16014852
5164.25 0.15998396
5167.5 0.15981969
5170.75 0.15965576
5174.0 0.15949211
5177.25 0.15932883
5180.5 0.15916583
5183.75 0.15900312
5187.0 0.15884064
5190.25 0.15867856
5193.5 0.15851676
5196.75 0.15835525
5200.0 0.15819404
5203.25 0.15803318
5206.5 0.15787254
5209.75 0.15771230
5213.0 0.15755233
5216.25 0.15739265
5219.5 0.15723318
5222.75 0.15707414
5226.0 0.15691529
5229.25 0.15675692
5232.5 0.15659869
5235.75 0.15644075
5239.0 0.15628317
5242.25 0.15612583
5245.5 0.15596890
5248.75 0.15581217
5252.0 0.15565570
5255.25 0.15549962
5258.5 0.15534382
5261.75 0.15518829
5265.0 0.15503301
5268.25 0.15487808
5271.5 0.15472345
5274.75 0.15456904
5278.0 0.15441495
5281.25 0.15426125
5284.5 0.15410773
5287.75 0.15395445
5291.0 0.15380158
5294.25 0.15364891
5297.5 0.15349661
5300.75 0.15334457
5304.0 0.15319274
5307.25 0.15304132
5310.5 0.15289012
5313.75 0.15273923
5317.0 0.15258856
5320.25 0.15243822
5323.5 0.15228818
5326.75 0.15213838
5330.0 0.15198895
5333.25 0.15183970
5336.5 0.15169080
5339.75 0.15154216
5343.0 0.15139379
5346.25 0.15124571
5349.5 0.15109797
5352.75 0.15095045
5356.0 0.15080318
5359.25 0.15065624
5362.5 0.15050952
5365.75 0.15036318
5369.0 0.15021701
5372.25 0.15007113
5375.5 0.14992557
5378.75 0.14978030
5382.0 0.14963521
5385.25 0.14949052
5388.5 0.14934605
5391.75 0.14920183
5395.0 0.14905792
5398.25 0.14891425
5401.5 0.14877090
5404.75 0.14862776
5408.0 0.14848500
5411.25 0.14834242
5414.5 0.14820006
5417.75 0.14805809
5421.0 0.14791638
5424.25 0.14777486
5427.5 0.14763366
5430.75 0.14749271
5434.0 0.14735204
5437.25 0.14721164
5440.5 0.14707148
5443.75 0.14693159
5447.0 0.14679199
5450.25 0.14665267
5453.5 0.14651363
5456.75 0.14637485
5460.0 0.14623626
5463.25 0.14609803
5466.5 0.14596003
5469.75 0.14582229
5473.0 0.14568479
5476.25 0.14554755
5479.5 0.14541066
5482.75 0.14527391
5486.0 0.14513746
5489.25 0.14500129
5492.5 0.14486542
5495.75 0.14472979
5499.0 0.14459437
5502.25 0.14445920
5505.5 0.14432441
5508.75 0.14418977
5512.0 0.14405538
5515.25 0.14392133
5518.5 0.14378753
5521.75 0.14365388
5525.0 0.14352056
5528.25 0.14338750
5531.5 0.14325467
5534.75 0.14312217
5538.0 0.14298983
5541.25 0.14285782
5544.5 0.14272602
5547.75 0.14259449
5551.0 0.14246321
5554.25 0.14233223
5557.5 0.14220139
5560.75 0.14207090
5564.0 0.14194061
5567.25 0.14181060
5570.5 0.14168081
5573.75 0.14155133
5577.0 0.14142205
5580.25 0.14129302
5583.5 0.14116429
5586.75 0.14103575
5590.0 0.14090750
5593.25 0.14077950
5596.5 0.14065170
5599.75 0.14052419
5603.0 0.14039688
5606.25 0.14026991
5609.5 0.14014311
5612.75 0.14001659
5616.0 0.13989030
5619.25 0.13976422
5622.5 0.13963845
5625.75 0.13951290
5629.0 0.13938758
5632.25 0.13926250
5635.5 0.13913769
5638.75 0.13901311
5642.0 0.13888875
5645.25 0.13876471
5648.5 0.13864085
5651.75 0.13851720
5655.0 0.13839385
5658.25 0.13827072
5661.5 0.13814789
5664.75 0.13802519
5668.0 0.13790284
5671.25 0.13778064
5674.5 0.13765875
5677.75 0.13753706
5681.0 0.13741563
5684.25 0.13729443
5687.5 0.13717344
5690.75 0.13705269
5694.0 0.13693224
5697.25 0.13681199
5700.5 0.13669197
5703.75 0.13657211
5707.0 0.13645260
5710.25 0.13633335
5713.5 0.13621426
5716.75 0.13609537
5720.0 0.13597676
5723.25 0.13585842
5726.5 0.13574030
5729.75 0.13562234
5733.0 0.13550469
5736.25 0.13538721
5739.5 0.13527001
5742.75 0.13515303
5746.0 0.13503629
5749.25 0.13491979
5752.5 0.13480353
5755.75 0.13468745
5759.0 0.13457169
5762.25 0.13445607
5765.5 0.13434073
5768.75 0.13422561
5772.0 0.13411069
5775.25 0.13399598
5778.5 0.13388158
5781.75 0.13376735
5785.0 0.13365333
5788.25 0.13353957
5791.5 0.13342606
5794.75 0.13331272
5798.0 0.13319969
5801.25 0.13308680
5804.5 0.13297419
5807.75 0.13286178
5811.0 0.13274960
5814.25 0.13263765
5817.5 0.13252592
5820.75 0.13241437
5824.0 0.13230312
5827.25 0.13219203
5830.5 0.13208126
5833.75 0.13197060
5837.0 0.13186021
5840.25 0.13175006
5843.5 0.13164014
5846.75 0.13153039
5850.0 0.13142090
5853.25 0.13131160
5856.5 0.13120255
5859.75 0.13109368
5863.0 0.13098505
5866.25 0.13087668
5869.5 0.13076851
5872.75 0.13066052
5876.0 0.13055281
5879.25 0.13044526
5882.5 0.13033795
5885.75 0.13023086
5889.0 0.13012399
5892.25 0.13001734
5895.5 0.12991089
5898.75 0.12980470
5902.0 0.12969865
5905.25 0.12959293
5908.5 0.12948735
5911.75 0.12938198
5915.0 0.12927678
5918.25 0.12917186
5921.5 0.12906720
5924.75 0.12896265
5928.0 0.12885842
5931.25 0.12875432
5934.5 0.12865049
5937.75 0.12854685
5941.0 0.12844339
5944.25 0.12834014
5947.5 0.12823716
5950.75 0.12813434
5954.0 0.12803170
5957.25 0.12792940
5960.5 0.12782726
5963.75 0.12772529
5967.0 0.12762348
5970.25 0.12752199
5973.5 0.12742069
5976.75 0.12731954
5980.0 0.12721860
5983.25 0.12711792
5986.5 0.12701747
5989.75 0.12691714
5993.0 0.12681708
5996.25 0.12671725
5999.5 0.12661755
