300.0 0.0
325.0 0.0000000
328.25 0.0000000
331.5 0.0000000
334.75 0.0000000
338.0 0.0000000
341.25 0.0000000
344.5 0.0000000
347.75 0.0000000
351.0 0.0000000
354.25 0.0000000
357.5 0.0000000
360.75 0.0000000
364.0 0.0000000
367.25 0.0000000
370.5 0.0000000
373.75 0.0000000
377.0 0.0000000
380.25 0.0000000
383.5 0.0000000
386.75 0.0000000
390.0 0.0000000
393.25 0.0000000
396.5 0.0000000
399.75 0.0000000
403.0 0.0000000
406.25 0.0000000
409.5 0.0000000
412.75 0.0000000
416.0 0.0000000
419.25 0.0000000
422.5 0.0000000
425.75 0.0000000
429.0 0.0000000
432.25 0.0000000
435.5 0.0000000
438.75 0.0000000
442.0 0.0000000
445.25 0.0000000
448.5 0.0000000
451.75 0.0000000
455.0 0.0000000
458.25 0.0000000
461.5 0.0000000
464.75 0.0000000
468.0 0.0000000
471.25 0.0000000
474.5 0.0000000
477.75 0.0000000
481.0 0.0000000
484.25 0.0000000
487.5 0.0000000
490.75 0.0000000
494.0 0.0000000
497.25 0.0000000
500.5 0.0000000
503.75 0.0000000
507.0 0.0000000
510.25 0.0000000
513.5 0.0000000
516.75 0.0000000
520.0 0.0000000
523.25 0.0000000
526.5 0.0000000
529.75 0.0000000
533.0 0.0000000
536.25 0.0000000
539.5 0.0000000
542.75 0.0000000
546.0 0.0000000
549.25 0.0000000
552.5 0.0000000
555.75 0.0000000
559.0 0.0000000
562.25 0.0000000
565.5 0.0000000
568.75 0.0000000
572.0 0.0000000
575.25 0.0000000
578.5 0.0000000
581.75 0.0000000
585.0 0.0000000
588.25 0.0000000
591.5 0.0000000
594.75 0.56328297
598.0 0.53670233
601.25 0.51095891
604.5 0.48603275
607.75 0.46191263
611.0 0.43858790
614.25 0.41605264
617.5 0.39431369
620.75 0.37334779
624.0 0.35332021
627.25 0.33441153
630.5 0.31553909
633.75 0.55642444
637.0 0.53182578
640.25 0.50795513
643.5 0.48479453
646.75 0.46232200
650.0 0.48321998
653.25 0.48220739
656.5 0.45856982
659.75 0.47039887
663.0 0.49270296
666.25 0.52132571
669.5 1.6679845
672.75 1.6838644
676.0 1.4155179
679.25 1.1710037
682.5 1.0911356
685.75 1.0543466
689.0 1.0497712
692.25 1.0591794
695.5 1.0247157
698.75 0.91897434
702.0 0.92105782
705.25 0.81814671
708.5 0.73932630
711.75 0.67926276
715.0 0.65031850
718.25 0.65600777
721.5 0.62527633
724.75 0.63400084
728.0 0.64901811
731.25 0.62726194
734.5 0.55599952
737.75 0.53524899
741.0 0.48542655
744.25 0.48681706
747.5 0.47869417
750.75 0.45755011
754.0 0.45030838
757.25 0.45879644
760.5 0.47098449
763.75 0.50141311
767.0 0.51434207
770.25 0.53366327
773.5 0.56364793
776.75 0.61564815
780.0 0.69177568
783.25 0.82082391
786.5 1.0077360
789.75 1.3402539
793.0 9.9542027
796.25 8.0277100
799.5 7.4660311
802.75 7.4415679
806.0 6.9511924
809.25 5.5491619
812.5 4.7777705
815.75 4.4806800
819.0 4.2760625
822.25 3.9874136
825.5 3.6310704
828.75 3.3926952
832.0 3.3054790
835.25 3.3053503
838.5 3.3498964
841.75 3.3636057
845.0 3.6083744
848.25 3.6553223
851.5 3.4890699
854.75 3.1711595
858.0 3.1834219
861.25 3.1464763
864.5 3.2136383
867.75 3.2606118
871.0 3.2126524
874.25 3.0893371
877.5 3.0406811
880.75 3.1294923
884.0 3.1024039
887.25 3.1464157
890.5 3.0981913
893.75 3.1629639
897.0 3.3357372
900.25 3.5144582
903.5 3.7636051
906.75 3.8240888
910.0 3.8693829
913.25 3.5105605
916.5 3.2702746
919.75 3.0907023
923.0 3.0089610
926.25 2.9887726
929.5 2.8473449
932.75 2.8050265
936.0 2.7821145
939.25 2.7553546
942.5 2.7986205
945.75 2.7656868
949.0 2.7008977
952.25 2.7758749
955.5 2.7220101
958.75 2.7585092
962.0 2.8184090
965.25 2.8539054
968.5 2.9171147
971.75 2.9066534
975.0 2.9924395
978.25 3.0522346
981.5 3.1198702
984.75 3.2309642
988.0 3.4644823
991.25 3.7782512
994.5 4.1378760
997.75 4.5951262
1001.0 5.1630964
1004.25 5.4933319
1007.5 4.9756041
1010.75 4.2119441
1014.0 3.6320224
1017.25 3.3265612
1020.5 3.1698782
1023.75 3.0773938
1027.0 2.9254267
1030.25 2.9085751
1033.5 2.8148203
1036.75 2.8637540
1040.0 2.8648944
1043.25 2.8483171
1046.5 2.8727906
1049.75 2.8303275
1053.0 2.8663774
1056.25 2.8993514
1059.5 2.8972573
1062.75 2.9525945
1066.0 2.8319404
1069.25 2.8060892
1072.5 2.7631674
1075.75 2.8018870
1079.0 2.8079834
1082.25 2.7616150
1085.5 2.6159132
1088.75 2.5258081
1092.0 2.4847794
1095.25 2.4336324
1098.5 2.4323204
1101.75 2.4205246
1105.0 2.4107308
1108.25 2.4435086
1111.5 2.4306722
1114.75 2.4644513
1118.0 2.4706991
1121.25 2.4610567
1124.5 2.4277384
1127.75 2.4534051
1131.0 2.4593303
1134.25 2.5208004
1137.5 2.4752941
1140.75 2.4305971
1144.0 2.3191082
1147.25 2.3494182
1150.5 2.3556929
1153.75 2.3200498
1157.0 2.3940952
1160.25 2.4124668
1163.5 2.3448353
1166.75 2.3008027
1170.0 2.2998118
1173.25 2.2958348
1176.5 2.2908385
1179.75 2.3160229
1183.0 2.2716942
1186.25 2.2607150
1189.5 2.2858152
1192.75 2.2794616
1196.0 2.3320909
1199.25 2.3182809
1202.5 2.4641945
1205.75 2.4518309
1209.0 2.4728880
1212.25 2.4316547
1215.5 2.4331982
1218.75 2.4518096
1222.0 2.5569644
1225.25 2.7471054
1228.5 2.9189546
1231.75 3.0577774
1235.0 3.1078587
1238.25 3.2662997
1241.5 3.1192555
1244.75 2.8479302
1248.0 2.6012580
1251.25 2.4367125
1254.5 2.3581202
1257.75 2.2784278
1261.0 2.2035608
1264.25 2.1456017
1267.5 2.1269319
1270.75 2.0421314
1274.0 2.0053341
1277.25 1.9848782
1280.5 1.9995058
1283.75 2.0033402
1287.0 1.9526603
1290.25 1.9561553
1293.5 1.9619955
1296.75 1.9738764
1300.0 1.9206170
1303.25 1.9371822
1306.5 1.9779449
1309.75 1.8667337
1313.0 1.9118884
1316.25 1.9199294
1319.5 1.9023422
1322.75 1.9144245
1326.0 1.8800491
1329.25 1.8511877
1332.5 1.8985682
1335.75 1.9711810
1339.0 1.9281083
1342.25 1.9724468
1345.5 1.9518303
1348.75 1.9530687
1352.0 1.9381213
1355.25 1.9590771
1358.5 1.9495288
1361.75 1.9407344
1365.0 1.8751147
1368.25 1.8411483
1371.5 1.8614732
1374.75 1.8843864
1378.0 1.8013207
1381.25 1.8847606
1384.5 1.8158288
1387.75 1.8557603
1391.0 1.8354057
1394.25 1.8692904
1397.5 1.7777345
1400.75 1.8007228
1404.0 1.7957141
1407.25 1.8237454
1410.5 1.7303348
1413.75 1.7474303
1417.0 1.7774527
1420.25 1.6954104
1423.5 1.7238293
1426.75 1.6687276
1430.0 1.6193504
1433.25 1.6144540
1436.5 1.6095811
1439.75 1.6169538
1443.0 1.6235640
1446.25 1.6227744
1449.5 1.5969759
1452.75 1.5855615
1456.0 1.5808253
1459.25 1.5761119
1462.5 1.5926723
1465.75 1.5867243
1469.0 1.6067319
1472.25 1.6130515
1475.5 1.6090586
1478.75 1.6174004
1482.0 1.6289203
1485.25 1.6549593
1488.5 1.6885667
1491.75 1.6719681
1495.0 1.7126025
1498.25 1.7286836
1501.5 1.7396147
1504.75 1.7456663
1508.0 1.7544775
1511.25 1.7728827
1514.5 1.7782437
1517.75 1.7506517
1521.0 1.7316869
1524.25 1.6894900
1527.5 1.6818377
1530.75 1.6460270
1534.0 1.6666611
1537.25 1.6428331
1540.5 1.6289397
1543.75 1.6301544
1547.0 1.6168160
1550.25 1.6173466
1553.5 1.6176375
1556.75 1.6329054
1560.0 1.6677942
1563.25 1.6389607
1566.5 1.6945076
1569.75 1.7328705
1573.0 1.7806305
1576.25 1.7717960
1579.5 1.7180498
1582.75 1.7060281
1586.0 1.7080437
1589.25 1.6659192
1592.5 1.6316519
1595.75 1.6192051
1599.0 1.6097184
1602.25 1.6373276
1605.5 1.6673919
1608.75 1.6707450
1612.0 1.6567254
1615.25 1.6577517
1618.5 1.6442204
1621.75 1.6494358
1625.0 1.6296046
1628.25 1.6198186
1631.5 1.6187111
1634.75 1.6083009
1638.0 1.5851127
1641.25 1.5593963
1644.5 1.5711427
1647.75 1.5735533
1651.0 1.5714682
1654.25 1.5535465
1657.5 1.5387918
1660.75 1.5320985
1664.0 1.5218531
1667.25 1.5133587
1670.5 1.4978460
1673.75 1.4751581
1677.0 1.4801383
1680.25 1.4778006
1683.5 1.4590340
1686.75 1.4185231
1690.0 1.4526000
1693.25 1.4566658
1696.5 1.4454699
1699.75 1.4430890
1703.0 1.4531568
1706.25 1.4240271
1709.5 1.4222517
1712.75 1.3922758
1716.0 1.3683105
1719.25 1.3127695
1722.5 1.3046747
1725.75 1.3004606
1729.0 1.2857367
1732.25 1.3186462
1735.5 1.3358070
1738.75 1.3366437
1742.0 1.3060030
1745.25 1.3173556
1748.5 1.3211434
1751.75 1.3369255
1755.0 1.3351376
1758.25 1.3640366
1761.5 1.4016021
1764.75 1.4118528
1768.0 1.3917240
1771.25 1.4322748
1774.5 1.4492810
1777.75 1.4458131
1781.0 1.4512029
1784.25 1.5078036
1787.5 1.5426395
1790.75 1.5325171
1794.0 1.5595045
1797.25 1.5219011
1800.5 1.5578264
1803.75 1.6089907
1807.0 1.7406911
1810.25 1.8950045
1813.5 2.1356876
1816.75 2.3805208
1820.0 2.4532652
1823.25 2.3254540
1826.5 2.0569301
1829.75 1.8275492
1833.0 1.6845756
1836.25 1.6129417
1839.5 1.5561932
1842.75 1.5119296
1846.0 1.4767557
1849.25 1.4430342
1852.5 1.4309574
1855.75 1.4001844
1859.0 1.3733425
1862.25 1.3429968
1865.5 1.3251342
1868.75 1.3193711
1872.0 1.2799232
1875.25 1.2807097
1878.5 1.2472469
1881.75 1.2374973
1885.0 1.2345206
1888.25 1.1820618
1891.5 1.1982398
1894.75 1.1959205
1898.0 1.2119175
1901.25 1.2435861
1904.5 1.2536591
1907.75 1.2563744
1911.0 1.2538015
1914.25 1.2609601
1917.5 1.2422353
1920.75 1.2437918
1924.0 1.2587568
1927.25 1.2386906
1930.5 1.2414012
1933.75 1.2176646
1937.0 1.2235560
1940.25 1.1926616
1943.5 1.1712359
1946.75 1.1489083
1950.0 1.1371875
1953.25 1.1086587
1956.5 1.0962058
1959.75 1.0650095
1963.0 1.0432785
1966.25 1.0379043
1969.5 1.0465713
1972.75 1.0317876
1976.0 1.0526856
1979.25 1.0570461
1982.5 1.0592386
1985.75 1.0579689
1989.0 1.0577376
1992.25 1.0775609
1995.5 1.0652682
1998.75 1.0851498
2002.0 1.0828108
2005.25 1.0774025
2008.5 1.0645602
2011.75 1.0742793
2015.0 1.0655943
2018.25 1.0871651
2021.5 1.1135743
2024.75 1.1154041
2028.0 1.1588236
2031.25 1.1670049
2034.5 1.1653234
2037.75 1.1481900
2041.0 1.1459271
2044.25 1.1026088
2047.5 1.1259246
2050.75 1.1137370
2054.0 1.1105337
2057.25 1.1233075
2060.5 1.1517823
2063.75 1.1517560
2067.0 1.1650153
2070.25 1.1711237
2073.5 1.1790473
2076.75 1.1663220
2080.0 1.1708177
2083.25 1.1522640
2086.5 1.1641279
2089.75 1.1486313
2093.0 1.1134377
2096.25 1.1128138
2099.5 1.1253918
2102.75 1.0946795
2106.0 1.0919410
2109.25 1.0917078
2112.5 1.0900090
2115.75 1.1062475
2119.0 1.1003205
2122.25 1.0806308
2125.5 1.0774775
2128.75 1.0981100
2132.0 1.0949869
2135.25 1.0864724
2138.5 1.1053196
2141.75 1.0730318
2145.0 1.0587320
2148.25 1.0435493
2151.5 1.0325078
2154.75 1.0237726
2158.0 1.0017227
2161.25 0.99681520
2164.5 1.0076200
2167.75 1.0156223
2171.0 1.0277182
2174.25 1.0588027
2177.5 1.0218316
2180.75 1.0066713
2184.0 0.99952340
2187.25 0.99385685
2190.5 0.98138595
2193.75 1.0037464
2197.0 0.99917960
2200.25 1.0053414
2203.5 0.99505568
2206.75 0.99722868
2210.0 0.99688804
2213.25 1.0187877
2216.5 1.0238498
2219.75 1.0402496
2223.0 1.0730488
2226.25 1.1157157
2229.5 1.0621175
2232.75 1.0207988
2236.0 1.0256944
2239.25 1.0090157
2242.5 0.97130430
2245.75 0.98128253
2249.0 0.98320758
2252.25 0.95502144
2255.5 0.94769323
2258.75 0.92580026
2262.0 0.91187066
2265.25 0.93550068
2268.5 0.93202436
2271.75 0.91800618
2275.0 0.93514001
2278.25 0.91088116
2281.5 0.89543551
2284.75 0.89426523
2288.0 0.87843096
2291.25 0.86310488
2294.5 0.84571415
2297.75 0.85559630
2301.0 0.85276151
2304.25 0.82738107
2307.5 0.83392358
2310.75 0.84661168
2314.0 0.85149807
2317.25 0.83467776
2320.5 0.84920657
2323.75 0.86959159
2327.0 0.85252929
2330.25 0.87032002
2333.5 0.84464288
2336.75 0.84590697
2340.0 0.83266580
2343.25 0.84267515
2346.5 0.84690195
2349.75 0.82953519
2353.0 0.85179073
2356.25 0.83673507
2359.5 0.82860535
2362.75 0.83516979
2366.0 0.81639141
2369.25 0.82463610
2372.5 0.81738037
2375.75 0.82211065
2379.0 0.82683194
2382.25 0.81505901
2385.5 0.80738640
2388.75 0.80444545
2392.0 0.80006647
2395.25 0.79454577
2398.5 0.79441023
2401.75 0.80483949
2405.0 0.80299962
2408.25 0.80156893
2411.5 0.78557342
2414.75 0.78789324
2418.0 0.82035798
2421.25 0.92395067
2424.5 0.95907927
2427.75 0.80992794
2431.0 0.78062969
2434.25 0.77987987
2437.5 0.77002847
2440.75 0.79707086
2444.0 0.77420557
2447.25 0.75664729
2450.5 0.76131988
2453.75 0.75215274
2457.0 0.74169916
2460.25 0.73338228
2463.5 0.72379941
2466.75 0.68399262
2470.0 0.69459289
2473.25 0.68108994
2476.5 0.71033543
2479.75 0.70813513
2483.0 0.70006204
2486.25 0.69262010
2489.5 0.68703514
2492.75 0.70412219
2496.0 0.68927026
2499.25 0.70032471
2502.5 0.71050608
2505.75 0.72175252
2509.0 0.74995059
2512.25 0.80666924
2515.5 0.83975446
2518.75 0.75423342
2522.0 0.70437372
2525.25 0.72913742
2528.5 0.73449862
2531.75 0.69574052
2535.0 0.68042636
2538.25 0.68099326
2541.5 0.66861171
2544.75 0.66424167
2548.0 0.65150517
2551.25 0.63225043
2554.5 0.61097562
2557.75 0.60634607
2561.0 0.62441516
2564.25 0.64265257
2567.5 0.64410967
2570.75 0.65091562
2574.0 0.66656011
2577.25 0.66671354
2580.5 0.66220921
2583.75 0.63977557
2587.0 0.64208859
2590.25 0.63836813
2593.5 0.61152595
2596.75 0.61896926
2600.0 0.59787315
2603.25 0.59755802
2606.5 0.58687401
2609.75 0.59931111
2613.0 0.60658705
2616.25 0.59520268
2619.5 0.57618290
2622.75 0.57524228
2626.0 0.57225460
2629.25 0.56519938
2632.5 0.58206135
2635.75 0.56951332
2639.0 0.58382112
2642.25 0.59510219
2645.5 0.63102829
2648.75 0.62096399
2652.0 0.61697787
2655.25 0.64389050
2658.5 0.65255272
2661.75 0.67495531
2665.0 0.71734202
2668.25 0.69598216
2671.5 0.66084927
2674.75 0.65720385
2678.0 0.62749583
2681.25 0.61149311
2684.5 0.60481650
2687.75 0.59438795
2691.0 0.57426047
2694.25 0.55188632
2697.5 0.54518723
2700.75 0.54746109
2704.0 0.56232381
2707.25 0.55753100
2710.5 0.55363512
2713.75 0.56554890
2717.0 0.54575503
2720.25 0.53858924
2723.5 0.54823059
2726.75 0.53541261
2730.0 0.52937305
2733.25 0.52827609
2736.5 0.52718258
2739.75 0.52932221
2743.0 0.53342324
2746.25 0.53071195
2749.5 0.52846622
2752.75 0.55772442
2756.0 0.55408430
2759.25 0.56223977
2762.5 0.55193877
2765.75 0.53837103
2769.0 0.52948803
2772.25 0.55294383
2775.5 0.55232531
2778.75 0.54810727
2782.0 0.57315850
2785.25 0.55766976
2788.5 0.57542384
2791.75 0.60645032
2795.0 0.59569126
2798.25 0.60759681
2801.5 0.61844337
2804.75 0.64345556
2808.0 0.68393844
2811.25 0.69116968
2814.5 0.72909683
2817.75 0.78880572
2821.0 0.81766808
2824.25 0.82078570
2827.5 0.76286310
2830.75 0.74891502
2834.0 0.74108839
2837.25 0.70482063
2840.5 0.67263472
2843.75 0.61574209
2847.0 0.60263669
2850.25 0.57840413
2853.5 0.56648213
2856.75 0.58059579
2860.0 0.56452209
2863.25 0.55468357
2866.5 0.55501425
2869.75 0.54181635
2873.0 0.53776944
2876.25 0.53474683
2879.5 0.50152755
2882.75 0.51847488
2886.0 0.51560056
2889.25 0.52852219
2892.5 0.51685059
2895.75 0.51437783
2899.0 0.53732347
2902.25 0.54486549
2905.5 0.56519610
2908.75 0.55678159
2912.0 0.55231285
2915.25 0.53137386
2918.5 0.56040007
2921.75 0.56141627
2925.0 0.56464094
2928.25 0.56035906
2931.5 0.58120966
2934.75 0.60571265
2938.0 0.60110825
2941.25 0.57622248
2944.5 0.56236619
2947.75 0.54851240
2951.0 0.55210191
2954.25 0.59248739
2957.5 0.57614625
2960.75 0.56887877
2964.0 0.59067780
2967.25 0.58547235
2970.5 0.54196763
2973.75 0.57093859
2977.0 0.59337580
2980.25 0.56761438
2983.5 0.55654824
2986.75 0.56509459
2990.0 0.54376304
2993.25 0.53087580
2996.5 0.53237700
2999.75 0.54909927
3003.0 0.56877649
3006.25 0.56818342
3009.5 0.55658406
3012.75 0.56325591
3016.0 0.54622221
3019.25 0.55504614
3022.5 0.53801453
3025.75 0.56595296
3029.0 0.53242564
3032.25 0.54945141
3035.5 0.52632302
3038.75 0.53099251
3042.0 0.53485823
3045.25 0.55221027
3048.5 0.50341558
3051.75 0.50209463
3055.0 0.47182852
3058.25 0.46564457
3061.5 0.45890975
3064.75 0.46990076
3068.0 0.46813518
3071.25 0.46650901
3074.5 0.45791700
3077.75 0.46463063
3081.0 0.46917880
3084.25 0.45910126
3087.5 0.44348204
3090.75 0.44721138
3094.0 0.44880891
3097.25 0.44624588
3100.5 0.45297125
3103.75 0.45849687
3107.0 0.46653217
3110.25 0.46453738
3113.5 0.46065286
3116.75 0.46938506
3120.0 0.48261544
3123.25 0.48268807
3126.5 0.48688003
3129.75 0.50485998
3133.0 0.53435475
3136.25 0.53658694
3139.5 0.57645231
3142.75 0.58148414
3146.0 0.60063517
3149.25 0.64519387
3152.5 0.67142534
3155.75 0.75082517
3159.0 0.81858271
3162.25 0.79232949
3165.5 0.73870802
3168.75 0.68566406
3172.0 0.64830595
3175.25 0.61578381
3178.5 0.57485390
3181.75 0.56433028
3185.0 0.55847406
3188.25 0.53878105
3191.5 0.50850177
3194.75 0.52342832
3198.0 0.50612015
3201.25 0.49812740
3204.5 0.48948887
3207.75 0.47609541
3211.0 0.47068447
3214.25 0.48270223
3217.5 0.48258117
3220.75 0.56918114
3224.0 0.62191451
3227.25 0.51961690
3230.5 0.46127993
3233.75 0.44886488
3237.0 0.44489458
3240.25 0.43375626
3243.5 0.46175405
3246.75 0.50422984
3250.0 0.61248654
3253.25 0.86250299
3256.5 0.86011213
3259.75 0.57812536
3263.0 0.48646837
3266.25 0.45712987
3269.5 0.44437310
3272.75 0.43369636
3276.0 0.42517409
3279.25 0.42525688
3282.5 0.42205524
3285.75 0.42246011
3289.0 0.42169344
3292.25 0.41462079
3295.5 0.40982226
3298.75 0.40962803
3302.0 0.39378318
3305.25 0.38551018
3308.5 0.40226853
3311.75 0.39847165
3315.0 0.40324059
3318.25 0.38681099
3321.5 0.38979369
3324.75 0.38418049
3328.0 0.39741260
3331.25 0.39025685
3334.5 0.38003632
3337.75 0.38857713
3341.0 0.38598436
3344.25 0.39756873
3347.5 0.39945787
3350.75 0.41528380
3354.0 0.42408022
3357.25 0.41792876
3360.5 0.40567374
3363.75 0.42333969
3367.0 0.40565190
3370.25 0.39542642
3373.5 0.39604896
3376.75 0.41821936
3380.0 0.41022918
3383.25 0.38846207
3386.5 0.39339340
3389.75 0.39684668
3393.0 0.40334287
3396.25 0.39663634
3399.5 0.40023527
3402.75 0.39849976
3406.0 0.40052938
3409.25 0.38575223
3412.5 0.39212745
3415.75 0.40469059
3419.0 0.38508064
3422.25 0.39579788
3425.5 0.39723247
3428.75 0.39415753
3432.0 0.39456004
3435.25 0.39724168
3438.5 0.39448813
3441.75 0.40949005
3445.0 0.39074951
3448.25 0.38237405
3451.5 0.41796228
3454.75 0.38999051
3458.0 0.40796474
3461.25 0.39749414
3464.5 0.38549903
3467.75 0.37988427
3471.0 0.37541270
3474.25 0.38649997
3477.5 0.36614347
3480.75 0.36922690
3484.0 0.37283230
3487.25 0.36864009
3490.5 0.35118440
3493.75 0.35747233
3497.0 0.36593923
3500.25 0.36501083
3503.5 0.35376143
3506.75 0.35491148
3510.0 0.35177594
3513.25 0.34481934
3516.5 0.35155126
3519.75 0.35854661
3523.0 0.35597980
3526.25 0.34714022
3529.5 0.34194642
3532.75 0.33669972
3536.0 0.34823042
3539.25 0.33560839
3542.5 0.35813513
3545.75 0.33742565
3549.0 0.33881503
3552.25 0.33344212
3555.5 0.33290392
3558.75 0.33236709
3562.0 0.33183151
3565.25 0.33928031
3568.5 0.34060851
3571.75 0.34828940
3575.0 0.33964396
3578.25 0.34051001
3581.5 0.32864627
3584.75 0.32811993
3588.0 0.33731648
3591.25 0.34714779
3594.5 0.34113479
3597.75 0.33266944
3601.0 0.34561366
3604.25 0.35100418
3607.5 0.33325699
3610.75 0.33689076
3614.0 0.32344139
3617.25 0.32292792
3620.5 0.32928827
3623.75 0.32372880
3627.0 0.35376415
3630.25 0.33759379
3633.5 0.32825938
3636.75 0.36635420
3640.0 0.36134896
3643.25 0.34490344
3646.5 0.33847842
3649.75 0.32302722
3653.0 0.32246751
3656.25 0.31686321
3659.5 0.32711610
3662.75 0.31586957
3666.0 0.31729212
3669.25 0.31488073
3672.5 0.31733349
3675.75 0.31389663
3679.0 0.31553158
3682.25 0.31426513
3685.5 0.31242934
3688.75 0.32319888
3692.0 0.31831181
3695.25 0.31097287
3698.5 0.31048962
3701.75 0.31000760
3705.0 0.30952671
3708.25 0.30904695
3711.5 0.30856839
3714.75 0.30809096
3718.0 0.31433645
3721.25 0.30713949
3724.5 0.30755565
3727.75 0.30619255
3731.0 0.30748609
3734.25 0.30535269
3737.5 0.30478051
3740.75 0.30765277
3744.0 0.31185964
3747.25 0.31326550
3750.5 0.31026551
3753.75 0.30965728
3757.0 0.30868605
3760.25 0.30434996
3763.5 0.30678102
3766.75 0.30469829
3770.0 0.30403402
3773.25 0.31072587
3776.5 0.32425842
3779.75 0.30827361
3783.0 0.31888649
3786.25 0.31264466
3789.5 0.32223284
3792.75 0.31460431
3796.0 0.32473370
3799.25 0.31947401
3802.5 0.32085264
3805.75 0.33010584
3809.0 0.32202503
3812.25 0.32810065
3815.5 0.33884528
3818.75 0.36474395
3822.0 0.35631916
3825.25 0.34936357
3828.5 0.35118300
3831.75 0.32015616
3835.0 0.31472105
3838.25 0.32930270
3841.5 0.32340571
3844.75 0.31208003
3848.0 0.31370568
3851.25 0.31536350
3854.5 0.31570870
3857.75 0.31008300
3861.0 0.31613600
3864.25 0.32256800
3867.5 0.30265811
3870.75 0.30582780
3874.0 0.30366173
3877.25 0.31334004
3880.5 0.29554456
3883.75 0.29865542
3887.0 0.29778627
3890.25 0.29666391
3893.5 0.29874107
3896.75 0.29809347
3900.0 0.29731047
3903.25 0.29995027
3906.5 0.29504883
3909.75 0.29253972
3913.0 0.28735748
3916.25 0.28707391
3919.5 0.28234637
3922.75 0.28778356
3926.0 0.28835866
3929.25 0.29163170
3932.5 0.29394695
3935.75 0.28270259
3939.0 0.28873244
3942.25 0.29735687
3945.5 0.29384366
3948.75 0.29672721
3952.0 0.30209410
3955.25 0.29710042
3958.5 0.29925856
3961.75 0.29329923
3965.0 0.30799586
3968.25 0.28315899
3971.5 0.27370495
3974.75 0.27781561
3978.0 0.27406719
3981.25 0.27551240
3984.5 0.27585998
3987.75 0.28124231
3991.0 0.28640655
3994.25 0.27336669
3997.5 0.28101650
4000.75 0.28858158
4004.0 0.27791438
4007.25 0.27324343
4010.5 0.26900581
4013.75 0.26861989
4017.0 0.26972404
4020.25 0.28561109
4023.5 0.27208498
4026.75 0.27365583
4030.0 0.26670325
4033.25 0.26733974
4036.5 0.26707706
4039.75 0.27138707
4043.0 0.26861599
4046.25 0.27470851
4049.5 0.27559701
4052.75 0.26930931
4056.0 0.26742503
4059.25 0.26699233
4062.5 0.27466038
4065.75 0.27291325
4069.0 0.26712120
4072.25 0.26515123
4075.5 0.26307848
4078.75 0.26177916
4082.0 0.26391715
4085.25 0.26619291
4088.5 0.27495578
4091.75 0.27870324
4095.0 0.28394437
4098.25 0.29293901
4101.5 0.28119612
4104.75 0.26738739
4108.0 0.26823166
4111.25 0.26543304
4114.5 0.26126611
4117.75 0.26531339
4121.0 0.27317932
4124.25 0.27602476
4127.5 0.26740709
4130.75 0.26946327
4134.0 0.27346620
4137.25 0.27837634
4140.5 0.28257066
4143.75 0.26862019
4147.0 0.27125275
4150.25 0.27625880
4153.5 0.27705649
4156.75 0.27113888
4160.0 0.27063009
4163.25 0.27462080
4166.5 0.27434179
4169.75 0.27132484
4173.0 0.27796048
4176.25 0.27508694
4179.5 0.27894264
4182.75 0.28559044
4186.0 0.28157312
4189.25 0.28974137
4192.5 0.28507131
4195.75 0.30440018
4199.0 0.30661941
4202.25 0.31461290
4205.5 0.32343316
4208.75 0.32208669
4212.0 0.32863078
4215.25 0.34702688
4218.5 0.34891301
4221.75 0.36407241
4225.0 0.38084650
4228.25 0.40417305
4231.5 0.43118376
4234.75 0.46378025
4238.0 0.50869215
4241.25 0.56479269
4244.5 0.63345522
4247.75 0.71435404
4251.0 0.83743674
4254.25 0.98381507
4257.5 1.1681721
4260.75 1.3540463
4264.0 1.5925747
4267.25 1.6364611
4270.5 1.3992927
4273.75 1.1645046
4277.0 1.0593290
4280.25 0.99762613
4283.5 0.86382085
4286.75 0.72864741
4290.0 0.65634978
4293.25 0.59860516
4296.5 0.54581523
4299.75 0.50558245
4303.0 0.48095471
4306.25 0.45025516
4309.5 0.41916326
4312.75 0.39332774
4316.0 0.36738154
4319.25 0.34519625
4322.5 0.33815342
4325.75 0.33116505
4329.0 0.31447321
4332.25 0.31240419
4335.5 0.30650526
4338.75 0.30681378
4342.0 0.31217903
4345.25 0.31126469
4348.5 0.30474430
4351.75 0.29482383
4355.0 0.30950764
4358.25 0.31741971
4361.5 0.32384267
4364.75 0.35658070
4368.0 0.35468930
4371.25 0.33061776
4374.5 0.33390301
4377.75 0.33789149
4381.0 0.32814026
4384.25 0.30279502
4387.5 0.27812797
4390.75 0.27536163
4394.0 0.26835304
4397.25 0.26017609
4400.5 0.25851521
4403.75 0.25127590
4407.0 0.24017677
4410.25 0.23881230
4413.5 0.23995373
4416.75 0.23950201
4420.0 0.22830908
4423.25 0.22614416
4426.5 0.22585103
4429.75 0.23305254
4433.0 0.24219668
4436.25 0.23257354
4439.5 0.22916149
4442.75 0.22846079
4446.0 0.22410095
4449.25 0.22381149
4452.5 0.22352262
4455.75 0.23858176
4459.0 0.22946246
4462.25 0.23106888
4465.5 0.22237304
4468.75 0.22208709
4472.0 0.22609970
4475.25 0.23331176
4478.5 0.23145792
4481.75 0.22597797
4485.0 0.22822244
4488.25 0.22839271
4491.5 0.22666059
4494.75 0.21982086
4498.0 0.21954016
4501.25 0.21926007
4504.5 0.22100890
4507.75 0.21870159
4511.0 0.21842320
4514.25 0.21814543
4517.5 0.22326972
4520.75 0.21759151
4524.0 0.21731539
4527.25 0.21703984
4530.5 0.21999390
4533.75 0.21649042
4537.0 0.21621656
4540.25 0.21594326
4543.5 0.21567051
4546.75 0.22146133
4550.0 0.21641858
4553.25 0.22831556
4556.5 0.21620899
4559.75 0.21617183
4563.0 0.21404567
4566.25 0.21377678
4569.5 0.22900298
4572.75 0.23757629
4576.0 0.22929731
4579.25 0.24631116
4582.5 0.22771409
4585.75 0.25619262
4589.0 0.24113142
4592.25 0.22277907
4595.5 0.24790314
4598.75 0.23090483
4602.0 0.22516306
4605.25 0.22701065
4608.5 0.21980569
4611.75 0.21666983
4615.0 0.20980832
4618.25 0.20954800
4621.5 0.21252678
4624.75 0.22046344
4628.0 0.20877023
4631.25 0.20851205
4634.5 0.20825437
4637.75 0.20799720
4641.0 0.22872290
4644.25 0.21242887
4647.5 0.20722878
4650.75 0.20697372
4654.0 0.21043506
4657.25 0.20898305
4660.5 0.20621142
4663.75 0.20595843
4667.0 0.21177213
4670.25 0.21830942
4673.5 0.23036897
4676.75 0.20495124
4680.0 0.22671400
4683.25 0.20504145
4686.5 0.21466710
4689.75 0.20395212
4693.0 0.21772429
4696.25 0.21196948
4699.5 0.21150684
4702.75 0.21567485
4706.0 0.22569743
4709.25 0.21498616
4712.5 0.20222290
4715.75 0.21581550
4719.0 0.23888768
4722.25 0.20148915
4725.5 0.20124558
4728.75 0.20158020
4732.0 0.20075980
4735.25 0.20051768
4738.5 0.20027600
4741.75 0.21985070
4745.0 0.21412569
4748.25 0.19955392
4751.5 0.19931419
4754.75 0.20996985
4758.0 0.22465855
4761.25 0.19859780
4764.5 0.20022979
4767.75 0.24470273
4771.0 0.21040264
4774.25 0.20855242
4777.5 0.19741334
4780.75 0.22428720
4784.0 0.23967062
4787.25 0.22890866
4790.5 0.25173891
4793.75 0.24641113
4797.0 0.25964591
4800.25 0.22563981
4803.5 0.23408850
4806.75 0.28824797
4810.0 0.25848627
4813.25 0.24801825
4816.5 0.22445260
4819.75 0.21686326
4823.0 0.26801977
4826.25 0.25560775
4829.5 0.24723952
4832.75 0.23024538
4836.0 0.20597896
4839.25 0.23273896
4842.5 0.19279139
4845.75 0.19256505
4849.0 0.19233915
4852.25 0.19211376
4855.5 0.19188879
4858.75 0.19166422
4862.0 0.19144018
4865.25 0.19121647
4868.5 0.19099326
4871.75 0.19077048
4875.0 0.19054817
4878.25 0.19032627
4881.5 0.19010480
4884.75 0.18988378
4888.0 0.18966322
4891.25 0.18944308
4894.5 0.18922336
4897.75 0.18900408
4901.0 0.18878523
4904.25 0.18856680
4907.5 0.18834883
4910.75 0.18813126
4914.0 0.18791416
4917.25 0.18769746
4920.5 0.18748114
4923.75 0.18726528
4927.0 0.18704987
4930.25 0.18683489
4933.5 0.18662027
4936.75 0.18640609
4940.0 0.18619241
4943.25 0.18597907
4946.5 0.18576618
4949.75 0.18555368
4953.0 0.18534163
4956.25 0.18512996
4959.5 0.18491875
4962.75 0.18470795
4966.0 0.18449758
4969.25 0.18428755
4972.5 0.18407798
4975.75 0.18386881
4979.0 0.18366005
4982.25 0.18345170
4985.5 0.18324377
4988.75 0.18303625
4992.0 0.18282911
4995.25 0.18262243
4998.5 0.18241613
5001.75 0.18221022
5005.0 0.18200469
5008.25 0.18179959
5011.5 0.18159494
5014.75 0.18139060
5018.0 0.18118674
5021.25 0.18098323
5024.5 0.18078008
5027.75 0.18057741
5031.0 0.18037516
5034.25 0.18017322
5037.5 0.17997168
5040.75 0.17977062
5044.0 0.17956987
5047.25 0.17936949
5050.5 0.17916957
5053.75 0.17897010
5057.0 0.17877088
5060.25 0.17857212
5063.5 0.17837375
5066.75 0.17817579
5070.0 0.17797820
5073.25 0.17778094
5076.5 0.17758410
5079.75 0.17738773
5083.0 0.17719163
5086.25 0.17699593
5089.5 0.17680065
5092.75 0.17660569
5096.0 0.17641123
5099.25 0.17621706
5102.5 0.17602326
5105.75 0.17582992
5109.0 0.17563690
5112.25 0.17544429
5115.5 0.17525202
5118.75 0.17506014
5122.0 0.17486861
5125.25 0.17467748
5128.5 0.17448673
5131.75 0.17429635
5135.0 0.17410631
5138.25 0.17391668
5141.5 0.17372741
5144.75 0.17353852
5148.0 0.17334999
5151.25 0.17316180
5154.5 0.17297398
5157.75 0.17278661
5161.0 0.17259949
5164.25 0.17241283
5167.5 0.17222647
5170.75 0.17204049
5174.0 0.17185488
5177.25 0.17166966
5180.5 0.17148481
5183.75 0.17130029
5187.0 0.17111613
5190.25 0.17093232
5193.5 0.17074889
5196.75 0.17056580
5200.0 0.17038307
5203.25 0.17020074
5206.5 0.17001870
5209.75 0.16983706
5213.0 0.16965578
5216.25 0.16947484
5219.5 0.16929421
5222.75 0.16911399
5226.0 0.16893408
5229.25 0.16875461
5232.5 0.16857541
5235.75 0.16839658
5239.0 0.16821808
5242.25 0.16803993
5245.5 0.16786219
5248.75 0.16768476
5252.0 0.16750765
5255.25 0.16733092
5258.5 0.16715452
5261.75 0.16697851
5265.0 0.16680275
5268.25 0.16662741
5271.5 0.16645239
5274.75 0.16627771
5278.0 0.16610338
5281.25 0.16592941
5284.5 0.16575573
5287.75 0.16558240
5291.0 0.16540945
5294.25 0.16523679
5297.5 0.16506450
5300.75 0.16489255
5304.0 0.16472092
5307.25 0.16454966
5310.5 0.16437867
5313.75 0.16420810
5317.0 0.16403778
5320.25 0.16386785
5323.5 0.16369823
5326.75 0.16352895
5330.0 0.16336003
5333.25 0.16319136
5336.5 0.16302310
5339.75 0.16285513
5343.0 0.16268748
5346.25 0.16252021
5349.5 0.16235326
5352.75 0.16218661
5356.0 0.16202027
5359.25 0.16185431
5362.5 0.16168864
5365.75 0.16152331
5369.0 0.16135828
5372.25 0.16119356
5375.5 0.16102922
5378.75 0.16086519
5382.0 0.16070142
5385.25 0.16053805
5388.5 0.16037498
5391.75 0.16021220
5395.0 0.16004977
5398.25 0.15988767
5401.5 0.15972587
5404.75 0.15956436
5408.0 0.15940323
5411.25 0.15924238
5414.5 0.15908182
5417.75 0.15892163
5421.0 0.15876174
5424.25 0.15860213
5427.5 0.15844287
5430.75 0.15828392
5434.0 0.15812528
5437.25 0.15796693
5440.5 0.15780891
5443.75 0.15765119
5447.0 0.15749380
5450.25 0.15733673
5453.5 0.15717997
5456.75 0.15702352
5460.0 0.15686733
5463.25 0.15671149
5466.5 0.15655597
5469.75 0.15640074
5473.0 0.15624578
5476.25 0.15609118
5479.5 0.15593690
5482.75 0.15578283
5486.0 0.15562913
5489.25 0.15547572
5492.5 0.15532266
5495.75 0.15516986
5499.0 0.15501736
5502.25 0.15486515
5505.5 0.15471330
5508.75 0.15456168
5512.0 0.15441039
5515.25 0.15425943
5518.5 0.15410875
5521.75 0.15395831
5525.0 0.15380824
5528.25 0.15365843
5531.5 0.15350892
5534.75 0.15335974
5538.0 0.15321083
5541.25 0.15306221
5544.5 0.15291391
5547.75 0.15276590
5551.0 0.15261817
5554.25 0.15247077
5557.5 0.15232360
5560.75 0.15217677
5564.0 0.15203020
5567.25 0.15188394
5570.5 0.15173796
5573.75 0.15159231
5577.0 0.15144688
5580.25 0.15130179
5583.5 0.15115698
5586.75 0.15101244
5590.0 0.15086822
5593.25 0.15072429
5596.5 0.15058063
5599.75 0.15043727
5603.0 0.15029415
5606.25 0.15015137
5609.5 0.15000884
5612.75 0.14986661
5616.0 0.14972466
5619.25 0.14958300
5622.5 0.14944163
5625.75 0.14930055
5629.0 0.14915973
5632.25 0.14901920
5635.5 0.14887893
5638.75 0.14873897
5642.0 0.14859927
5645.25 0.14845988
5648.5 0.14832076
5651.75 0.14818187
5655.0 0.14804332
5658.25 0.14790501
5661.5 0.14776701
5664.75 0.14762928
5668.0 0.14749181
5671.25 0.14735460
5674.5 0.14721774
5677.75 0.14708109
5681.0 0.14694475
5684.25 0.14680865
5687.5 0.14667284
5690.75 0.14653730
5694.0 0.14640205
5697.25 0.14626706
5700.5 0.14613235
5703.75 0.14599787
5707.0 0.14586371
5710.25 0.14572984
5713.5 0.14559622
5716.75 0.14546281
5720.0 0.14532971
5723.25 0.14519693
5726.5 0.14506438
5729.75 0.14493206
5733.0 0.14480005
5736.25 0.14466828
5739.5 0.14453681
5742.75 0.14440559
5746.0 0.14427465
5749.25 0.14414395
5752.5 0.14401354
5755.75 0.14388339
5759.0 0.14375351
5762.25 0.14362389
5765.5 0.14349455
5768.75 0.14336544
5772.0 0.14323659
5775.25 0.14310801
5778.5 0.14297973
5781.75 0.14285168
5785.0 0.14272386
5788.25 0.14259633
5791.5 0.14246908
5794.75 0.14234203
5798.0 0.14221534
5801.25 0.14208883
5804.5 0.14196259
5807.75 0.14183661
5811.0 0.14171092
5814.25 0.14158545
5817.5 0.14146025
5820.75 0.14133531
5824.0 0.14121062
5827.25 0.14108618
5830.5 0.14096202
5833.75 0.14083807
5837.0 0.14071441
5840.25 0.14059101
5843.5 0.14046785
5846.75 0.14034496
5850.0 0.14022230
5853.25 0.14009990
5856.5 0.13997777
5859.75 0.13985585
5863.0 0.13973421
5866.25 0.13961282
5869.5 0.13949168
5872.75 0.13937078
5876.0 0.13925014
5879.25 0.13912973
5882.5 0.13900961
5885.75 0.13888972
5889.0 0.13877006
5892.25 0.13865066
5895.5 0.13853151
5898.75 0.13841261
5902.0 0.13829394
5905.25 0.13817556
5908.5 0.13805740
5911.75 0.13793947
5915.0 0.13782176
5918.25 0.13770434
5921.5 0.13758717
5924.75 0.13747020
5928.0 0.13735354
5931.25 0.13723707
5934.5 0.13712087
5937.75 0.13700491
5941.0 0.13688914
5944.25 0.13677366
5947.5 0.13665845
5950.75 0.13654344
5954.0 0.13642864
5957.25 0.13631414
5960.5 0.13619988
5963.75 0.13608582
5967.0 0.13597199
5970.25 0.13585846
5973.5 0.13574512
5976.75 0.13563204
5980.0 0.13551916
5983.25 0.13540655
5986.5 0.13529420
5989.75 0.13518204
5993.0 0.13507013
5996.25 0.13495849
5999.5 0.13484704
