300.0 0.0
370.0 0.0000000
373.7 0.0000000
377.4 0.0000000
381.1 0.0000000
384.8 0.0000000
388.5 0.0000000
392.2 0.0000000
395.9 0.0000000
399.6 0.0000000
403.3 0.0000000
407.0 0.0000000
410.7 0.0000000
414.4 0.0000000
418.1 0.0000000
421.8 0.0000000
425.5 0.0000000
429.2 0.0000000
432.9 0.0000000
436.6 0.0000000
440.3 0.0000000
444.0 0.0000000
447.7 0.0000000
451.4 0.0000000
455.1 0.0000000
458.8 0.0000000
462.5 0.0000000
466.2 0.0000000
469.9 0.0000000
473.6 0.0000000
477.3 0.0000000
481.0 0.0000000
484.7 0.0000000
488.4 0.0000000
492.1 0.0000000
495.8 0.0000000
499.5 0.0000000
503.2 0.0000000
506.9 0.0000000
510.6 0.0000000
514.3 0.0000000
518.0 0.0000000
521.7 0.0000000
525.4 0.0000000
529.1 0.0000000
532.8 0.0000000
536.5 0.0000000
540.2 0.0000000
543.9 0.0000000
547.6 0.0000000
551.3 0.0000000
555.0 0.0000000
558.7 0.0000000
562.4 0.0000000
566.1 0.0000000
569.8 0.0000000
573.5 0.0000000
577.2 0.0000000
580.9 0.0000000
584.6 0.0000000
588.3 0.0000000
592.0 0.0000000
595.7 0.0000000
599.4 0.0000000
603.1 0.0000000
606.8 0.0000000
610.5 0.0000000
614.2 0.0000000
617.9 0.0000000
621.6 0.0000000
625.3 0.0000000
629.0 0.0000000
632.7 0.0000000
636.4 0.0000000
640.1 0.0000000
643.8 0.0000000
647.5 0.0000000
651.2 0.0000000
654.9 0.0000000
658.6 0.0000000
662.3 0.0000000
666.0 0.0000000
669.7 0.0000000
673.4 0.0000000
677.1 9.87074897E-02
680.8 8.64830315E-02
684.5 7.54697248E-02
688.2 6.55814111E-02
691.9 5.67444600E-02
695.6 4.88846824E-02
699.3 4.19166647E-02
703.0 3.57727855E-02
706.7 3.03813536E-02
710.4 2.56712474E-02
714.1 2.15827897E-02
717.8 1.80499051E-02
721.5 8.01908225E-02
725.2 7.08362833E-02
728.9 6.23507425E-02
732.6 5.46879210E-02
736.3 4.77942340E-02
740.0 4.56381030E-02
743.7 4.14851308E-02
747.4 3.58315110E-02
751.1 3.32150795E-02
754.8 3.13231833E-02
758.5 2.98964549E-02
762.2 0.63862026
765.9 0.63179910
769.6 0.52036041
773.3 0.42164016
777.0 0.38459465
780.7 0.36428863
784.4 0.35676989
788.1 0.35156631
791.8 0.32622242
795.5 0.27518302
799.2 0.25675264
802.9 0.21214013
806.6 0.17843930
810.3 0.15221021
814.0 0.13491784
817.7 0.12564524
821.4 0.11025616
825.1 0.10261720
828.8 9.61234868E-02
832.5 8.47594440E-02
836.2 6.83277845E-02
839.9 5.96141852E-02
843.6 4.88359556E-02
847.3 4.40866277E-02
851.0 3.88773642E-02
854.7 3.32017317E-02
858.4 2.90900189E-02
862.1 2.62831468E-02
865.8 2.38308199E-02
869.5 2.23222077E-02
873.2 2.00630557E-02
876.9 1.81560554E-02
880.6 1.66540854E-02
884.3 1.57315359E-02
888.0 1.52020166E-02
891.7 1.53787434E-02
895.4 1.60622001E-02
899.1 1.82659868E-02
902.8 9.9542027
906.5 8.0277100
910.2 7.4660311
913.9 7.4415679
917.6 6.9511924
921.3 5.5491619
925.0 4.7777705
928.7 4.4806800
932.4 4.2760625
936.1 3.9874136
939.8 3.6310704
943.5 3.3926952
947.2 3.3054790
950.9 3.3053503
954.6 3.3498964
958.3 3.3636057
962.0 3.6083744
965.7 3.6553223
969.4 3.4890699
973.1 3.1711595
976.8 3.1834219
980.5 3.1464763
984.2 3.2136383
987.9 3.2606118
991.6 3.2126524
995.3 3.0893371
999.0 3.0406811
1002.7 3.1294923
1006.4 3.1024039
1010.1 3.1464157
1013.8 3.0981913
1017.5 3.1629639
1021.2 3.3357372
1024.9 3.5144582
1028.6 3.7636051
1032.3 3.8240888
1036.0 3.8693829
1039.7 3.5105605
1043.4 3.2702746
1047.1 3.0907023
1050.8 3.0089610
1054.5 2.9887726
1058.2 2.8473449
1061.9 2.8050265
1065.6 2.7821145
1069.3 2.7553546
1073.0 2.7986205
1076.7 2.7656868
1080.4 2.7008977
1084.1 2.7758749
1087.8 2.7220101
1091.5 2.7585092
1095.2 2.8184090
1098.9 2.8539054
1102.6 2.9171147
1106.3 2.9066534
1110.0 2.9924395
1113.7 3.0522346
1117.4 3.1198702
1121.1 3.2309642
1124.8 3.4644823
1128.5 3.7782512
1132.2 4.1378760
1135.9 4.5951262
1139.6 5.1630964
1143.3 5.4933319
1147.0 4.9756041
1150.7 4.2119441
1154.4 3.6320224
1158.1 3.3265612
1161.8 3.1698782
1165.5 3.0773938
1169.2 2.9254267
1172.9 2.9085751
1176.6 2.8148203
1180.3 2.8637540
1184.0 2.8648944
1187.7 2.8483171
1191.4 2.8727906
1195.1 2.8303275
1198.8 2.8663774
1202.5 2.8993514
1206.2 2.8972573
1209.9 2.9525945
1213.6 2.8319404
1217.3 2.8060892
1221.0 2.7631674
1224.7 2.8018870
1228.4 2.8079834
1232.1 2.7616150
1235.8 2.6159132
1239.5 2.5258081
1243.2 2.4847794
1246.9 2.4336324
1250.6 2.4323204
1254.3 2.4205246
1258.0 2.4107308
1261.7 2.4435086
1265.4 2.4306722
1269.1 2.4644513
1272.8 2.4706991
1276.5 2.4610567
1280.2 2.4277384
1283.9 2.4534051
1287.6 2.4593303
1291.3 2.5208004
1295.0 2.4752941
1298.7 2.4305971
1302.4 2.3191082
1306.1 2.3494182
1309.8 2.3556929
1313.5 2.3200498
1317.2 2.3940952
1320.9 2.4124668
1324.6 2.3448353
1328.3 2.3008027
1332.0 2.2998118
1335.7 2.2958348
1339.4 2.2908385
1343.1 2.3160229
1346.8 2.2716942
1350.5 2.2607150
1354.2 2.2858152
1357.9 2.2794616
1361.6 2.3320909
1365.3 2.3182809
1369.0 2.4641945
1372.7 2.4518309
1376.4 2.4728880
1380.1 2.4316547
1383.8 2.4331982
1387.5 2.4518096
1391.2 2.5569644
1394.9 2.7471054
1398.6 2.9189546
1402.3 3.0577774
1406.0 3.1078587
1409.7 3.2662997
1413.4 3.1192555
1417.1 2.8479302
1420.8 2.6012580
1424.5 2.4367125
1428.2 2.3581202
1431.9 2.2784278
1435.6 2.2035608
1439.3 2.1456017
1443.0 2.1269319
1446.7 2.0421314
1450.4 2.0053341
1454.1 1.9848782
1457.8 1.9995058
1461.5 2.0033402
1465.2 1.9526603
1468.9 1.9561553
1472.6 1.9619955
1476.3 1.9738764
1480.0 1.9206170
1483.7 1.9371822
1487.4 1.9779449
1491.1 1.8667337
1494.8 1.9118884
1498.5 1.9199294
1502.2 1.9023422
1505.9 1.9144245
1509.6 1.8800491
1513.3 1.8511877
1517.0 1.8985682
1520.7 1.9711810
1524.4 1.9281083
1528.1 1.9724468
1531.8 1.9518303
1535.5 1.9530687
1539.2 1.9381213
1542.9 1.9590771
1546.6 1.9495288
1550.3 1.9407344
1554.0 1.8751147
1557.7 1.8411483
1561.4 1.8614732
1565.1 1.8843864
1568.8 1.8013207
1572.5 1.8847606
1576.2 1.8158288
1579.9 1.8557603
1583.6 1.8354057
1587.3 1.8692904
1591.0 1.7777345
1594.7 1.8007228
1598.4 1.7957141
1602.1 1.8237454
1605.8 1.7303348
1609.5 1.7474303
1613.2 1.7774527
1616.9 1.6954104
1620.6 1.7238293
1624.3 1.6687276
1628.0 1.6193504
1631.7 1.6144540
1635.4 1.6095811
1639.1 1.6169538
1642.8 1.6235640
1646.5 1.6227744
1650.2 1.5969759
1653.9 1.5855615
1657.6 1.5808253
1661.3 1.5761119
1665.0 1.5926723
1668.7 1.5867243
1672.4 1.6067319
1676.1 1.6130515
1679.8 1.6090586
1683.5 1.6174004
1687.2 1.6289203
1690.9 1.6549593
1694.6 1.6885667
1698.3 1.6719681
1702.0 1.7126025
1705.7 1.7286836
1709.4 1.7396147
1713.1 1.7456663
1716.8 1.7544775
1720.5 1.7728827
1724.2 1.7782437
1727.9 1.7506517
1731.6 1.7316869
1735.3 1.6894900
1739.0 1.6818377
1742.7 1.6460270
1746.4 1.6666611
1750.1 1.6428331
1753.8 1.6289397
1757.5 1.6301544
1761.2 1.6168160
1764.9 1.6173466
1768.6 1.6176375
1772.3 1.6329054
1776.0 1.6677942
1779.7 1.6389607
1783.4 1.6945076
1787.1 1.7328705
1790.8 1.7806305
1794.5 1.7717960
1798.2 1.7180498
1801.9 1.7060281
1805.6 1.7080437
1809.3 1.6659192
1813.0 1.6316519
1816.7 1.6192051
1820.4 1.6097184
1824.1 1.6373276
1827.8 1.6673919
1831.5 1.6707450
1835.2 1.6567254
1838.9 1.6577517
1842.6 1.6442204
1846.3 1.6494358
1850.0 1.6296046
1853.7 1.6198186
1857.4 1.6187111
1861.1 1.6083009
1864.8 1.5851127
1868.5 1.5593963
1872.2 1.5711427
1875.9 1.5735533
1879.6 1.5714682
1883.3 1.5535465
1887.0 1.5387918
1890.7 1.5320985
1894.4 1.5218531
1898.1 1.5133587
1901.8 1.4978460
1905.5 1.4751581
1909.2 1.4801383
1912.9 1.4778006
1916.6 1.4590340
1920.3 1.4185231
1924.0 1.4526000
1927.7 1.4566658
1931.4 1.4454699
1935.1 1.4430890
1938.8 1.4531568
1942.5 1.4240271
1946.2 1.4222517
1949.9 1.3922758
1953.6 1.3683105
1957.3 1.3127695
1961.0 1.3046747
1964.7 1.3004606
1968.4 1.2857367
1972.1 1.3186462
1975.8 1.3358070
1979.5 1.3366437
1983.2 1.3060030
1986.9 1.3173556
1990.6 1.3211434
1994.3 1.3369255
1998.0 1.3351376
2001.7 1.3640366
2005.4 1.4016021
2009.1 1.4118528
2012.8 1.3917240
2016.5 1.4322748
2020.2 1.4492810
2023.9 1.4458131
2027.6 1.4512029
2031.3 1.5078036
2035.0 1.5426395
2038.7 1.5325171
2042.4 1.5595045
2046.1 1.5219011
2049.8 1.5578264
2053.5 1.6089907
2057.2 1.7406911
2060.9 1.8950045
2064.6 2.1356876
2068.3 2.3805208
2072.0 2.4532652
2075.7 2.3254540
2079.4 2.0569301
2083.1 1.8275492
2086.8 1.6845756
2090.5 1.6129417
2094.2 1.5561932
2097.9 1.5119296
2101.6 1.4767557
2105.3 1.4430342
2109.0 1.4309574
2112.7 1.4001844
2116.4 1.3733425
2120.1 1.3429968
2123.8 1.3251342
2127.5 1.3193711
2131.2 1.2799232
2134.9 1.2807097
2138.6 1.2472469
2142.3 1.2374973
2146.0 1.2345206
2149.7 1.1820618
2153.4 1.1982398
2157.1 1.1959205
2160.8 1.2119175
2164.5 1.2435861
2168.2 1.2536591
2171.9 1.2563744
2175.6 1.2538015
2179.3 1.2609601
2183.0 1.2422353
2186.7 1.2437918
2190.4 1.2587568
2194.1 1.2386906
2197.8 1.2414012
2201.5 1.2176646
2205.2 1.2235560
2208.9 1.1926616
2212.6 1.1712359
2216.3 1.1489083
2220.0 1.1371875
2223.7 1.1086587
2227.4 1.0962058
2231.1 1.0650095
2234.8 1.0432785
2238.5 1.0379043
2242.2 1.0465713
2245.9 1.0317876
2249.6 1.0526856
2253.3 1.0570461
2257.0 1.0592386
2260.7 1.0579689
2264.4 1.0577376
2268.1 1.0775609
2271.8 1.0652682
2275.5 1.0851498
2279.2 1.0828108
2282.9 1.0774025
2286.6 1.0645602
2290.3 1.0742793
2294.0 1.0655943
2297.7 1.0871651
2301.4 1.1135743
2305.1 1.1154041
2308.8 1.1588236
2312.5 1.1670049
2316.2 1.1653234
2319.9 1.1481900
2323.6 1.1459271
2327.3 1.1026088
2331.0 1.1259246
2334.7 1.1137370
2338.4 1.1105337
2342.1 1.1233075
2345.8 1.1517823
2349.5 1.1517560
2353.2 1.1650153
2356.9 1.1711237
2360.6 1.1790473
2364.3 1.1663220
2368.0 1.1708177
2371.7 1.1522640
2375.4 1.1641279
2379.1 1.1486313
2382.8 1.1134377
2386.5 1.1128138
2390.2 1.1253918
2393.9 1.0946795
2397.6 1.0919410
2401.3 1.0917078
2405.0 1.0900090
2408.7 1.1062475
2412.4 1.1003205
2416.1 1.0806308
2419.8 1.0774775
2423.5 1.0981100
2427.2 1.0949869
2430.9 1.0864724
2434.6 1.1053196
2438.3 1.0730318
2442.0 1.0587320
2445.7 1.0435493
2449.4 1.0325078
2453.1 1.0237726
2456.8 1.0017227
2460.5 0.99681520
2464.2 1.0076200
2467.9 1.0156223
2471.6 1.0277182
2475.3 1.0588027
2479.0 1.0218316
2482.7 1.0066713
2486.4 0.99952340
2490.1 0.99385685
2493.8 0.98138595
2497.5 1.0037464
2501.2 0.99917960
2504.9 1.0053414
2508.6 0.99505568
2512.3 0.99722868
2516.0 0.99688804
2519.7 1.0187877
2523.4 1.0238498
2527.1 1.0402496
2530.8 1.0730488
2534.5 1.1157157
2538.2 1.0621175
2541.9 1.0207988
2545.6 1.0256944
2549.3 1.0090157
2553.0 0.97130430
2556.7 0.98128253
2560.4 0.98320758
2564.1 0.95502144
2567.8 0.94769323
2571.5 0.92580026
2575.2 0.91187066
2578.9 0.93550068
2582.6 0.93202436
2586.3 0.91800618
2590.0 0.93514001
2593.7 0.91088116
2597.4 0.89543551
2601.1 0.89426523
2604.8 0.87843096
2608.5 0.86310488
2612.2 0.84571415
2615.9 0.85559630
2619.6 0.85276151
2623.3 0.82738107
2627.0 0.83392358
2630.7 0.84661168
2634.4 0.85149807
2638.1 0.83467776
2641.8 0.84920657
2645.5 0.86959159
2649.2 0.85252929
2652.9 0.87032002
2656.6 0.84464288
2660.3 0.84590697
2664.0 0.83266580
2667.7 0.84267515
2671.4 0.84690195
2675.1 0.82953519
2678.8 0.85179073
2682.5 0.83673507
2686.2 0.82860535
2689.9 0.83516979
2693.6 0.81639141
2697.3 0.82463610
2701.0 0.81738037
2704.7 0.82211065
2708.4 0.82683194
2712.1 0.81505901
2715.8 0.80738640
2719.5 0.80444545
2723.2 0.80006647
2726.9 0.79454577
2730.6 0.79441023
2734.3 0.80483949
2738.0 0.80299962
2741.7 0.80156893
2745.4 0.78557342
2749.1 0.78789324
2752.8 0.82035798
2756.5 0.92395067
2760.2 0.95907927
2763.9 0.80992794
2767.6 0.78062969
2771.3 0.77987987
2775.0 0.77002847
2778.7 0.79707086
2782.4 0.77420557
2786.1 0.75664729
2789.8 0.76131988
2793.5 0.75215274
2797.2 0.74169916
2800.9 0.73338228
2804.6 0.72379941
2808.3 0.68399262
2812.0 0.69459289
2815.7 0.68108994
2819.4 0.71033543
2823.1 0.70813513
2826.8 0.70006204
2830.5 0.69262010
2834.2 0.68703514
2837.9 0.70412219
2841.6 0.68927026
2845.3 0.70032471
2849.0 0.71050608
2852.7 0.72175252
2856.4 0.74995059
2860.1 0.80666924
2863.8 0.83975446
2867.5 0.75423342
2871.2 0.70437372
2874.9 0.72913742
2878.6 0.73449862
2882.3 0.69574052
2886.0 0.68042636
2889.7 0.68099326
2893.4 0.66861171
2897.1 0.66424167
2900.8 0.65150517
2904.5 0.63225043
2908.2 0.61097562
2911.9 0.60634607
2915.6 0.62441516
2919.3 0.64265257
2923.0 0.64410967
2926.7 0.65091562
2930.4 0.66656011
2934.1 0.66671354
2937.8 0.66220921
2941.5 0.63977557
2945.2 0.64208859
2948.9 0.63836813
2952.6 0.61152595
2956.3 0.61896926
2960.0 0.59787315
2963.7 0.59755802
2967.4 0.58687401
2971.1 0.59931111
2974.8 0.60658705
2978.5 0.59520268
2982.2 0.57618290
2985.9 0.57524228
2989.6 0.57225460
2993.3 0.56519938
2997.0 0.58206135
3000.7 0.56951332
3004.4 0.58382112
3008.1 0.59510219
3011.8 0.63102829
3015.5 0.62096399
3019.2 0.61697787
3022.9 0.64389050
3026.6 0.65255272
3030.3 0.67495531
3034.0 0.71734202
3037.7 0.69598216
3041.4 0.66084927
3045.1 0.65720385
3048.8 0.62749583
3052.5 0.61149311
3056.2 0.60481650
3059.9 0.59438795
3063.6 0.57426047
3067.3 0.55188632
3071.0 0.54518723
3074.7 0.54746109
3078.4 0.56232381
3082.1 0.55753100
3085.8 0.55363512
3089.5 0.56554890
3093.2 0.54575503
3096.9 0.53858924
3100.6 0.54823059
3104.3 0.53541261
3108.0 0.52937305
3111.7 0.52827609
3115.4 0.52718258
3119.1 0.52932221
3122.8 0.53342324
3126.5 0.53071195
3130.2 0.52846622
3133.9 0.55772442
3137.6 0.55408430
3141.3 0.56223977
3145.0 0.55193877
3148.7 0.53837103
3152.4 0.52948803
3156.1 0.55294383
3159.8 0.55232531
3163.5 0.54810727
3167.2 0.57315850
3170.9 0.55766976
3174.6 0.57542384
3178.3 0.60645032
3182.0 0.59569126
3185.7 0.60759681
3189.4 0.61844337
3193.1 0.64345556
3196.8 0.68393844
3200.5 0.69116968
3204.2 0.72909683
3207.9 0.78880572
3211.6 0.81766808
3215.3 0.82078570
3219.0 0.76286310
3222.7 0.74891502
3226.4 0.74108839
3230.1 0.70482063
3233.8 0.67263472
3237.5 0.61574209
3241.2 0.60263669
3244.9 0.57840413
3248.6 0.56648213
3252.3 0.58059579
3256.0 0.56452209
3259.7 0.55468357
3263.4 0.55501425
3267.1 0.54181635
3270.8 0.53776944
3274.5 0.53474683
3278.2 0.50152755
3281.9 0.51847488
3285.6 0.51560056
3289.3 0.52852219
3293.0 0.51685059
3296.7 0.51437783
3300.4 0.53732347
3304.1 0.54486549
3307.8 0.56519610
3311.5 0.55678159
3315.2 0.55231285
3318.9 0.53137386
3322.6 0.56040007
3326.3 0.56141627
3330.0 0.56464094
3333.7 0.56035906
3337.4 0.58120966
3341.1 0.60571265
3344.8 0.60110825
3348.5 0.57622248
3352.2 0.56236619
3355.9 0.54851240
3359.6 0.55210191
3363.3 0.59248739
3367.0 0.57614625
3370.7 0.56887877
3374.4 0.59067780
3378.1 0.58547235
3381.8 0.54196763
3385.5 0.57093859
3389.2 0.59337580
3392.9 0.56761438
3396.6 0.55654824
3400.3 0.56509459
3404.0 0.54376304
3407.7 0.53087580
3411.4 0.53237700
3415.1 0.54909927
3418.8 0.56877649
3422.5 0.56818342
3426.2 0.55658406
3429.9 0.56325591
3433.6 0.54622221
3437.3 0.55504614
3441.0 0.53801453
3444.7 0.56595296
3448.4 0.53242564
3452.1 0.54945141
3455.8 0.52632302
3459.5 0.53099251
3463.2 0.53485823
3466.9 0.55221027
3470.6 0.50341558
3474.3 0.50209463
3478.0 0.47182852
3481.7 0.46564457
3485.4 0.45890975
3489.1 0.46990076
3492.8 0.46813518
3496.5 0.46650901
3500.2 0.45791700
3503.9 0.46463063
3507.6 0.46917880
3511.3 0.45910126
3515.0 0.44348204
3518.7 0.44721138
3522.4 0.44880891
3526.1 0.44624588
3529.8 0.45297125
3533.5 0.45849687
3537.2 0.46653217
3540.9 0.46453738
3544.6 0.46065286
3548.3 0.46938506
3552.0 0.48261544
3555.7 0.48268807
3559.4 0.48688003
3563.1 0.50485998
3566.8 0.53435475
3570.5 0.53658694
3574.2 0.57645231
3577.9 0.58148414
3581.6 0.60063517
3585.3 0.64519387
3589.0 0.67142534
3592.7 0.75082517
3596.4 0.81858271
3600.1 0.79232949
3603.8 0.73870802
3607.5 0.68566406
3611.2 0.64830595
3614.9 0.61578381
3618.6 0.57485390
3622.3 0.56433028
3626.0 0.55847406
3629.7 0.53878105
3633.4 0.50850177
3637.1 0.52342832
3640.8 0.50612015
3644.5 0.49812740
3648.2 0.48948887
3651.9 0.47609541
3655.6 0.47068447
3659.3 0.48270223
3663.0 0.48258117
3666.7 0.56918114
3670.4 0.62191451
3674.1 0.51961690
3677.8 0.46127993
3681.5 0.44886488
3685.2 0.44489458
3688.9 0.43375626
3692.6 0.46175405
3696.3 0.50422984
3700.0 0.61248654
3703.7 0.86250299
3707.4 0.86011213
3711.1 0.57812536
3714.8 0.48646837
3718.5 0.45712987
3722.2 0.44437310
3725.9 0.43369636
3729.6 0.42517409
3733.3 0.42525688
3737.0 0.42205524
3740.7 0.42246011
3744.4 0.42169344
3748.1 0.41462079
3751.8 0.40982226
3755.5 0.40962803
3759.2 0.39378318
3762.9 0.38551018
3766.6 0.40226853
3770.3 0.39847165
3774.0 0.40324059
3777.7 0.38681099
3781.4 0.38979369
3785.1 0.38418049
3788.8 0.39741260
3792.5 0.39025685
3796.2 0.38003632
3799.9 0.38857713
3803.6 0.38598436
3807.3 0.39756873
3811.0 0.39945787
3814.7 0.41528380
3818.4 0.42408022
3822.1 0.41792876
3825.8 0.40567374
3829.5 0.42333969
3833.2 0.40565190
3836.9 0.39542642
3840.6 0.39604896
3844.3 0.41821936
3848.0 0.41022918
3851.7 0.38846207
3855.4 0.39339340
3859.1 0.39684668
3862.8 0.40334287
3866.5 0.39663634
3870.2 0.40023527
3873.9 0.39849976
3877.6 0.40052938
3881.3 0.38575223
3885.0 0.39212745
3888.7 0.40469059
3892.4 0.38508064
3896.1 0.39579788
3899.8 0.39723247
3903.5 0.39415753
3907.2 0.39456004
3910.9 0.39724168
3914.6 0.39448813
3918.3 0.40949005
3922.0 0.39074951
3925.7 0.38237405
3929.4 0.41796228
3933.1 0.38999051
3936.8 0.40796474
3940.5 0.39749414
3944.2 0.38549903
3947.9 0.37988427
3951.6 0.37541270
3955.3 0.38649997
3959.0 0.36614347
3962.7 0.36922690
3966.4 0.37283230
3970.1 0.36864009
3973.8 0.35118440
3977.5 0.35747233
3981.2 0.36593923
3984.9 0.36501083
3988.6 0.35376143
3992.3 0.35491148
3996.0 0.35177594
3999.7 0.34481934
4003.4 0.35155126
4007.1 0.35854661
4010.8 0.35597980
4014.5 0.34714022
4018.2 0.34194642
4021.9 0.33669972
4025.6 0.34823042
4029.3 0.33560839
4033.0 0.35813513
4036.7 0.33742565
4040.4 0.33881503
4044.1 0.33344212
4047.8 0.33290392
4051.5 0.33236709
4055.2 0.33183151
4058.9 0.33928031
4062.6 0.34060851
4066.3 0.34828940
4070.0 0.33964396
4073.7 0.34051001
4077.4 0.32864627
4081.1 0.32811993
4084.8 0.33731648
4088.5 0.34714779
4092.2 0.34113479
4095.9 0.33266944
4099.6 0.34561366
4103.3 0.35100418
4107.0 0.33325699
4110.7 0.33689076
4114.4 0.32344139
4118.1 0.32292792
4121.8 0.32928827
4125.5 0.32372880
4129.2 0.35376415
4132.9 0.33759379
4136.6 0.32825938
4140.3 0.36635420
4144.0 0.36134896
4147.7 0.34490344
4151.4 0.33847842
4155.1 0.32302722
4158.8 0.32246751
4162.5 0.31686321
4166.2 0.32711610
4169.9 0.31586957
4173.6 0.31729212
4177.3 0.31488073
4181.0 0.31733349
4184.7 0.31389663
4188.4 0.31553158
4192.1 0.31426513
4195.8 0.31242934
4199.5 0.32319888
4203.2 0.31831181
4206.9 0.31097287
4210.6 0.31048962
4214.3 0.31000760
4218.0 0.30952671
4221.7 0.30904695
4225.4 0.30856839
4229.1 0.30809096
4232.8 0.31433645
4236.5 0.30713949
4240.2 0.30755565
4243.9 0.30619255
4247.6 0.30748609
4251.3 0.30535269
4255.0 0.30478051
4258.7 0.30765277
4262.4 0.31185964
4266.1 0.31326550
4269.8 0.31026551
4273.5 0.30965728
4277.2 0.30868605
4280.9 0.30434996
4284.6 0.30678102
4288.3 0.30469829
4292.0 0.30403402
4295.7 0.31072587
4299.4 0.32425842
4303.1 0.30827361
4306.8 0.31888649
4310.5 0.31264466
4314.2 0.32223284
4317.9 0.31460431
4321.6 0.32473370
4325.3 0.31947401
4329.0 0.32085264
4332.7 0.33010584
4336.4 0.32202503
4340.1 0.32810065
4343.8 0.33884528
4347.5 0.36474395
4351.2 0.35631916
4354.9 0.34936357
4358.6 0.35118300
4362.3 0.32015616
4366.0 0.31472105
4369.7 0.32930270
4373.4 0.32340571
4377.1 0.31208003
4380.8 0.31370568
4384.5 0.31536350
4388.2 0.31570870
4391.9 0.31008300
4395.6 0.31613600
4399.3 0.32256800
4403.0 0.30265811
4406.7 0.30582780
4410.4 0.30366173
4414.1 0.31334004
4417.8 0.29554456
4421.5 0.29865542
4425.2 0.29778627
4428.9 0.29666391
4432.6 0.29874107
4436.3 0.29809347
4440.0 0.29731047
4443.7 0.29995027
4447.4 0.29504883
4451.1 0.29253972
4454.8 0.28735748
4458.5 0.28707391
4462.2 0.28234637
4465.9 0.28778356
4469.6 0.28835866
4473.3 0.29163170
4477.0 0.29394695
4480.7 0.28270259
4484.4 0.28873244
4488.1 0.29735687
4491.8 0.29384366
4495.5 0.29672721
4499.2 0.30209410
4502.9 0.29710042
4506.6 0.29925856
4510.3 0.29329923
4514.0 0.30799586
4517.7 0.28315899
4521.4 0.27370495
4525.1 0.27781561
4528.8 0.27406719
4532.5 0.27551240
4536.2 0.27585998
4539.9 0.28124231
4543.6 0.28640655
4547.3 0.27336669
4551.0 0.28101650
4554.7 0.28858158
4558.4 0.27791438
4562.1 0.27324343
4565.8 0.26900581
4569.5 0.26861989
4573.2 0.26972404
4576.9 0.28561109
4580.6 0.27208498
4584.3 0.27365583
4588.0 0.26670325
4591.7 0.26733974
4595.4 0.26707706
4599.1 0.27138707
4602.8 0.26861599
4606.5 0.27470851
4610.2 0.27559701
4613.9 0.26930931
4617.6 0.26742503
4621.3 0.26699233
4625.0 0.27466038
4628.7 0.27291325
4632.4 0.26712120
4636.1 0.26515123
4639.8 0.26307848
4643.5 0.26177916
4647.2 0.26391715
4650.9 0.26619291
4654.6 0.27495578
4658.3 0.27870324
4662.0 0.28394437
4665.7 0.29293901
4669.4 0.28119612
4673.1 0.26738739
4676.8 0.26823166
4680.5 0.26543304
4684.2 0.26126611
4687.9 0.26531339
4691.6 0.27317932
4695.3 0.27602476
4699.0 0.26740709
4702.7 0.26946327
4706.4 0.27346620
4710.1 0.27837634
4713.8 0.28257066
4717.5 0.26862019
4721.2 0.27125275
4724.9 0.27625880
4728.6 0.27705649
4732.3 0.27113888
4736.0 0.27063009
4739.7 0.27462080
4743.4 0.27434179
4747.1 0.27132484
4750.8 0.27796048
4754.5 0.27508694
4758.2 0.27894264
4761.9 0.28559044
4765.6 0.28157312
4769.3 0.28974137
4773.0 0.28507131
4776.7 0.30440018
4780.4 0.30661941
4784.1 0.31461290
4787.8 0.32343316
4791.5 0.32208669
4795.2 0.32863078
4798.9 0.34702688
4802.6 0.34891301
4806.3 0.36407241
4810.0 0.38084650
4813.7 0.40417305
4817.4 0.43118376
4821.1 0.46378025
4824.8 0.50869215
4828.5 0.56479269
4832.2 0.63345522
4835.9 0.71435404
4839.6 0.83743674
4843.3 0.98381507
4847.0 1.1681721
4850.7 1.3540463
4854.4 1.5925747
4858.1 1.6364611
4861.8 1.3992927
4865.5 1.1645046
4869.2 1.0593290
4872.9 0.99762613
4876.6 0.86382085
4880.3 0.72864741
4884.0 0.65634978
4887.7 0.59860516
4891.4 0.54581523
4895.1 0.50558245
4898.8 0.48095471
4902.5 0.45025516
4906.2 0.41916326
4909.9 0.39332774
4913.6 0.36738154
4917.3 0.34519625
4921.0 0.33815342
4924.7 0.33116505
4928.4 0.31447321
4932.1 0.31240419
4935.8 0.30650526
4939.5 0.30681378
4943.2 0.31217903
4946.9 0.31126469
4950.6 0.30474430
4954.3 0.29482383
4958.0 0.30950764
4961.7 0.31741971
4965.4 0.32384267
4969.1 0.35658070
4972.8 0.35468930
4976.5 0.33061776
4980.2 0.33390301
4983.9 0.33789149
4987.6 0.32814026
4991.3 0.30279502
4995.0 0.27812797
4998.7 0.27536163
5002.4 0.26835304
5006.1 0.26017609
5009.8 0.25851521
5013.5 0.25127590
5017.2 0.24017677
5020.9 0.23881230
5024.6 0.23995373
5028.3 0.23950201
5032.0 0.22830908
5035.7 0.22614416
5039.4 0.22585103
5043.1 0.23305254
5046.8 0.24219668
5050.5 0.23257354
5054.2 0.22916149
5057.9 0.22846079
5061.6 0.22410095
5065.3 0.22381149
5069.0 0.22352262
5072.7 0.23858176
5076.4 0.22946246
5080.1 0.23106888
5083.8 0.22237304
5087.5 0.22208709
5091.2 0.22609970
5094.9 0.23331176
5098.6 0.23145792
5102.3 0.22597797
5106.0 0.22822244
5109.7 0.22839271
5113.4 0.22666059
5117.1 0.21982086
5120.8 0.21954016
5124.5 0.21926007
5128.2 0.22100890
5131.9 0.21870159
5135.6 0.21842320
5139.3 0.21814543
5143.0 0.22326972
5146.7 0.21759151
5150.4 0.21731539
5154.1 0.21703984
5157.8 0.21999390
5161.5 0.21649042
5165.2 0.21621656
5168.9 0.21594326
5172.6 0.21567051
5176.3 0.22146133
5180.0 0.21641858
5183.7 0.22831556
5187.4 0.21620899
5191.1 0.21617183
5194.8 0.21404567
5198.5 0.21377678
5202.2 0.22900298
5205.9 0.23757629
5209.6 0.22929731
5213.3 0.24631116
5217.0 0.22771409
5220.7 0.25619262
5224.4 0.24113142
5228.1 0.22277907
5231.8 0.24790314
5235.5 0.23090483
5239.2 0.22516306
5242.9 0.22701065
5246.6 0.21980569
5250.3 0.21666983
5254.0 0.20980832
5257.7 0.20954800
5261.4 0.21252678
5265.1 0.22046344
5268.8 0.20877023
5272.5 0.20851205
5276.2 0.20825437
5279.9 0.20799720
5283.6 0.22872290
5287.3 0.21242887
5291.0 0.20722878
5294.7 0.20697372
5298.4 0.21043506
5302.1 0.20898305
5305.8 0.20621142
5309.5 0.20595843
5313.2 0.21177213
5316.9 0.21830942
5320.6 0.23036897
5324.3 0.20495124
5328.0 0.22671400
5331.7 0.20504145
5335.4 0.21466710
5339.1 0.20395212
5342.8 0.21772429
5346.5 0.21196948
5350.2 0.21150684
5353.9 0.21567485
5357.6 0.22569743
5361.3 0.21498616
5365.0 0.20222290
5368.7 0.21581550
5372.4 0.23888768
5376.1 0.20148915
5379.8 0.20124558
5383.5 0.20158020
5387.2 0.20075980
5390.9 0.20051768
5394.6 0.20027600
5398.3 0.21985070
5402.0 0.21412569
5405.7 0.19955392
5409.4 0.19931419
5413.1 0.20996985
5416.8 0.22465855
5420.5 0.19859780
5424.2 0.20022979
5427.9 0.24470273
5431.6 0.21040264
5435.3 0.20855242
5439.0 0.19741334
5442.7 0.22428720
5446.4 0.23967062
5450.1 0.22890866
5453.8 0.25173891
5457.5 0.24641113
5461.2 0.25964591
5464.9 0.22563981
5468.6 0.23408850
5472.3 0.28824797
5476.0 0.25848627
5479.7 0.24801825
5483.4 0.22445260
5487.1 0.21686326
5490.8 0.26801977
5494.5 0.25560775
5498.2 0.24723952
5501.9 0.23024538
5505.6 0.20597896
5509.3 0.23273896
5513.0 0.19279139
5516.7 0.19256505
5520.4 0.19233915
5524.1 0.19211376
5527.8 0.19188879
5531.5 0.19166422
5535.2 0.19144018
5538.9 0.19121647
5542.6 0.19099326
5546.3 0.19077048
5550.0 0.19054817
5553.7 0.19032627
5557.4 0.19010480
5561.1 0.18988378
5564.8 0.18966322
5568.5 0.18944308
5572.2 0.18922336
5575.9 0.18900408
5579.6 0.18878523
5583.3 0.18856680
5587.0 0.18834883
5590.7 0.18813126
5594.4 0.18791416
5598.1 0.18769746
5601.8 0.18748114
5605.5 0.18726528
5609.2 0.18704987
5612.9 0.18683489
5616.6 0.18662027
5620.3 0.18640609
5624.0 0.18619241
5627.7 0.18597907
5631.4 0.18576618
5635.1 0.18555368
5638.8 0.18534163
5642.5 0.18512996
5646.2 0.18491875
5649.9 0.18470795
5653.6 0.18449758
5657.3 0.18428755
5661.0 0.18407798
5664.7 0.18386881
5668.4 0.18366005
5672.1 0.18345170
5675.8 0.18324377
5679.5 0.18303625
5683.2 0.18282911
5686.9 0.18262243
5690.6 0.18241613
5694.3 0.18221022
5698.0 0.18200469
5701.7 0.18179959
5705.4 0.18159494
5709.1 0.18139060
5712.8 0.18118674
5716.5 0.18098323
5720.2 0.18078008
5723.9 0.18057741
5727.6 0.18037516
5731.3 0.18017322
5735.0 0.17997168
5738.7 0.17977062
5742.4 0.17956987
5746.1 0.17936949
5749.8 0.17916957
5753.5 0.17897010
5757.2 0.17877088
5760.9 0.17857212
5764.6 0.17837375
5768.3 0.17817579
5772.0 0.17797820
5775.7 0.17778094
5779.4 0.17758410
5783.1 0.17738773
5786.8 0.17719163
5790.5 0.17699593
5794.2 0.17680065
5797.9 0.17660569
5801.6 0.17641123
5805.3 0.17621706
5809.0 0.17602326
5812.7 0.17582992
5816.4 0.17563690
5820.1 0.17544429
5823.8 0.17525202
5827.5 0.17506014
5831.2 0.17486861
5834.9 0.17467748
5838.6 0.17448673
5842.3 0.17429635
5846.0 0.17410631
5849.7 0.17391668
5853.4 0.17372741
5857.1 0.17353852
5860.8 0.17334999
5864.5 0.17316180
5868.2 0.17297398
5871.9 0.17278661
5875.6 0.17259949
5879.3 0.17241283
5883.0 0.17222647
5886.7 0.17204049
5890.4 0.17185488
5894.1 0.17166966
5897.8 0.17148481
5901.5 0.17130029
5905.2 0.17111613
5908.9 0.17093232
5912.6 0.17074889
5916.3 0.17056580
5920.0 0.17038307
5923.7 0.17020074
5927.4 0.17001870
5931.1 0.16983706
5934.8 0.16965578
5938.5 0.16947484
5942.2 0.16929421
5945.9 0.16911399
5949.6 0.16893408
5953.3 0.16875461
5957.0 0.16857541
5960.7 0.16839658
5964.4 0.16821808
5968.1 0.16803993
5971.8 0.16786219
5975.5 0.16768476
5979.2 0.16750765
5982.9 0.16733092
5986.6 0.16715452
5990.3 0.16697851
5994.0 0.16680275
5997.7 0.16662741
