300.0 0.0
375.0 0.0000000
378.75 0.0000000
382.5 0.0000000
386.25 0.0000000
390.0 0.0000000
393.75 0.0000000
397.5 0.0000000
401.25 0.0000000
405.0 0.0000000
408.75 0.0000000
412.5 0.0000000
416.25 0.0000000
420.0 0.0000000
423.75 0.0000000
427.5 0.0000000
431.25 0.0000000
435.0 0.0000000
438.75 0.0000000
442.5 0.0000000
446.25 0.0000000
450.0 0.0000000
453.75 0.0000000
457.5 0.0000000
461.25 0.0000000
465.0 0.0000000
468.75 0.0000000
472.5 0.0000000
476.25 0.0000000
480.0 0.0000000
483.75 0.0000000
487.5 0.0000000
491.25 0.0000000
495.0 0.0000000
498.75 0.0000000
502.5 0.0000000
506.25 0.0000000
510.0 0.0000000
513.75 0.0000000
517.5 0.0000000
521.25 0.0000000
525.0 0.0000000
528.75 0.0000000
532.5 0.0000000
536.25 0.0000000
540.0 0.0000000
543.75 0.0000000
547.5 0.0000000
551.25 0.0000000
555.0 0.0000000
558.75 0.0000000
562.5 0.0000000
566.25 0.0000000
570.0 0.0000000
573.75 0.0000000
577.5 0.0000000
581.25 0.0000000
585.0 0.0000000
588.75 0.0000000
592.5 0.0000000
596.25 0.0000000
600.0 0.0000000
603.75 0.0000000
607.5 0.0000000
611.25 0.0000000
615.0 0.0000000
618.75 0.0000000
622.5 0.0000000
626.25 0.0000000
630.0 0.0000000
633.75 0.0000000
637.5 0.0000000
641.25 0.0000000
645.0 0.0000000
648.75 0.0000000
652.5 0.0000000
656.25 0.0000000
660.0 0.0000000
663.75 0.0000000
667.5 0.0000000
671.25 0.0000000
675.0 0.0000000
678.75 0.0000000
682.5 0.0000000
686.25 6.01682663E-02
690.0 5.21136075E-02
693.75 4.49383184E-02
697.5 3.85714248E-02
701.25 3.29452381E-02
705.0 2.80029699E-02
708.75 2.36792304E-02
712.5 1.99193414E-02
716.25 1.66682657E-02
720.0 1.38701545E-02
723.75 1.14789493E-02
727.5 9.44524352E-03
731.25 4.92697060E-02
735.0 4.30654474E-02
738.75 3.74966934E-02
742.5 3.25211212E-02
746.25 2.80958973E-02
750.0 2.65115704E-02
753.75 2.38037407E-02
757.5 2.02989541E-02
761.25 1.85717065E-02
765.0 1.72808450E-02
768.75 1.62678901E-02
772.5 0.48086002
776.25 0.47463599
780.0 0.39025497
783.75 0.31715879
787.5 0.28879389
791.25 0.26809952
795.0 0.25115177
798.75 0.23557508
802.5 0.21144684
806.25 0.17614502
810.0 0.16356033
813.75 0.13421448
817.5 0.11170787
821.25 9.42584500E-02
825.0 8.26241672E-02
828.75 7.60648996E-02
832.5 6.59642741E-02
836.25 6.06528334E-02
840.0 5.61024174E-02
843.75 4.88251373E-02
847.5 3.88323888E-02
851.25 3.34135890E-02
855.0 2.69817878E-02
858.75 2.40010712E-02
862.5 2.08474603E-02
866.25 1.75290350E-02
870.0 1.51155526E-02
873.75 1.34351617E-02
877.5 1.19763343E-02
881.25 1.10229934E-02
885.0 9.73026827E-03
888.75 8.64375569E-03
892.5 7.77943479E-03
896.25 7.20649026E-03
900.0 6.82524499E-03
903.75 6.76259724E-03
907.5 6.91372855E-03
911.25 7.69165810E-03
915.0 8.7214613
918.75 7.0364118
922.5 6.5467324
926.25 6.5278959
930.0 6.1001554
933.75 4.8716965
937.5 4.1961217
941.25 3.9367292
945.0 3.7583988
948.75 3.5060370
952.5 3.1939247
956.25 2.9853721
960.0 2.9097176
963.75 2.9106843
967.5 2.9509983
971.25 2.9641616
975.0 3.1810172
978.75 3.2235682
982.5 3.0780528
986.25 2.7985876
990.0 2.8104026
993.75 2.7787590
997.5 2.8390601
1001.25 2.8815534
1005.0 2.8401425
1008.75 2.7320566
1012.5 2.6899366
1016.25 2.7694318
1020.0 2.7463753
1023.75 2.7862604
1027.5 2.7444584
1031.25 2.8027492
1035.0 2.9568055
1038.75 3.1162279
1042.5 3.3382108
1046.25 3.3929362
1050.0 3.4342065
1053.75 3.1167164
1057.5 2.9042919
1061.25 2.7456641
1065.0 2.6738694
1068.75 2.6567395
1072.5 2.5317905
1076.25 2.4949129
1080.0 2.4752743
1083.75 2.4521942
1087.5 2.4914351
1091.25 2.4628379
1095.0 2.4058442
1098.75 2.4733462
1102.5 2.4260492
1106.25 2.4592824
1110.0 2.5133979
1113.75 2.5457706
1117.5 2.6028845
1121.25 2.5942729
1125.0 2.6715779
1128.75 2.7257111
1132.5 2.7868724
1136.25 2.8868926
1140.0 3.0963781
1143.75 3.3777142
1147.5 3.7002008
1151.25 4.1101742
1155.0 4.6194186
1158.75 4.9161658
1162.5 4.4539914
1166.25 3.7713635
1170.0 3.2529383
1173.75 2.9801195
1177.5 2.8404746
1181.25 2.7582960
1185.0 2.6227436
1188.75 2.6082857
1192.5 2.5248353
1196.25 2.5693605
1200.0 2.5710127
1203.75 2.5567575
1207.5 2.5793493
1211.25 2.5418348
1215.0 2.5748253
1218.75 2.6050646
1222.5 2.6037979
1226.25 2.6541531
1230.0 2.5462892
1233.75 2.5236311
1237.5 2.4856036
1241.25 2.5210121
1245.0 2.5270736
1248.75 2.4859078
1252.5 2.3552835
1256.25 2.2746658
1260.0 2.2382159
1263.75 2.1926301
1267.5 2.1919312
1271.25 2.1817796
1275.0 2.1734257
1278.75 2.2034547
1282.5 2.1923521
1286.25 2.2232959
1290.0 2.2294078
1293.75 2.2211778
1297.5 2.1915693
1301.25 2.2152038
1305.0 2.2210169
1308.75 2.2770026
1312.5 2.2363591
1316.25 2.1964271
1320.0 2.0961070
1323.75 2.1239338
1327.5 2.1300364
1331.25 2.0982289
1335.0 2.1656275
1338.75 2.1826794
1342.5 2.1219094
1346.25 2.0824726
1350.0 2.0819826
1353.75 2.0787866
1357.5 2.0746641
1361.25 2.0978758
1365.0 2.0581164
1368.75 2.0485597
1372.5 2.0716972
1376.25 2.0663283
1380.0 2.1144331
1383.75 2.1023045
1387.5 2.2350392
1391.25 2.2242360
1395.0 2.2437508
1398.75 2.2067416
1402.5 2.2085440
1406.25 2.2258399
1410.0 2.3217208
1413.75 2.4948153
1417.5 2.6513548
1421.25 2.7779434
1425.0 2.8239398
1428.75 2.9684274
1432.5 2.8352885
1436.25 2.5891140
1440.0 2.3652680
1443.75 2.2160316
1447.5 2.1449242
1451.25 2.0727904
1455.0 2.0050201
1458.75 1.9526128
1462.5 1.9359475
1466.25 1.8592753
1470.0 1.8262758
1473.75 1.8081410
1477.5 1.8219620
1481.25 1.8259500
1485.0 1.7802367
1488.75 1.7839006
1492.5 1.7897031
1496.25 1.8010178
1500.0 1.7528840
1503.75 1.7684659
1507.5 1.8061490
1511.25 1.7050391
1515.0 1.7467331
1518.75 1.7545295
1522.5 1.7389008
1526.25 1.7503891
1530.0 1.7193931
1533.75 1.6934235
1537.5 1.7371999
1541.25 1.8040892
1545.0 1.7651042
1548.75 1.8061380
1552.5 1.7876972
1556.25 1.7892669
1560.0 1.7760030
1563.75 1.7956384
1567.5 1.7873149
1571.25 1.7796764
1575.0 1.7199103
1578.75 1.6891539
1582.5 1.7082016
1586.25 1.7296323
1590.0 1.6537725
1593.75 1.7307780
1597.5 1.6678613
1601.25 1.7049292
1605.0 1.6866130
1608.75 1.7181398
1612.5 1.6343558
1616.25 1.6558615
1620.0 1.6516241
1623.75 1.6777788
1627.5 1.5921963
1631.25 1.6082808
1635.0 1.6362704
1638.75 1.5610845
1642.5 1.5875958
1646.25 1.5371802
1650.0 1.4920157
1653.75 1.4878221
1657.5 1.4836464
1661.25 1.4907576
1665.0 1.4971670
1668.75 1.4967523
1672.5 1.4732641
1676.25 1.4630375
1680.0 1.4589684
1683.75 1.4549172
1687.5 1.4705046
1691.25 1.4653109
1695.0 1.4840882
1698.75 1.4902257
1702.5 1.4868351
1706.25 1.4948417
1710.0 1.5057877
1713.75 1.5301610
1717.5 1.5615413
1721.25 1.5464944
1725.0 1.5843883
1728.75 1.5995760
1732.5 1.6100017
1736.25 1.6159132
1740.0 1.6243802
1743.75 1.6417333
1747.5 1.6470100
1751.25 1.6217605
1755.0 1.6044935
1758.75 1.5656885
1762.5 1.5588872
1766.25 1.5259773
1770.0 1.5453916
1773.75 1.5235771
1777.5 1.5109684
1781.25 1.5123702
1785.0 1.5002675
1788.75 1.5010304
1792.5 1.5015701
1796.25 1.5160133
1800.0 1.5486802
1803.75 1.5221757
1807.5 1.5740421
1811.25 1.6099602
1815.0 1.6546218
1818.75 1.6466991
1822.5 1.5970242
1826.25 1.5861229
1830.0 1.5882694
1833.75 1.5493637
1837.5 1.5177522
1841.25 1.5064296
1845.0 1.4978565
1848.75 1.5238028
1852.5 1.5520422
1856.25 1.5554223
1860.0 1.5426261
1863.75 1.5438366
1867.5 1.5314867
1871.25 1.5365961
1875.0 1.5183690
1878.75 1.5094959
1882.5 1.5087076
1886.25 1.4992461
1890.0 1.4778669
1893.75 1.4541223
1897.5 1.4653085
1901.25 1.4677888
1905.0 1.4660748
1908.75 1.4495822
1912.5 1.4360392
1916.25 1.4300152
1920.0 1.4206725
1923.75 1.4129608
1927.5 1.3986919
1931.25 1.3777165
1935.0 1.3825784
1938.75 1.3806040
1942.5 1.3632776
1946.25 1.3256247
1950.0 1.3576733
1953.75 1.3616765
1957.5 1.3514113
1961.25 1.3493849
1965.0 1.3589994
1968.75 1.3319526
1972.5 1.3304862
1976.25 1.3026340
1980.0 1.2803972
1983.75 1.2286022
1987.5 1.2212019
1991.25 1.2174317
1995.0 1.2038194
1998.75 1.2348075
2002.5 1.2510542
2006.25 1.2520142
2010.0 1.2234851
2013.75 1.2342929
2017.5 1.2380142
2021.25 1.2529769
2025.0 1.2514741
2028.75 1.2787383
2032.5 1.3141345
2036.25 1.3239261
2040.0 1.3052282
2043.75 1.3434408
2047.5 1.3595755
2051.25 1.3565044
2055.0 1.3617433
2058.75 1.4150435
2062.5 1.4479287
2066.25 1.4386179
2070.0 1.4641445
2073.75 1.4290279
2077.5 1.4629520
2081.25 1.5111970
2085.0 1.6351048
2088.75 1.7802880
2092.5 2.0066590
2096.25 2.2369876
2100.0 2.3056402
2103.75 2.1857979
2107.5 1.9336452
2111.25 1.7182297
2115.0 1.5840075
2118.75 1.5168402
2122.5 1.4636554
2126.25 1.4222007
2130.0 1.3892864
2133.75 1.3577297
2137.5 1.3465325
2141.25 1.3177361
2145.0 1.2926326
2148.75 1.2642239
2152.5 1.2475600
2156.25 1.2422843
2160.0 1.2052860
2163.75 1.2061712
2167.5 1.1747959
2171.25 1.1657511
2175.0 1.1630847
2178.75 1.1137929
2182.5 1.1291693
2186.25 1.1271155
2190.0 1.1423255
2193.75 1.1723119
2197.5 1.1819446
2201.25 1.1846411
2205.0 1.1823510
2208.75 1.1892381
2212.5 1.1717118
2216.25 1.1733135
2220.0 1.1875650
2223.75 1.1687657
2227.5 1.1714549
2231.25 1.1491846
2235.0 1.1548736
2238.75 1.1258388
2242.5 1.1057360
2246.25 1.0847770
2250.0 1.0738286
2253.75 1.0470040
2257.5 1.0353569
2261.25 1.0060018
2265.0 0.98558176
2268.75 0.98061067
2272.5 0.98890585
2276.25 0.97504145
2280.0 0.99489653
2283.75 0.99912417
2287.5 1.0013028
2291.25 1.0002084
2295.0 1.0000954
2298.75 1.0189453
2302.5 1.0074269
2306.25 1.0263361
2310.0 1.0242304
2313.75 1.0192204
2317.5 1.0071757
2321.25 1.0164754
2325.0 1.0083612
2328.75 1.0288786
2332.5 1.0539792
2336.25 1.0558183
2340.0 1.0970293
2343.75 1.1048857
2347.5 1.1034044
2351.25 1.0872904
2355.0 1.0852557
2358.75 1.0443349
2362.5 1.0665241
2366.25 1.0550836
2370.0 1.0521526
2373.75 1.0643593
2377.5 1.0914465
2381.25 1.0915279
2385.0 1.1042011
2388.75 1.1100981
2392.5 1.1177166
2396.25 1.1057595
2400.0 1.1101280
2403.75 1.0926405
2407.5 1.1039956
2411.25 1.0894027
2415.0 1.0561236
2418.75 1.0556314
2422.5 1.0676632
2426.25 1.0386235
2430.0 1.0361218
2433.75 1.0359970
2437.5 1.0344808
2441.25 1.0499891
2445.0 1.0444595
2448.75 1.0258635
2452.5 1.0229635
2456.25 1.0426471
2460.0 1.0397763
2463.75 1.0317845
2467.5 1.0497777
2471.25 1.0192041
2475.0 1.0057119
2478.75 0.99137813
2482.5 0.98097599
2486.25 0.97276318
2490.0 0.95189607
2493.75 0.94731629
2497.5 0.95766866
2501.25 0.96535891
2505.0 0.97694159
2508.75 1.0065780
2512.5 0.97151482
2516.25 0.95718378
2520.0 0.95046932
2523.75 0.94516212
2527.5 0.93338215
2531.25 0.95473039
2535.0 0.95046765
2538.75 0.95641023
2542.5 0.94670516
2546.25 0.94885260
2550.0 0.94860828
2553.75 0.96952868
2557.5 0.97442740
2561.25 0.99011797
2565.0 1.0214213
2568.75 1.0621234
2572.5 1.0111830
2576.25 0.97192591
2580.0 0.97666705
2583.75 0.96086419
2587.5 0.92502779
2591.25 0.93460655
2595.0 0.93651587
2598.75 0.90974170
2602.5 0.90283352
2606.25 0.88204771
2610.0 0.86884588
2613.75 0.89143205
2617.5 0.88819003
2621.25 0.87490058
2625.0 0.89130026
2628.75 0.86824709
2632.5 0.85359132
2636.25 0.85254246
2640.0 0.83751225
2643.75 0.82296419
2647.5 0.80644482
2651.25 0.81593114
2655.0 0.81329054
2658.75 0.78914553
2662.5 0.79544663
2666.25 0.80761099
2670.0 0.81233418
2673.75 0.79634792
2677.5 0.81027085
2681.25 0.82978392
2685.0 0.81356388
2688.75 0.83060384
2692.5 0.80615872
2696.25 0.80742544
2700.0 0.79484570
2703.75 0.80446011
2707.5 0.80855495
2711.25 0.79203290
2715.0 0.81334209
2718.75 0.79902452
2722.5 0.79131907
2726.25 0.79764616
2730.0 0.77976811
2733.75 0.78769994
2737.5 0.78082550
2741.25 0.78540081
2745.0 0.78996801
2748.75 0.77877563
2752.5 0.77149963
2756.25 0.76874399
2760.0 0.76461369
2763.75 0.75939125
2767.5 0.75931531
2771.25 0.76933789
2775.0 0.76763296
2778.75 0.76631886
2782.5 0.75107920
2786.25 0.75334942
2790.0 0.78444517
2793.75 0.88356394
2797.5 0.91722018
2801.25 0.77463174
2805.0 0.74666148
2808.75 0.74599522
2812.5 0.73662204
2816.25 0.76254308
2820.0 0.74071842
2823.75 0.72396845
2827.5 0.72848827
2831.25 0.71976483
2835.0 0.70980889
2838.75 0.70189643
2842.5 0.69277114
2846.25 0.65471429
2850.0 0.66490477
2853.75 0.65202194
2857.5 0.68006402
2861.25 0.67800206
2865.0 0.67031634
2868.75 0.66323394
2872.5 0.65792876
2876.25 0.67433560
2880.0 0.66015476
2883.75 0.67078543
2887.5 0.68058121
2891.25 0.69139838
2895.0 0.71845651
2898.75 0.77284259
2902.5 0.80459166
2906.25 0.72269750
2910.0 0.67496520
2913.75 0.69873905
2917.5 0.70392108
2921.25 0.66681832
2925.0 0.65218163
2928.75 0.65276575
2932.5 0.64093727
2936.25 0.63678765
2940.0 0.62461621
2943.75 0.60619360
2947.5 0.58583170
2951.25 0.58142829
2955.0 0.59879154
2958.75 0.61631823
2962.5 0.61775321
2966.25 0.62431860
2970.0 0.63936257
2973.75 0.63954842
2977.5 0.63526583
2981.25 0.61378181
2985.0 0.61603779
2988.75 0.61250490
2992.5 0.58678520
2996.25 0.59396267
3000.0 0.57375282
3003.75 0.57348436
3007.5 0.56326395
3011.25 0.57523447
3015.0 0.58225232
3018.75 0.57135808
3022.5 0.55313247
3026.25 0.55226165
3030.0 0.54942518
3033.75 0.54268283
3037.5 0.55890530
3041.25 0.54688793
3045.0 0.56065953
3048.75 0.57152575
3052.5 0.60606313
3056.25 0.59643102
3060.0 0.59263605
3063.75 0.61852193
3067.5 0.62687820
3071.25 0.64843601
3075.0 0.68919599
3078.75 0.66871172
3082.5 0.63499099
3086.25 0.63152343
3090.0 0.60300982
3093.75 0.58766413
3097.5 0.58127987
3101.25 0.57128865
3105.0 0.55197382
3108.75 0.53049713
3112.5 0.52408624
3116.25 0.52630091
3120.0 0.54061860
3123.75 0.53603995
3127.5 0.53232306
3131.25 0.54380763
3135.0 0.52480298
3138.75 0.51794016
3142.5 0.52724010
3146.25 0.51494050
3150.0 0.50915897
3153.75 0.50813097
3157.5 0.50710613
3161.25 0.50919122
3165.0 0.51316339
3168.75 0.51058203
3172.5 0.50844812
3176.25 0.53662622
3180.0 0.53315169
3183.75 0.54102725
3187.5 0.53114247
3191.25 0.51811290
3195.0 0.50959051
3198.75 0.53219235
3202.5 0.53162444
3206.25 0.52759153
3210.0 0.55173343
3213.75 0.53685111
3217.5 0.55397063
3221.25 0.58387011
3225.0 0.57354069
3228.75 0.58503318
3232.5 0.59550697
3236.25 0.61962271
3240.0 0.65863925
3243.75 0.66563642
3247.5 0.70219755
3251.25 0.75974143
3255.0 0.78757948
3258.75 0.79062164
3262.5 0.73486400
3266.25 0.72146350
3270.0 0.71395886
3273.75 0.67905223
3277.5 0.64807475
3281.25 0.59328842
3285.0 0.58068925
3288.75 0.55736631
3292.5 0.54590446
3296.25 0.55953252
3300.0 0.54406822
3303.75 0.53461194
3307.5 0.53495634
3311.25 0.52226043
3315.0 0.51838440
3318.75 0.51549530
3322.5 0.48349497
3326.25 0.49985668
3330.0 0.49710912
3333.75 0.50959140
3337.5 0.49836132
3341.25 0.49600038
3345.0 0.51815051
3348.75 0.52544796
3352.5 0.54507953
3356.25 0.53698957
3360.0 0.53270435
3363.75 0.51253247
3367.5 0.54055446
3371.25 0.54155970
3375.0 0.54469538
3378.75 0.54058957
3382.5 0.56073022
3386.25 0.58439648
3390.0 0.57998061
3393.75 0.55599481
3397.5 0.54264951
3401.25 0.52930534
3405.0 0.53279322
3408.75 0.57179207
3412.5 0.55604672
3416.25 0.54905736
3420.0 0.57012230
3423.75 0.56512320
3427.5 0.52315390
3431.25 0.55114365
3435.0 0.57282829
3438.75 0.54798317
3442.5 0.53732347
3446.25 0.54559857
3450.0 0.52502602
3453.75 0.51260531
3457.5 0.51407731
3461.25 0.53024787
3465.0 0.54927343
3468.75 0.54872447
3472.5 0.53754562
3476.25 0.54401273
3480.0 0.52758372
3483.75 0.53612959
3487.5 0.51970071
3491.25 0.54671156
3495.0 0.51434594
3498.75 0.53081626
3502.5 0.50849390
3506.25 0.51302689
3510.0 0.51678371
3513.75 0.53357190
3517.5 0.48644462
3521.25 0.48518851
3525.0 0.45596063
3528.75 0.45000345
3532.5 0.44351336
3536.25 0.45415452
3540.0 0.45246693
3543.75 0.45091385
3547.5 0.44262737
3551.25 0.44913536
3555.0 0.45355049
3558.75 0.44382685
3562.5 0.42874485
3566.25 0.43236795
3570.0 0.43393013
3573.75 0.43146965
3577.5 0.43799007
3581.25 0.44335091
3585.0 0.45113897
3588.75 0.44922811
3592.5 0.44548956
3596.25 0.45395249
3600.0 0.46676660
3603.75 0.46685550
3607.5 0.47092873
3611.25 0.48833901
3615.0 0.51688915
3618.75 0.51906896
3622.5 0.55765486
3626.25 0.56254476
3630.0 0.58109492
3633.75 0.62422848
3637.5 0.64963305
3641.25 0.72648412
3645.0 0.79207593
3648.75 0.76670259
3652.5 0.71484327
3656.25 0.66353863
3660.0 0.62741023
3663.75 0.59595931
3667.5 0.55636847
3671.25 0.54620427
3675.0 0.54055685
3678.75 0.52151555
3682.5 0.49222538
3686.25 0.50669348
3690.0 0.48995724
3693.75 0.48223805
3697.5 0.47389296
3701.25 0.46094361
3705.0 0.45572203
3708.75 0.46737534
3712.5 0.46727562
3716.25 0.55114961
3720.0 0.60223490
3723.75 0.50319302
3727.5 0.44671655
3731.25 0.43470961
3735.0 0.43088043
3738.75 0.42010850
3742.5 0.44724184
3746.25 0.48840064
3750.0 0.59328061
3753.75 0.83548784
3757.5 0.83320224
3761.25 0.56005824
3765.0 0.47128278
3768.75 0.44287619
3772.5 0.43053275
3776.25 0.42020375
3780.0 0.41196147
3783.75 0.41205651
3787.5 0.40896893
3791.25 0.40937591
3795.0 0.40864760
3798.75 0.40180808
3802.5 0.39717197
3806.25 0.39699784
3810.0 0.38165507
3813.75 0.37365007
3817.5 0.38990662
3821.25 0.38624004
3825.0 0.39087632
3828.75 0.37496367
3832.5 0.37786824
3836.25 0.37243977
3840.0 0.38528094
3843.75 0.37835681
3847.5 0.36846071
3851.25 0.37675437
3855.0 0.37425342
3858.75 0.38549903
3862.5 0.38734415
3866.25 0.40270397
3870.0 0.41124803
3873.75 0.40529659
3877.5 0.39342543
3881.25 0.41057196
3885.0 0.39343101
3888.75 0.38352659
3892.5 0.38414341
3896.25 0.40566105
3900.0 0.39792418
3903.75 0.37682268
3907.5 0.38161907
3911.25 0.38498190
3915.0 0.39129695
3918.75 0.38480350
3922.5 0.38830805
3926.25 0.38663709
3930.0 0.38861918
3933.75 0.37429386
3937.5 0.38049224
3941.25 0.39269555
3945.0 0.37367913
3948.75 0.38409168
3952.5 0.38549647
3956.25 0.38252488
3960.0 0.38292798
3963.75 0.38554314
3967.5 0.38288310
3971.25 0.39745659
3975.0 0.37927899
3978.75 0.37116140
3982.5 0.40571913
3986.25 0.37857890
3990.0 0.39603987
3993.75 0.38588771
3997.5 0.37425482
4001.25 0.36881560
4005.0 0.36448589
4008.75 0.37526238
4012.5 0.35550904
4016.25 0.35851425
4020.0 0.36202648
4023.75 0.35796705
4027.5 0.34102750
4031.25 0.34714448
4035.0 0.35537785
4038.75 0.35448739
4042.5 0.34357300
4046.25 0.34470063
4050.0 0.34166595
4053.75 0.33491966
4057.5 0.34146887
4061.25 0.34827438
4065.0 0.34579176
4068.75 0.33721557
4072.5 0.33218044
4076.25 0.32709360
4080.0 0.33830568
4083.75 0.32605335
4087.5 0.34794933
4091.25 0.32783881
4095.0 0.32919875
4098.75 0.32398814
4102.5 0.32347497
4106.25 0.32296309
4110.0 0.32245240
4113.75 0.32970053
4117.5 0.33100119
4121.25 0.33847553
4125.0 0.33008358
4128.75 0.33093509
4132.5 0.31941450
4136.25 0.31891239
4140.0 0.32786059
4143.75 0.33742628
4147.5 0.33159146
4151.25 0.32337248
4155.0 0.33596483
4158.75 0.34121490
4162.5 0.32397214
4166.25 0.32751423
4170.0 0.31444836
4173.75 0.31395832
4177.5 0.32015133
4181.25 0.31475523
4185.0 0.34396797
4188.75 0.32825491
4192.5 0.31918791
4196.25 0.35624027
4200.0 0.35138330
4203.75 0.33540094
4207.5 0.32916236
4211.25 0.31414542
4215.0 0.31361005
4218.75 0.30816847
4222.5 0.31814906
4226.25 0.30721948
4230.0 0.30861184
4233.75 0.30627510
4237.5 0.30866951
4241.25 0.30533507
4245.0 0.30693403
4248.75 0.30571070
4252.5 0.30393338
4256.25 0.31441882
4260.0 0.30967313
4263.75 0.30254179
4267.5 0.30208004
4271.25 0.30161944
4275.0 0.30115992
4278.75 0.30070141
4282.5 0.30024406
4286.25 0.29978773
4290.0 0.30587333
4293.75 0.29887831
4297.5 0.29929149
4301.25 0.29797316
4305.0 0.29924008
4308.75 0.29717204
4312.5 0.29662320
4316.25 0.29942670
4320.0 0.30352932
4323.75 0.30490586
4327.5 0.30199409
4331.25 0.30141014
4335.0 0.30047286
4338.75 0.29626009
4342.5 0.29863453
4346.25 0.29661500
4350.0 0.29597622
4353.75 0.30249882
4357.5 0.31568143
4361.25 0.30012739
4365.0 0.31046802
4368.75 0.30439901
4372.5 0.31374258
4376.25 0.30632311
4380.0 0.31619421
4383.75 0.31108099
4387.5 0.31243154
4391.25 0.32145026
4395.0 0.31358954
4398.75 0.31951433
4402.5 0.32998630
4406.25 0.35521713
4410.0 0.34702137
4413.75 0.34025604
4417.5 0.34203687
4421.25 0.31182611
4425.0 0.30654028
4428.75 0.32075113
4432.5 0.31501535
4436.25 0.30399126
4440.0 0.30558258
4443.75 0.30720526
4447.5 0.30754936
4451.25 0.30207673
4455.0 0.30798122
4458.75 0.31425524
4462.5 0.29486591
4466.25 0.29796150
4470.0 0.29585856
4473.75 0.30529583
4477.5 0.28796440
4481.25 0.29100278
4485.0 0.29016313
4488.75 0.28907672
4492.5 0.29110795
4496.25 0.29048416
4500.0 0.28972831
4503.75 0.29230803
4507.5 0.28753856
4511.25 0.28510031
4515.0 0.28005674
4518.75 0.27978727
4522.5 0.27518648
4526.25 0.28049263
4530.0 0.28106004
4533.75 0.28425720
4537.5 0.28652084
4541.25 0.27556726
4545.0 0.28145173
4548.75 0.28986573
4552.5 0.28644794
4556.25 0.28926590
4560.0 0.29450491
4563.75 0.28964368
4567.5 0.29175463
4571.25 0.28595158
4575.0 0.30028725
4578.75 0.27607855
4582.5 0.26686728
4586.25 0.27088168
4590.0 0.26723316
4593.75 0.26864871
4597.5 0.26899400
4601.25 0.27424887
4605.0 0.27929124
4608.75 0.26658162
4612.5 0.27404803
4616.25 0.28143212
4620.0 0.27103552
4623.75 0.26648644
4627.5 0.26235968
4631.25 0.26198944
4635.0 0.26307243
4638.75 0.27857417
4642.5 0.26538748
4646.25 0.26692584
4650.0 0.26015022
4653.75 0.26077709
4657.5 0.26052684
4661.25 0.26473722
4665.0 0.26204008
4668.75 0.26798958
4672.5 0.26886249
4676.25 0.26273441
4680.0 0.26090211
4683.75 0.26048589
4687.5 0.26797315
4691.25 0.26627457
4695.0 0.26062933
4698.75 0.25871307
4702.5 0.25669643
4706.25 0.25543439
4710.0 0.25752631
4713.75 0.25975281
4717.5 0.26830968
4721.25 0.27197266
4725.0 0.27709338
4728.75 0.28587735
4732.5 0.27442366
4736.25 0.26095328
4740.0 0.26178306
4743.75 0.25905746
4747.5 0.25499624
4751.25 0.25895208
4755.0 0.26663530
4758.75 0.26941848
4762.5 0.26101282
4766.25 0.26302558
4770.0 0.26693866
4773.75 0.27173758
4777.5 0.27583787
4781.25 0.26222551
4785.0 0.26480111
4788.75 0.26969397
4792.5 0.27047852
4796.25 0.26470715
4800.0 0.26421613
4803.75 0.26811805
4807.5 0.26785141
4811.25 0.26491150
4815.0 0.27139613
4818.75 0.26859617
4822.5 0.27236673
4826.25 0.27886376
4830.0 0.27494690
4833.75 0.28292891
4837.5 0.27837455
4841.25 0.29725569
4845.0 0.29942918
4848.75 0.30724168
4852.5 0.31586194
4856.25 0.31455362
4860.0 0.32095140
4863.75 0.33892471
4867.5 0.34077394
4871.25 0.35558715
4875.0 0.37197804
4878.75 0.39476961
4882.5 0.42116064
4886.25 0.45300886
4890.0 0.49688795
4893.75 0.55169815
4897.5 0.61878145
4901.25 0.69782066
4905.0 0.81807154
4908.75 0.96108472
4912.5 1.1412058
4916.25 1.3228164
4920.0 1.5558751
4923.75 1.5987829
4927.5 1.3671029
4931.25 1.1377391
4935.0 1.0350019
4938.75 0.97473586
4942.5 0.84401774
4946.25 0.71195757
4950.0 0.64132887
4953.75 0.58491755
4957.5 0.53334540
4961.25 0.49404177
4965.0 0.46998557
4968.75 0.43999502
4972.5 0.40961978
4976.25 0.38438016
4980.0 0.35903138
4983.75 0.33735704
4987.5 0.33048072
4991.25 0.32365730
4995.0 0.30735001
4998.75 0.30533385
5002.5 0.29957438
5006.25 0.29988182
5010.0 0.30513185
5013.75 0.30424413
5017.5 0.29787663
5021.25 0.28818536
5025.0 0.30254444
5028.75 0.31028458
5032.5 0.31656936
5036.25 0.34857884
5040.0 0.34673661
5043.75 0.32321107
5047.5 0.32642904
5051.25 0.33033460
5055.0 0.32080767
5058.75 0.29603449
5062.5 0.27192342
5066.25 0.26922399
5070.0 0.26237664
5073.75 0.25438666
5077.5 0.25276756
5081.25 0.24569389
5085.0 0.23484579
5088.75 0.23351607
5092.5 0.23463662
5096.25 0.23419937
5100.0 0.22325845
5103.75 0.22114563
5107.5 0.22086313
5111.25 0.22790991
5115.0 0.23685671
5118.75 0.22745001
5122.5 0.22411735
5126.25 0.22343625
5130.0 0.21917638
5133.75 0.21889737
5137.5 0.21861891
5141.25 0.23335204
5145.0 0.22443680
5148.75 0.22601223
5152.5 0.21751070
5156.25 0.21723503
5160.0 0.22116406
5163.75 0.22822289
5167.5 0.22641364
5171.25 0.22105719
5175.0 0.22325687
5178.75 0.22342753
5182.5 0.22173713
5186.25 0.21504989
5190.0 0.21477920
5193.75 0.21450908
5197.5 0.21622394
5201.25 0.21397048
5205.0 0.21370199
5208.75 0.21343409
5212.5 0.21845163
5216.25 0.21289982
5220.0 0.21263348
5223.75 0.21236768
5227.5 0.21526203
5231.25 0.21183768
5235.0 0.21157351
5238.75 0.21130984
5242.5 0.21104671
5246.25 0.21671724
5250.0 0.21178627
5253.75 0.22343257
5257.5 0.21158870
5261.25 0.21155606
5265.0 0.20947900
5268.75 0.20921955
5272.5 0.22412510
5276.25 0.23251989
5280.0 0.22442105
5283.75 0.24107733
5287.5 0.22287935
5291.25 0.25075760
5295.0 0.23602004
5298.75 0.21806051
5302.5 0.24265666
5306.25 0.22602205
5310.0 0.22040550
5313.75 0.22221790
5317.5 0.21516877
5321.25 0.21210274
5325.0 0.20538941
5328.75 0.20513810
5332.5 0.20805778
5336.25 0.21583125
5340.0 0.20438723
5343.75 0.20413797
5347.5 0.20388916
5351.25 0.20364088
5355.0 0.22393630
5358.75 0.20798682
5362.5 0.20289890
5366.25 0.20265260
5370.0 0.20604518
5373.75 0.20462692
5377.5 0.20191647
5381.25 0.20167215
5385.0 0.20736836
5388.75 0.21377330
5392.5 0.22558606
5396.25 0.20069940
5400.0 0.22201443
5403.75 0.20079447
5407.5 0.21022426
5411.25 0.19973436
5415.0 0.21322528
5418.75 0.20759283
5422.5 0.20714317
5426.25 0.21122870
5430.0 0.22104833
5433.75 0.21056117
5437.5 0.19806387
5441.25 0.21138041
5445.0 0.23398229
5448.75 0.19735497
5452.5 0.19711961
5456.25 0.19745061
5460.0 0.19665024
5463.75 0.19641627
5467.5 0.19618273
5471.25 0.21536086
5475.0 0.20975618
5478.75 0.19548495
5482.5 0.19525327
5486.25 0.20569515
5490.0 0.22008835
5493.75 0.19456090
5497.5 0.19616288
5501.25 0.23973636
5505.0 0.20613573
5508.75 0.20432632
5512.5 0.19341604
5516.25 0.21974927
5520.0 0.23482519
5523.75 0.22428437
5527.5 0.24665734
5531.25 0.24144097
5535.0 0.25441283
5538.75 0.22109561
5542.5 0.22937778
5546.25 0.28245184
5550.0 0.25329259
5553.75 0.24303873
5557.5 0.21994966
5561.25 0.21251592
5565.0 0.26265103
5568.75 0.25049159
5572.5 0.24229464
5576.25 0.22564390
5580.0 0.20186561
5583.75 0.22809479
5587.5 0.18894729
5591.25 0.18872839
5595.0 0.18850990
5598.75 0.18829192
5602.5 0.18807434
5606.25 0.18785714
5610.0 0.18764043
5613.75 0.18742405
5617.5 0.18720815
5621.25 0.18699265
5625.0 0.18677761
5628.75 0.18656296
5632.5 0.18634872
5636.25 0.18613490
5640.0 0.18592153
5643.75 0.18570855
5647.5 0.18549599
5651.25 0.18528385
5655.0 0.18507209
5658.75 0.18486080
5662.5 0.18464987
5666.25 0.18443936
5670.0 0.18422930
5673.75 0.18401961
5677.5 0.18381031
5681.25 0.18360142
5685.0 0.18339297
5688.75 0.18318494
5692.5 0.18297724
5696.25 0.18276998
5700.0 0.18256319
5703.75 0.18235673
5707.5 0.18215068
5711.25 0.18194503
5715.0 0.18173978
5718.75 0.18153492
5722.5 0.18133049
5726.25 0.18112648
5730.0 0.18092284
5733.75 0.18071952
5737.5 0.18051666
5741.25 0.18031418
5745.0 0.18011209
5748.75 0.17991042
5752.5 0.17970912
5756.25 0.17950822
5760.0 0.17930770
5763.75 0.17910758
5767.5 0.17890787
5771.25 0.17870852
5775.0 0.17850952
5778.75 0.17831095
5782.5 0.17811278
5786.25 0.17791493
5790.0 0.17771754
5793.75 0.17752048
5797.5 0.17732377
5801.25 0.17712751
5805.0 0.17693166
5808.75 0.17673609
5812.5 0.17654094
5816.25 0.17634621
5820.0 0.17615180
5823.75 0.17595774
5827.5 0.17576411
5831.25 0.17557094
5835.0 0.17537798
5838.75 0.17518549
5842.5 0.17499335
5846.25 0.17480162
5850.0 0.17461023
5853.75 0.17441915
5857.5 0.17422847
5861.25 0.17403826
5865.0 0.17384830
5868.75 0.17365874
5872.5 0.17346954
5876.25 0.17328069
5880.0 0.17309228
5883.75 0.17290418
5887.5 0.17271642
5891.25 0.17252910
5895.0 0.17234211
5898.75 0.17215550
5902.5 0.17196921
5906.25 0.17178330
5910.0 0.17159773
5913.75 0.17141250
5917.5 0.17122768
5921.25 0.17104322
5925.0 0.17085905
5928.75 0.17067529
5932.5 0.17049189
5936.25 0.17030884
5940.0 0.17012614
5943.75 0.16994378
5947.5 0.16976175
5951.25 0.16958015
5955.0 0.16939883
5958.75 0.16921790
5962.5 0.16903728
5966.25 0.16885704
5970.0 0.16867714
5973.75 0.16849762
5977.5 0.16831844
5981.25 0.16813959
5985.0 0.16796105
5988.75 0.16778290
5992.5 0.16760510
5996.25 0.16742761
6000.0 0.16725047
