300.0 0.0
340.0 0.0000000
343.4 0.0000000
346.8 0.0000000
350.2 0.0000000
353.6 0.0000000
357.0 0.0000000
360.4 0.0000000
363.8 0.0000000
367.2 0.0000000
370.6 0.0000000
374.0 0.0000000
377.4 0.0000000
380.8 0.0000000
384.2 0.0000000
387.6 0.0000000
391.0 0.0000000
394.4 0.0000000
397.8 0.0000000
401.2 0.0000000
404.6 0.0000000
408.0 0.0000000
411.4 0.0000000
414.8 0.0000000
418.2 0.0000000
421.6 0.0000000
425.0 0.0000000
428.4 0.0000000
431.8 0.0000000
435.2 0.0000000
438.6 0.0000000
442.0 0.0000000
445.4 0.0000000
448.8 0.0000000
452.2 0.0000000
455.6 0.0000000
459.0 0.0000000
462.4 0.0000000
465.8 0.0000000
469.2 0.0000000
472.6 0.0000000
476.0 0.0000000
479.4 0.0000000
482.8 0.0000000
486.2 0.0000000
489.6 0.0000000
493.0 0.0000000
496.4 0.0000000
499.8 0.0000000
503.2 0.0000000
506.6 0.0000000
510.0 0.0000000
513.4 0.0000000
516.8 0.0000000
520.2 0.0000000
523.6 0.0000000
527.0 0.0000000
530.4 0.0000000
533.8 0.0000000
537.2 0.0000000
540.6 0.0000000
544.0 0.0000000
547.4 0.0000000
550.8 0.0000000
554.2 0.0000000
557.6 0.0000000
561.0 0.0000000
564.4 0.0000000
567.8 0.0000000
571.2 0.0000000
574.6 0.0000000
578.0 0.0000000
581.4 0.0000000
584.8 0.0000000
588.2 0.0000000
591.6 0.0000000
595.0 0.0000000
598.4 0.0000000
601.8 0.0000000
605.2 0.0000000
608.6 0.0000000
612.0 0.0000000
615.4 0.0000000
618.8 0.0000000
622.2 5.10597937E-02
625.6 4.86234985E-02
629.0 4.62347530E-02
632.4 4.37194780E-02
635.8 4.10434455E-02
639.2 3.83660533E-02
642.6 3.58237773E-02
646.0 3.34069431E-02
649.4 3.10936999E-02
652.8 2.88836006E-02
656.2 2.67737508E-02
659.6 2.48066317E-02
663.0 5.58148250E-02
666.4 5.30481637E-02
669.8 4.98310439E-02
673.2 4.64101769E-02
676.6 4.30929177E-02
680.0 4.38884050E-02
683.4 4.26211990E-02
686.8 3.93921025E-02
690.2 3.91448475E-02
693.6 3.96438055E-02
697.0 4.07083370E-02
700.4 0.20828724
703.8 0.21047525
707.2 0.17707139
710.6 0.14657693
714.0 0.13664377
717.4 0.13207501
720.8 0.13151835
724.2 0.13269363
727.6 0.12835032
731.0 0.11506201
734.4 0.11525933
737.8 0.10231250
741.2 9.23804864E-02
744.6 8.47964734E-02
748.0 8.10985863E-02
751.4 8.17118436E-02
754.8 7.77762458E-02
758.2 7.87398964E-02
761.6 8.04677680E-02
765.0 7.76248053E-02
768.4 6.86691776E-02
771.8 6.59709424E-02
775.2 5.96900582E-02
778.6 5.96928932E-02
782.0 5.87518550E-02
785.4 5.62278070E-02
788.8 5.49421981E-02
792.2 5.46622016E-02
795.6 5.39403856E-02
799.0 5.47399223E-02
802.4 5.34750894E-02
805.8 5.29101826E-02
809.2 5.31867109E-02
812.6 5.51826656E-02
816.0 5.87135144E-02
819.4 6.55595511E-02
822.8 7.57611245E-02
826.2 9.55801308E-02
829.6 2.0370424
833.0 1.6508468
836.4 1.5427918
839.8 1.5451481
843.2 1.4502354
846.6 1.1632175
850.0 1.0062338
853.4 0.94807595
856.8 0.90897024
860.2 0.85151768
863.6 0.77895916
867.0 0.73111898
870.4 0.71553558
873.8 0.71870178
877.2 0.73161495
880.6 0.73784775
884.0 0.79499507
887.4 0.80883527
890.8 0.77536553
894.2 0.70773011
897.6 0.71348840
901.0 0.70817608
904.4 0.72632027
907.8 0.73999751
911.2 0.73211706
914.6 0.70690012
918.0 0.69859475
921.4 0.72189748
924.8 0.71851772
928.2 0.73161620
931.6 0.72325104
935.0 0.74126625
938.4 0.78480774
941.8 0.83005804
945.2 0.89232010
948.6 0.91012305
952.0 0.92439657
955.4 0.84183323
958.8 0.78714776
962.2 0.74668956
965.6 0.72962582
969.0 0.72738814
972.4 0.69549274
975.8 0.68763530
979.2 0.68447065
982.6 0.68030763
986.0 0.69344234
989.4 0.68769693
992.8 0.67393881
996.2 0.69505692
999.6 0.68392473
1003.0 0.69547570
1006.4 0.71300226
1009.8 0.72442961
1013.2 0.74296838
1016.6 0.74278247
1020.0 0.76724780
1023.4 0.78516513
1026.8 0.80519903
1030.2 0.83659244
1033.6 0.89996582
1037.0 0.98463601
1040.4 1.0818104
1043.8 1.2051773
1047.2 1.3584234
1050.6 1.4498532
1054.0 1.3173115
1057.4 1.1185921
1060.8 0.96755546
1064.2 0.88890016
1067.6 0.84961551
1071.0 0.82732606
1074.4 0.78884006
1077.8 0.78664422
1081.2 0.76355350
1084.6 0.77912569
1088.0 0.78172743
1091.4 0.77947688
1094.8 0.78845841
1098.2 0.77904820
1101.6 0.79123712
1105.0 0.80262464
1108.4 0.80432111
1111.8 0.82199681
1115.2 0.79061913
1118.6 0.78558695
1122.0 0.77571630
1125.4 0.78875488
1128.8 0.79263788
1132.2 0.78167427
1135.6 0.74244004
1139.0 0.71879864
1142.4 0.70901734
1145.8 0.69627345
1149.2 0.69774181
1152.6 0.69618756
1156.0 0.69518703
1159.4 0.70647496
1162.8 0.70458442
1166.2 0.71621639
1169.6 0.71987170
1173.0 0.71888971
1176.4 0.71095437
1179.8 0.72028118
1183.2 0.72383046
1186.6 0.74377197
1190.0 0.73215568
1193.4 0.72070742
1196.8 0.68933570
1200.2 0.70004833
1203.6 0.70362133
1207.0 0.69464684
1210.4 0.71853799
1213.8 0.72578001
1217.2 0.70710856
1220.6 0.69546932
1224.0 0.69680279
1227.4 0.69722342
1230.8 0.69732338
1234.2 0.70662081
1237.6 0.69469041
1241.0 0.69291490
1244.4 0.70220345
1247.8 0.70183784
1251.2 0.71965981
1254.6 0.71700186
1258.0 0.76383030
1261.4 0.76168400
1264.8 0.76992136
1268.2 0.75874645
1271.6 0.76088625
1275.0 0.76837319
1278.4 0.80306095
1281.8 0.86463481
1285.2 0.92069024
1288.6 0.96653181
1292.0 0.98444444
1295.4 1.0368150
1298.8 0.99221617
1302.2 0.90780163
1305.6 0.83089554
1309.0 0.77994579
1312.4 0.75634223
1315.8 0.73227841
1319.2 0.70965892
1322.6 0.69239372
1326.0 0.68775403
1329.4 0.66252857
1332.8 0.65274262
1336.2 0.64820915
1339.6 0.65512210
1343.0 0.65851343
1346.4 0.64393151
1349.8 0.64715999
1353.2 0.65116942
1356.6 0.65719831
1360.0 0.64149022
1363.4 0.64906067
1366.8 0.66479450
1370.2 0.62937051
1373.6 0.64659232
1377.0 0.65131348
1380.4 0.64732593
1383.8 0.65342391
1387.2 0.64363790
1390.6 0.63567024
1394.0 0.65389705
1397.4 0.68093359
1400.8 0.66803306
1404.2 0.68541402
1407.6 0.68024462
1411.0 0.68266672
1414.4 0.67941332
1417.8 0.68874717
1421.2 0.68736351
1424.6 0.68622357
1428.0 0.66491079
1431.4 0.65471768
1434.8 0.66381198
1438.2 0.67386913
1441.6 0.64596307
1445.0 0.67776346
1448.4 0.65477997
1451.8 0.67101955
1455.2 0.66547602
1458.6 0.67960703
1462.0 0.64807171
1465.4 0.65822184
1468.8 0.65815121
1472.2 0.67020929
1475.6 0.63757008
1479.0 0.64557070
1482.4 0.65838897
1485.8 0.62964255
1489.2 0.64186382
1492.6 0.62295663
1496.0 0.60608226
1499.4 0.60579967
1502.8 0.60551316
1506.2 0.60983229
1509.6 0.61387372
1513.0 0.61511922
1516.4 0.60685539
1519.8 0.60401946
1523.2 0.60370868
1526.6 0.60339457
1530.0 0.61123180
1533.4 0.61043769
1536.8 0.61963910
1540.2 0.62358242
1543.6 0.62353802
1547.0 0.62827420
1550.4 0.63425934
1553.8 0.64592916
1557.2 0.66060448
1560.6 0.65565032
1564.0 0.67315805
1567.4 0.68106383
1570.8 0.68696070
1574.2 0.69094318
1577.6 0.69602746
1581.0 0.70493841
1584.4 0.70868105
1587.8 0.69926739
1591.2 0.69325364
1594.6 0.67787981
1598.0 0.67631930
1601.4 0.66339231
1604.8 0.67319703
1608.2 0.66503644
1611.6 0.66085982
1615.0 0.66279846
1618.4 0.65880609
1621.8 0.66044998
1625.2 0.66199392
1628.6 0.66967642
1632.0 0.68544698
1635.4 0.67502987
1638.8 0.69938636
1642.2 0.71672833
1645.6 0.73802811
1649.0 0.73590195
1652.4 0.71506310
1655.8 0.71153104
1659.2 0.71384078
1662.6 0.69766551
1666.0 0.68471181
1669.4 0.68087190
1672.8 0.67825466
1676.2 0.69127995
1679.6 0.70538753
1683.0 0.70821977
1686.4 0.70367551
1689.8 0.70550740
1693.2 0.70113057
1696.6 0.70473731
1700.0 0.69762683
1703.4 0.69478917
1706.8 0.69566154
1710.2 0.69252348
1713.6 0.68385190
1717.0 0.67404640
1720.4 0.68041974
1723.8 0.68275815
1727.2 0.68314326
1730.6 0.67662406
1734.0 0.67145544
1737.4 0.66978323
1740.8 0.66654217
1744.2 0.66404921
1747.6 0.65845448
1751.0 0.64967173
1754.4 0.65305769
1757.8 0.65321362
1761.2 0.64608842
1764.6 0.62928408
1768.0 0.64556038
1771.4 0.64852679
1774.8 0.64469051
1778.2 0.64477205
1781.6 0.65041965
1785.0 0.63850462
1788.4 0.63882732
1791.8 0.62645620
1795.2 0.61674500
1798.6 0.59273648
1802.0 0.59009868
1805.4 0.58920377
1808.8 0.58353031
1812.2 0.59948707
1815.6 0.60832059
1819.0 0.60973179
1822.4 0.59675825
1825.8 0.60295576
1829.2 0.60570079
1832.6 0.61395675
1836.0 0.61415237
1839.4 0.62848258
1842.8 0.64685309
1846.2 0.65265143
1849.6 0.64439690
1853.0 0.66425109
1856.4 0.67322659
1859.8 0.67269880
1863.2 0.67629170
1866.6 0.70379353
1870.0 0.72120154
1873.4 0.71760714
1876.8 0.73139912
1880.2 0.71488768
1883.6 0.73291147
1887.0 0.75816584
1890.4 0.82150126
1893.8 0.89571583
1897.2 1.0110399
1900.6 1.1286798
1904.0 1.1649534
1907.4 1.1059479
1910.8 0.97973108
1914.2 0.87179524
1917.6 0.80480587
1921.0 0.77174199
1924.4 0.74570554
1927.8 0.72557682
1931.2 0.70975113
1934.6 0.69457120
1938.0 0.68977535
1941.4 0.67593366
1944.8 0.66394746
1948.2 0.65022469
1951.6 0.64250875
1955.0 0.64064139
1958.4 0.62238383
1961.8 0.62366176
1965.2 0.60823643
1968.6 0.60434294
1972.0 0.60374677
1975.4 0.57891065
1978.8 0.58766198
1982.2 0.58734894
1985.6 0.59603959
1989.0 0.61246842
1992.4 0.61828786
1995.8 0.62048560
1999.2 0.62006962
2002.6 0.62446797
2006.0 0.61603779
2009.4 0.61765230
2012.8 0.62593400
2016.2 0.61679101
2019.6 0.61897546
2023.0 0.60795736
2026.4 0.61171770
2029.8 0.59706867
2033.2 0.58712333
2036.6 0.57669514
2040.0 0.57156634
2043.4 0.55796129
2046.8 0.55241770
2050.2 0.53739899
2053.6 0.52711946
2057.0 0.52508497
2060.4 0.53015429
2063.8 0.52333939
2067.2 0.53462541
2070.6 0.53752685
2074.0 0.53932858
2077.4 0.53936726
2080.8 0.53993219
2084.2 0.55074525
2087.6 0.54514766
2091.0 0.55601776
2094.4 0.55551213
2097.8 0.55342585
2101.2 0.54750711
2104.6 0.55318880
2108.0 0.54939193
2111.4 0.56120133
2114.8 0.57553703
2118.2 0.57718533
2121.6 0.60038233
2125.0 0.60535264
2128.4 0.60520959
2131.8 0.59702826
2135.2 0.59656596
2138.6 0.57470018
2142.0 0.58755112
2145.4 0.58188009
2148.8 0.58089250
2152.2 0.58826607
2155.6 0.60388589
2159.0 0.60457867
2162.4 0.61225152
2165.8 0.61617708
2169.2 0.62106431
2172.6 0.61507046
2176.0 0.61815143
2179.4 0.60905337
2182.8 0.61602724
2186.2 0.60851920
2189.6 0.59054363
2193.0 0.59088045
2196.4 0.59823310
2199.8 0.58256090
2203.2 0.58175391
2206.6 0.58227932
2210.0 0.58202004
2213.4 0.59134591
2216.8 0.58882731
2220.2 0.57892752
2223.6 0.57787210
2227.0 0.58958244
2230.4 0.58854675
2233.8 0.58460504
2237.2 0.59539080
2240.6 0.57862318
2244.0 0.57152635
2247.4 0.56393468
2250.8 0.55856514
2254.2 0.55443001
2257.6 0.54306525
2261.0 0.54097724
2264.4 0.54741788
2267.8 0.55234623
2271.2 0.55951118
2274.6 0.57703662
2278.0 0.55746847
2281.4 0.54976791
2284.8 0.54642981
2288.2 0.54389262
2291.6 0.53762072
2295.0 0.55043381
2298.4 0.54848993
2301.8 0.55243510
2305.2 0.54733807
2308.6 0.54908901
2312.0 0.54945564
2315.4 0.56209117
2318.8 0.56545120
2322.2 0.57508272
2325.6 0.59380627
2329.0 0.61803120
2332.4 0.58892423
2335.8 0.56657284
2339.2 0.56985021
2342.6 0.56113434
2346.0 0.54069096
2349.4 0.54677820
2352.8 0.54838336
2356.2 0.53317857
2359.6 0.52959859
2363.0 0.51786244
2366.4 0.51056081
2369.8 0.52429241
2373.2 0.52284259
2376.6 0.51546901
2380.0 0.52558798
2383.4 0.51243746
2386.8 0.50422275
2390.2 0.50403708
2393.6 0.49557611
2397.0 0.48738474
2400.4 0.47800902
2403.8 0.48404366
2407.2 0.48288643
2410.6 0.46894705
2414.0 0.47309011
2417.4 0.48072836
2420.8 0.48394516
2424.2 0.47481766
2427.6 0.48352164
2431.0 0.49557745
2434.4 0.48629254
2437.8 0.49688801
2441.2 0.48266119
2444.6 0.48381603
2448.0 0.47666821
2451.4 0.48282751
2454.8 0.48567969
2458.2 0.47614107
2461.6 0.48934677
2465.0 0.48111999
2468.4 0.47686377
2471.8 0.48106143
2475.2 0.47065523
2478.6 0.47582158
2482.0 0.47204325
2485.4 0.47518557
2488.8 0.47832617
2492.2 0.47192052
2495.6 0.46787819
2499.0 0.46657181
2502.4 0.46442765
2505.8 0.46161407
2509.2 0.46192628
2512.6 0.46838540
2516.0 0.46770787
2519.4 0.46726638
2522.8 0.45832530
2526.2 0.46006200
2529.6 0.47941738
2533.0 0.54040480
2536.4 0.56141496
2539.8 0.47449744
2543.2 0.45770878
2546.6 0.45764428
2550.0 0.45223260
2553.4 0.46849635
2556.8 0.45542660
2560.2 0.44545868
2563.6 0.44857180
2567.0 0.44352767
2570.4 0.43771508
2573.8 0.43315378
2577.2 0.42783514
2580.6 0.40462783
2584.0 0.41122523
2587.4 0.40355021
2590.8 0.42121106
2594.2 0.42023736
2597.6 0.41577262
2601.0 0.41167527
2604.4 0.40867451
2607.8 0.41916496
2611.2 0.41064253
2614.6 0.41755131
2618.0 0.42394909
2621.4 0.43099159
2624.8 0.44817403
2628.2 0.48243880
2631.6 0.50260955
2635.0 0.45176741
2638.4 0.42222315
2641.8 0.43739828
2645.2 0.44094762
2648.6 0.41799417
2652.0 0.40910086
2655.4 0.40974823
2658.8 0.40259898
2662.2 0.40026566
2665.6 0.39288247
2669.0 0.38155401
2672.4 0.36898726
2675.8 0.36646137
2679.2 0.37765941
2682.6 0.38897470
2686.0 0.39014158
2689.4 0.39455163
2692.8 0.40432808
2696.2 0.40471447
2699.6 0.40227088
2703.0 0.38892332
2706.4 0.39061037
2709.8 0.38862568
2713.2 0.37255105
2716.6 0.37735453
2720.0 0.36475283
2723.4 0.36481932
2726.8 0.35855010
2730.2 0.36640677
2733.6 0.37111640
2737.0 0.36440691
2740.4 0.35300913
2743.8 0.35267910
2747.2 0.35109177
2750.6 0.34700400
2754.0 0.35760412
2757.4 0.35013670
2760.8 0.35918039
2764.2 0.36637214
2767.6 0.38875619
2771.0 0.38281769
2774.4 0.38061979
2777.8 0.39749253
2781.2 0.40311301
2784.6 0.41723430
2788.0 0.44373533
2791.4 0.43081239
2794.8 0.40933973
2798.2 0.40735444
2801.6 0.38920024
2805.0 0.37952709
2808.4 0.37563264
2811.8 0.36940029
2815.2 0.35712743
2818.6 0.34343928
2822.0 0.33949322
2825.4 0.34113270
2828.8 0.35062322
2832.2 0.34786162
2835.6 0.34565538
2839.0 0.35332271
2842.4 0.34117755
2845.8 0.33691528
2849.2 0.34316707
2852.6 0.33535889
2856.0 0.33178827
2859.4 0.33131233
2862.8 0.33083743
2866.2 0.33239135
2869.6 0.33517882
2873.0 0.33368644
2876.4 0.33248383
2879.8 0.35111237
2883.2 0.34903979
2886.6 0.35439885
2890.0 0.34812307
2893.4 0.33977726
2896.8 0.33437866
2900.2 0.34940749
2903.6 0.34923273
2907.0 0.34677914
2910.4 0.36285195
2913.8 0.35326308
2917.2 0.36473286
2920.6 0.38463360
2924.0 0.37803996
2927.4 0.38582954
2930.8 0.39295515
2934.2 0.40909493
2937.6 0.43509525
2941.0 0.43995997
2944.4 0.46438068
2947.8 0.50271153
2951.2 0.52141678
2954.6 0.52371657
2958.0 0.48704720
2961.4 0.47842544
2964.8 0.47370544
2968.2 0.45078868
2971.6 0.43045622
2975.0 0.39427871
2978.4 0.38611278
2981.8 0.37080321
2985.2 0.36337185
2988.6 0.37264147
2992.0 0.36253497
2995.4 0.35642266
2998.8 0.35684079
3002.2 0.34855580
3005.6 0.34615099
3009.0 0.34440243
3012.4 0.32319215
3015.8 0.33430365
3019.2 0.33263934
3022.6 0.34116906
3026.0 0.33382359
3029.4 0.33241397
3032.8 0.34743795
3036.2 0.35251254
3039.6 0.36587077
3043.0 0.36062521
3046.4 0.35793027
3049.8 0.34455213
3053.2 0.36357489
3056.6 0.36443576
3060.0 0.36673149
3063.4 0.36415097
3066.8 0.37790832
3070.2 0.39405635
3073.6 0.39127484
3077.0 0.37528083
3080.4 0.36645585
3083.8 0.35762241
3087.2 0.36015776
3090.6 0.38671175
3094.0 0.37624881
3097.4 0.37170270
3100.8 0.38615322
3104.2 0.38295510
3107.6 0.35468829
3111.0 0.37384728
3114.4 0.38874567
3117.8 0.37206554
3121.2 0.36500484
3124.6 0.37080550
3128.0 0.35699606
3131.4 0.34871837
3134.8 0.34988785
3138.2 0.36106676
3141.6 0.37420094
3145.0 0.37400538
3148.4 0.36656040
3151.8 0.37114665
3155.2 0.36010873
3158.6 0.36611480
3162.0 0.35506320
3165.4 0.37369302
3168.8 0.35173526
3172.2 0.36316851
3175.6 0.34805885
3179.0 0.35132542
3182.4 0.35406274
3185.8 0.36573446
3189.2 0.33358571
3192.6 0.33287811
3196.0 0.31296962
3199.4 0.30902272
3202.8 0.30470565
3206.2 0.31215927
3209.6 0.31114137
3213.0 0.31021470
3216.4 0.30465236
3219.8 0.30927193
3223.2 0.31245354
3226.6 0.30589300
3230.0 0.29563138
3233.4 0.29826358
3236.8 0.29947555
3240.2 0.29791072
3243.6 0.30254787
3247.0 0.30638736
3250.4 0.31190807
3253.8 0.31072474
3257.2 0.30827519
3260.6 0.31427017
3264.0 0.32328376
3267.4 0.32348743
3270.8 0.32645291
3274.2 0.33867010
3277.6 0.35862651
3281.0 0.36029583
3284.4 0.38724732
3287.8 0.39081243
3291.2 0.40387434
3294.6 0.43404049
3298.0 0.45189950
3301.4 0.50557613
3304.8 0.55145937
3308.2 0.53402245
3311.6 0.49811414
3315.0 0.46256122
3318.4 0.43756163
3321.8 0.41580379
3325.2 0.38834539
3328.6 0.38141185
3332.0 0.37762734
3335.4 0.36447853
3338.8 0.34415245
3342.2 0.35441652
3345.6 0.34285325
3349.0 0.33759230
3352.4 0.33188826
3355.8 0.32295328
3359.2 0.31942707
3362.6 0.32773060
3366.0 0.32779580
3369.4 0.38679281
3372.8 0.42281756
3376.2 0.35342696
3379.6 0.31388792
3383.0 0.30557573
3386.4 0.30300733
3389.8 0.29555219
3393.2 0.31476843
3396.6 0.34387493
3400.0 0.41788781
3403.4 0.58872771
3406.8 0.58735317
3410.2 0.39496273
3413.6 0.33248976
3417.0 0.31257364
3420.4 0.30398294
3423.8 0.29680794
3427.2 0.29110149
3430.6 0.29128391
3434.0 0.28921548
3437.4 0.28961742
3440.8 0.28921586
3444.2 0.28448689
3447.6 0.28131458
3451.0 0.28130114
3454.4 0.27053517
3457.8 0.26496392
3461.2 0.27659917
3464.6 0.27410427
3468.0 0.27750182
3471.4 0.26630735
3474.8 0.26847360
3478.2 0.26471838
3481.6 0.27395046
3485.0 0.26913011
3488.4 0.26219097
3491.8 0.26819476
3495.2 0.26651576
3498.6 0.27462822
3502.0 0.27604717
3505.4 0.28710207
3508.8 0.29330400
3512.2 0.28916818
3515.6 0.28080380
3519.0 0.29315180
3522.4 0.28101805
3525.8 0.27404583
3529.2 0.27458879
3532.6 0.29007754
3536.0 0.28465065
3539.4 0.26965570
3542.8 0.27318889
3546.2 0.27569780
3549.6 0.28032327
3553.0 0.27577263
3556.4 0.27838612
3559.8 0.27728948
3563.2 0.27881271
3566.6 0.26863283
3570.0 0.27318066
3573.4 0.28204447
3576.8 0.26848346
3580.2 0.27606440
3583.6 0.27717397
3587.0 0.27513626
3590.4 0.27552509
3593.8 0.27750605
3597.2 0.27568996
3600.6 0.28628546
3604.0 0.27328953
3607.4 0.26753539
3610.8 0.29254851
3614.2 0.27307531
3617.6 0.28577110
3621.0 0.27854368
3624.4 0.27024180
3627.8 0.26640773
3631.2 0.26337242
3634.6 0.27125418
3638.0 0.25706533
3641.4 0.25932866
3644.8 0.26196018
3648.2 0.25911263
3651.6 0.24693644
3655.0 0.25145257
3658.4 0.25750509
3661.8 0.25694820
3665.2 0.24912250
3668.6 0.25002578
3672.0 0.24790932
3675.4 0.24309723
3678.8 0.24793530
3682.2 0.25296265
3685.6 0.25124466
3689.0 0.24509633
3692.4 0.24151826
3695.8 0.23789999
3699.2 0.24613750
3702.6 0.23730291
3706.0 0.25332376
3709.4 0.23876223
3712.8 0.23983270
3716.2 0.23611523
3719.6 0.23581970
3723.0 0.23552467
3726.4 0.23523015
3729.8 0.24059723
3733.2 0.24162605
3736.6 0.24716362
3740.0 0.24111483
3743.4 0.24181615
3746.8 0.23347440
3750.2 0.23318358
3753.6 0.23980454
3757.0 0.24688144
3760.4 0.24269116
3763.8 0.23675245
3767.2 0.24605136
3770.6 0.24997707
3774.0 0.23742139
3777.4 0.24009442
3780.8 0.23059012
3784.2 0.23030455
3787.6 0.23492257
3791.0 0.23103674
3794.4 0.25255996
3797.8 0.24109922
3801.2 0.23451404
3804.6 0.26182011
3808.0 0.25833213
3811.4 0.24665995
3814.8 0.24214822
3818.2 0.23117368
3821.6 0.23085213
3825.0 0.22691755
3828.4 0.23433994
3831.8 0.22636014
3835.2 0.22745682
3838.6 0.22580472
3842.0 0.22764064
3845.4 0.22525124
3848.8 0.22650082
3852.2 0.22566766
3855.6 0.22442476
3859.0 0.23223858
3862.4 0.22880343
3865.8 0.22360286
3869.2 0.22332977
3872.6 0.22305727
3876.0 0.22278522
3879.4 0.22251366
3882.8 0.22224261
3886.2 0.22197199
3889.6 0.22654635
3893.0 0.22143224
3896.4 0.22180508
3899.8 0.22089443
3903.2 0.22190015
3906.6 0.22043253
3910.0 0.22009116
3913.4 0.22223760
3916.8 0.22534963
3920.2 0.22643887
3923.6 0.22434290
3927.0 0.22397541
3930.4 0.22334486
3933.8 0.22027843
3937.2 0.22210921
3940.6 0.22067204
3944.0 0.22026137
3947.4 0.22518128
3950.8 0.23506312
3954.2 0.22354642
3957.6 0.23131585
3961.0 0.22685999
3964.4 0.23389128
3967.8 0.22842623
3971.2 0.23585528
3974.6 0.23210816
3978.0 0.23318298
3981.4 0.23998302
3984.8 0.23418163
3988.2 0.23867440
3991.6 0.24656738
3995.0 0.26549566
3998.4 0.25944382
4001.8 0.25445816
4005.2 0.25586253
4008.6 0.23332922
4012.0 0.22943887
4015.4 0.24014312
4018.8 0.23591521
4022.2 0.22772326
4025.6 0.22897959
4029.0 0.23025995
4032.4 0.23058231
4035.8 0.22654246
4039.2 0.23103487
4042.6 0.23580693
4046.0 0.22131924
4049.4 0.22370468
4052.8 0.22218725
4056.2 0.22933787
4059.6 0.21637811
4063.0 0.21872132
4066.4 0.21815008
4069.8 0.21739286
4073.2 0.21898030
4076.6 0.21857075
4080.0 0.21806146
4083.4 0.22006291
4086.8 0.21653104
4090.2 0.21475315
4093.6 0.21101114
4097.0 0.21086508
4100.4 0.20745355
4103.8 0.21151061
4107.2 0.21199545
4110.6 0.21446447
4114.0 0.21623023
4117.4 0.20801941
4120.8 0.21251817
4124.2 0.21892968
4127.6 0.21640582
4131.0 0.21859272
4134.4 0.22261071
4137.8 0.21899410
4141.2 0.22064839
4144.6 0.21631666
4148.0 0.22722106
4151.4 0.20895772
4154.8 0.20203887
4158.2 0.20513175
4161.6 0.20242169
4165.0 0.20354699
4168.4 0.20386165
4171.8 0.20789815
4175.2 0.21177554
4178.6 0.20219068
4182.0 0.20790735
4185.4 0.21356441
4188.8 0.20572796
4192.2 0.20232700
4195.6 0.19924493
4199.0 0.19901474
4202.4 0.19988857
4205.8 0.21172117
4209.2 0.20175049
4212.6 0.20297158
4216.0 0.19786966
4219.4 0.19839673
4222.8 0.19825654
4226.2 0.20151147
4229.6 0.19950879
4233.0 0.20408992
4236.4 0.20480618
4239.8 0.20018837
4243.2 0.19884203
4246.6 0.19857448
4250.0 0.20433320
4253.4 0.20308863
4256.8 0.19883244
4260.2 0.19741955
4263.6 0.19592930
4267.0 0.19501427
4270.4 0.19665998
4273.8 0.19840917
4277.2 0.20499572
4280.6 0.20784540
4284.0 0.21181071
4287.4 0.21857874
4290.8 0.20987271
4294.2 0.19961959
4297.6 0.20030317
4301.0 0.19826591
4304.4 0.19520514
4307.8 0.19828151
4311.2 0.20421402
4314.6 0.20639552
4318.0 0.20000438
4321.4 0.20159523
4324.8 0.20464362
4328.2 0.20837261
4331.6 0.21156749
4335.0 0.20117494
4338.4 0.20319946
4341.8 0.20700340
4345.2 0.20765503
4348.6 0.20327246
4352.0 0.20294352
4355.4 0.20598936
4358.8 0.20583315
4362.2 0.20362204
4365.6 0.20865555
4369.0 0.20655148
4372.4 0.20950024
4375.8 0.21454793
4379.2 0.21158400
4382.6 0.21777739
4386.0 0.21432179
4389.4 0.22891174
4392.8 0.23063913
4396.2 0.23671179
4399.6 0.24340957
4403.0 0.24245746
4406.4 0.24744600
4409.8 0.26136327
4413.2 0.26284978
4416.6 0.27433875
4420.0 0.28705037
4423.4 0.30470809
4426.8 0.32515272
4430.2 0.34982067
4433.6 0.38379225
4437.0 0.42622417
4440.4 0.47815925
4443.8 0.53935862
4447.2 0.63244593
4450.6 0.74317646
4454.0 0.88265765
4457.4 1.0233536
4460.8 1.2039229
4464.2 1.2374023
4467.6 1.0583273
4471.0 0.88096511
4474.4 0.80159366
4477.8 0.75508690
4481.2 0.65397078
4484.6 0.55176920
4488.0 0.49714211
4491.4 0.45351404
4494.8 0.41361928
4498.2 0.38322324
4501.6 0.36464351
4505.0 0.34145021
4508.4 0.31794798
4511.8 0.29842240
4515.2 0.27880338
4518.6 0.26202968
4522.0 0.25674483
4525.4 0.25149867
4528.8 0.23887907
4532.2 0.23736371
4535.6 0.23293684
4539.0 0.23322646
4542.4 0.23736091
4545.8 0.23672149
4549.2 0.23181719
4552.6 0.22432339
4556.0 0.23555112
4559.4 0.24162921
4562.8 0.24657620
4566.2 0.27156654
4569.6 0.27018905
4573.0 0.25191081
4576.4 0.25447309
4579.8 0.25757250
4583.2 0.25019717
4586.6 0.23092552
4590.0 0.21216226
4593.4 0.21010044
4596.8 0.20480001
4600.2 0.19860521
4603.6 0.19738263
4607.0 0.19189917
4610.4 0.18346472
4613.8 0.18246406
4617.2 0.18337797
4620.6 0.18307443
4624.0 0.17455821
4627.4 0.17294222
4630.8 0.17275715
4634.2 0.17830604
4637.6 0.18534394
4641.0 0.17801982
4644.4 0.17544761
4647.8 0.17495045
4651.2 0.17165029
4654.6 0.17146698
4658.0 0.17128395
4661.4 0.18286452
4664.8 0.17591409
4668.2 0.17718506
4671.6 0.17055492
4675.0 0.17037342
4678.4 0.17349012
4681.8 0.17906365
4685.2 0.17768006
4688.6 0.17351161
4692.0 0.17527357
4695.4 0.17544287
4698.8 0.17415054
4702.2 0.16893236
4705.6 0.16875359
4709.0 0.16857508
4712.4 0.16995671
4715.8 0.16821903
4719.2 0.16804144
4722.6 0.16786416
4726.0 0.17184457
4729.4 0.16751045
4732.8 0.16733406
4736.2 0.16715795
4739.6 0.16946959
4743.0 0.16680659
4746.4 0.16663137
4749.8 0.16645642
4753.2 0.16628177
4756.6 0.17078300
4760.0 0.16692983
4763.4 0.17614385
4766.8 0.16683921
4770.2 0.16684598
4773.6 0.16524002
4777.0 0.16506740
4780.4 0.17686167
4783.8 0.18352170
4787.2 0.17716375
4790.6 0.19034937
4794.0 0.17601453
4797.4 0.19806895
4800.8 0.18646383
4804.2 0.17230822
4807.6 0.19178049
4811.0 0.17866768
4814.4 0.17426114
4817.8 0.17572761
4821.2 0.17018563
4824.6 0.16779247
4828.0 0.16251244
4831.4 0.16234435
4834.8 0.16468611
4838.2 0.17087142
4841.6 0.16184181
4845.0 0.16167487
4848.4 0.16150822
4851.8 0.16134183
4855.2 0.17745489
4858.6 0.16484682
4862.0 0.16084428
4865.4 0.16067903
4868.8 0.16339938
4872.2 0.16230485
4875.6 0.16018477
4879.0 0.16002065
4882.4 0.16457087
4885.8 0.16968532
4889.2 0.17909493
4892.6 0.15936655
4896.0 0.17632435
4899.4 0.15950075
4902.8 0.16702193
4906.2 0.15871687
4909.6 0.16946831
4913.0 0.16502190
4916.4 0.16469450
4919.8 0.16797341
4923.2 0.17581415
4926.6 0.16750348
4930.0 0.15759036
4933.4 0.16821618
4936.8 0.18623641
4940.2 0.15711154
4943.6 0.15695249
4947.0 0.15724435
4950.4 0.15663512
4953.8 0.15647687
4957.2 0.15631881
4960.6 0.17163073
4964.0 0.16719401
4967.4 0.15584640
4970.8 0.15568943
4974.2 0.16404469
4977.6 0.17555468
4981.0 0.15522012
4984.4 0.15652589
4987.8 0.19132869
4991.2 0.16454178
4994.6 0.16312625
4998.0 0.15444311
5001.4 0.17550111
5004.8 0.18757434
5008.2 0.17918593
5011.6 0.19709474
5015.0 0.19296026
5018.4 0.20336293
5021.8 0.17676188
5025.2 0.18341523
5028.6 0.22589363
5032.0 0.20260839
5035.4 0.19444010
5038.8 0.17599843
5042.2 0.17007953
5045.6 0.21023966
5049.0 0.20054115
5052.4 0.19401214
5055.8 0.18071049
5059.2 0.16169502
5062.6 0.18273596
5066.0 0.15139922
5069.4 0.15124968
5072.8 0.15110035
5076.2 0.15095136
5079.6 0.15080257
5083.0 0.15065400
5086.4 0.15050575
5089.8 0.15035766
5093.2 0.15020987
5096.6 0.15006229
5100.0 0.14991501
5103.4 0.14976794
5106.8 0.14962113
5110.2 0.14947455
5113.6 0.14932826
5117.0 0.14918219
5120.4 0.14903633
5123.8 0.14889075
5127.2 0.14874539
5130.6 0.14860031
5134.0 0.14845544
5137.4 0.14831083
5140.8 0.14816648
5144.2 0.14802234
5147.6 0.14787842
5151.0 0.14773475
5154.4 0.14759137
5157.8 0.14744821
5161.2 0.14730524
5164.6 0.14716257
5168.0 0.14702015
5171.4 0.14687791
5174.8 0.14673595
5178.2 0.14659420
5181.6 0.14645271
5185.0 0.14631143
5188.4 0.14617045
5191.8 0.14602968
5195.2 0.14588915
5198.6 0.14574879
5202.0 0.14560872
5205.4 0.14546888
5208.8 0.14532927
5212.2 0.14518991
5215.6 0.14505076
5219.0 0.14491189
5222.4 0.14477320
5225.8 0.14463477
5229.2 0.14449659
5232.6 0.14435863
5236.0 0.14422087
5239.4 0.14408335
5242.8 0.14394611
5246.2 0.14380904
5249.6 0.14367227
5253.0 0.14353564
5256.4 0.14339925
5259.8 0.14326319
5263.2 0.14312740
5266.6 0.14299166
5270.0 0.14285620
5273.4 0.14272104
5276.8 0.14258608
5280.2 0.14245123
5283.6 0.14231667
5287.0 0.14218259
5290.4 0.14204834
5293.8 0.14191456
5297.2 0.14178103
5300.6 0.14164765
5304.0 0.14151450
5307.4 0.14138155
5310.8 0.14124873
5314.2 0.14111640
5317.6 0.14098409
5321.0 0.14085203
5324.4 0.14072011
5327.8 0.14058857
5331.2 0.14045718
5334.6 0.14032602
5338.0 0.14019507
5341.4 0.14006446
5344.8 0.13993406
5348.2 0.13980378
5351.6 0.13967372
5355.0 0.13954392
5358.4 0.13941438
5361.8 0.13928492
5365.2 0.13915575
5368.6 0.13902695
5372.0 0.13889809
5375.4 0.13876967
5378.8 0.13864146
5382.2 0.13851337
5385.6 0.13838553
5389.0 0.13825792
5392.4 0.13813038
5395.8 0.13800335
5399.2 0.13787630
5402.6 0.13774957
5406.0 0.13762303
5409.4 0.13749675
5412.8 0.13737059
5416.2 0.13724481
5419.6 0.13711916
5423.0 0.13699372
5426.4 0.13686837
5429.8 0.13674341
5433.2 0.13661857
5436.6 0.13649395
5440.0 0.13636957
5443.4 0.13624546
5446.8 0.13612141
5450.2 0.13599777
5453.6 0.13587424
5457.0 0.13575095
5460.4 0.13562770
5463.8 0.13550487
5467.2 0.13538212
5470.6 0.13525981
5474.0 0.13513753
5477.4 0.13501535
5480.8 0.13489357
5484.2 0.13477187
5487.6 0.13465059
5491.0 0.13452937
5494.4 0.13440822
5497.8 0.13428749
5501.2 0.13416699
5504.6 0.13404660
5508.0 0.13392636
5511.4 0.13380642
5514.8 0.13368672
5518.2 0.13356708
5521.6 0.13344771
5525.0 0.13332872
5528.4 0.13320976
5531.8 0.13309091
5535.2 0.13297248
5538.6 0.13285410
5542.0 0.13273610
5545.4 0.13261820
5548.8 0.13250037
5552.2 0.13238296
5555.6 0.13226570
5559.0 0.13214861
5562.4 0.13203168
5565.8 0.13191500
5569.2 0.13179858
5572.6 0.13168222
5576.0 0.13156626
5579.4 0.13145033
5582.8 0.13133466
5586.2 0.13121922
5589.6 0.13110399
5593.0 0.13098887
5596.4 0.13087416
5599.8 0.13075945
5603.2 0.13064498
5606.6 0.13053077
5610.0 0.13041663
5613.4 0.13030286
5616.8 0.13018914
5620.2 0.13007565
5623.6 0.12996243
5627.0 0.12984940
5630.4 0.12973644
5633.8 0.12962388
5637.2 0.12951140
5640.6 0.12939911
5644.0 0.12928706
5647.4 0.12917510
5650.8 0.12906350
5654.2 0.12895195
5657.6 0.12884080
5661.0 0.12872972
5664.4 0.12861869
5667.8 0.12850806
5671.2 0.12839764
5674.6 0.12828727
5678.0 0.12817715
5681.4 0.12806724
5684.8 0.12795755
5688.2 0.12784807
5691.6 0.12773867
5695.0 0.12762949
5698.4 0.12752053
5701.8 0.12741180
5705.2 0.12730329
5708.6 0.12719499
5712.0 0.12708671
5715.4 0.12697884
5718.8 0.12687106
5722.2 0.12676348
5725.6 0.12665609
5729.0 0.12654881
5732.4 0.12644188
5735.8 0.12633498
5739.2 0.12622832
5742.6 0.12612188
5746.0 0.12601568
5749.4 0.12590967
5752.8 0.12580371
5756.2 0.12569797
5759.6 0.12559262
5763.0 0.12548730
5766.4 0.12538207
5769.8 0.12527719
5773.2 0.12517254
5776.6 0.12506790
5780.0 0.12496353
5783.4 0.12485934
5786.8 0.12475535
5790.2 0.12465162
5793.6 0.12454794
5797.0 0.12444459
5800.4 0.12434132
5803.8 0.12423826
5807.2 0.12413540
5810.6 0.12403279
5814.0 0.12393019
5817.4 0.12382797
5820.8 0.12372579
5824.2 0.12362385
5827.6 0.12352210
5831.0 0.12342057
5834.4 0.12331922
5837.8 0.12321796
5841.2 0.12311703
5844.6 0.12301616
5848.0 0.12291553
5851.4 0.12281509
5854.8 0.12271472
5858.2 0.12261467
5861.6 0.12251469
5865.0 0.12241507
5868.4 0.12231550
5871.8 0.12221614
5875.2 0.12211698
5878.6 0.12201790
5882.0 0.12191916
5885.4 0.12182046
5888.8 0.12172199
5892.2 0.12162369
5895.6 0.12152562
5899.0 0.12142772
5902.4 0.12132990
5905.8 0.12123244
5909.2 0.12113503
5912.6 0.12103780
5916.0 0.12094079
5919.4 0.12084396
5922.8 0.12074737
5926.2 0.12065081
5929.6 0.12055460
5933.0 0.12045842
5936.4 0.12036249
5939.8 0.12026672
5943.2 0.12017117
5946.6 0.12007580
5950.0 0.11998051
5953.4 0.11988539
5956.8 0.11979063
5960.2 0.11969592
5963.6 0.11960141
5967.0 0.11950692
5970.4 0.11941282
5973.8 0.11931892
5977.2 0.11922505
5980.6 0.11913136
5984.0 0.11903788
5987.4 0.11894462
5990.8 0.11885153
5994.2 0.11875848
5997.6 0.11866579
