300.0 0.0
435.0 0.0000000
439.35 0.0000000
443.7 0.0000000
448.05 0.0000000
452.4 0.0000000
456.75 0.0000000
461.1 0.0000000
465.45 0.0000000
469.8 0.0000000
474.15 0.0000000
478.5 0.0000000
482.85 0.0000000
487.2 0.0000000
491.55 0.0000000
495.9 0.0000000
500.25 0.0000000
504.6 0.0000000
508.95 0.0000000
513.3 0.0000000
517.65 0.0000000
522.0 0.0000000
526.35 0.0000000
530.7 0.0000000
535.05 0.0000000
539.4 0.0000000
543.75 0.0000000
548.1 0.0000000
552.45 0.0000000
556.8 0.0000000
561.15 0.0000000
565.5 0.0000000
569.85 0.0000000
574.2 0.0000000
578.55 0.0000000
582.9 0.0000000
587.25 0.0000000
591.6 0.0000000
595.95 0.0000000
600.3 0.0000000
604.65 0.0000000
609.0 0.0000000
613.35 0.0000000
617.7 0.0000000
622.05 0.0000000
626.4 0.0000000
630.75 0.0000000
635.1 0.0000000
639.45 0.0000000
643.8 0.0000000
648.15 0.0000000
652.5 0.0000000
656.85 0.0000000
661.2 0.0000000
665.55 0.0000000
669.9 0.0000000
674.25 0.0000000
678.6 0.0000000
682.95 0.0000000
687.3 0.0000000
691.65 0.0000000
696.0 0.0000000
700.35 0.0000000
704.7 0.0000000
709.05 0.0000000
713.4 0.0000000
717.75 0.0000000
722.1 0.0000000
726.45 0.0000000
730.8 0.0000000
735.15 0.0000000
739.5 0.0000000
743.85 0.0000000
748.2 0.0000000
752.55 0.0000000
756.9 0.0000000
761.25 0.0000000
765.6 0.0000000
769.95 0.0000000
774.3 0.0000000
778.65 0.0000000
783.0 0.0000000
787.35 0.0000000
791.7 0.0000000
796.05 4.66964811E-05
800.4 2.97110400E-05
804.75 1.86887482E-05
809.1 1.15816483E-05
813.45 7.05603270E-06
817.8 4.22368475E-06
822.15 2.48303263E-06
826.5 1.43274110E-06
830.85 8.10952258E-07
835.2 4.50087185E-07
839.55 2.44738118E-07
843.9 1.30318938E-07
848.25 1.91170220E-05
852.6 1.21477569E-05
856.95 7.60371722E-06
861.3 4.68484814E-06
865.65 2.83942381E-06
870.0 1.85709371E-06
874.35 1.14054922E-06
878.7 6.56527163E-07
883.05 3.99976130E-07
887.4 2.44342630E-07
891.75 1.48850049E-07
896.1 3.90569400E-03
900.45 3.16383410E-03
904.8 2.11817701E-03
909.15 1.38490519E-03
913.5 1.01158663E-03
917.85 7.60185765E-04
922.2 5.83716377E-04
926.55 4.50173888E-04
930.9 3.30046401E-04
935.25 2.22250630E-04
939.6 1.65684658E-04
943.95 1.08458007E-04
948.3 7.15060596E-05
952.65 4.74462431E-05
957.0 3.24746034E-05
961.35 2.31656595E-05
965.7 1.54477893E-05
970.05 1.08377544E-05
974.4 7.58635815E-06
978.75 4.95646054E-06
983.1 2.93428161E-06
987.45 1.86278976E-06
991.8 1.10036456E-06
996.15 7.09364031E-07
1000.5 4.42347186E-07
1004.85 2.64586930E-07
1009.2 1.60651936E-07
1013.55 9.47054701E-08
1017.9 5.59264706E-08
1022.25 4.03040303E-08
1026.6 3.46896130E-08
1030.95 3.40392106E-08
1035.3 3.52186156E-08
1039.65 4.00641120E-08
1044.0 4.81826739E-08
1048.35 5.98313790E-08
1052.7 7.68212303E-08
1057.05 1.08010099E-07
1061.4 5.8659406
1065.75 4.7383819
1070.1 4.4139657
1074.45 4.4065599
1078.8 4.1227379
1083.15 3.2963901
1087.5 2.8426049
1091.85 2.6699944
1096.2 2.5519917
1100.55 2.3833733
1104.9 2.1736755
1109.25 2.0340390
1113.6 1.9847236
1117.95 1.9875951
1122.3 2.0173523
1126.65 2.0285807
1131.0 2.1793611
1135.35 2.2109070
1139.7 2.1133690
1144.05 1.9235404
1148.4 1.9337118
1152.75 1.9139477
1157.1 1.9575253
1161.45 1.9888841
1165.8 1.9623177
1170.15 1.8895695
1174.5 1.8623259
1178.85 1.9192922
1183.2 1.9052182
1187.55 1.9348108
1191.9 1.9076638
1196.25 1.9500881
1200.6 2.0592809
1204.95 2.1724098
1209.3 2.3293939
1213.65 2.3698385
1218.0 2.4009359
1222.35 2.1810203
1226.7 2.0342684
1231.05 1.9249442
1235.4 1.8763382
1239.75 1.8660244
1244.1 1.7798809
1248.45 1.7555399
1252.8 1.7432846
1257.15 1.7285694
1261.5 1.7577865
1265.85 1.7391393
1270.2 1.7003785
1274.55 1.7496051
1278.9 1.7176287
1283.25 1.7426505
1287.6 1.7825141
1291.95 1.8070012
1296.3 1.8490946
1300.65 1.8445172
1305.0 1.9010584
1309.35 1.9411790
1313.7 1.9863635
1318.05 2.0593307
1322.4 2.2105527
1326.75 2.4133434
1331.1 2.6458712
1335.45 2.9413629
1339.8 3.3084040
1344.15 3.5236971
1348.5 3.1949203
1352.85 2.7073579
1357.2 2.3369944
1361.55 2.1426342
1365.9 2.0437880
1370.25 1.9861600
1374.6 1.8899738
1378.95 1.8809605
1383.3 1.8221339
1387.65 1.8556370
1392.0 1.8581934
1396.35 1.8492399
1400.7 1.8669337
1405.05 1.8411078
1409.4 1.8663415
1413.75 1.8896066
1418.1 1.8900263
1422.45 1.9279358
1426.8 1.8508811
1431.15 1.8356889
1435.5 1.8092800
1439.85 1.8363174
1444.2 1.8419931
1448.55 1.8132210
1452.9 1.7191062
1457.25 1.6613814
1461.6 1.6358528
1465.95 1.6036021
1470.3 1.6041516
1474.65 1.5977730
1479.0 1.5926964
1483.35 1.6157525
1487.7 1.6086515
1492.05 1.6324064
1496.4 1.6379411
1500.75 1.6329335
1505.1 1.6121862
1509.45 1.6305979
1513.8 1.6359004
1518.15 1.6781814
1522.5 1.6492469
1526.85 1.6207958
1531.2 1.5477147
1535.55 1.5692167
1539.9 1.5746793
1544.25 1.5520995
1548.6 1.6029162
1552.95 1.6165006
1557.3 1.5724262
1561.65 1.5441124
1566.0 1.5446550
1570.35 1.5431840
1574.7 1.5410180
1579.05 1.5591599
1583.4 1.5304894
1587.75 1.5242532
1592.1 1.5423459
1596.45 1.5392191
1600.8 1.5759388
1605.15 1.5677764
1609.5 1.6676911
1613.85 1.6605500
1618.2 1.6760428
1622.55 1.6493019
1626.9 1.6515496
1631.25 1.6653874
1635.6 1.7380649
1639.95 1.8686492
1644.3 1.9869612
1648.65 2.0829360
1653.0 2.1185460
1657.35 2.2281160
1661.7 2.1292961
1666.05 1.9454341
1670.4 1.7781610
1674.75 1.6668289
1679.1 1.6141731
1683.45 1.5606862
1687.8 1.5104276
1692.15 1.4716926
1696.5 1.4598676
1700.85 1.4032142
1705.2 1.3794475
1709.55 1.3668712
1713.9 1.3784442
1718.25 1.3825835
1722.6 1.3490592
1726.95 1.3529220
1731.3 1.3584073
1735.65 1.3680819
1740.0 1.3325715
1744.35 1.3454744
1748.7 1.3752192
1753.05 1.2992429
1757.4 1.3320440
1761.75 1.3390194
1766.1 1.3281082
1770.45 1.3379005
1774.8 1.3152046
1779.15 1.2963163
1783.5 1.3308240
1787.85 1.3830968
1792.2 1.3542130
1796.55 1.3867171
1800.9 1.3735666
1805.25 1.3757768
1809.6 1.3665702
1813.95 1.3826777
1818.3 1.3772578
1822.65 1.3723533
1827.0 1.3272101
1831.35 1.3043993
1835.7 1.3200374
1840.05 1.3375350
1844.4 1.2797639
1848.75 1.3402841
1853.1 1.2924539
1857.45 1.3220859
1861.8 1.3087766
1866.15 1.3341473
1870.5 1.2699472
1874.85 1.2875241
1879.2 1.2850894
1883.55 1.3063101
1887.9 1.2404979
1892.25 1.2538565
1896.6 1.2765158
1900.95 1.2186563
1905.3 1.2401583
1909.65 1.2015529
1914.0 1.1670008
1918.35 1.1644660
1922.7 1.1619384
1927.05 1.1682485
1931.4 1.1740123
1935.75 1.1744248
1940.1 1.1567175
1944.45 1.1494031
1948.8 1.1469164
1953.15 1.1444370
1957.5 1.1574074
1961.85 1.1540238
1966.2 1.1695224
1970.55 1.1750692
1974.9 1.1731014
1979.25 1.1801254
1983.6 1.1894755
1987.95 1.2094461
1992.3 1.2349783
1996.65 1.2237971
2001.0 1.2545176
2005.35 1.2672812
2009.7 1.2762802
2014.05 1.2817055
2018.4 1.2891616
2022.75 1.3036783
2027.1 1.3086127
2031.45 1.2892811
2035.8 1.2762733
2040.15 1.2461050
2044.5 1.2413855
2048.85 1.2158540
2053.2 1.2320045
2057.55 1.2152830
2061.9 1.2058866
2066.25 1.2076646
2070.6 1.1986516
2074.95 1.1999100
2079.3 1.2009883
2083.65 1.2131906
2088.0 1.2399940
2092.35 1.2194202
2096.7 1.2616379
2101.05 1.2911072
2105.4 1.3276192
2109.75 1.3219523
2114.1 1.2827400
2118.45 1.2746435
2122.8 1.2770262
2127.15 1.2463835
2131.5 1.2215773
2135.85 1.2130808
2140.2 1.2067878
2144.55 1.2283109
2148.9 1.2517023
2153.25 1.2550551
2157.6 1.2453493
2161.95 1.2469436
2166.3 1.2375791
2170.65 1.2423178
2175.0 1.2281815
2179.35 1.2215989
2183.7 1.2215527
2188.05 1.2144783
2192.4 1.1977351
2196.75 1.1790556
2201.1 1.1886921
2205.45 1.1912692
2209.8 1.1904405
2214.15 1.1776023
2218.5 1.1671472
2222.85 1.1627934
2227.2 1.1557335
2231.55 1.1499916
2235.9 1.1389029
2240.25 1.1223381
2244.6 1.1268135
2248.95 1.1257164
2253.3 1.1120926
2257.65 1.0818652
2262.0 1.1085186
2266.35 1.1122845
2270.7 1.1043917
2275.05 1.1032251
2279.4 1.1115769
2283.75 1.0899340
2288.1 1.0892113
2292.45 1.0668756
2296.8 1.0491196
2301.15 1.0071161
2305.5 1.0014818
2309.85 0.99881870
2314.2 0.98807335
2318.55 1.0139397
2322.9 1.0277164
2327.25 1.0289400
2331.6 1.0059172
2335.95 1.0152285
2340.3 1.0187149
2344.65 1.0314560
2349.0 1.0306457
2353.35 1.0535337
2357.7 1.0831411
2362.05 1.0916582
2366.4 1.0766797
2370.75 1.1086514
2375.1 1.1224203
2379.45 1.1203361
2383.8 1.1251146
2388.15 1.1696203
2392.5 1.1972785
2396.85 1.1900517
2401.2 1.2116463
2405.55 1.1830512
2409.9 1.2116110
2414.25 1.2520560
2418.6 1.3552431
2422.95 1.4761492
2427.3 1.6644901
2431.65 1.8562577
2436.0 1.9139587
2440.35 1.8151675
2444.7 1.6063814
2449.05 1.4279649
2453.4 1.3169138
2457.75 1.2615463
2462.1 1.2177687
2466.45 1.1837196
2470.8 1.1567544
2475.15 1.1308978
2479.5 1.1219850
2483.85 1.0983942
2488.2 1.0778637
2492.55 1.0545597
2496.9 1.0410372
2501.25 1.0370101
2505.6 1.0064882
2509.95 1.0075892
2514.3 0.98173082
2518.65 0.97451979
2523.0 0.97263634
2527.35 0.93174553
2531.7 0.94494176
2536.05 0.94355428
2540.4 0.95662212
2544.75 0.98207611
2549.1 0.99048954
2553.45 0.99309307
2557.8 0.99151510
2562.15 0.99763340
2566.5 0.98326755
2570.85 0.98494768
2575.2 0.99725008
2579.55 0.98179597
2583.9 0.98438710
2588.25 0.96599782
2592.6 0.97110516
2596.95 0.94700646
2601.3 0.93040651
2605.65 0.91307336
2610.0 0.90415651
2614.35 0.88186055
2618.7 0.87233633
2623.05 0.84788036
2627.4 0.83094037
2631.75 0.82701755
2636.1 0.83428282
2640.45 0.82285130
2644.8 0.83987695
2649.15 0.84371543
2653.5 0.84582466
2657.85 0.84516871
2662.2 0.84534061
2666.55 0.86154538
2670.9 0.85207409
2675.25 0.86833906
2679.6 0.86682791
2683.95 0.86285627
2688.3 0.85292351
2692.65 0.86106509
2697.0 0.85445404
2701.35 0.87210733
2705.7 0.89365631
2710.05 0.89548838
2714.4 0.93072391
2718.75 0.93767267
2723.1 0.93669796
2727.45 0.92329568
2731.8 0.92184407
2736.15 0.88734961
2740.5 0.90647274
2744.85 0.89701480
2749.2 0.89478719
2753.55 0.90543449
2757.9 0.92874944
2762.25 0.92909026
2766.6 0.94015121
2770.95 0.94544667
2775.3 0.95221061
2779.65 0.94229585
2784.0 0.94629049
2788.35 0.93165070
2792.7 0.94160146
2797.05 0.92941970
2801.4 0.90128314
2805.75 0.90111786
2810.1 0.91164541
2814.45 0.88709825
2818.8 0.88520914
2823.15 0.88534951
2827.5 0.88429952
2831.85 0.89780509
2836.2 0.89332348
2840.55 0.87766004
2844.9 0.87541908
2849.25 0.89250785
2853.6 0.89029294
2857.95 0.88369006
2862.3 0.89934421
2866.65 0.87338752
2871.0 0.86205733
2875.35 0.84999871
2879.7 0.84130514
2884.05 0.83448386
2888.4 0.81679994
2892.75 0.81308526
2897.1 0.82218742
2901.45 0.82900774
2905.8 0.83917451
2910.15 0.86485738
2914.5 0.83494842
2918.85 0.82284540
2923.2 0.81728482
2927.55 0.81293088
2931.9 0.80300558
2936.25 0.82158226
2940.6 0.81812298
2944.95 0.82344794
2949.3 0.81529886
2953.65 0.81735510
2958.0 0.81735075
2962.35 0.83558643
2966.7 0.84001929
2971.05 0.85375869
2975.4 0.88097024
2979.75 0.91630316
2984.1 0.87257242
2988.45 0.83890355
2992.8 0.84320313
2997.15 0.82976335
3001.5 0.79901183
3005.85 0.80748242
3010.2 0.80932862
3014.55 0.78638095
3018.9 0.78059804
3023.25 0.76280993
3027.6 0.75157326
3031.95 0.77129513
3036.3 0.76867330
3040.65 0.75735223
3045.0 0.77173150
3049.35 0.75194854
3053.7 0.73942995
3058.05 0.73869485
3062.4 0.72584164
3066.75 0.71339989
3071.1 0.69924241
3075.45 0.70763195
3079.8 0.70550501
3084.15 0.68471783
3088.5 0.69034386
3092.85 0.70106149
3097.2 0.70532268
3101.55 0.69159979
3105.9 0.70385122
3110.25 0.72096479
3114.6 0.70703149
3118.95 0.72200269
3123.3 0.70091099
3127.65 0.70216930
3132.0 0.69138378
3136.35 0.69990236
3140.7 0.70362091
3145.05 0.68939549
3149.4 0.70809937
3153.75 0.69578725
3158.1 0.68922853
3162.45 0.69489104
3166.8 0.67946422
3171.15 0.68652487
3175.5 0.68068063
3179.85 0.68481714
3184.2 0.68894762
3188.55 0.67933238
3192.9 0.67312938
3197.25 0.67086828
3201.6 0.66740590
3205.95 0.66298795
3210.3 0.66306198
3214.65 0.67195570
3219.0 0.67060757
3223.35 0.66960001
3227.7 0.65642101
3232.05 0.65854239
3236.4 0.68586743
3240.75 0.77269053
3245.1 0.80228931
3249.45 0.67770737
3253.8 0.65337092
3258.15 0.65292174
3262.5 0.64484966
3266.85 0.66767746
3271.2 0.64869964
3275.55 0.63415897
3279.9 0.63824695
3284.25 0.63073117
3288.6 0.62213171
3292.95 0.61531991
3297.3 0.60744131
3301.65 0.57418638
3306.0 0.58323932
3310.35 0.57205200
3314.7 0.59677261
3319.05 0.59508044
3323.4 0.58845013
3327.75 0.58234674
3332.1 0.57780129
3336.45 0.59232533
3340.8 0.57998174
3345.15 0.58943546
3349.5 0.59815872
3353.85 0.60778290
3358.2 0.63169003
3362.55 0.67963815
3366.9 0.70769334
3371.25 0.63578290
3375.6 0.59390384
3379.95 0.61493891
3384.3 0.61961651
3388.65 0.58706778
3393.0 0.57428950
3397.35 0.57491142
3401.7 0.56459910
3406.05 0.56104821
3410.4 0.55042660
3414.75 0.53429127
3419.1 0.51643986
3423.45 0.51265258
3427.8 0.52805895
3432.15 0.54361480
3436.5 0.54498011
3440.85 0.55087245
3445.2 0.56424904
3449.55 0.56451535
3453.9 0.56083661
3458.25 0.54196733
3462.6 0.54405719
3466.95 0.54103410
3471.3 0.51840824
3475.65 0.52484286
3480.0 0.50707507
3484.35 0.50692767
3488.7 0.49798152
3493.05 0.50865430
3497.4 0.51495045
3501.75 0.50540411
3506.1 0.48936799
3510.45 0.48868284
3514.8 0.48625761
3519.15 0.48037374
3523.5 0.49481934
3527.85 0.48426357
3532.2 0.49654362
3536.55 0.50625408
3540.9 0.53693902
3545.25 0.52849591
3549.6 0.52522272
3553.95 0.54825723
3558.3 0.55575830
3562.65 0.57496756
3567.0 0.61121243
3571.35 0.59314579
3575.7 0.56333005
3580.05 0.56034768
3584.4 0.53513694
3588.75 0.52160525
3593.1 0.51602435
3597.45 0.50723875
3601.8 0.49017033
3606.15 0.47117594
3610.5 0.46555838
3614.85 0.46760231
3619.2 0.48040169
3623.55 0.47641072
3627.9 0.47318414
3632.25 0.48347124
3636.6 0.46665075
3640.95 0.46062273
3645.3 0.46896887
3649.65 0.45810217
3654.0 0.45303130
3658.35 0.45218882
3662.7 0.45134872
3667.05 0.45327660
3671.4 0.45688492
3675.75 0.45465860
3680.1 0.45282978
3684.45 0.47800061
3688.8 0.47498024
3693.15 0.48207191
3697.5 0.47333816
3701.85 0.46179852
3706.2 0.45427305
3710.55 0.47449479
3714.9 0.47406176
3719.25 0.47053799
3723.6 0.49214491
3727.95 0.47894338
3732.3 0.49429193
3736.65 0.52104986
3741.0 0.51190966
3745.35 0.52224642
3749.7 0.53167671
3754.05 0.55329114
3758.4 0.58821952
3762.75 0.59455794
3767.1 0.62730896
3771.45 0.67881745
3775.8 0.70379531
3780.15 0.70661896
3784.5 0.65688306
3788.85 0.64500016
3793.2 0.63838518
3797.55 0.60726285
3801.9 0.57964557
3806.25 0.53072190
3810.6 0.51952738
3814.95 0.49873373
3819.3 0.48854876
3823.65 0.50081766
3828.0 0.48704669
3832.35 0.47865066
3836.7 0.47902802
3841.05 0.46772671
3845.4 0.46432203
3849.75 0.46180031
3854.1 0.43319502
3858.45 0.44791836
3862.8 0.44551957
3867.15 0.45677122
3871.5 0.44676828
3875.85 0.44471446
3880.2 0.46463966
3884.55 0.47124964
3888.9 0.48892471
3893.25 0.48173547
3897.6 0.47795784
3901.95 0.45992300
3906.3 0.48513591
3910.65 0.48610529
3915.0 0.48898736
3919.35 0.48536831
3923.7 0.50352067
3928.05 0.52484435
3932.4 0.52094966
3936.75 0.49947327
3941.1 0.48755100
3945.45 0.47562632
3949.8 0.47882533
3954.15 0.51394331
3958.5 0.49985826
3962.85 0.49364161
3967.2 0.51264924
3971.55 0.50822204
3975.9 0.47054142
3980.25 0.49578232
3984.6 0.51535726
3988.95 0.49307021
3993.3 0.48354265
3997.65 0.49105427
4002.0 0.47260058
4006.35 0.46148074
4010.7 0.46286657
4015.05 0.47748867
4019.4 0.49468574
4023.75 0.49425566
4028.1 0.48424932
4032.45 0.49013871
4036.8 0.47539809
4041.15 0.48316097
4045.5 0.46841547
4049.85 0.49282405
4054.2 0.46370801
4058.55 0.47861788
4062.9 0.45854908
4067.25 0.46269569
4071.6 0.46614304
4075.95 0.48134699
4080.3 0.43888789
4084.65 0.43780977
4089.0 0.41148770
4093.35 0.40616250
4097.7 0.40035477
4102.05 0.41001162
4106.4 0.40853894
4110.75 0.40718725
4115.1 0.39975390
4119.45 0.40568170
4123.8 0.40972024
4128.15 0.40098566
4132.5 0.38740706
4136.85 0.39072874
4141.2 0.39218846
4145.55 0.39001223
4149.9 0.39595434
4154.25 0.40084937
4158.6 0.40794030
4162.95 0.40626153
4167.3 0.40292916
4171.65 0.41063303
4176.0 0.42227507
4180.35 0.42240611
4184.7 0.42614251
4189.05 0.44194975
4193.4 0.46784347
4197.75 0.46987230
4202.1 0.50486088
4206.45 0.50934815
4210.8 0.52620620
4215.15 0.56533200
4219.5 0.58840871
4223.85 0.65809423
4228.2 0.71759522
4232.55 0.69468892
4236.9 0.64777601
4241.25 0.60135466
4245.6 0.56867802
4249.95 0.54023367
4254.3 0.50440305
4258.65 0.49524525
4263.0 0.49018100
4267.35 0.47296843
4271.7 0.44645596
4276.05 0.45963117
4280.4 0.44450009
4284.75 0.43754676
4289.1 0.43002385
4293.45 0.41832057
4297.8 0.41362855
4302.15 0.42425328
4306.5 0.42421046
4310.85 0.50041056
4315.2 0.54685408
4319.55 0.45697108
4323.9 0.40572760
4328.25 0.39486626
4332.6 0.39143151
4336.95 0.38168806
4341.3 0.40638489
4345.65 0.44383264
4350.0 0.53920132
4354.35 0.75941396
4358.7 0.75741947
4363.05 0.50917459
4367.4 0.42851153
4371.75 0.40272680
4376.1 0.39154488
4380.45 0.38219267
4384.8 0.37473655
4389.15 0.37486342
4393.5 0.37209460
4397.85 0.37250495
4402.2 0.37188208
4406.55 0.36569706
4410.9 0.36151621
4415.25 0.36139622
4419.6 0.34746629
4423.95 0.34021449
4428.3 0.35505393
4432.65 0.35175228
4437.0 0.35601208
4441.35 0.34155470
4445.7 0.34423661
4450.05 0.33932686
4454.4 0.35106304
4458.75 0.34478983
4463.1 0.33580667
4467.45 0.34340104
4471.8 0.34115684
4476.15 0.35144433
4480.5 0.35316291
4484.85 0.36720514
4489.2 0.37503460
4493.55 0.36964515
4497.9 0.35885495
4502.25 0.37453309
4506.6 0.35893330
4510.95 0.34993297
4515.3 0.35053134
4519.65 0.37020373
4524.0 0.36317986
4528.35 0.34395552
4532.7 0.34836864
4537.05 0.35147381
4541.4 0.35727501
4545.75 0.35138136
4550.1 0.35461691
4554.45 0.35312611
4558.8 0.35497174
4563.15 0.34192064
4567.5 0.34761739
4571.85 0.35880178
4576.2 0.34146035
4580.55 0.35100970
4584.9 0.35232812
4589.25 0.34964648
4593.6 0.35004923
4597.95 0.35247421
4602.3 0.35007650
4606.65 0.36343661
4611.0 0.34684861
4615.35 0.33945796
4619.7 0.37109977
4624.05 0.34630877
4628.4 0.36231628
4632.75 0.35306251
4637.1 0.34245199
4641.45 0.33750731
4645.8 0.33357698
4650.15 0.34347236
4654.5 0.32542333
4658.85 0.32820541
4663.2 0.33145210
4667.55 0.32776648
4671.9 0.31228554
4676.25 0.31791693
4680.6 0.32548770
4684.95 0.32470256
4689.3 0.31473473
4693.65 0.31579721
4698.0 0.31304616
4702.35 0.30689356
4706.7 0.31292379
4711.05 0.31918997
4715.4 0.31694397
4719.75 0.30911180
4724.1 0.30452436
4728.45 0.29988861
4732.8 0.31019661
4737.15 0.29898971
4741.5 0.31909740
4745.85 0.30068189
4750.2 0.30195665
4754.55 0.29720423
4758.9 0.29676041
4763.25 0.29631761
4767.6 0.29587579
4771.95 0.30255380
4776.3 0.30377471
4780.65 0.31066218
4785.0 0.30298695
4789.35 0.30379575
4793.7 0.29324609
4798.05 0.29281121
4802.4 0.30105385
4806.75 0.30986491
4811.1 0.30453366
4815.45 0.29701161
4819.8 0.30860469
4824.15 0.31345481
4828.5 0.29764104
4832.85 0.30092165
4837.2 0.28894198
4841.55 0.28851688
4845.9 0.29423371
4850.25 0.28929964
4854.6 0.31617731
4858.95 0.30175993
4863.3 0.29345018
4867.65 0.32754311
4872.0 0.32310525
4876.35 0.30843565
4880.7 0.30272463
4885.05 0.28893861
4889.4 0.28847083
4893.75 0.28348967
4898.1 0.29269597
4902.45 0.28266487
4906.8 0.28397003
4911.15 0.28184375
4915.5 0.28407121
4919.85 0.28102621
4924.2 0.28252169
4928.55 0.28141931
4932.9 0.27980670
4937.25 0.28948408
4941.6 0.28513858
4945.95 0.27859551
4950.3 0.27819347
4954.65 0.27779242
4959.0 0.27739218
4963.35 0.27699283
4967.7 0.27659443
4972.05 0.27619684
4976.4 0.28182673
4980.75 0.27540430
4985.1 0.27580765
4989.45 0.27461526
4993.8 0.27580544
4998.15 0.27392170
5002.5 0.27343807
5006.85 0.27604491
5011.2 0.27984983
5015.55 0.28114179
5019.9 0.27847943
5024.25 0.27796340
5028.6 0.27712137
5032.95 0.27325794
5037.3 0.27547014
5041.65 0.27362919
5046.0 0.27306175
5050.35 0.27910161
5054.7 0.29128784
5059.05 0.27695769
5063.4 0.28652284
5067.75 0.28094414
5072.1 0.28959069
5076.45 0.28276467
5080.8 0.29189959
5085.15 0.28720182
5089.5 0.28847134
5093.85 0.29682168
5098.2 0.28958586
5102.55 0.29508016
5106.9 0.30477509
5111.25 0.32810375
5115.6 0.32055846
5119.95 0.31433341
5124.3 0.31600302
5128.65 0.28811395
5133.0 0.28325191
5137.35 0.29640594
5141.7 0.29112786
5146.05 0.28096125
5150.4 0.28245363
5154.75 0.28397521
5159.1 0.28431493
5163.45 0.27927703
5167.8 0.28475749
5172.15 0.29058045
5176.5 0.27267247
5180.85 0.27555585
5185.2 0.27363169
5189.55 0.28238124
5193.9 0.26637068
5198.25 0.26920140
5202.6 0.26844475
5206.95 0.26745963
5211.3 0.26935908
5215.65 0.26880190
5220.0 0.26812240
5224.35 0.27052981
5228.7 0.26613539
5233.05 0.26389816
5237.4 0.25924882
5241.75 0.25901845
5246.1 0.25477791
5250.45 0.25970960
5254.8 0.26025406
5259.15 0.26323378
5263.5 0.26534939
5267.85 0.25522378
5272.2 0.26069281
5276.55 0.26850569
5280.9 0.26535901
5285.25 0.26798889
5289.6 0.27286229
5293.95 0.26837763
5298.3 0.27035308
5302.65 0.26499474
5307.0 0.27829972
5311.35 0.25588199
5315.7 0.24736224
5320.05 0.25110117
5324.4 0.24773672
5328.75 0.24906670
5333.1 0.24940452
5337.45 0.25429472
5341.8 0.25898856
5346.15 0.24722028
5350.5 0.25416231
5354.85 0.26102898
5359.2 0.25140375
5363.55 0.24720150
5367.9 0.24339044
5372.25 0.24306394
5376.6 0.24408574
5380.95 0.25848666
5385.3 0.24626797
5389.65 0.24771266
5394.0 0.24144150
5398.35 0.24204001
5402.7 0.24182446
5407.05 0.24574953
5411.4 0.24326254
5415.75 0.24880281
5420.1 0.24963032
5424.45 0.24395731
5428.8 0.24227248
5433.15 0.24190249
5437.5 0.24887256
5441.85 0.24731186
5446.2 0.24208505
5450.55 0.24032141
5454.9 0.23846430
5459.25 0.23730788
5463.6 0.23926750
5467.95 0.24135238
5472.3 0.24931984
5476.65 0.25274050
5481.0 0.25751635
5485.35 0.26569748
5489.7 0.25506932
5494.05 0.24256510
5498.4 0.24335259
5502.75 0.24083488
5507.1 0.23707502
5511.45 0.24076879
5515.8 0.24792884
5520.15 0.25053328
5524.5 0.24273279
5528.85 0.24462067
5533.2 0.24827623
5537.55 0.25275618
5541.9 0.25658682
5546.25 0.24394041
5550.6 0.24635248
5554.95 0.25092074
5559.3 0.25166702
5563.65 0.24631302
5568.0 0.24587202
5572.35 0.24951915
5576.7 0.24928708
5581.05 0.24656682
5585.4 0.25261861
5589.75 0.25002843
5594.1 0.25355458
5598.45 0.25961944
5602.8 0.25598928
5607.15 0.26343769
5611.5 0.25921360
5615.85 0.27681267
5620.2 0.27885437
5624.55 0.28614816
5628.9 0.29419520
5633.25 0.29299513
5637.6 0.29897326
5641.95 0.31573564
5646.3 0.31747827
5650.65 0.33129960
5655.0 0.34659263
5659.35 0.36785182
5663.7 0.39246783
5668.05 0.42217255
5672.4 0.46309358
5676.75 0.51420790
5681.1 0.57676840
5685.45 0.65048140
5689.8 0.76262170
5694.15 0.89599645
5698.5 1.0639846
5702.85 1.2333820
5707.2 1.4507730
5711.55 1.4908735
5715.9 1.2749087
5720.25 1.0610774
5724.6 0.96532154
5728.95 0.90916812
5733.3 0.78729087
5737.65 0.66414684
5742.0 0.59829736
5746.35 0.54570413
5750.7 0.49761942
5755.05 0.46097633
5759.4 0.43855655
5763.75 0.41059619
5768.1 0.38227347
5772.45 0.35874033
5776.8 0.33510244
5781.15 0.31489146
5785.5 0.30849141
5789.85 0.30214000
5794.2 0.28693387
5798.55 0.28506857
5802.9 0.27970788
5807.25 0.28001148
5811.6 0.28493047
5815.95 0.28411826
5820.3 0.27818835
5824.65 0.26915342
5829.0 0.28258079
5833.35 0.28982717
5837.7 0.29571486
5842.05 0.32563469
5846.4 0.32393259
5850.75 0.30197179
5855.1 0.30499601
5859.45 0.30866304
5863.8 0.29977849
5868.15 0.27664518
5872.5 0.25412798
5876.85 0.25161970
5881.2 0.24523419
5885.55 0.23777990
5889.9 0.23628004
5894.25 0.22968091
5898.6 0.21955240
5902.95 0.21832171
5907.3 0.21938187
5911.65 0.21898548
5916.0 0.20876718
5920.35 0.20680320
5924.7 0.20655072
5929.05 0.21315290
5933.4 0.22153291
5937.75 0.21274677
5942.1 0.20964134
5946.45 0.20901597
5950.8 0.20504254
5955.15 0.20479298
5959.5 0.20454390
5963.85 0.21834067
5968.2 0.21001065
5972.55 0.21149658
5976.9 0.20355238
5981.25 0.20330566
5985.6 0.20699424
5989.95 0.21361262
5994.3 0.21193090
5998.65 0.20692848
