300.0 0.0
410.0 0.0000000
414.1 0.0000000
418.2 0.0000000
422.3 0.0000000
426.4 0.0000000
430.5 0.0000000
434.6 0.0000000
438.7 0.0000000
442.8 0.0000000
446.9 0.0000000
451.0 0.0000000
455.1 0.0000000
459.2 0.0000000
463.3 0.0000000
467.4 0.0000000
471.5 0.0000000
475.6 0.0000000
479.7 0.0000000
483.8 0.0000000
487.9 0.0000000
492.0 0.0000000
496.1 0.0000000
500.2 0.0000000
504.3 0.0000000
508.4 0.0000000
512.5 0.0000000
516.6 0.0000000
520.7 0.0000000
524.8 0.0000000
528.9 0.0000000
533.0 0.0000000
537.1 0.0000000
541.2 0.0000000
545.3 0.0000000
549.4 0.0000000
553.5 0.0000000
557.6 0.0000000
561.7 0.0000000
565.8 0.0000000
569.9 0.0000000
574.0 0.0000000
578.1 0.0000000
582.2 0.0000000
586.3 0.0000000
590.4 0.0000000
594.5 0.0000000
598.6 0.0000000
602.7 0.0000000
606.8 0.0000000
610.9 0.0000000
615.0 0.0000000
619.1 0.0000000
623.2 0.0000000
627.3 0.0000000
631.4 0.0000000
635.5 0.0000000
639.6 0.0000000
643.7 0.0000000
647.8 0.0000000
651.9 0.0000000
656.0 0.0000000
660.1 0.0000000
664.2 0.0000000
668.3 0.0000000
672.4 0.0000000
676.5 0.0000000
680.6 0.0000000
684.7 0.0000000
688.8 0.0000000
692.9 0.0000000
697.0 0.0000000
701.1 0.0000000
705.2 0.0000000
709.3 0.0000000
713.4 0.0000000
717.5 0.0000000
721.6 0.0000000
725.7 0.0000000
729.8 0.0000000
733.9 0.0000000
738.0 0.0000000
742.1 0.0000000
746.2 0.0000000
750.3 1.55621543E-04
754.4 1.21046200E-04
758.5 9.33314077E-05
762.6 7.13243135E-05
766.7 5.40183391E-05
770.8 4.05267383E-05
774.9 3.01134532E-05
779.0 2.21466435E-05
783.1 1.62111082E-05
787.2 1.17042719E-05
791.3 8.20361674E-06
795.4 5.55211000E-06
799.5 1.36699178E-04
803.6 1.02834514E-04
807.7 7.68242680E-05
811.8 5.68058931E-05
815.9 4.15647337E-05
820.0 3.30017974E-05
824.1 2.47600055E-05
828.2 1.75195310E-05
832.3 1.32037221E-05
836.4 1.00450707E-05
840.5 7.67060283E-06
844.6 5.32927271E-03
848.7 4.75853914E-03
852.8 3.52055975E-03
856.9 2.55101779E-03
861.0 2.07165815E-03
865.1 1.73542346E-03
869.2 1.49037712E-03
873.3 1.29002146E-03
877.4 1.06444629E-03
881.5 8.09634745E-04
885.6 6.84180413E-04
889.7 5.09245670E-04
893.8 3.83310980E-04
897.9 2.91476230E-04
902.0 2.29400248E-04
906.1 1.88997001E-04
910.2 1.46112186E-04
914.3 1.19299904E-04
918.4 9.76600859E-05
922.5 7.49161991E-05
926.6 5.22949049E-05
930.7 3.93466435E-05
934.8 2.76653009E-05
938.9 2.13301355E-05
943.0 1.59940682E-05
947.1 1.15566718E-05
951.2 8.52046833E-06
955.3 6.44656120E-06
959.4 4.86855606E-06
963.5 3.77634910E-06
967.6 2.79598044E-06
971.7 2.07261201E-06
975.8 1.54781276E-06
979.9 1.18356888E-06
984.0 9.20230775E-07
988.1 7.44135093E-07
992.2 6.17399053E-07
996.3 5.54106180E-07
1000.4 0.92150337
1004.5 0.74862510
1008.6 0.70131993
1012.7 0.70408142
1016.8 0.66241181
1020.9 0.53257132
1025.0 0.46178070
1029.1 0.43610674
1033.2 0.41908532
1037.3 0.39350009
1041.4 0.36079016
1045.5 0.33939826
1049.6 0.33291215
1053.7 0.33513081
1057.8 0.34190714
1061.9 0.34557915
1066.0 0.37315637
1070.1 0.38047600
1074.2 0.36551470
1078.3 0.33434325
1082.4 0.33777946
1086.5 0.33596933
1090.6 0.34529769
1094.7 0.35252979
1098.8 0.34949332
1102.9 0.33814615
1107.0 0.33485174
1111.1 0.34671792
1115.2 0.34578574
1119.3 0.35279047
1123.4 0.34944555
1127.5 0.35885099
1131.6 0.38067037
1135.7 0.40339786
1139.8 0.43448931
1143.9 0.44400331
1148.0 0.45182127
1152.1 0.41224071
1156.2 0.38618219
1160.3 0.36701307
1164.4 0.35928744
1168.5 0.35884172
1172.6 0.34373119
1176.7 0.34046209
1180.8 0.33950388
1184.9 0.33804089
1189.0 0.34517831
1193.1 0.34292105
1197.2 0.33664843
1201.3 0.34780082
1205.4 0.34282109
1209.5 0.34920922
1213.6 0.35861981
1217.7 0.36498457
1221.8 0.37495467
1225.9 0.37548772
1230.0 0.38849977
1234.1 0.39822868
1238.2 0.40905958
1242.3 0.42570114
1246.4 0.45869049
1250.5 0.50265294
1254.6 0.55314350
1258.7 0.61720252
1262.8 0.69678313
1266.9 0.74484879
1271.0 0.67781293
1275.1 0.57645625
1279.2 0.49938968
1283.3 0.45949599
1287.4 0.43985781
1291.5 0.42896658
1295.6 0.40962717
1299.7 0.40909809
1303.8 0.39768010
1307.9 0.40639037
1312.0 0.40834633
1316.1 0.40776563
1320.2 0.41306296
1324.3 0.40872213
1328.4 0.41571277
1332.5 0.42229730
1336.6 0.42378995
1340.7 0.43371391
1344.8 0.41774273
1348.9 0.41566232
1353.0 0.41100848
1357.1 0.41849256
1361.2 0.42112881
1365.3 0.41586953
1369.4 0.39553088
1373.5 0.38345167
1377.6 0.37874016
1381.7 0.37242791
1385.8 0.37370738
1389.9 0.37336585
1394.0 0.37331727
1398.1 0.37987286
1402.2 0.37934670
1406.3 0.38610572
1410.4 0.38857302
1414.5 0.38853717
1418.6 0.38473502
1422.7 0.39027303
1426.8 0.39268735
1430.9 0.40400860
1435.0 0.39819124
1439.1 0.39244795
1443.2 0.37582490
1447.3 0.38213062
1451.4 0.38454673
1455.5 0.38009951
1459.6 0.39364427
1463.7 0.39808595
1467.8 0.38830498
1471.9 0.38236424
1476.0 0.38354707
1480.1 0.38422677
1484.2 0.38472837
1488.3 0.39030856
1492.4 0.38415986
1496.5 0.38361618
1500.6 0.38920105
1504.7 0.38943869
1508.8 0.39977723
1512.9 0.39874688
1517.0 0.42526326
1521.1 0.42453840
1525.2 0.42960310
1529.3 0.42383224
1533.4 0.42549148
1537.5 0.43014497
1541.6 0.45004958
1545.7 0.48507783
1549.8 0.51707870
1553.9 0.54340196
1558.0 0.55405921
1562.1 0.58414942
1566.2 0.55960816
1570.3 0.51253283
1574.4 0.46959993
1578.5 0.44125998
1582.6 0.42834589
1586.7 0.41514209
1590.8 0.40272817
1594.9 0.39332825
1599.0 0.39108661
1603.1 0.37736797
1607.2 0.37240851
1611.3 0.37042964
1615.4 0.37499210
1619.5 0.37754574
1623.6 0.36978233
1627.7 0.37223378
1631.8 0.37513885
1635.9 0.37921426
1640.0 0.37073591
1644.1 0.37570137
1648.2 0.38541096
1652.3 0.36544192
1656.4 0.37602311
1660.5 0.37935206
1664.6 0.37760711
1668.7 0.38174507
1672.8 0.37659785
1676.9 0.37249684
1681.0 0.38375232
1685.1 0.40021545
1689.2 0.39321604
1693.3 0.40404221
1697.4 0.40158421
1701.5 0.40360296
1705.6 0.40226346
1709.7 0.40837955
1713.8 0.40814534
1717.9 0.40805188
1722.0 0.39594156
1726.1 0.39042413
1730.2 0.39640510
1734.3 0.40297517
1738.4 0.38682628
1742.5 0.40643317
1746.6 0.39319286
1750.7 0.40349841
1754.8 0.40071219
1758.9 0.40977785
1763.0 0.39129221
1767.1 0.39795598
1771.2 0.39844641
1775.3 0.40628764
1779.4 0.38701406
1783.5 0.39238811
1787.6 0.40070501
1791.7 0.38371047
1795.8 0.39166719
1799.9 0.38062209
1804.0 0.37078902
1808.1 0.37109125
1812.2 0.37138888
1816.3 0.37451288
1820.4 0.37747118
1824.5 0.37871268
1828.6 0.37409222
1832.7 0.37280768
1836.8 0.37307760
1840.9 0.37334353
1845.0 0.37865674
1849.1 0.37862673
1853.2 0.38480124
1857.3 0.38771859
1861.4 0.38815787
1865.5 0.39157513
1869.6 0.39577687
1873.7 0.40353730
1877.8 0.41319326
1881.9 0.41057682
1886.0 0.42203385
1890.1 0.42748803
1894.2 0.43168929
1898.3 0.43469322
1902.4 0.43839499
1906.5 0.44451538
1910.6 0.44738409
1914.7 0.44194177
1918.8 0.43863523
1922.9 0.42938936
1927.0 0.42887977
1931.1 0.42115033
1935.2 0.42784807
1939.3 0.42312768
1943.4 0.42093158
1947.5 0.42262763
1951.6 0.42053878
1955.7 0.42204463
1959.8 0.42348725
1963.9 0.42886144
1968.0 0.43942985
1972.1 0.43321171
1976.2 0.44931811
1980.3 0.46094471
1984.4 0.47514084
1988.5 0.47426721
1992.6 0.46131617
1996.7 0.45951292
2000.8 0.46147966
2004.9 0.45148554
2009.0 0.44355553
2013.1 0.44151673
2017.2 0.44026509
2021.3 0.44917247
2025.4 0.45879939
2029.5 0.46110204
2033.6 0.45859933
2037.7 0.46024874
2041.8 0.45784482
2045.9 0.46065220
2050.0 0.45645046
2054.1 0.45503673
2058.2 0.45604989
2062.3 0.45443115
2066.4 0.44917235
2070.5 0.44315577
2074.6 0.44777265
2078.7 0.44973803
2082.8 0.45041722
2086.9 0.44653863
2091.0 0.44354308
2095.1 0.44285136
2099.2 0.44111830
2103.3 0.43987522
2107.4 0.43657115
2111.5 0.43114328
2115.6 0.43378672
2119.7 0.43428504
2123.8 0.42993745
2127.9 0.41913313
2132.0 0.43036041
2136.1 0.43272492
2140.2 0.43054882
2144.3 0.43098566
2148.4 0.43514520
2152.5 0.42755005
2156.6 0.42814118
2160.7 0.42021680
2164.8 0.41406268
2168.9 0.39828891
2173.0 0.39685866
2177.1 0.39659730
2181.2 0.39311451
2185.3 0.40420857
2189.4 0.41051295
2193.5 0.41181338
2197.6 0.40339035
2201.7 0.40792152
2205.8 0.41012117
2209.9 0.41605720
2214.0 0.41653472
2218.1 0.42660585
2222.2 0.43943650
2226.3 0.44373861
2230.4 0.43848383
2234.5 0.45236114
2238.6 0.45884454
2242.7 0.45885432
2246.8 0.46167567
2250.9 0.48083434
2255.0 0.49312010
2259.1 0.49105197
2263.2 0.50088537
2267.3 0.48996320
2271.4 0.50271028
2275.5 0.52043867
2279.6 0.56435388
2283.7 0.61581498
2287.8 0.69563836
2291.9 0.77717721
2296.0 0.80276883
2300.1 0.76269013
2304.2 0.67616177
2308.3 0.60212582
2312.4 0.55627739
2316.5 0.53382498
2320.6 0.51620156
2324.7 0.50264263
2328.8 0.49204496
2332.9 0.48187771
2337.0 0.47890368
2341.1 0.46963832
2345.2 0.46164820
2349.3 0.45243654
2353.4 0.44739243
2357.5 0.44641519
2361.6 0.43400577
2365.7 0.43520945
2369.8 0.42474905
2373.9 0.42233106
2378.0 0.42221442
2382.1 0.40513256
2386.2 0.41154703
2390.3 0.41161683
2394.4 0.41799992
2398.5 0.42982098
2402.6 0.43420646
2406.7 0.43605173
2410.8 0.43605998
2414.9 0.43945512
2419.0 0.43381959
2423.1 0.43525341
2427.2 0.44138941
2431.3 0.43523684
2435.4 0.43707311
2439.5 0.42958176
2443.6 0.43252838
2447.7 0.42245239
2451.8 0.41569212
2455.9 0.40857971
2460.0 0.40521351
2464.1 0.39582863
2468.2 0.39215285
2472.3 0.38174075
2476.4 0.37468255
2480.5 0.37347859
2484.6 0.37732792
2488.7 0.37271771
2492.8 0.38100001
2496.9 0.38331276
2501.0 0.38484272
2505.1 0.38511494
2509.2 0.38576236
2513.3 0.39373606
2517.4 0.38997948
2521.5 0.39800468
2525.6 0.39789093
2529.7 0.39664331
2533.8 0.39264446
2537.9 0.39696431
2542.0 0.39448231
2546.1 0.40320909
2550.2 0.41376171
2554.3 0.41519952
2558.4 0.43214861
2562.5 0.43598971
2566.6 0.43614960
2570.7 0.43051222
2574.8 0.43043655
2578.9 0.41490743
2583.0 0.42443752
2587.1 0.42058998
2591.2 0.42012420
2595.3 0.42570764
2599.4 0.43726739
2603.5 0.43802503
2607.6 0.44384265
2611.7 0.44694787
2615.8 0.45075360
2619.9 0.44666106
2624.0 0.44915652
2628.1 0.44279942
2632.2 0.44812536
2636.3 0.44291571
2640.4 0.43007576
2644.5 0.43056449
2648.6 0.43616799
2652.7 0.42498004
2656.8 0.42462879
2660.9 0.42524952
2665.0 0.42529657
2669.1 0.43235078
2673.2 0.43074712
2677.3 0.42373821
2681.4 0.42319784
2685.5 0.43201011
2689.6 0.43148622
2693.7 0.42882928
2697.8 0.43697765
2701.9 0.42490062
2706.0 0.41991499
2710.1 0.41455936
2714.2 0.41083181
2718.3 0.40800765
2722.4 0.39985660
2726.5 0.39853004
2730.6 0.40348753
2734.7 0.40733430
2738.8 0.41283458
2742.9 0.42598814
2747.0 0.41175681
2751.1 0.40627977
2755.2 0.40402207
2759.3 0.40235353
2763.4 0.39791846
2767.5 0.40761080
2771.6 0.40637901
2775.7 0.40951052
2779.8 0.40593815
2783.9 0.40744293
2788.0 0.40792069
2792.1 0.41751134
2796.2 0.42021796
2800.3 0.42758921
2804.4 0.44173053
2808.5 0.45997983
2812.6 0.43853357
2816.7 0.42209819
2820.8 0.42474872
2824.9 0.41845745
2829.0 0.40340930
2833.1 0.40814993
2837.2 0.40954703
2841.3 0.39838445
2845.4 0.39590076
2849.5 0.38731381
2853.6 0.38203627
2857.7 0.39249873
2861.8 0.39160007
2865.9 0.38626114
2870.0 0.39403048
2874.1 0.38435322
2878.2 0.37836984
2882.3 0.37840822
2886.4 0.37223035
2890.5 0.36624867
2894.6 0.35937041
2898.7 0.36407629
2902.8 0.36337391
2906.9 0.35304731
2911.0 0.35633022
2915.1 0.36224926
2919.2 0.36483997
2923.3 0.35812184
2927.4 0.36485237
2931.5 0.37411880
2935.6 0.36727536
2939.7 0.37544662
2943.8 0.36486065
2947.9 0.36589712
2952.0 0.36065242
2956.1 0.36547524
2960.2 0.36779711
2964.3 0.36073312
2968.4 0.37090158
2972.5 0.36482629
2976.6 0.36175752
2980.7 0.36510137
2984.8 0.35735935
2988.9 0.36143899
2993.0 0.35872412
2997.1 0.36126819
3001.2 0.36381245
3005.3 0.35909453
3009.4 0.35617089
3013.5 0.35532799
3017.6 0.35384580
3021.7 0.35185128
3025.8 0.35223830
3029.9 0.35731429
3034.0 0.35694751
3038.1 0.35676020
3042.2 0.35008004
3046.3 0.35155299
3050.4 0.36649579
3054.5 0.41328955
3058.6 0.42953512
3062.7 0.36318475
3066.8 0.35047844
3070.9 0.35057276
3075.0 0.34656873
3079.1 0.35917896
3083.2 0.34930068
3087.3 0.34179395
3091.4 0.34432167
3095.5 0.34058702
3099.6 0.33625853
3103.7 0.33288783
3107.8 0.32893157
3111.9 0.31121317
3116.0 0.31641313
3120.1 0.31063053
3124.2 0.32435301
3128.3 0.32373074
3132.4 0.32041705
3136.5 0.31738368
3140.6 0.31519321
3144.7 0.32341000
3148.8 0.31695759
3152.9 0.32241488
3157.0 0.32748145
3161.1 0.33304968
3165.2 0.34646052
3169.3 0.37309170
3173.4 0.38883910
3177.5 0.34963864
3181.6 0.32689741
3185.7 0.33877468
3189.8 0.34165278
3193.9 0.32398999
3198.0 0.31721598
3202.1 0.31783679
3206.2 0.31240791
3210.3 0.31071302
3214.4 0.30509496
3218.5 0.29640767
3222.6 0.28675115
3226.7 0.28489318
3230.8 0.29370663
3234.9 0.30261743
3239.0 0.30363610
3243.1 0.30718037
3247.2 0.31490618
3251.3 0.31532139
3255.4 0.31353086
3259.5 0.30323696
3263.6 0.30466190
3267.7 0.30322269
3271.8 0.29078448
3275.9 0.29463875
3280.0 0.28490067
3284.1 0.28505373
3288.2 0.28025433
3292.3 0.28649637
3296.4 0.29028100
3300.5 0.28513303
3304.6 0.27631140
3308.7 0.27614948
3312.8 0.27500230
3316.9 0.27189478
3321.0 0.28029761
3325.1 0.27453926
3329.2 0.28172734
3333.3 0.28746691
3337.4 0.30513468
3341.5 0.30057636
3345.6 0.29895252
3349.7 0.31231111
3353.8 0.31683442
3357.9 0.32804427
3362.0 0.34899798
3366.1 0.33894813
3370.2 0.32216221
3374.3 0.32070711
3378.4 0.30651674
3382.5 0.29899806
3386.6 0.29602829
3390.7 0.29121304
3394.8 0.28163093
3398.9 0.27092567
3403.0 0.26790068
3407.1 0.26928267
3411.2 0.27686483
3415.3 0.27477372
3419.4 0.27311978
3423.5 0.27926874
3427.6 0.26975644
3431.7 0.26647237
3435.8 0.27150437
3439.9 0.26541194
3444.0 0.26267010
3448.1 0.26237708
3452.2 0.26208457
3456.3 0.26339924
3460.4 0.26569226
3464.5 0.26459303
3468.6 0.26372248
3472.7 0.27858600
3476.8 0.27702850
3480.9 0.28136992
3485.0 0.27647367
3489.1 0.26992968
3493.2 0.26572335
3497.3 0.27775240
3501.4 0.27769938
3505.5 0.27583325
3509.6 0.28870666
3513.7 0.28116342
3517.8 0.29038113
3521.9 0.30631849
3526.0 0.30115905
3530.1 0.30745777
3534.2 0.31323081
3538.3 0.32619470
3542.4 0.34703079
3546.5 0.35101640
3550.6 0.37061125
3554.7 0.40132225
3558.8 0.41637921
3562.9 0.41834018
3567.0 0.38916451
3571.1 0.38238874
3575.2 0.37872809
3579.3 0.36051238
3583.4 0.34435302
3587.5 0.31550449
3591.6 0.30906051
3595.7 0.29689273
3599.8 0.29102734
3603.9 0.29853812
3608.0 0.29052559
3612.1 0.28570989
3616.2 0.28612757
3620.3 0.27956474
3624.4 0.27771559
3628.5 0.27639183
3632.6 0.25944412
3636.7 0.26844040
3640.8 0.26717985
3644.9 0.27410874
3649.0 0.26828289
3653.1 0.26722544
3657.2 0.27938172
3661.3 0.28354186
3665.4 0.29436895
3669.5 0.29022956
3673.6 0.28814101
3677.7 0.27744848
3681.8 0.29284763
3685.9 0.29362229
3690.0 0.29555345
3694.1 0.29355463
3698.2 0.30472863
3702.3 0.31783682
3706.4 0.31567961
3710.5 0.30285826
3714.6 0.29581690
3718.7 0.28876457
3722.8 0.29089054
3726.9 0.31242192
3731.0 0.30405092
3735.1 0.30045798
3739.2 0.31222251
3743.3 0.30971956
3747.4 0.28693500
3751.5 0.30251482
3755.6 0.31465411
3759.7 0.30123296
3763.8 0.29559463
3767.9 0.30037147
3772.0 0.28926128
3776.1 0.28262839
3780.2 0.28365055
3784.3 0.29278970
3788.4 0.30351943
3792.5 0.30343974
3796.6 0.29747668
3800.7 0.30127662
3804.8 0.29239222
3808.9 0.29734552
3813.0 0.28844401
3817.1 0.30365628
3821.2 0.28588700
3825.3 0.29525524
3829.4 0.28304327
3833.5 0.28577232
3837.6 0.28807196
3841.7 0.29764366
3845.8 0.27154878
3849.9 0.27104104
3854.0 0.25489494
3858.1 0.25174358
3862.2 0.24828881
3866.3 0.25442585
3870.4 0.25365943
3874.5 0.25296682
3878.6 0.24849260
3882.7 0.25232303
3886.8 0.25498170
3890.9 0.24968934
3895.0 0.24137247
3899.1 0.24358131
3903.2 0.24463092
3907.3 0.24341205
3911.4 0.24726111
3915.5 0.25045982
3919.6 0.25503463
3923.7 0.25412852
3927.8 0.25218600
3931.9 0.25715211
3936.0 0.26459104
3940.1 0.26482129
3944.2 0.26731285
3948.3 0.27738297
3952.4 0.29379794
3956.5 0.29523566
3960.6 0.31739563
3964.7 0.32039344
3968.8 0.33117995
3972.9 0.35600024
3977.0 0.37073529
3981.1 0.41486847
3985.2 0.45262545
3989.3 0.43841594
3993.4 0.40903160
3997.5 0.37992525
4001.6 0.35947520
4005.7 0.34167919
4009.8 0.31918943
4013.9 0.31356284
4018.0 0.31052291
4022.1 0.29977936
4026.2 0.28312621
4030.3 0.29163679
4034.4 0.28218606
4038.5 0.27791923
4042.6 0.27328545
4046.7 0.26598832
4050.8 0.26314351
4054.9 0.27004480
4059.0 0.27015924
4063.1 0.31885430
4067.2 0.34862953
4071.3 0.29147944
4075.4 0.25892836
4079.5 0.25212765
4083.6 0.25006402
4087.7 0.24396552
4091.8 0.25988510
4095.9 0.28397918
4100.0 0.34517655
4104.1 0.48639759
4108.2 0.48536828
4112.3 0.32645491
4116.4 0.27487805
4120.5 0.25846916
4124.6 0.25142008
4128.7 0.24553895
4132.8 0.24087030
4136.9 0.24107327
4141.0 0.23941295
4145.1 0.23979720
4149.2 0.23951611
4153.3 0.23565021
4157.4 0.23307225
4161.5 0.23311082
4165.6 0.22423688
4169.7 0.21966565
4173.8 0.22936031
4177.9 0.22733957
4182.0 0.23020598
4186.1 0.22096595
4190.2 0.22281015
4194.3 0.21973969
4198.4 0.22745070
4202.5 0.22349516
4206.6 0.21777800
4210.7 0.22281110
4214.8 0.22146213
4218.9 0.22825046
4223.0 0.22947717
4227.1 0.23871626
4231.2 0.24392308
4235.3 0.24053295
4239.4 0.23362325
4243.5 0.24394637
4247.6 0.23389697
4251.7 0.22814026
4255.8 0.22863868
4259.9 0.24158452
4264.0 0.23711282
4268.1 0.22466743
4272.2 0.22765699
4276.3 0.22979392
4280.4 0.23369615
4284.5 0.22994846
4288.6 0.23217404
4292.7 0.23130555
4296.8 0.23262243
4300.9 0.22417356
4305.0 0.22801389
4309.1 0.23545872
4313.2 0.22418188
4317.3 0.23055729
4321.4 0.23152946
4325.5 0.22987241
4329.6 0.23024230
4333.7 0.23194298
4337.8 0.23047000
4341.9 0.23937416
4346.0 0.22855212
4350.1 0.22378330
4354.2 0.24475315
4358.3 0.22850551
4362.4 0.23917520
4366.5 0.23317105
4370.6 0.22626485
4374.7 0.22309741
4378.8 0.22059768
4382.9 0.22724266
4387.0 0.21539697
4391.1 0.21733473
4395.2 0.21958169
4399.3 0.21723589
4403.4 0.20706666
4407.5 0.21089332
4411.6 0.21601020
4415.7 0.21558349
4419.8 0.20905672
4423.9 0.20985396
4428.0 0.20811635
4432.1 0.20411466
4436.2 0.20821558
4440.3 0.21247691
4444.4 0.21107294
4448.5 0.20594570
4452.6 0.20297657
4456.7 0.19997250
4460.8 0.20693471
4464.9 0.19954376
4469.0 0.21305437
4473.1 0.20084421
4477.2 0.20178145
4481.3 0.19868991
4485.4 0.19847718
4489.5 0.19826479
4493.6 0.19805264
4497.7 0.20260799
4501.8 0.20351100
4505.9 0.20821247
4510.0 0.20315331
4514.1 0.20378068
4518.2 0.19678614
4522.3 0.19657604
4526.4 0.20219356
4530.5 0.20819747
4534.6 0.20470002
4538.7 0.19972630
4542.8 0.20760757
4546.9 0.21095708
4551.0 0.20039651
4555.1 0.20268825
4559.2 0.19469880
4563.3 0.19449168
4567.4 0.19842620
4571.5 0.19517802
4575.6 0.21339776
4579.7 0.20374946
4583.8 0.19821873
4587.9 0.22133693
4592.0 0.21842596
4596.1 0.20859273
4600.2 0.20481251
4604.3 0.19556361
4608.4 0.19532499
4612.5 0.19202876
4616.6 0.19834372
4620.7 0.19162229
4624.8 0.19258338
4628.9 0.19121699
4633.0 0.19280432
4637.1 0.19081278
4641.2 0.19190368
4645.3 0.19122991
4649.4 0.19020864
4653.5 0.19686413
4657.6 0.19398467
4661.7 0.18960717
4665.8 0.18940717
4669.9 0.18920754
4674.0 0.18900812
4678.1 0.18880902
4682.2 0.18861024
4686.3 0.18841167
4690.4 0.19232608
4694.5 0.18801542
4698.6 0.18836291
4702.7 0.18762027
4706.8 0.18850534
4710.9 0.18728916
4715.0 0.18702960
4719.1 0.18888430
4723.2 0.19156037
4727.3 0.19251749
4731.4 0.19076636
4735.5 0.19048458
4739.6 0.18997896
4743.7 0.18740074
4747.8 0.18898861
4751.9 0.18779583
4756.0 0.18747634
4760.1 0.19169451
4764.2 0.20013870
4768.3 0.19036335
4772.4 0.19701080
4776.5 0.19324636
4780.6 0.19926737
4784.7 0.19464207
4788.8 0.20100401
4792.9 0.19784170
4797.0 0.19878905
4801.1 0.20461817
4805.2 0.19970292
4809.3 0.20356601
4813.4 0.21033072
4817.5 0.22651246
4821.6 0.22138357
4825.7 0.21716298
4829.8 0.21839529
4833.9 0.19919240
4838.0 0.19590144
4842.1 0.20507257
4846.2 0.20149304
4850.3 0.19452617
4854.4 0.19562931
4858.5 0.19675325
4862.6 0.19705874
4866.7 0.19363570
4870.8 0.19750558
4874.9 0.20161565
4879.0 0.18925728
4883.1 0.19132604
4887.2 0.19005691
4891.3 0.19620301
4895.4 0.18514353
4899.5 0.18717654
4903.6 0.18671566
4907.7 0.18609537
4911.8 0.18748225
4915.9 0.18715948
4920.0 0.18675113
4924.1 0.18849318
4928.2 0.18549547
4932.3 0.18399961
4936.4 0.18082015
4940.5 0.18072161
4944.6 0.17782392
4948.7 0.18132815
4952.8 0.18177046
4956.9 0.18391435
4961.0 0.18545566
4965.1 0.17843947
4969.2 0.18232502
4973.3 0.18785292
4977.4 0.18571424
4981.5 0.18761815
4985.6 0.19109441
4989.7 0.18801692
4993.8 0.18946451
4997.9 0.18577167
5002.0 0.19516431
5006.1 0.17950331
5010.2 0.17358454
5014.3 0.17626700
5018.4 0.17396306
5022.5 0.17495504
5026.6 0.17525037
5030.7 0.17874572
5034.8 0.18210515
5038.9 0.17388771
5043.0 0.17882936
5047.1 0.18372108
5051.2 0.17700455
5055.3 0.17410284
5059.4 0.17147473
5063.5 0.17130055
5067.6 0.17207669
5071.7 0.18228833
5075.8 0.17372790
5079.9 0.17480366
5084.0 0.17043337
5088.1 0.17091098
5092.2 0.17081380
5096.3 0.17364213
5100.4 0.17194009
5104.5 0.17591234
5108.6 0.17655392
5112.7 0.17259674
5116.8 0.17145939
5120.9 0.17125204
5125.0 0.17624241
5129.1 0.17519274
5133.2 0.17154448
5137.3 0.17034855
5141.4 0.16908552
5145.5 0.16831857
5149.6 0.16976188
5153.7 0.17129487
5157.8 0.17700507
5161.9 0.17948973
5166.0 0.18293855
5170.1 0.18880925
5174.2 0.18131311
5178.3 0.17247821
5182.4 0.17309189
5186.5 0.17135413
5190.6 0.16873115
5194.7 0.17141297
5198.8 0.17656492
5202.9 0.17847459
5207.0 0.17297079
5211.1 0.17436951
5215.2 0.17702945
5219.3 0.18027887
5223.4 0.18306692
5227.5 0.17409709
5231.6 0.17587200
5235.7 0.17918769
5239.8 0.17977509
5243.9 0.17600372
5248.0 0.17574167
5252.1 0.17840229
5256.2 0.17829001
5260.3 0.17639749
5264.4 0.18078125
5268.5 0.17898123
5272.6 0.18155965
5276.7 0.18595789
5280.8 0.18341236
5284.9 0.18880518
5289.0 0.18583295
5293.1 0.19850875
5297.2 0.20003207
5301.3 0.20532486
5305.4 0.21116124
5309.5 0.21036182
5313.6 0.21471705
5317.7 0.22682206
5321.8 0.22814079
5325.9 0.23814249
5330.0 0.24920811
5334.1 0.26457107
5338.2 0.28235787
5342.3 0.30381697
5346.4 0.33336255
5350.5 0.37026492
5354.6 0.41543290
5358.7 0.46866193
5362.8 0.54961574
5366.9 0.64592367
5371.0 0.76724672
5375.1 0.88965541
5379.2 1.0467622
5383.3 1.0760031
5387.4 0.92039812
5391.5 0.76624477
5395.6 0.69729406
5399.7 0.65691847
5403.8 0.56901759
5407.9 0.48015058
5412.0 0.43266642
5416.1 0.39474428
5420.2 0.36006287
5424.3 0.33364278
5428.4 0.31750506
5432.5 0.29734573
5436.6 0.27691248
5440.7 0.25993803
5444.8 0.24287814
5448.9 0.22829305
5453.0 0.22371528
5457.1 0.21917009
5461.2 0.20819741
5465.3 0.20690121
5469.4 0.20306653
5473.5 0.20334302
5477.6 0.20697215
5481.7 0.20643891
5485.8 0.20218579
5489.9 0.19567284
5494.0 0.20549066
5498.1 0.21081777
5502.2 0.21515909
5506.3 0.23699294
5510.4 0.23581833
5514.5 0.21989085
5518.6 0.22215326
5522.7 0.22488508
5526.8 0.21847098
5530.9 0.20166638
5535.0 0.18530189
5539.1 0.18352227
5543.2 0.17891291
5547.3 0.17352109
5551.4 0.17247269
5555.5 0.16770044
5559.6 0.16034791
5563.7 0.15949155
5567.8 0.16030866
5571.9 0.16006151
5576.0 0.15263315
5580.1 0.15123726
5584.2 0.15109254
5588.3 0.15596320
5592.4 0.16213749
5596.5 0.15574796
5600.6 0.15351483
5604.7 0.15309702
5608.8 0.15022595
5612.9 0.15008231
5617.0 0.14993890
5621.1 0.16009417
5625.2 0.15402639
5629.3 0.15515648
5633.4 0.14936724
5637.5 0.14922483
5641.6 0.15197147
5645.7 0.15687104
5649.8 0.15567614
5653.9 0.15204066
5658.0 0.15360148
5662.1 0.15376678
5666.2 0.15265085
5670.3 0.14809312
5674.4 0.14795257
5678.5 0.14781222
5682.6 0.14903992
5686.7 0.14753217
5690.8 0.14739242
5694.9 0.14725292
5699.0 0.15076092
5703.1 0.14697447
5707.2 0.14683557
5711.3 0.14669685
5715.4 0.14874156
5719.5 0.14642002
5723.6 0.14628191
5727.7 0.14614402
5731.8 0.14600630
5735.9 0.14997469
5740.0 0.14660664
5744.1 0.15471539
5748.2 0.14655828
5752.3 0.14657977
5756.4 0.14518429
5760.5 0.14504799
5764.6 0.15542829
5768.7 0.16129823
5772.8 0.15572660
5776.9 0.16733435
5781.0 0.15474901
5785.1 0.17415713
5789.2 0.16397023
5793.3 0.15153810
5797.4 0.16868080
5801.5 0.15716380
5805.6 0.15330356
5809.7 0.15460975
5813.8 0.14974931
5817.9 0.14765882
5822.0 0.14302716
5826.1 0.14289401
5830.2 0.14497016
5834.3 0.15043049
5838.4 0.14249571
5842.5 0.14236335
5846.6 0.14223121
5850.7 0.14209923
5854.8 0.15630654
5858.9 0.14521587
5863.0 0.14170444
5867.1 0.14157325
5871.2 0.14398478
5875.3 0.14303480
5879.4 0.14118072
5883.5 0.14105037
5887.6 0.14507583
5891.7 0.14959952
5895.8 0.15791121
5899.9 0.14053048
5904.0 0.15549958
5908.1 0.14067705
5912.2 0.14732537
5916.3 0.14001371
5920.4 0.14951313
5924.5 0.14560480
5928.6 0.14533040
5932.7 0.14823851
5936.8 0.15517348
5940.9 0.14785312
5945.0 0.13911669
5949.1 0.14851157
5953.2 0.16443717
5957.3 0.13873509
5961.4 0.13860826
5965.5 0.13887966
5969.6 0.13835515
5973.7 0.13822889
5977.8 0.13810278
5981.9 0.15164518
5986.0 0.14773950
5990.1 0.13772570
5994.2 0.13760038
5998.3 0.14499894
