300.0 0.0
410.0 0.0000000
414.1 0.0000000
418.2 0.0000000
422.3 0.0000000
426.4 0.0000000
430.5 0.0000000
434.6 0.0000000
438.7 0.0000000
442.8 0.0000000
446.9 0.0000000
451.0 0.0000000
455.1 0.0000000
459.2 0.0000000
463.3 0.0000000
467.4 0.0000000
471.5 0.0000000
475.6 0.0000000
479.7 0.0000000
483.8 0.0000000
487.9 0.0000000
492.0 0.0000000
496.1 0.0000000
500.2 0.0000000
504.3 0.0000000
508.4 0.0000000
512.5 0.0000000
516.6 0.0000000
520.7 0.0000000
524.8 0.0000000
528.9 0.0000000
533.0 0.0000000
537.1 0.0000000
541.2 0.0000000
545.3 0.0000000
549.4 0.0000000
553.5 0.0000000
557.6 0.0000000
561.7 0.0000000
565.8 0.0000000
569.9 0.0000000
574.0 0.0000000
578.1 0.0000000
582.2 0.0000000
586.3 0.0000000
590.4 0.0000000
594.5 0.0000000
598.6 0.0000000
602.7 0.0000000
606.8 0.0000000
610.9 0.0000000
615.0 0.0000000
619.1 0.0000000
623.2 0.0000000
627.3 0.0000000
631.4 0.0000000
635.5 0.0000000
639.6 0.0000000
643.7 0.0000000
647.8 0.0000000
651.9 0.0000000
656.0 0.0000000
660.1 0.0000000
664.2 0.0000000
668.3 0.0000000
672.4 0.0000000
676.5 0.0000000
680.6 0.0000000
684.7 0.0000000
688.8 0.0000000
692.9 0.0000000
697.0 0.0000000
701.1 0.0000000
705.2 0.0000000
709.3 0.0000000
713.4 0.0000000
717.5 0.0000000
721.6 0.0000000
725.7 0.0000000
729.8 0.0000000
733.9 0.0000000
738.0 0.0000000
742.1 0.0000000
746.2 0.0000000
750.3 2.17826874E-03
754.4 1.67538994E-03
758.5 1.27751823E-03
762.6 9.65611602E-04
766.7 7.23396661E-04
770.8 5.36898442E-04
774.9 3.94709408E-04
779.0 2.87234056E-04
783.1 2.08066995E-04
787.2 1.48674182E-04
791.3 1.03143553E-04
795.4 6.91011664E-05
799.5 1.68433459E-03
803.6 1.25453062E-03
807.7 9.28023946E-04
811.8 6.79533638E-04
815.9 4.92429710E-04
820.0 3.87254870E-04
824.1 2.87798408E-04
828.2 2.01732939E-04
832.3 1.50628082E-04
836.4 1.13541937E-04
840.5 8.59141728E-05
844.6 5.91516979E-02
848.7 5.23450039E-02
852.8 3.83843370E-02
856.9 2.75694914E-02
861.0 2.21944526E-02
865.1 1.84321105E-02
869.2 1.56942662E-02
873.3 1.34694232E-02
877.4 1.10210096E-02
881.5 8.31300113E-03
885.6 6.96705189E-03
889.7 5.14328899E-03
893.8 3.84006510E-03
897.9 2.89660715E-03
902.0 2.26157834E-03
906.1 1.84854178E-03
910.2 1.41793385E-03
914.3 1.14874635E-03
918.4 9.33141331E-04
922.5 7.10369844E-04
926.6 4.92121268E-04
930.7 3.67493922E-04
934.8 2.56471743E-04
938.9 1.96281078E-04
943.0 1.46102146E-04
947.1 1.04801802E-04
951.2 7.67120509E-05
955.3 5.76259008E-05
959.4 4.32120687E-05
963.5 3.32826421E-05
967.6 2.44703278E-05
971.7 1.80142215E-05
975.8 1.33606400E-05
979.9 1.01470378E-05
984.0 7.83618543E-06
988.1 6.29421311E-06
992.2 5.18755724E-06
996.3 4.62504704E-06
1000.4 7.6413846
1004.5 6.1675234
1008.6 5.7406273
1012.7 5.7264047
1016.8 5.3533115
1020.9 4.2769380
1025.0 3.6852834
1029.1 3.4588137
1033.2 3.3034036
1037.3 3.0827739
1041.4 2.8094072
1045.5 2.6269517
1049.6 2.5613399
1053.7 2.5631421
1057.8 2.5996003
1061.9 2.6121538
1066.0 2.8042738
1070.1 2.8428116
1074.2 2.7154541
1078.3 2.4697883
1082.4 2.4810925
1086.5 2.4540153
1090.6 2.5081422
1094.7 2.5465624
1098.8 2.5108254
1102.9 2.4160955
1107.0 2.3796511
1111.1 2.4507978
1115.2 2.4312043
1119.3 2.4673302
1123.4 2.4311125
1127.5 2.4835577
1131.6 2.6209197
1135.7 2.7631221
1139.8 2.9608982
1143.9 3.0103939
1148.0 3.0479732
1152.1 2.7670567
1156.2 2.5792665
1160.3 2.4391453
1164.4 2.3760953
1168.5 2.3615932
1172.6 2.2512071
1176.7 2.2190845
1180.8 2.2022755
1184.9 2.1823893
1189.0 2.2179670
1193.1 2.1931517
1197.2 2.1430233
1201.3 2.2037888
1205.4 2.1622679
1209.5 2.1925137
1213.6 2.2413955
1217.7 2.2709053
1221.8 2.3225033
1225.9 2.3154638
1230.0 2.3851209
1234.1 2.4341187
1238.2 2.4894171
1242.3 2.5794618
1246.4 2.7673852
1250.5 3.0196385
1254.6 3.3088193
1258.7 3.6764021
1262.8 4.1329899
1266.9 4.3996406
1271.0 3.9870620
1275.1 3.3768685
1279.2 2.9134197
1283.3 2.6697571
1287.4 2.5453014
1291.5 2.4722860
1295.6 2.3513782
1299.7 2.3389986
1303.8 2.2647250
1307.9 2.3052304
1312.0 2.3072770
1316.1 2.2950428
1320.2 2.3158820
1324.3 2.2827480
1328.4 2.3129287
1332.5 2.3406482
1336.6 2.3400624
1340.7 2.3858778
1344.8 2.2894511
1348.9 2.2696049
1353.0 2.2359214
1357.1 2.2682934
1361.2 2.2742660
1365.3 2.2377262
1369.4 2.1206207
1373.5 2.0484946
1377.6 2.0161183
1381.7 1.9754943
1385.8 1.9753002
1389.9 1.9665829
1394.0 1.9594802
1398.1 1.9869840
1402.2 1.9773984
1406.3 2.0057383
1410.4 2.0116808
1414.5 2.0046799
1418.6 1.9783747
1422.7 2.0001295
1426.8 2.0057967
1430.9 2.0567839
1435.0 2.0204880
1439.1 1.9848177
1443.2 1.8945495
1447.3 1.9200902
1451.4 1.9259961
1455.5 1.8976163
1459.6 1.9589626
1463.7 1.9747796
1467.8 1.9201772
1471.9 1.8848604
1476.0 1.8847854
1480.1 1.8822583
1484.2 1.8788888
1488.3 1.9002763
1492.4 1.8646190
1496.5 1.8563141
1500.6 1.8776362
1504.7 1.8731233
1508.8 1.9170897
1512.9 1.9064485
1517.0 2.0271940
1521.1 2.0177681
1525.2 2.0358453
1529.3 2.0026314
1533.4 2.0046315
1537.5 2.0206962
1541.6 2.1081200
1545.7 2.2656956
1549.8 2.4082878
1553.9 2.5237186
1558.0 2.5659583
1562.1 2.6977203
1566.2 2.5771725
1570.3 2.3538184
1574.4 2.1506875
1578.5 2.0153368
1582.6 1.9510033
1586.7 1.8857124
1590.8 1.8243681
1594.9 1.7769823
1599.0 1.7621121
1603.1 1.6927929
1607.2 1.6632057
1611.3 1.6471409
1615.4 1.6601828
1619.5 1.6642673
1623.6 1.6230388
1627.7 1.6268145
1631.8 1.6325406
1635.9 1.6432968
1640.0 1.5997999
1644.1 1.6144438
1648.2 1.6492749
1652.3 1.5573504
1656.4 1.5958443
1660.5 1.6033785
1664.6 1.5895019
1668.7 1.6004093
1672.8 1.5724660
1676.9 1.5491045
1681.0 1.5895472
1685.1 1.6511614
1689.2 1.6158804
1693.3 1.6538516
1697.4 1.6373664
1701.5 1.6392030
1705.6 1.6274456
1709.7 1.6458349
1713.8 1.6385982
1717.9 1.6319844
1722.0 1.5775521
1726.1 1.5497072
1730.2 1.5675503
1734.3 1.5875871
1738.4 1.5183101
1742.5 1.5893756
1746.6 1.5319513
1750.7 1.5663571
1754.8 1.5498825
1758.9 1.5792115
1763.0 1.5025408
1767.1 1.5226536
1771.2 1.5190961
1775.3 1.5434951
1779.4 1.4650860
1783.5 1.4802119
1787.6 1.5063022
1791.7 1.4374013
1795.8 1.4621290
1799.9 1.4160031
1804.0 1.3746939
1808.1 1.3711225
1812.2 1.3675650
1816.3 1.3744104
1820.4 1.3806100
1824.5 1.3805166
1828.6 1.3591357
1832.7 1.3499813
1836.8 1.3465044
1840.9 1.3430415
1845.0 1.3577080
1849.1 1.3531879
1853.2 1.3708060
1857.3 1.3767525
1861.4 1.3738955
1865.5 1.3815697
1869.6 1.3919629
1873.7 1.4147735
1877.8 1.4440718
1881.9 1.4304368
1886.0 1.4657727
1890.1 1.4801109
1894.2 1.4900454
1898.3 1.4958043
1902.4 1.5039299
1906.5 1.5202855
1910.6 1.5254613
1914.7 1.5023589
1918.8 1.4866424
1922.9 1.4509590
1927.0 1.4449252
1931.1 1.4146832
1935.2 1.4329458
1939.3 1.4129782
1943.4 1.4015408
1947.5 1.4030966
1951.6 1.3921204
1955.7 1.3930796
1959.8 1.3938307
1963.9 1.4074891
1968.0 1.4380734
1972.1 1.4137120
1976.2 1.4621407
1980.3 1.4957678
1984.4 1.5375302
1988.5 1.5304345
1992.6 1.4845239
1996.7 1.4746449
2000.8 1.4768940
2004.9 1.4409630
2009.0 1.4118035
2013.1 1.4015087
2017.2 1.3937677
2021.3 1.4181492
2025.4 1.4446723
2029.5 1.4480597
2033.6 1.4363850
2037.7 1.4377493
2041.8 1.4264826
2045.9 1.4314759
2050.0 1.4147261
2054.1 1.4066870
2058.2 1.4061797
2062.3 1.3975860
2066.4 1.3778770
2070.5 1.3559554
2074.6 1.3666034
2078.7 1.3691331
2082.8 1.3677497
2086.9 1.3525753
2091.0 1.3401480
2095.1 1.3347337
2099.2 1.3262190
2103.3 1.3192232
2107.4 1.3061014
2111.5 1.2867115
2115.6 1.2914487
2119.7 1.2898002
2123.8 1.2738056
2127.9 1.2388103
2132.0 1.2689500
2136.1 1.2728814
2140.2 1.2634733
2144.3 1.2617654
2148.4 1.2709428
2152.5 1.2458313
2156.6 1.2446415
2160.7 1.2187637
2164.8 1.1981324
2168.9 1.1498311
2173.0 1.1430695
2177.1 1.1397036
2181.2 1.1271211
2185.3 1.1562992
2189.4 1.1716787
2193.5 1.1727431
2197.6 1.1461810
2201.7 1.1564674
2205.8 1.1601158
2209.9 1.1742996
2214.0 1.1730533
2218.1 1.1987737
2222.2 1.2321254
2226.3 1.2414752
2230.4 1.2241083
2234.5 1.2601165
2238.6 1.2754223
2242.7 1.2727122
2246.8 1.2777987
2250.9 1.3279901
2255.0 1.3590324
2259.1 1.3504719
2263.2 1.3746156
2267.3 1.3418224
2271.4 1.3738557
2275.5 1.4193470
2279.6 1.5359230
2283.7 1.6725159
2287.8 1.8854259
2291.9 2.1021085
2296.0 2.1668983
2300.1 2.0545287
2304.2 1.8177497
2308.3 1.6154492
2312.4 1.4894432
2316.5 1.4264644
2320.6 1.3766203
2324.7 1.3377970
2328.8 1.3069979
2332.9 1.2774678
2337.0 1.2670883
2341.1 1.2401428
2345.2 1.2166659
2349.3 1.1900716
2353.4 1.1745270
2357.5 1.1697013
2361.6 1.1350011
2365.7 1.1359706
2369.8 1.1065536
2373.9 1.0981647
2378.0 1.0957826
2382.1 1.0494668
2386.2 1.0640802
2390.3 1.0622692
2394.4 1.0767298
2398.5 1.1051227
2402.6 1.1143322
2406.7 1.1170034
2410.8 1.1149724
2414.9 1.1215953
2419.0 1.1051922
2423.1 1.1068288
2427.2 1.1203996
2431.3 1.1027881
2435.4 1.1054498
2439.5 1.0845559
2443.6 1.0900466
2447.7 1.0627598
2451.8 1.0438992
2455.9 1.0242254
2460.0 1.0139997
2464.1 0.98877823
2468.2 0.97788548
2472.3 0.95026350
2476.4 0.93107587
2480.5 0.92647994
2484.6 0.93441772
2488.7 0.92141622
2492.8 0.94027996
2496.9 0.94437605
2501.0 0.94653589
2505.1 0.94560152
2509.2 0.94559425
2513.3 0.96351838
2517.4 0.95272624
2521.5 0.97070998
2525.6 0.96881920
2529.7 0.96418023
2533.8 0.95288432
2537.9 0.96178192
2542.0 0.95420194
2546.1 0.97371697
2550.2 0.99757344
2554.3 0.99941552
2558.4 1.0385301
2562.5 1.0460731
2566.6 1.0447756
2570.7 1.0296208
2574.8 1.0277967
2578.9 0.98914075
2583.0 1.0102574
2587.1 0.99951911
2591.2 0.99684060
2595.3 1.0085045
2599.4 1.0342712
2603.5 1.0344493
2607.6 1.0465614
2611.7 1.0522524
2615.8 1.0595760
2619.9 1.0483418
2624.0 1.0525843
2628.1 1.0361021
2632.2 1.0469693
2636.3 1.0332282
2640.4 1.0017598
2644.5 1.0013874
2648.6 1.0128961
2652.7 0.98543811
2656.8 0.98315620
2660.9 0.98312920
2665.0 0.98178124
2669.1 0.99659163
2673.2 0.99143440
2677.3 0.97387189
2681.4 0.97120768
2685.5 0.98998582
2689.6 0.98734963
2693.7 0.97984940
2697.8 0.99702698
2701.9 0.96807677
2706.0 0.95534688
2710.1 0.94181502
2714.2 0.93201619
2718.3 0.92429525
2722.4 0.90454799
2726.5 0.90027535
2730.6 0.91019368
2734.7 0.91758305
2738.8 0.92867368
2742.9 0.95692915
2747.0 0.92367566
2751.1 0.91012907
2755.2 0.90382266
2759.3 0.89885312
2763.4 0.88772655
2767.5 0.90810806
2771.6 0.90413040
2775.7 0.90986055
2779.8 0.90070409
2783.9 0.90282333
2788.0 0.90266675
2792.1 0.92265123
2796.2 0.92739075
2800.3 0.94240236
2804.4 0.97227776
2808.5 1.0111053
2812.6 0.96269125
2816.7 0.92539281
2820.8 0.92998320
2824.9 0.91501051
2829.0 0.88095611
2833.1 0.89015073
2837.2 0.89204150
2841.3 0.86660874
2845.4 0.86009735
2849.5 0.84036285
2853.6 0.82785118
2857.7 0.84943932
2861.8 0.84641731
2865.9 0.83381891
2870.0 0.84951574
2874.1 0.82760841
2878.2 0.81370252
2882.3 0.81276631
2886.4 0.79849970
2890.5 0.78469032
2894.6 0.76899886
2898.7 0.77810496
2902.8 0.77564651
2906.9 0.75267690
2911.0 0.75874501
2915.1 0.77040690
2919.2 0.77497154
2923.3 0.75977820
2927.4 0.77312034
2931.5 0.79179859
2935.6 0.77637941
2939.7 0.79270005
2943.8 0.76942807
2947.9 0.77069443
2952.0 0.75874346
2956.1 0.76797813
2960.2 0.77194428
2964.3 0.75622600
2968.4 0.77662891
2972.5 0.76301354
2976.6 0.75571060
2980.7 0.76180845
2984.8 0.74478775
2988.9 0.75241822
2993.0 0.74590552
2997.1 0.75033021
3001.2 0.75474757
3005.3 0.74410748
3009.4 0.73720795
3013.5 0.73462707
3017.6 0.73073184
3021.7 0.72579217
3025.8 0.72577083
3029.9 0.73540229
3034.0 0.73382401
3038.1 0.73261899
3042.2 0.71809953
3046.3 0.72032017
3050.4 0.75010449
3054.5 0.84494263
3058.6 0.87718815
3062.7 0.74087387
3066.8 0.71417141
3070.9 0.71358287
3075.0 0.70466489
3079.1 0.72951096
3083.2 0.70867968
3087.3 0.69270098
3091.4 0.69707251
3095.5 0.68877149
3099.6 0.67928982
3103.7 0.67176241
3107.8 0.66307294
3111.9 0.62668914
3116.0 0.63648558
3120.1 0.62419456
3124.2 0.65108275
3128.3 0.64915127
3132.4 0.64183456
3136.5 0.63509452
3140.6 0.63005537
3144.7 0.64580911
3148.8 0.63226908
3152.9 0.64249218
3157.0 0.65191674
3161.1 0.66232079
3165.2 0.68828499
3169.3 0.74043447
3173.4 0.77090120
3177.5 0.69248009
3181.6 0.64678454
3185.7 0.66960806
3189.8 0.67461652
3193.9 0.63909847
3198.0 0.62510937
3202.1 0.62570822
3206.2 0.61440825
3210.3 0.61046833
3214.4 0.59883702
3218.5 0.58121067
3222.6 0.56172246
3226.7 0.55753458
3230.8 0.57421947
3234.9 0.59106296
3239.0 0.59247530
3243.1 0.59880841
3247.2 0.61327475
3251.3 0.61349005
3255.4 0.60941869
3259.5 0.58884418
3263.6 0.59104389
3267.7 0.58768946
3271.8 0.56304538
3275.9 0.56996632
3280.0 0.55060565
3284.1 0.55038053
3288.2 0.54060376
3292.3 0.55212516
3296.4 0.55889380
3300.5 0.54846871
3304.6 0.53100425
3308.7 0.53019905
3312.8 0.52750653
3316.9 0.52106327
3321.0 0.53667051
3325.1 0.52516145
3329.2 0.53841680
3333.3 0.54888332
3337.4 0.58208573
3341.5 0.57286733
3345.6 0.56925464
3349.7 0.59415287
3353.8 0.60221392
3357.9 0.62295860
3362.0 0.66215432
3366.1 0.64250982
3370.2 0.61014444
3374.3 0.60684651
3378.4 0.57947928
3382.5 0.56476367
3386.6 0.55865920
3390.7 0.54908705
3394.8 0.53055203
3398.9 0.50993681
3403.0 0.50380200
3407.1 0.50595862
3411.2 0.51975119
3415.3 0.51537728
3419.4 0.51183140
3423.5 0.52290207
3427.6 0.50465530
3431.7 0.49808273
3435.8 0.50705338
3439.9 0.49525109
3444.0 0.48971683
3448.1 0.48875406
3452.2 0.48779422
3456.3 0.48982584
3460.4 0.49367303
3464.5 0.49121562
3468.6 0.48918831
3472.7 0.51632607
3476.8 0.51300985
3480.9 0.52061504
3485.0 0.51112986
3489.1 0.49861705
3493.2 0.49044076
3497.3 0.51221967
3501.4 0.51169944
3505.5 0.50784379
3509.6 0.53110927
3513.7 0.51680970
3517.8 0.53331733
3521.9 0.56213063
3526.0 0.55221385
3530.1 0.56330746
3534.2 0.57342124
3538.3 0.59667265
3542.4 0.63427591
3546.5 0.64104635
3550.6 0.67629063
3554.7 0.73174798
3558.8 0.75859803
3562.9 0.76156598
3567.0 0.70789254
3571.1 0.69501823
3575.2 0.68782252
3579.3 0.65422583
3583.4 0.62441152
3587.5 0.57165354
3591.6 0.55954111
3595.7 0.53709370
3599.8 0.52607429
3603.9 0.53923333
3608.0 0.52435541
3612.1 0.51526660
3616.2 0.51562333
3620.3 0.50341034
3624.4 0.49969810
3628.5 0.49693686
3632.6 0.46611077
3636.7 0.48190707
3640.8 0.47928083
3644.9 0.49133867
3649.0 0.48053351
3653.1 0.47827947
3657.2 0.49966171
3661.3 0.50672245
3665.4 0.52567893
3669.5 0.51790100
3673.6 0.51379204
3677.7 0.49435923
3681.8 0.52141172
3685.9 0.52240539
3690.0 0.52545440
3694.1 0.52151757
3698.2 0.54097235
3702.3 0.56383055
3706.4 0.55959553
3710.5 0.53647715
3714.6 0.52362406
3718.7 0.51077092
3722.8 0.51415986
3726.9 0.55181968
3731.0 0.53664839
3735.1 0.52992660
3739.2 0.55028224
3743.3 0.54548138
3747.4 0.50499326
3751.5 0.53203499
3755.6 0.55299234
3759.7 0.52903098
3763.8 0.51876277
3767.9 0.52677524
3772.0 0.50693464
3776.1 0.49496359
3780.2 0.49640661
3784.3 0.51204365
3788.4 0.53043908
3792.5 0.52993190
3796.6 0.51915842
3800.7 0.52542698
3804.8 0.50958121
3808.9 0.51785773
3813.0 0.50201029
3817.1 0.52812427
3821.2 0.49688029
3825.3 0.51281309
3829.4 0.49126872
3833.5 0.49566919
3837.6 0.49932000
3841.7 0.51556259
3845.8 0.47004578
3849.9 0.46885169
3854.0 0.44062641
3858.1 0.43488774
3862.2 0.42863354
3866.3 0.43893597
3870.4 0.43732306
3874.5 0.43584004
3878.6 0.42784825
3882.7 0.43415684
3886.8 0.43844277
3890.9 0.42906064
3895.0 0.41449738
3899.1 0.41801715
3903.2 0.41954461
3907.3 0.41718262
3911.4 0.42350435
3915.5 0.42870525
3919.6 0.43625367
3923.7 0.43442336
3927.8 0.43082535
3931.9 0.43902734
3936.0 0.45143822
3940.1 0.45154226
3944.2 0.45550004
3948.3 0.47235867
3952.4 0.49999437
3956.5 0.50212282
3960.6 0.53947031
3964.7 0.54422224
3968.8 0.56219029
3972.9 0.60394430
3977.0 0.62854803
3981.1 0.70293224
3985.2 0.76642746
3989.3 0.74190468
3993.4 0.69174945
3997.5 0.64212710
4001.6 0.60718805
4005.7 0.57677305
4009.8 0.53847754
4013.9 0.52866048
4018.0 0.52321446
4022.1 0.50480336
4026.2 0.47646996
4030.3 0.49049360
4034.4 0.47431052
4038.5 0.46685550
4042.6 0.45879397
4046.7 0.44627401
4050.8 0.44123524
4054.9 0.45253512
4059.0 0.45245549
4063.1 0.53368926
4067.2 0.58317792
4071.3 0.48728833
4075.4 0.43261299
4079.5 0.42100072
4083.6 0.41730773
4087.7 0.40689012
4091.8 0.43318573
4095.9 0.47306836
4100.0 0.57467693
4104.1 0.80931878
4108.2 0.80713427
4112.3 0.54255575
4116.4 0.45657125
4120.5 0.42906693
4124.6 0.41712347
4128.7 0.40713090
4132.8 0.39915943
4136.9 0.39926589
4141.0 0.39628837
4145.1 0.39669695
4149.2 0.39600536
4153.3 0.38939133
4157.4 0.38491216
4161.5 0.38475710
4165.6 0.36990049
4169.7 0.36215487
4173.8 0.37792462
4177.9 0.37438390
4182.0 0.37889117
4186.1 0.36347920
4190.2 0.36630762
4194.3 0.36105785
4198.4 0.37351960
4202.5 0.36681959
4206.6 0.35723764
4210.7 0.36529139
4214.8 0.36287907
4218.9 0.37379578
4223.0 0.37559780
4227.1 0.39050525
4231.2 0.39880416
4235.3 0.39304623
4239.4 0.38154688
4243.5 0.39818931
4247.6 0.38157827
4251.7 0.37198487
4255.8 0.37259573
4259.9 0.39347982
4264.0 0.38598832
4268.1 0.36553204
4272.2 0.37019715
4276.3 0.37347183
4280.4 0.37961078
4284.5 0.37332374
4288.6 0.37673622
4292.7 0.37512752
4296.8 0.37706316
4300.9 0.36317578
4305.0 0.36920226
4309.1 0.38105604
4313.2 0.36261520
4317.3 0.37273169
4321.4 0.37410718
4325.5 0.37123549
4329.6 0.37163886
4333.7 0.37418905
4337.8 0.37161946
4341.9 0.38577670
4346.0 0.36814526
4350.1 0.36027756
4354.2 0.39383462
4358.3 0.36750120
4362.4 0.38446361
4366.5 0.37462017
4370.6 0.36333856
4374.7 0.35806942
4378.8 0.35387716
4382.9 0.36435154
4387.0 0.34518349
4391.1 0.34811246
4395.2 0.35153386
4399.3 0.34760302
4403.4 0.33116433
4407.5 0.33711499
4411.6 0.34512129
4415.7 0.34426728
4419.8 0.33367801
4423.9 0.33478358
4428.0 0.33184651
4432.1 0.32530421
4436.2 0.33167565
4440.3 0.33829644
4444.4 0.33589530
4448.5 0.32757464
4452.6 0.32269338
4456.7 0.31776157
4460.8 0.32866380
4464.9 0.31677037
4469.0 0.33805323
4473.1 0.31852436
4477.2 0.31985536
4481.3 0.31480217
4485.4 0.31431308
4489.5 0.31382516
4493.6 0.31333837
4497.7 0.32039124
4501.8 0.32166481
4505.9 0.32893819
4510.0 0.32079229
4514.1 0.32162943
4518.2 0.31044200
4522.3 0.30996323
4526.4 0.31866977
4530.5 0.32797700
4534.6 0.32231510
4538.7 0.31433532
4542.8 0.32658538
4546.9 0.33169860
4551.0 0.31494597
4555.1 0.31839868
4559.2 0.30570540
4563.3 0.30523786
4567.4 0.31126791
4571.5 0.30603042
4575.6 0.33444312
4579.7 0.31917438
4583.8 0.31036717
4587.9 0.34640554
4592.0 0.34169248
4596.1 0.32616025
4600.2 0.32010272
4604.3 0.30550784
4608.4 0.30499586
4612.5 0.29971227
4616.6 0.30942780
4620.7 0.29880634
4624.8 0.30016902
4628.9 0.29790461
4633.0 0.30024207
4637.1 0.29700702
4641.2 0.29857078
4645.3 0.29738912
4649.4 0.29566845
4653.5 0.30587733
4657.6 0.30126894
4661.7 0.29433933
4665.8 0.29389822
4669.9 0.29345825
4674.0 0.29301926
4678.1 0.29258126
4682.2 0.29214430
4686.3 0.29170832
4690.4 0.29763806
4694.5 0.29083934
4698.6 0.29124936
4702.7 0.28997439
4706.8 0.29121527
4710.9 0.28921053
4715.0 0.28868425
4719.1 0.29142064
4723.2 0.29542151
4727.3 0.29676932
4731.4 0.29394314
4735.5 0.29338264
4739.6 0.29247817
4743.7 0.28838524
4747.8 0.29070434
4751.9 0.28874615
4756.0 0.28813201
4760.1 0.29448956
4764.2 0.30733132
4768.3 0.29219642
4772.4 0.30227181
4776.5 0.29637086
4780.6 0.30547604
4784.7 0.29825991
4788.8 0.30787927
4792.9 0.30290842
4797.0 0.30423149
4801.1 0.31302169
4805.2 0.30537501
4809.3 0.31115270
4813.4 0.32135898
4817.5 0.34593910
4821.6 0.33796614
4825.7 0.33138594
4829.8 0.33312893
4833.9 0.30371279
4838.0 0.29857215
4842.1 0.31242165
4846.2 0.30684265
4850.3 0.29611215
4854.4 0.29766980
4858.5 0.29925808
4862.6 0.29960090
4866.7 0.29427719
4870.8 0.30003679
4874.9 0.30615672
4879.0 0.28727433
4883.1 0.29029751
4887.2 0.28825590
4891.3 0.29745814
4895.4 0.28057870
4899.5 0.28354621
4903.6 0.28273514
4907.7 0.28168356
4911.8 0.28366992
4915.9 0.28306904
4920.0 0.28233951
4924.1 0.28486049
4928.2 0.28021944
4932.3 0.27785012
4936.4 0.27294153
4940.5 0.27268562
4944.6 0.26820818
4948.7 0.27338645
4952.8 0.27394620
4956.9 0.27706915
4961.0 0.27928236
4965.1 0.26861203
4969.2 0.27435464
4973.3 0.28256330
4977.4 0.27923837
4981.5 0.28199220
4985.6 0.28710639
4989.7 0.28237405
4993.8 0.28443885
4997.9 0.27878803
5002.0 0.29277155
5006.1 0.26917517
5010.2 0.26020044
5014.3 0.26412085
5018.4 0.26056957
5022.5 0.26195604
5026.6 0.26229891
5030.7 0.26742932
5034.8 0.27235276
5038.9 0.25996497
5043.0 0.26725233
5047.1 0.27445975
5051.2 0.26432693
5055.3 0.25989649
5059.4 0.25587779
5063.5 0.25552264
5067.6 0.25658488
5071.7 0.27171060
5075.8 0.25885484
5079.9 0.26036131
5084.0 0.25375822
5088.1 0.25437555
5092.2 0.25413728
5096.3 0.25825036
5100.4 0.25562513
5104.5 0.26143497
5108.6 0.26229253
5112.7 0.25632006
5116.8 0.25453827
5120.9 0.25413796
5125.0 0.26144871
5129.1 0.25979739
5133.2 0.25429520
5137.3 0.25243121
5141.4 0.25046921
5145.5 0.24924338
5149.6 0.25129026
5153.7 0.25346851
5157.8 0.26182425
5161.9 0.26540458
5166.0 0.27040771
5170.1 0.27898592
5174.2 0.26781431
5178.3 0.25467399
5182.4 0.25548947
5186.5 0.25283498
5190.6 0.24887681
5194.7 0.25274330
5198.8 0.26024804
5202.9 0.26297033
5207.0 0.25477141
5211.1 0.25674167
5215.2 0.26056698
5219.3 0.26525712
5223.4 0.26926547
5227.5 0.25598305
5231.6 0.25850296
5235.7 0.26328513
5239.8 0.26405677
5243.9 0.25842801
5248.0 0.25795418
5252.1 0.26176926
5256.2 0.26151454
5260.3 0.25864977
5264.4 0.26498678
5268.5 0.26225859
5272.6 0.26594585
5276.7 0.27229548
5280.8 0.26847664
5284.9 0.27627668
5289.0 0.27183515
5293.1 0.29027888
5297.2 0.29240751
5301.3 0.30004317
5305.4 0.30846795
5309.5 0.30719671
5313.6 0.31345147
5317.7 0.33101171
5321.8 0.33282471
5325.9 0.34729964
5330.0 0.36331609
5334.1 0.38558498
5338.2 0.41137058
5342.3 0.44248763
5346.4 0.48535767
5350.5 0.53890711
5354.6 0.60444760
5358.7 0.68166995
5362.8 0.79915416
5366.9 0.93887955
5371.0 1.1148620
5375.1 1.2923065
5379.2 1.5200211
5383.3 1.5619720
5387.4 1.3356535
5391.5 1.1115887
5395.6 1.0112334
5399.7 0.95237070
5403.8 0.82466859
5407.9 0.69564992
5412.0 0.62665164
5416.1 0.57154292
5420.2 0.52116048
5424.3 0.48276448
5428.4 0.45926660
5432.5 0.42996868
5436.6 0.40029362
5440.7 0.37563616
5444.8 0.35087100
5448.9 0.32969585
5453.0 0.32298210
5457.1 0.31631976
5461.2 0.30038813
5465.3 0.29842356
5469.4 0.29280016
5473.5 0.29310644
5477.6 0.29824373
5481.7 0.29738188
5485.8 0.29116374
5489.9 0.28169638
5494.0 0.29573789
5498.1 0.30330983
5502.2 0.30945936
5506.3 0.34075657
5510.4 0.33896229
5514.5 0.31597030
5518.6 0.31912237
5522.7 0.32294676
5526.8 0.31363896
5530.9 0.28942493
5535.0 0.26585728
5539.1 0.26322311
5543.2 0.25653332
5547.3 0.24872606
5551.4 0.24714769
5555.5 0.24023588
5559.6 0.22963315
5563.7 0.22833729
5567.8 0.22943734
5571.9 0.22901413
5576.0 0.21831958
5580.1 0.21625757
5584.2 0.21598540
5588.3 0.22288075
5592.4 0.23163448
5596.5 0.22243936
5600.6 0.21918422
5604.7 0.21852221
5608.8 0.21436004
5612.9 0.21409115
5617.0 0.21382280
5621.1 0.22823694
5625.2 0.21952121
5629.3 0.22106624
5633.4 0.21275470
5637.5 0.21248898
5641.6 0.21633618
5645.7 0.22324501
5649.8 0.22147930
5653.9 0.21624357
5658.0 0.21839936
5662.1 0.21857029
5666.2 0.21692061
5670.3 0.21038248
5674.4 0.21012148
5678.5 0.20986104
5682.6 0.21154259
5686.7 0.20934172
5690.8 0.20908284
5694.9 0.20882449
5699.0 0.21373753
5703.1 0.20830928
5707.2 0.20805243
5711.3 0.20779611
5715.4 0.21063191
5719.5 0.20728494
5723.6 0.20703015
5727.7 0.20677584
5731.8 0.20652203
5735.9 0.21207479
5740.0 0.20725313
5744.1 0.21865404
5748.2 0.20706713
5752.3 0.20703885
5756.4 0.20500977
5760.5 0.20475946
5764.6 0.21935114
5768.7 0.22757113
5772.8 0.21964851
5776.9 0.23595472
5781.0 0.21814723
5785.1 0.24543786
5789.2 0.23101701
5793.3 0.21344189
5797.4 0.23752123
5801.5 0.22124249
5805.6 0.21574847
5809.7 0.21752635
5813.8 0.21062969
5817.9 0.20763193
5822.0 0.20106356
5826.1 0.20082100
5830.2 0.20368274
5834.3 0.21129638
5838.4 0.20009623
5842.5 0.19985564
5846.6 0.19961546
5850.7 0.19937578
5854.8 0.21924989
5858.9 0.20363764
5863.0 0.19865949
5867.1 0.19842172
5871.2 0.20174687
5875.3 0.20036159
5879.4 0.19771099
5883.5 0.19747508
5887.6 0.20305616
5891.7 0.20933142
5895.8 0.22090246
5899.9 0.19653578
5904.0 0.21741226
5908.1 0.19663547
5912.2 0.20587336
5916.3 0.19560383
5920.4 0.20881924
5924.5 0.20330654
5928.6 0.20286955
5932.7 0.20687421
5936.8 0.21649498
5940.9 0.20622726
5945.0 0.19399039
5949.1 0.20703645
5953.2 0.22917764
5957.3 0.19330560
5961.4 0.19307823
5965.5 0.19340561
5969.6 0.19262478
5973.7 0.19239876
5977.8 0.19217312
5981.9 0.21096273
5986.0 0.20547584
5990.1 0.19149892
5994.2 0.19127508
5998.3 0.20150748
