300.0 0.0
370.0 0.0000000
373.7 0.0000000
377.4 0.0000000
381.1 0.0000000
384.8 0.0000000
388.5 0.0000000
392.2 0.0000000
395.9 0.0000000
399.6 0.0000000
403.3 0.0000000
407.0 0.0000000
410.7 0.0000000
414.4 0.0000000
418.1 0.0000000
421.8 0.0000000
425.5 0.0000000
429.2 0.0000000
432.9 0.0000000
436.6 0.0000000
440.3 0.0000000
444.0 0.0000000
447.7 0.0000000
451.4 0.0000000
455.1 0.0000000
458.8 0.0000000
462.5 0.0000000
466.2 0.0000000
469.9 0.0000000
473.6 0.0000000
477.3 0.0000000
481.0 0.0000000
484.7 0.0000000
488.4 0.0000000
492.1 0.0000000
495.8 0.0000000
499.5 0.0000000
503.2 0.0000000
506.9 0.0000000
510.6 0.0000000
514.3 0.0000000
518.0 0.0000000
521.7 0.0000000
525.4 0.0000000
529.1 0.0000000
532.8 0.0000000
536.5 0.0000000
540.2 0.0000000
543.9 0.0000000
547.6 0.0000000
551.3 0.0000000
555.0 0.0000000
558.7 0.0000000
562.4 0.0000000
566.1 0.0000000
569.8 0.0000000
573.5 0.0000000
577.2 0.0000000
580.9 0.0000000
584.6 0.0000000
588.3 0.0000000
592.0 0.0000000
595.7 0.0000000
599.4 0.0000000
603.1 0.0000000
606.8 0.0000000
610.5 0.0000000
614.2 0.0000000
617.9 0.0000000
621.6 0.0000000
625.3 0.0000000
629.0 0.0000000
632.7 0.0000000
636.4 0.0000000
640.1 0.0000000
643.8 0.0000000
647.5 0.0000000
651.2 0.0000000
654.9 0.0000000
658.6 0.0000000
662.3 0.0000000
666.0 0.0000000
669.7 0.0000000
673.4 0.0000000
677.1 1.60859432E-02
680.8 1.42029990E-02
684.5 1.24893421E-02
688.2 1.09352814E-02
691.9 9.53288190E-03
695.6 8.27359781E-03
699.3 7.14650843E-03
703.0 6.14348426E-03
706.7 5.25519298E-03
710.4 4.47220588E-03
714.1 3.78656061E-03
717.8 3.18892091E-03
721.5 1.42657422E-02
725.2 1.26880659E-02
728.9 1.12441052E-02
732.6 9.92868748E-03
736.3 8.73498991E-03
740.0 8.39603785E-03
743.7 7.68197281E-03
747.4 6.67809602E-03
751.1 6.23022579E-03
754.8 5.91273978E-03
758.5 5.67898247E-03
762.2 0.12206738
765.9 0.12151095
769.6 0.10069176
773.3 8.20848197E-02
777.0 7.53232241E-02
780.7 7.17718229E-02
784.4 7.07061887E-02
788.1 7.00834244E-02
791.8 6.54085055E-02
795.5 5.54928333E-02
799.2 5.20713143E-02
802.9 4.32670563E-02
806.6 3.65973227E-02
810.3 3.13913114E-02
814.0 2.79782023E-02
817.7 2.61977259E-02
821.4 2.31132638E-02
825.1 2.16274932E-02
828.8 2.03667246E-02
832.5 1.80535801E-02
836.2 1.46298073E-02
839.9 1.28303701E-02
843.6 1.05646644E-02
847.3 9.58597101E-03
851.0 8.49605259E-03
854.7 7.29213608E-03
858.4 6.42087217E-03
862.1 5.82996290E-03
865.8 5.31187933E-03
869.5 4.99976426E-03
873.2 4.51543368E-03
876.9 4.10574488E-03
880.6 3.78395570E-03
884.3 3.59115005E-03
888.0 3.48644820E-03
891.7 3.54331103E-03
895.4 3.71776731E-03
899.1 4.24713455E-03
902.8 2.3249698
906.5 1.8834200
910.2 1.7594323
913.9 1.7614135
917.6 1.6525590
921.3 1.3249764
925.0 1.1457138
928.7 1.0790749
932.4 1.0341675
936.1 0.96843058
939.8 0.88557380
943.5 0.83087260
947.2 0.81285822
950.9 0.81615227
954.6 0.83051026
958.3 0.83727854
962.0 0.90179962
965.7 0.91716802
969.4 0.87890130
973.1 0.80194944
976.8 0.80818826
980.5 0.80189013
984.2 0.82214916
987.9 0.83734179
991.6 0.82814080
995.3 0.79934394
999.0 0.78968543
1002.7 0.81575310
1006.4 0.81166333
1010.1 0.82618570
1013.8 0.81647086
1017.5 0.83653522
1021.2 0.88538539
1024.9 0.93613315
1028.6 1.0060301
1032.3 1.0257759
1036.0 1.0415345
1039.7 0.94821161
1043.4 0.88633990
1047.1 0.84052342
1050.8 0.82106322
1054.5 0.81829554
1058.2 0.78217685
1061.9 0.77310729
1065.6 0.76931918
1069.3 0.76441300
1073.0 0.77894145
1076.7 0.77226138
1080.4 0.75659096
1084.1 0.78007323
1087.8 0.76735872
1091.5 0.78009582
1095.2 0.79952800
1098.9 0.81211317
1102.6 0.83266240
1106.3 0.83222210
1110.0 0.85939562
1113.7 0.87922299
1117.4 0.90141070
1121.1 0.93630099
1124.8 1.0069557
1128.5 1.1013966
1132.2 1.2097714
1135.9 1.3473741
1139.6 1.5183018
1143.3 1.6200683
1147.0 1.4715837
1150.7 1.2492691
1154.4 1.0803106
1158.1 0.99223584
1161.8 0.94814348
1165.5 0.92303658
1169.2 0.87987769
1172.9 0.87721002
1176.6 0.85124987
1180.3 0.86839694
1184.0 0.87108356
1187.7 0.86836427
1191.4 0.87815779
1195.1 0.86746854
1198.8 0.88083041
1202.5 0.89329511
1206.2 0.89497167
1209.9 0.91442490
1213.6 0.87931359
1217.3 0.87351406
1221.0 0.86233956
1224.7 0.87663287
1228.4 0.88074774
1232.1 0.86836833
1235.8 0.82459676
1239.5 0.79816014
1243.2 0.78712332
1246.9 0.77280420
1250.6 0.77426314
1254.3 0.77236903
1258.0 0.77109092
1261.7 0.78344131
1265.4 0.78117639
1269.1 0.79390270
1272.8 0.79778427
1276.5 0.79652715
1280.2 0.78756869
1283.9 0.79773325
1287.6 0.80149698
1291.3 0.82340735
1295.0 0.81038004
1298.7 0.79754508
1302.4 0.76267284
1306.1 0.77436799
1309.8 0.77816308
1313.5 0.76808357
1317.2 0.79434174
1320.9 0.80218840
1324.6 0.78139681
1328.3 0.76838368
1332.0 0.76970637
1335.7 0.77002126
1339.4 0.76998270
1343.1 0.78009850
1346.8 0.76678067
1350.5 0.76467544
1354.2 0.77477902
1357.9 0.77422959
1361.6 0.79374087
1365.3 0.79066175
1369.0 0.84214479
1372.7 0.83962333
1376.4 0.84854764
1380.1 0.83607858
1383.8 0.83828413
1387.5 0.84637946
1391.2 0.88442945
1394.9 0.95207173
1398.6 1.0136151
1402.3 1.0638946
1406.0 1.0834205
1409.7 1.1408561
1413.4 1.0915912
1417.1 0.99854857
1420.8 0.91379672
1424.5 0.85761583
1428.2 0.83151942
1431.9 0.80492646
1435.6 0.77993059
1439.3 0.76082748
1443.0 0.75560212
1446.7 0.72768688
1450.4 0.71674126
1454.1 0.71156853
1457.8 0.71896160
1461.5 0.72248769
1465.2 0.70629901
1468.9 0.70965016
1472.6 0.71385664
1476.3 0.72027522
1480.0 0.70287418
1483.7 0.71098280
1487.4 0.72802788
1491.1 0.68905580
1494.8 0.70772821
1498.5 0.71271306
1502.2 0.70816892
1505.9 0.71465874
1509.6 0.70377791
1513.3 0.69489115
1517.0 0.71463758
1520.7 0.74400043
1524.4 0.72972482
1528.1 0.74852675
1531.8 0.74269956
1535.5 0.74516273
1539.2 0.74143207
1542.9 0.75143683
1546.6 0.74974763
1550.3 0.74832577
1554.0 0.72491217
1557.7 0.71363091
1561.4 0.72337383
1565.1 0.73416179
1568.8 0.70359540
1572.5 0.73806226
1576.2 0.71287000
1579.9 0.73038316
1583.6 0.72418422
1587.3 0.73939431
1591.0 0.70492589
1594.7 0.71580577
1598.4 0.71556920
1602.1 0.72851747
1605.8 0.69288540
1609.5 0.70142603
1613.2 0.71519673
1616.9 0.68382108
1620.6 0.69694293
1624.3 0.67626739
1628.0 0.65780789
1631.7 0.65736079
1635.4 0.65691030
1639.1 0.66145617
1642.8 0.66569954
1646.5 0.66691047
1650.2 0.65781385
1653.9 0.65460402
1657.6 0.65413207
1661.3 0.65365750
1665.0 0.66201222
1668.7 0.66101760
1672.4 0.67084545
1676.1 0.67497861
1679.8 0.67479527
1683.5 0.67978501
1687.2 0.68612462
1690.9 0.69861048
1694.6 0.71434218
1698.3 0.70884615
1702.0 0.72763240
1705.7 0.73603505
1709.4 0.74226445
1713.1 0.74642402
1716.8 0.75177264
1720.5 0.76125228
1724.2 0.76514870
1727.9 0.75484246
1731.6 0.74821007
1735.3 0.73148084
1739.0 0.72966099
1742.7 0.71558183
1746.4 0.72602397
1750.1 0.71709132
1753.8 0.71245754
1757.5 0.71441758
1761.2 0.70998555
1764.9 0.71162885
1768.6 0.71316433
1772.3 0.72131181
1776.0 0.73816687
1779.7 0.72681987
1783.4 0.75291228
1787.1 0.77144605
1790.8 0.79423302
1794.5 0.79180723
1798.2 0.76925218
1801.9 0.76532030
1805.6 0.76767284
1809.3 0.75014955
1813.0 0.73609602
1816.7 0.73184389
1820.4 0.72890782
1824.1 0.74278098
1827.8 0.75781280
1831.5 0.76072890
1835.2 0.75572240
1838.9 0.75756472
1842.6 0.75274116
1846.3 0.75648957
1850.0 0.74873501
1853.7 0.74556851
1857.4 0.74638397
1861.1 0.74289757
1864.8 0.73347771
1868.5 0.72284532
1872.2 0.72956413
1875.9 0.73195571
1879.6 0.73225331
1883.3 0.72515166
1887.0 0.71949989
1890.7 0.71759647
1894.4 0.71401346
1898.1 0.71123332
1901.8 0.70513272
1905.5 0.69562095
1909.2 0.69914001
1912.9 0.69920087
1916.6 0.69146961
1920.3 0.67338371
1924.0 0.69069719
1927.7 0.69376749
1931.4 0.68956113
1935.1 0.68954635
1938.8 0.69548357
1942.5 0.68264288
1946.2 0.68288815
1949.9 0.66956633
1953.6 0.65909123
1957.3 0.63334286
1961.0 0.63043374
1964.7 0.62938762
1968.4 0.62323833
1972.1 0.64019001
1975.8 0.64953136
1979.5 0.65094644
1983.2 0.63700652
1986.9 0.64353210
1990.6 0.64637190
1994.3 0.65509135
1998.0 0.65520966
2001.7 0.67040563
2005.4 0.68990713
2009.1 0.69599634
2012.8 0.68710023
2016.5 0.70817429
2020.2 0.71764642
2023.9 0.71698755
2027.6 0.72072053
2031.3 0.74992913
2035.0 0.76837635
2038.7 0.76444566
2042.4 0.77903533
2046.1 0.76134861
2049.8 0.78044176
2053.5 0.80722880
2057.2 0.87454951
2060.9 0.95343316
2064.6 1.0760499
2068.3 1.2011000
2072.0 1.2395428
2075.7 1.1766098
2079.4 1.0421966
2083.1 0.92726189
2086.8 0.85590279
2090.5 0.82063687
2094.2 0.79285192
2097.9 0.77135468
2101.6 0.75443703
2105.3 0.73821026
2109.0 0.73302299
2112.7 0.71822560
2116.4 0.70540339
2120.1 0.69073975
2123.8 0.68246037
2127.5 0.68039483
2131.2 0.66092491
2134.9 0.66220266
2138.6 0.64574707
2142.3 0.64153725
2146.0 0.64082843
2149.7 0.61439437
2153.4 0.62360883
2157.1 0.62320369
2160.8 0.63235116
2164.5 0.64970523
2168.2 0.65580255
2171.9 0.65805775
2175.6 0.65754104
2179.3 0.66212922
2183.0 0.65311623
2186.7 0.65475327
2190.4 0.66345733
2194.1 0.65369242
2197.8 0.65593374
2201.5 0.64418560
2205.2 0.64809769
2208.9 0.63250709
2212.6 0.62190247
2216.3 0.61078906
2220.0 0.60529035
2223.7 0.59081781
2227.4 0.58488393
2231.1 0.56892049
2234.8 0.55797750
2238.5 0.55576378
2242.2 0.56106883
2245.9 0.55379713
2249.6 0.56567931
2253.3 0.56868881
2257.0 0.57053441
2260.7 0.57051480
2264.4 0.57105219
2268.1 0.58242732
2271.8 0.57644725
2275.5 0.58788007
2279.2 0.58728439
2282.9 0.58501810
2286.6 0.57870173
2290.3 0.58464700
2294.0 0.58057475
2297.7 0.59299380
2301.4 0.60807961
2305.1 0.60975927
2308.8 0.63420111
2312.5 0.63938695
2316.2 0.63917172
2319.9 0.63046813
2323.6 0.62991703
2327.3 0.60676843
2331.0 0.62027502
2334.7 0.61422753
2338.4 0.61312461
2342.1 0.62084651
2345.8 0.63726908
2349.5 0.63793796
2353.2 0.64597160
2356.9 0.65005028
2360.6 0.65514302
2364.3 0.64875793
2368.0 0.65194523
2371.7 0.64228845
2375.4 0.64958107
2379.1 0.64160317
2382.8 0.62259150
2386.5 0.62288791
2390.2 0.63057959
2393.9 0.61400253
2397.6 0.61309481
2401.3 0.61359149
2405.0 0.61326140
2408.7 0.62303030
2412.4 0.62031972
2416.1 0.60983443
2419.8 0.60866702
2423.5 0.62094480
2427.2 0.61979771
2430.9 0.61559093
2434.6 0.62689179
2438.3 0.60918224
2442.0 0.60165673
2445.7 0.59361178
2449.4 0.58790725
2453.1 0.58350307
2456.8 0.57149178
2460.5 0.56924421
2464.2 0.57597083
2467.9 0.58110529
2471.6 0.58859181
2475.3 0.60697532
2479.0 0.58634096
2482.7 0.57819152
2486.4 0.57463133
2490.1 0.57191396
2493.8 0.56527048
2497.5 0.57869321
2501.2 0.57660043
2504.9 0.58069843
2508.6 0.57529205
2512.3 0.57708365
2516.0 0.57742035
2519.7 0.59064955
2523.4 0.59413058
2527.1 0.60420036
2530.8 0.62382007
2534.5 0.64921570
2538.2 0.61858898
2541.9 0.59506273
2545.6 0.59845591
2549.3 0.58925432
2553.0 0.56774014
2556.7 0.57408530
2560.4 0.57572401
2564.1 0.55971599
2567.8 0.55591315
2571.5 0.54355019
2575.2 0.53584355
2578.9 0.55021119
2582.6 0.54864609
2586.3 0.54086572
2590.0 0.55143970
2593.7 0.53760010
2597.4 0.52894050
2601.1 0.52870429
2604.8 0.51978868
2608.5 0.51115727
2612.2 0.50128537
2615.9 0.50757462
2619.6 0.50632215
2623.3 0.49166840
2627.0 0.49597421
2630.7 0.50394344
2634.4 0.50727695
2638.1 0.49767160
2641.8 0.50675613
2645.5 0.51935202
2649.2 0.50958341
2652.9 0.52064723
2656.6 0.50570232
2660.3 0.50687444
2664.0 0.49934888
2667.7 0.50576377
2671.4 0.50871384
2675.1 0.49868605
2678.8 0.51247942
2682.5 0.50382686
2686.2 0.49933320
2689.9 0.50369203
2693.6 0.49276045
2697.3 0.49813336
2701.0 0.49414226
2704.7 0.49739584
2708.4 0.50064737
2712.1 0.49390745
2715.8 0.48964182
2719.5 0.48824003
2723.2 0.48596174
2726.9 0.48298359
2730.6 0.48327619
2734.3 0.48999935
2738.0 0.48925629
2741.7 0.48876029
2745.4 0.47937450
2749.1 0.48115754
2752.8 0.50136566
2756.5 0.56510615
2760.2 0.58703613
2763.9 0.49611795
2767.6 0.47853157
2771.3 0.47843137
2775.0 0.47274172
2778.7 0.48970979
2782.4 0.47601604
2786.1 0.46556598
2789.8 0.46878809
2793.5 0.46348554
2797.2 0.45738071
2800.9 0.45258430
2804.6 0.44699737
2808.3 0.42272258
2812.0 0.42958656
2815.7 0.42154101
2819.4 0.43996024
2823.1 0.43891439
2826.8 0.43422279
2830.5 0.42991555
2834.2 0.42675406
2837.9 0.43768024
2841.6 0.42875358
2845.3 0.43593892
2849.0 0.44258997
2852.7 0.44991323
2856.4 0.46782014
2860.1 0.50355470
2863.8 0.52457494
2867.5 0.47148097
2871.2 0.44061959
2874.9 0.45642713
2878.6 0.46010184
2882.3 0.43612397
2886.0 0.42681825
2889.7 0.42746699
2893.4 0.41998240
2897.1 0.41752246
2900.8 0.40979555
2904.5 0.39795479
2908.2 0.38482428
2911.9 0.38216650
2915.6 0.39382029
2919.3 0.40559500
2923.0 0.40678698
2926.7 0.41136020
2930.4 0.42152759
2934.1 0.42190492
2937.8 0.41933233
2941.5 0.40539429
2945.2 0.40712836
2948.9 0.40503556
2952.6 0.38825905
2956.3 0.39324164
2960.0 0.38008687
2963.7 0.38013369
2967.4 0.37357926
2971.1 0.38174286
2974.8 0.38662687
2978.5 0.37961483
2982.2 0.36771995
2985.9 0.36735478
2989.6 0.36568016
2993.3 0.36140162
2997.0 0.37242004
3000.7 0.36462224
3004.4 0.37401858
3008.1 0.38148567
3011.8 0.40476996
3015.5 0.39856416
3019.2 0.39625326
3022.9 0.41379565
3026.6 0.41962293
3030.3 0.43429813
3034.0 0.46185702
3037.7 0.44838113
3041.4 0.42600903
3045.1 0.42391920
3048.8 0.40500423
3052.5 0.39491642
3056.2 0.39084244
3059.9 0.38433650
3063.6 0.37154695
3067.3 0.35728651
3071.0 0.35316202
3074.7 0.35484815
3078.4 0.36470032
3082.1 0.36180818
3085.8 0.35949403
3089.5 0.36744854
3093.2 0.35479861
3096.9 0.35034731
3100.6 0.35682923
3104.3 0.34869155
3108.0 0.34496051
3111.7 0.34444734
3115.4 0.34393537
3119.1 0.34553251
3122.8 0.34841180
3126.5 0.34684220
3130.2 0.34557402
3133.9 0.36491680
3137.6 0.36274379
3141.3 0.36829409
3145.0 0.36175343
3148.7 0.35306254
3152.4 0.34743482
3156.1 0.36303177
3159.8 0.36283147
3163.5 0.36026382
3167.2 0.37694234
3170.9 0.36696234
3174.6 0.37885758
3178.3 0.39950868
3182.0 0.39264011
3185.7 0.40071028
3189.4 0.40809011
3193.1 0.42483017
3196.8 0.45180780
3200.5 0.45683652
3204.2 0.48216990
3207.9 0.52194309
3211.6 0.54133695
3215.3 0.54369766
3219.0 0.50560421
3222.7 0.49662945
3226.4 0.49170560
3230.1 0.46789506
3233.8 0.44676921
3237.5 0.40920064
3241.2 0.40070611
3244.9 0.38479918
3248.6 0.37706903
3252.3 0.38666934
3256.0 0.37616423
3259.7 0.36980429
3263.4 0.37022039
3267.1 0.36160740
3270.8 0.35909534
3274.5 0.35726440
3278.2 0.33524606
3281.9 0.34675550
3285.6 0.34501284
3289.3 0.35384312
3293.0 0.34620848
3296.7 0.34473035
3300.4 0.36029410
3304.1 0.36553934
3307.8 0.37937352
3311.5 0.37391695
3315.2 0.37110546
3318.9 0.35721835
3322.6 0.37692294
3326.3 0.37779802
3330.0 0.38016039
3333.7 0.37746805
3337.4 0.39171061
3341.1 0.40842974
3344.8 0.40552831
3348.5 0.38893393
3352.2 0.37977076
3355.9 0.37059954
3359.6 0.37321004
3363.3 0.40070829
3367.0 0.38984919
3370.7 0.38512149
3374.4 0.40007579
3378.1 0.39674467
3381.8 0.36744362
3385.5 0.38727444
3389.2 0.40269002
3392.9 0.38539457
3396.6 0.37806433
3400.3 0.38405558
3404.0 0.36973643
3407.7 0.36114758
3411.4 0.36234286
3415.1 0.37390342
3418.8 0.38748771
3422.5 0.38726839
3426.2 0.37954301
3429.9 0.38427511
3433.6 0.37283069
3437.3 0.37903264
3441.0 0.36757535
3444.7 0.38684511
3448.4 0.36409903
3452.1 0.37591815
3455.8 0.36026272
3459.5 0.36362842
3463.2 0.36644611
3466.9 0.37851006
3470.6 0.34522381
3474.3 0.34447703
3478.0 0.32386130
3481.7 0.31976366
3485.4 0.31528342
3489.1 0.32298231
3492.8 0.32191575
3496.5 0.32094371
3500.2 0.31517598
3503.9 0.31994188
3507.6 0.32321998
3511.3 0.31642035
3515.0 0.30579308
3518.7 0.30850318
3522.4 0.30974412
3526.1 0.30811310
3529.8 0.31289631
3533.5 0.31685433
3537.2 0.32255062
3540.9 0.32131395
3544.6 0.31876808
3548.3 0.32495406
3552.0 0.33426070
3555.7 0.33445796
3559.4 0.33751056
3563.1 0.35012761
3566.8 0.37074447
3570.5 0.37245545
3574.2 0.40030065
3577.9 0.40397003
3581.6 0.41745532
3585.3 0.44861829
3589.0 0.46705875
3592.7 0.52251559
3596.4 0.56991392
3600.1 0.55187201
3603.8 0.51474351
3607.5 0.47798511
3611.2 0.45213452
3614.9 0.42963544
3618.6 0.40124822
3622.3 0.39406916
3626.0 0.39014414
3629.7 0.37654504
3633.4 0.35553253
3637.1 0.36612207
3640.8 0.35416347
3644.5 0.34871575
3648.2 0.34281081
3651.9 0.33356917
3655.6 0.32991466
3659.3 0.33847806
3663.0 0.33853272
3666.7 0.39944720
3670.4 0.43663430
3674.1 0.36496258
3677.8 0.32412097
3681.5 0.31552610
3685.2 0.31286249
3688.9 0.30515361
3692.6 0.32498214
3696.3 0.35502005
3700.0 0.43141586
3703.7 0.60776407
3707.4 0.60632294
3711.1 0.40770397
3714.8 0.34320319
3718.5 0.32263362
3722.2 0.31375507
3725.9 0.30633837
3729.6 0.30043787
3733.3 0.30061528
3737.0 0.29846987
3740.7 0.29887396
3744.4 0.29844889
3748.1 0.29355848
3751.8 0.29027468
3755.5 0.29025051
3759.2 0.27913213
3762.9 0.27337417
3766.6 0.28536868
3770.3 0.28278473
3774.0 0.28627977
3777.7 0.27472159
3781.4 0.27694657
3785.1 0.27306333
3788.8 0.28257659
3792.5 0.27759480
3796.2 0.27042800
3799.9 0.27661085
3803.6 0.27486965
3807.3 0.28322664
3811.0 0.28468022
3814.7 0.29607067
3818.4 0.30245596
3822.1 0.29818088
3825.8 0.28954592
3829.5 0.30226809
3833.2 0.28974715
3836.9 0.28254879
3840.6 0.28309900
3844.3 0.29905766
3848.0 0.29345292
3851.7 0.27798489
3855.4 0.28161773
3859.1 0.28419456
3862.8 0.28895295
3866.5 0.28425270
3870.2 0.28693700
3873.9 0.28579718
3877.6 0.28735760
3881.3 0.27685660
3885.0 0.28153437
3888.7 0.29065961
3892.4 0.27667531
3896.1 0.28447816
3899.8 0.28561223
3903.5 0.28350320
3907.2 0.28389460
3910.9 0.28592646
3914.6 0.28404602
3918.3 0.29495311
3922.0 0.28155461
3925.7 0.27561754
3929.4 0.30137658
3933.1 0.28130671
3936.8 0.29437572
3940.5 0.28692150
3944.2 0.27836099
3947.9 0.27440301
3951.6 0.27126798
3955.3 0.27937713
3959.0 0.26475498
3962.7 0.26707759
3966.4 0.26977921
3970.1 0.26683825
3973.8 0.25429103
3977.5 0.25893351
3981.2 0.26515779
3984.9 0.26457611
3988.6 0.25651008
3992.3 0.25743213
3996.0 0.25524503
3999.7 0.25028279
4003.4 0.25525597
4007.1 0.26042369
4010.8 0.25864705
4014.5 0.25230983
4018.2 0.24861881
4021.9 0.24488664
4025.6 0.25335833
4029.3 0.24425711
4033.0 0.26073954
4036.7 0.24574421
4040.4 0.24683851
4044.1 0.24300510
4047.8 0.24269359
4051.5 0.24238265
4055.2 0.24207227
4058.9 0.24758801
4062.6 0.24863929
4066.3 0.25432998
4070.0 0.24809837
4073.7 0.24881260
4077.4 0.24022233
4081.1 0.23991597
4084.8 0.24672079
4088.5 0.25399429
4092.2 0.24967588
4095.9 0.24355909
4099.6 0.25311789
4103.3 0.25714880
4107.0 0.24422577
4110.7 0.24696817
4114.4 0.23718485
4118.1 0.23688424
4121.8 0.24162716
4125.5 0.23762353
4129.2 0.25975284
4132.9 0.24795853
4136.6 0.24117905
4140.3 0.26925340
4144.0 0.26565874
4147.7 0.25364825
4151.4 0.24900159
4155.1 0.23770964
4158.8 0.23737220
4162.5 0.23331991
4166.2 0.24094483
4169.9 0.23273352
4173.6 0.23385447
4177.3 0.23214935
4181.0 0.23403025
4184.7 0.23156726
4188.4 0.23284534
4192.1 0.23198232
4195.8 0.23069820
4199.5 0.23872378
4203.2 0.23518613
4206.9 0.22983408
4210.6 0.22954702
4214.3 0.22926058
4218.0 0.22897464
4221.7 0.22868919
4225.4 0.22840433
4229.1 0.22811994
4232.8 0.23281461
4236.5 0.22755276
4240.2 0.22792967
4243.9 0.22698765
4247.6 0.22801490
4251.3 0.22650069
4255.0 0.22614379
4258.7 0.22834305
4262.4 0.23153432
4266.1 0.23264718
4269.8 0.23048754
4273.5 0.23010379
4277.2 0.22944984
4280.9 0.22629349
4284.6 0.22816817
4288.3 0.22668573
4292.0 0.22625785
4295.7 0.23130552
4299.4 0.24144973
4303.1 0.22961403
4306.8 0.23758808
4310.5 0.23300523
4314.2 0.24022068
4317.9 0.23460157
4321.6 0.24222508
4325.3 0.23837051
4329.0 0.23946804
4332.7 0.24644494
4336.4 0.24048106
4340.1 0.24508834
4343.8 0.25318682
4347.5 0.27261621
4351.2 0.26639515
4354.9 0.26126918
4358.6 0.26270437
4362.3 0.23956233
4366.0 0.23556200
4369.7 0.24654560
4373.4 0.24219878
4377.1 0.23378263
4380.8 0.23506641
4384.5 0.23637480
4388.2 0.23669969
4391.9 0.23254679
4395.6 0.23715225
4399.3 0.24204457
4403.0 0.22716789
4406.7 0.22961058
4410.4 0.22804733
4414.1 0.23538066
4417.8 0.22207388
4421.5 0.22447313
4425.2 0.22388129
4428.9 0.22309864
4432.6 0.22472218
4436.3 0.22429627
4440.0 0.22376810
4443.7 0.22581634
4447.4 0.22218665
4451.1 0.22035688
4454.8 0.21651193
4458.5 0.21635672
4462.2 0.21285115
4465.9 0.21700844
4469.6 0.21750058
4473.3 0.22002834
4477.0 0.22183451
4480.7 0.21340570
4484.4 0.21801566
4488.1 0.22458757
4491.8 0.22199315
4495.5 0.22423109
4499.2 0.22834723
4502.9 0.22463201
4506.6 0.22632347
4510.3 0.22187500
4514.0 0.23305400
4517.7 0.21431673
4521.4 0.20721549
4525.1 0.21038264
4528.8 0.20759825
4532.5 0.20874740
4536.2 0.20906515
4539.9 0.21319965
4543.6 0.21717077
4547.3 0.20733686
4551.0 0.21319401
4554.7 0.21898979
4558.4 0.21094932
4562.1 0.20745720
4565.8 0.20429222
4569.5 0.20405143
4573.2 0.20494260
4576.9 0.21706936
4580.6 0.20684201
4584.3 0.20808911
4588.0 0.20285386
4591.7 0.20338953
4595.4 0.20324114
4599.1 0.20657317
4602.8 0.20451547
4606.5 0.20920679
4610.2 0.20993622
4613.9 0.20519805
4617.6 0.20381339
4621.3 0.20353451
4625.0 0.20943232
4628.7 0.20815198
4632.4 0.20378506
4636.1 0.20233241
4639.8 0.20080054
4643.5 0.19985826
4647.2 0.20154032
4650.9 0.20332837
4654.6 0.21007350
4658.3 0.21298903
4662.0 0.21704763
4665.7 0.22397800
4669.4 0.21505213
4673.1 0.20454144
4676.8 0.20523731
4680.5 0.20314540
4684.2 0.20000488
4687.9 0.20315240
4691.6 0.20922606
4695.3 0.21145645
4699.0 0.20490408
4702.7 0.20652939
4706.4 0.20964782
4710.1 0.21346334
4713.8 0.21673155
4717.5 0.20608084
4721.2 0.20815021
4724.9 0.21204223
4728.6 0.21270512
4732.3 0.20821145
4736.0 0.20787005
4739.7 0.21098529
4743.4 0.21082078
4747.1 0.20855160
4750.8 0.21370238
4754.5 0.21154289
4758.2 0.21455835
4761.9 0.21972322
4765.6 0.21668316
4769.3 0.22302110
4773.0 0.21947764
4776.7 0.23441359
4780.4 0.23617752
4784.1 0.24239087
4787.8 0.24924411
4791.5 0.24826397
4795.2 0.25336662
4798.9 0.26761132
4802.6 0.26912776
4806.3 0.28088525
4810.0 0.29389402
4813.7 0.31196624
4817.4 0.33289093
4821.1 0.35813853
4824.8 0.39290974
4828.5 0.43634066
4832.2 0.48949826
4835.9 0.55213755
4839.6 0.64741707
4843.3 0.76075315
4847.0 0.90351468
4850.7 1.0475137
4854.4 1.2323207
4858.1 1.2665641
4861.8 1.0832467
4865.5 0.90169013
4869.2 0.82043463
4872.9 0.77281904
4876.6 0.66931486
4880.3 0.56470388
4884.0 0.50878602
4887.7 0.46412671
4891.4 0.42328981
4895.1 0.39217529
4898.8 0.37315404
4902.5 0.34941238
4906.2 0.32535565
4909.9 0.30536905
4913.6 0.28528768
4917.3 0.26811850
4921.0 0.26270562
4924.7 0.25733259
4928.4 0.24441542
4932.1 0.24286012
4935.8 0.23832604
4939.5 0.23861764
4943.2 0.24284291
4946.9 0.24218395
4950.6 0.23716182
4954.3 0.22949079
4958.0 0.24097244
4961.7 0.24718559
4965.4 0.25224143
4969.1 0.27780050
4972.8 0.27638602
4976.5 0.25768360
4980.2 0.26029956
4983.9 0.26346484
4987.6 0.25591579
4991.3 0.23619914
4995.0 0.21700323
4998.7 0.21489024
5002.4 0.20946495
5006.1 0.20312515
5009.8 0.20187089
5013.5 0.19625901
5017.2 0.18762934
5020.9 0.18660244
5024.6 0.18753351
5028.3 0.18721952
5032.0 0.17850712
5035.7 0.17685121
5039.4 0.17665863
5043.1 0.18232940
5046.8 0.18952253
5050.5 0.18202989
5054.2 0.17939636
5057.9 0.17888467
5061.6 0.17550701
5065.3 0.17531630
5069.0 0.17512593
5072.7 0.18696274
5076.4 0.17985325
5080.1 0.18114929
5083.8 0.17436759
5087.5 0.17417881
5091.2 0.17736185
5094.9 0.18305637
5098.6 0.18163860
5102.3 0.17737402
5106.0 0.17917190
5109.7 0.17934170
5113.4 0.17801739
5117.1 0.17268021
5120.8 0.17249429
5124.5 0.17230873
5128.2 0.17371778
5131.9 0.17193852
5135.6 0.17175388
5139.3 0.17156959
5143.0 0.17563468
5146.7 0.17120191
5150.4 0.17101854
5154.1 0.17083549
5157.8 0.17319487
5161.5 0.17047028
5165.2 0.17028816
5168.9 0.17010635
5172.6 0.16992483
5176.3 0.17452155
5180.0 0.17058100
5183.7 0.17999336
5187.4 0.17048235
5191.1 0.17048626
5194.8 0.16884227
5198.5 0.16866292
5202.2 0.18071091
5205.9 0.18751258
5209.6 0.18101318
5213.3 0.19448189
5217.0 0.17983270
5220.7 0.20236196
5224.4 0.19050200
5228.1 0.17603678
5231.8 0.19592698
5235.5 0.18252748
5239.2 0.17802267
5242.9 0.17951766
5246.6 0.17385314
5250.3 0.17140543
5254.0 0.16600887
5257.7 0.16583431
5261.4 0.16822352
5265.1 0.17453869
5268.8 0.16531245
5272.5 0.16513911
5276.2 0.16496606
5279.9 0.16479328
5283.6 0.18124796
5287.3 0.16836752
5291.0 0.16427672
5294.7 0.16410515
5298.4 0.16688068
5302.1 0.16576003
5305.8 0.16359204
5309.5 0.16342166
5313.2 0.16806577
5316.9 0.17328593
5320.6 0.18289213
5324.3 0.16274275
5328.0 0.18005678
5331.7 0.16287433
5335.4 0.17055176
5339.1 0.16206847
5342.8 0.17304407
5346.5 0.16850102
5350.2 0.16816394
5353.9 0.17150907
5357.6 0.17951192
5361.3 0.17102361
5365.0 0.16089949
5368.7 0.17174561
5372.4 0.19014081
5376.1 0.16040272
5379.8 0.16023770
5383.5 0.16053304
5387.2 0.15990846
5390.9 0.15974429
5394.6 0.15958035
5398.3 0.17520888
5402.0 0.17067687
5405.7 0.15909030
5409.4 0.15892752
5413.1 0.16745383
5416.8 0.17920011
5420.5 0.15844074
5424.2 0.15977104
5427.9 0.19529225
5431.6 0.16794772
5435.3 0.16650021
5439.0 0.15763496
5442.7 0.17912529
5446.4 0.19144478
5450.1 0.18288039
5453.8 0.20115522
5457.5 0.19693244
5461.2 0.20754595
5464.9 0.18039489
5468.6 0.18718202
5472.3 0.23052916
5476.0 0.20676282
5479.7 0.19842389
5483.4 0.17960157
5487.1 0.17355874
5490.8 0.21453707
5494.5 0.20463711
5498.2 0.19797164
5501.9 0.18439566
5505.6 0.16498983
5509.3 0.18645661
5513.0 0.15447943
5516.7 0.15432444
5520.4 0.15416969
5524.1 0.15401527
5527.8 0.15386111
5531.5 0.15370715
5535.2 0.15355352
5538.9 0.15340006
5542.6 0.15324692
5546.3 0.15309402
5550.0 0.15294141
5553.7 0.15278903
5557.4 0.15263693
5561.1 0.15248507
5564.8 0.15233350
5568.5 0.15218218
5572.2 0.15203108
5575.9 0.15188026
5579.6 0.15172969
5583.3 0.15157939
5587.0 0.15142934
5590.7 0.15127954
5594.4 0.15113004
5598.1 0.15098073
5601.8 0.15083167
5605.5 0.15068287
5609.2 0.15053436
5612.9 0.15038611
5616.6 0.15023805
5620.3 0.15009028
5624.0 0.14994280
5627.7 0.14979552
5631.4 0.14964849
5635.1 0.14950173
5638.8 0.14935520
5642.5 0.14920893
5646.2 0.14906293
5649.9 0.14891720
5653.6 0.14877169
5657.3 0.14862637
5661.0 0.14848135
5664.7 0.14833659
5668.4 0.14819205
5672.1 0.14804778
5675.8 0.14790373
5679.5 0.14775996
5683.2 0.14761640
5686.9 0.14747311
5690.6 0.14733006
5694.3 0.14718728
5698.0 0.14704467
5701.7 0.14690235
5705.4 0.14676028
5709.1 0.14661843
5712.8 0.14647688
5716.5 0.14633550
5720.2 0.14619434
5723.9 0.14605352
5727.6 0.14591299
5731.3 0.14577253
5735.0 0.14563234
5738.7 0.14549248
5742.4 0.14535284
5746.1 0.14521331
5749.8 0.14507407
5753.5 0.14493532
5757.2 0.14479645
5760.9 0.14465803
5764.6 0.14451987
5768.3 0.14438187
5772.0 0.14424410
5775.7 0.14410657
5779.4 0.14396918
5783.1 0.14383227
5786.8 0.14369540
5790.5 0.14355880
5794.2 0.14342235
5797.9 0.14328627
5801.6 0.14315036
5805.3 0.14301470
5809.0 0.14287928
5812.7 0.14274415
5816.4 0.14260928
5820.1 0.14247455
5823.8 0.14234003
5827.5 0.14220580
5831.2 0.14207181
5834.9 0.14193794
5838.6 0.14180435
5842.3 0.14167117
5846.0 0.14153792
5849.7 0.14140511
5853.4 0.14127253
5857.1 0.14114007
5860.8 0.14100792
5864.5 0.14087597
5868.2 0.14074412
5871.9 0.14061274
5875.6 0.14048140
5879.3 0.14035034
5883.0 0.14021952
5886.7 0.14008898
5890.4 0.13995853
5894.1 0.13982852
5897.8 0.13969861
5901.5 0.13956895
5905.2 0.13943937
5908.9 0.13931020
5912.6 0.13918115
5916.3 0.13905233
5920.0 0.13892376
5923.7 0.13879548
5927.4 0.13866727
5931.1 0.13853948
5934.8 0.13841181
5938.5 0.13828436
5942.2 0.13815698
5945.9 0.13803004
5949.6 0.13790318
5953.3 0.13777678
5957.0 0.13765040
5960.7 0.13752417
5964.4 0.13739832
5968.1 0.13727255
5971.8 0.13714720
5975.5 0.13702194
5979.2 0.13689677
5982.9 0.13677202
5986.6 0.13664749
5990.3 0.13652311
5994.0 0.13639890
5997.7 0.13627498
