300.0 0.0
350.0 0.0000000
353.5 0.0000000
357.0 0.0000000
360.5 0.0000000
364.0 0.0000000
367.5 0.0000000
371.0 0.0000000
374.5 0.0000000
378.0 0.0000000
381.5 0.0000000
385.0 0.0000000
388.5 0.0000000
392.0 0.0000000
395.5 0.0000000
399.0 0.0000000
402.5 0.0000000
406.0 0.0000000
409.5 0.0000000
413.0 0.0000000
416.5 0.0000000
420.0 0.0000000
423.5 0.0000000
427.0 0.0000000
430.5 0.0000000
434.0 0.0000000
437.5 0.0000000
441.0 0.0000000
444.5 0.0000000
448.0 0.0000000
451.5 0.0000000
455.0 0.0000000
458.5 0.0000000
462.0 0.0000000
465.5 0.0000000
469.0 0.0000000
472.5 0.0000000
476.0 0.0000000
479.5 0.0000000
483.0 0.0000000
486.5 0.0000000
490.0 0.0000000
493.5 0.0000000
497.0 0.0000000
500.5 0.0000000
504.0 0.0000000
507.5 0.0000000
511.0 0.0000000
514.5 0.0000000
518.0 0.0000000
521.5 0.0000000
525.0 0.0000000
528.5 0.0000000
532.0 0.0000000
535.5 0.0000000
539.0 0.0000000
542.5 0.0000000
546.0 0.0000000
549.5 0.0000000
553.0 0.0000000
556.5 0.0000000
560.0 0.0000000
563.5 0.0000000
567.0 0.0000000
570.5 0.0000000
574.0 0.0000000
577.5 0.0000000
581.0 0.0000000
584.5 0.0000000
588.0 0.0000000
591.5 0.0000000
595.0 0.0000000
598.5 0.0000000
602.0 0.0000000
605.5 0.0000000
609.0 0.0000000
612.5 0.0000000
616.0 0.0000000
619.5 0.0000000
623.0 0.0000000
626.5 0.0000000
630.0 0.0000000
633.5 0.0000000
637.0 0.0000000
640.5 0.30792555
644.0 0.28432220
647.5 0.26206172
651.0 0.24107653
654.5 0.22130920
658.0 0.20280103
661.5 0.18590830
665.0 0.16954643
668.5 0.15276746
672.0 0.13595417
675.5 0.12020609
679.0 0.10612630
682.5 0.28189182
686.0 0.25813267
689.5 0.23581369
693.0 0.21492389
696.5 0.19539803
700.0 0.19433895
703.5 0.18421514
707.0 0.16611090
710.5 0.16096984
714.0 0.15890273
717.5 0.15897320
721.0 1.1965851
724.5 1.1950827
728.0 0.99373329
731.5 0.81302124
735.0 0.74910527
738.5 0.71564078
742.0 0.70434529
745.5 0.70240235
749.0 0.67155939
752.5 0.59506065
756.0 0.58915526
759.5 0.51687974
763.0 0.46124947
766.5 0.41840249
770.0 0.39547002
773.5 0.39378506
777.0 0.37033853
780.5 0.37097567
784.0 0.37656075
787.5 0.35902026
791.0 0.30935013
794.5 0.28418696
798.0 0.24314292
801.5 0.22925782
805.0 0.21238148
808.5 0.19092378
812.0 0.17632563
815.5 0.16816778
819.0 0.16122156
822.5 0.15990612
826.0 0.15242179
829.5 0.14655097
833.0 0.14307521
836.5 0.14408505
840.0 0.14870346
843.5 0.16095212
847.0 0.18017864
850.5 0.22004098
854.0 11.361186
857.5 9.1586628
861.0 8.5144186
864.5 8.4831200
868.0 7.9209580
871.5 6.3208370
875.0 5.4400449
878.5 5.0997906
882.0 4.8650270
885.5 4.5348830
889.0 4.1280475
892.5 3.8555939
896.0 3.7550697
899.5 3.7535300
903.0 3.8027151
906.5 3.8168781
910.0 4.0931458
913.5 4.1449041
917.0 3.9549711
920.5 3.5933316
924.0 3.6059506
927.5 3.5628543
931.0 3.6376371
934.5 3.6895337
938.0 3.6340201
941.5 3.4933403
945.0 3.4371595
948.5 3.5363650
952.0 3.5045857
955.5 3.5531251
959.0 3.4975171
962.5 3.5694742
966.0 3.7632308
969.5 3.9635792
973.0 4.2432079
976.5 4.3100300
980.0 4.3597035
983.5 3.9541728
987.0 3.6823769
990.5 3.4791000
994.0 3.3860464
997.5 3.3623021
1001.0 3.2022285
1004.5 3.1536863
1008.0 3.1269913
1011.5 3.0959947
1015.0 3.1436810
1018.5 3.1057763
1022.0 3.0321369
1025.5 3.1154075
1029.0 3.0540762
1032.5 3.0941436
1036.0 3.1604342
1039.5 3.1993361
1043.0 3.2692800
1046.5 3.2566488
1050.0 3.3518367
1053.5 3.4178734
1057.0 3.4926569
1060.5 3.6160438
1064.0 3.8763475
1067.5 4.2262845
1071.0 4.6273212
1074.5 5.1372962
1078.0 5.7707620
1081.5 6.1382585
1085.0 5.5583038
1088.5 4.7039952
1092.0 4.0552835
1095.5 3.7132776
1099.0 3.5374820
1102.5 3.4334066
1106.0 3.2630410
1109.5 3.2434368
1113.0 3.1381106
1116.5 3.1918788
1120.0 3.1923690
1123.5 3.1731241
1127.0 3.1996150
1130.5 3.1515632
1134.0 3.1909418
1137.5 3.2268829
1141.0 3.2237909
1144.5 3.2845931
1148.0 3.1496372
1151.5 3.1201613
1155.0 3.0717268
1158.5 3.1140554
1162.0 3.1201191
1165.5 3.0679004
1169.0 2.9053838
1172.5 2.8046787
1176.0 2.7585051
1179.5 2.7011244
1183.0 2.6990728
1186.5 2.6853945
1190.0 2.6739461
1193.5 2.7097151
1197.0 2.6948993
1200.5 2.7317643
1204.0 2.7381063
1207.5 2.7268414
1211.0 2.6893578
1214.5 2.7172205
1218.0 2.7232146
1221.5 2.7907012
1225.0 2.7397573
1228.5 2.6897328
1232.0 2.5658338
1235.5 2.5988410
1239.0 2.6052554
1242.5 2.5653212
1246.0 2.6466656
1249.5 2.6664455
1253.0 2.5911818
1256.5 2.5420232
1260.0 2.5404317
1263.5 2.5355451
1267.0 2.5295374
1270.5 2.5568538
1274.0 2.5074353
1277.5 2.4948413
1281.0 2.5220630
1284.5 2.5145788
1288.0 2.5721543
1291.5 2.5564454
1295.0 2.7168448
1298.5 2.7027144
1302.0 2.7254255
1305.5 2.6794913
1309.0 2.6807046
1312.5 2.7007208
1316.0 2.8160436
1319.5 3.0249081
1323.0 3.2135627
1326.5 3.3658004
1330.0 3.4203229
1333.5 3.5940621
1337.0 3.4316633
1340.5 3.1326187
1344.0 2.8607934
1347.5 2.6793694
1351.0 2.5925066
1354.5 2.5044665
1358.0 2.4217613
1361.5 2.3576651
1365.0 2.3367574
1368.5 2.2429705
1372.0 2.2019486
1375.5 2.1788905
1379.0 2.1943505
1382.5 2.1979640
1386.0 2.1417837
1389.5 2.1450427
1393.0 2.1508741
1396.5 2.1633258
1400.0 2.1044002
1403.5 2.1219945
1407.0 2.1660812
1410.5 2.0437622
1414.0 2.0926595
1417.5 2.1009216
1421.0 2.0811455
1424.5 2.0938320
1428.0 2.0557160
1431.5 2.0236497
1435.0 2.0749259
1438.5 2.1537483
1442.0 2.1061659
1445.5 2.1540692
1449.0 2.1310327
1452.5 2.1318660
1456.0 2.1150382
1459.5 2.1373920
1463.0 2.1264651
1466.5 2.1163676
1470.0 2.0443246
1473.5 2.0068195
1477.0 2.0284972
1480.5 2.0529869
1484.0 1.9620330
1487.5 2.0524428
1491.0 1.9769235
1494.5 2.0199354
1498.0 1.9973249
1501.5 2.0337381
1505.0 1.9336916
1508.5 1.9582574
1512.0 1.9523746
1515.5 1.9824109
1519.0 1.8804580
1522.5 1.8986193
1526.0 1.9308165
1529.5 1.8412945
1533.0 1.8717529
1536.5 1.8115324
1540.0 1.7575525
1543.5 1.7518640
1547.0 1.7462052
1550.5 1.7538329
1554.0 1.7606320
1557.5 1.7594073
1561.0 1.7310760
1564.5 1.7183467
1568.0 1.7128602
1571.5 1.7074022
1575.0 1.7249897
1578.5 1.7181978
1582.0 1.7395108
1585.5 1.7460008
1589.0 1.7413296
1592.5 1.7500075
1596.0 1.7621217
1599.5 1.7899361
1603.0 1.8259250
1606.5 1.8076220
1610.0 1.8511924
1613.5 1.8682120
1617.0 1.8796624
1620.5 1.8858383
1624.0 1.8949945
1627.5 1.9145088
1631.0 1.9199340
1634.5 1.8897867
1638.0 1.8689636
1641.5 1.8230804
1645.0 1.8144852
1648.5 1.7755210
1652.0 1.7974470
1655.5 1.7714236
1659.0 1.7561220
1662.5 1.7571117
1666.0 1.7424186
1669.5 1.7426763
1673.0 1.7426766
1676.5 1.7588104
1680.0 1.7960697
1683.5 1.7647060
1687.0 1.8241928
1690.5 1.8651642
1694.0 1.9162354
1697.5 1.9063963
1701.0 1.8482471
1704.5 1.8349977
1708.0 1.8368503
1711.5 1.7912430
1715.0 1.7540991
1718.5 1.7404233
1722.0 1.7299346
1725.5 1.7593099
1729.0 1.7913145
1732.5 1.7946180
1736.0 1.7792640
1739.5 1.7800723
1743.0 1.7652522
1746.5 1.7705618
1750.0 1.7489893
1753.5 1.7382041
1757.0 1.7367352
1760.5 1.7252885
1764.0 1.7001411
1767.5 1.6722918
1771.0 1.6846209
1774.5 1.6869389
1778.0 1.6844382
1781.5 1.6649671
1785.0 1.6488966
1788.5 1.6414692
1792.0 1.6302398
1795.5 1.6208906
1799.0 1.6040293
1802.5 1.5794915
1806.0 1.5845824
1809.5 1.5818402
1813.0 1.5615163
1816.5 1.5179316
1820.0 1.5541637
1823.5 1.5582815
1827.0 1.5460749
1830.5 1.5432999
1834.0 1.5538379
1837.5 1.5224667
1841.0 1.5203463
1844.5 1.4880865
1848.0 1.4622599
1851.5 1.4027030
1855.0 1.3938532
1858.5 1.3891523
1862.0 1.3732284
1865.5 1.4081773
1869.0 1.4263014
1872.5 1.4269937
1876.0 1.3940862
1879.5 1.4060081
1883.0 1.4098545
1886.5 1.4264984
1890.0 1.4243942
1893.5 1.4550248
1897.0 1.4948914
1900.5 1.5056190
1904.0 1.4839517
1907.5 1.5269830
1911.0 1.5449053
1914.5 1.5410017
1918.0 1.5465392
1921.5 1.6066442
1925.0 1.6435457
1928.5 1.6325451
1932.0 1.6610752
1935.5 1.6208103
1939.0 1.6588534
1942.5 1.7131127
1946.0 1.8530955
1949.5 2.0171130
1953.0 2.2730126
1956.5 2.5332639
1960.0 2.6103425
1963.5 2.4740331
1967.0 2.1880753
1970.5 1.9438241
1974.0 1.7915288
1977.5 1.7151321
1981.0 1.6545817
1984.5 1.6073196
1988.0 1.5697321
1991.5 1.5336983
1995.0 1.5206759
1998.5 1.4877912
2002.0 1.4590918
2005.5 1.4266779
2009.0 1.4075319
2012.5 1.4012415
2016.0 1.3591824
2019.5 1.3598547
2023.0 1.3241659
2026.5 1.3136591
2030.0 1.3103439
2033.5 1.2545151
2037.0 1.2715353
2040.5 1.2689255
2044.0 1.2857491
2047.5 1.3191936
2051.0 1.3297251
2054.5 1.3324513
2058.0 1.3295698
2061.5 1.3370079
2065.0 1.3170034
2068.5 1.3185037
2072.0 1.3342164
2075.5 1.3127991
2079.0 1.3155237
2082.5 1.2902253
2086.0 1.2963231
2089.5 1.2634509
2093.0 1.2406158
2096.5 1.2168311
2100.0 1.2042848
2103.5 1.1739439
2107.0 1.1606309
2110.5 1.1274782
2114.0 1.1043528
2117.5 1.0985452
2121.0 1.1075994
2124.5 1.0918365
2128.0 1.1138314
2131.5 1.1183259
2135.0 1.1205266
2138.5 1.1190648
2142.0 1.1187023
2145.5 1.1395483
2149.0 1.1264303
2152.5 1.1473336
2156.0 1.1447417
2159.5 1.1389059
2163.0 1.1252145
2166.5 1.1353704
2170.0 1.1260760
2173.5 1.1487538
2177.0 1.1765391
2180.5 1.1783527
2184.0 1.2240988
2187.5 1.2326168
2191.0 1.2307169
2194.5 1.2125007
2198.0 1.2099903
2201.5 1.1641344
2205.0 1.1886334
2208.5 1.1756508
2212.0 1.1721542
2215.5 1.1855204
2219.0 1.2154535
2222.5 1.2153074
2226.0 1.2291790
2229.5 1.2355043
2233.0 1.2437435
2236.5 1.2302015
2240.0 1.2348253
2243.5 1.2151411
2247.0 1.2275357
2250.5 1.2110801
2254.0 1.1738621
2257.5 1.1730939
2261.0 1.1862416
2264.5 1.1537607
2268.0 1.1507672
2271.5 1.1504145
2275.0 1.1485178
2278.5 1.1655204
2282.0 1.1591690
2285.5 1.1383219
2289.0 1.1348964
2292.5 1.1565230
2296.0 1.1531291
2299.5 1.1440588
2303.0 1.1638000
2306.5 1.1297022
2310.0 1.1145474
2313.5 1.0984662
2317.0 1.0867467
2320.5 1.0774570
2324.0 1.0541574
2327.5 1.0489005
2331.0 1.0601766
2334.5 1.0685025
2338.0 1.0811338
2341.5 1.1137371
2345.0 1.0747545
2348.5 1.0587174
2352.0 1.0511092
2355.5 1.0450604
2359.0 1.0318584
2362.5 1.0552789
2366.0 1.0503881
2369.5 1.0567760
2373.0 1.0458755
2376.5 1.0480711
2380.0 1.0476249
2383.5 1.0705496
2387.0 1.0757790
2390.5 1.0929195
2394.0 1.1272857
2397.5 1.1720123
2401.0 1.1156174
2404.5 1.0721295
2408.0 1.0771828
2411.5 1.0595802
2415.0 1.0198958
2418.5 1.0302895
2422.0 1.0322272
2425.5 1.0025549
2429.0 0.99478185
2432.5 0.97172314
2436.0 0.95702595
2439.5 0.98174793
2443.0 0.97802198
2446.5 0.96323562
2450.0 0.98113608
2453.5 0.95560873
2457.0 0.93933100
2460.5 0.93802989
2464.0 0.92134881
2467.5 0.90520352
2471.0 0.88689572
2474.5 0.89718962
2478.0 0.89414811
2481.5 0.86746919
2485.0 0.87426168
2488.5 0.88749576
2492.0 0.89255017
2495.5 0.87485254
2499.0 0.89001322
2502.5 0.91130900
2506.0 0.89336091
2509.5 0.91193533
2513.0 0.88496411
2516.5 0.88622254
2520.0 0.87228537
2523.5 0.88270563
2527.0 0.88706768
2530.5 0.86881316
2534.0 0.89205694
2537.5 0.87622541
2541.0 0.86764860
2544.5 0.87445873
2548.0 0.85473478
2551.5 0.86330420
2555.0 0.85564649
2558.5 0.86053634
2562.0 0.86541617
2565.5 0.85303277
2569.0 0.84494251
2572.5 0.84180486
2576.0 0.83716303
2579.5 0.83132768
2583.0 0.83112723
2586.5 0.84197932
2590.0 0.83999568
2593.5 0.83844048
2597.0 0.82165194
2600.5 0.82402104
2604.0 0.85791487
2607.5 0.96618348
2611.0 1.0028486
2614.5 0.84683222
2618.0 0.81614327
2621.5 0.81530356
2625.0 0.80494994
2628.5 0.83316213
2632.0 0.80920666
2635.5 0.79080123
2639.0 0.79563117
2642.5 0.78599811
2646.0 0.77502227
2649.5 0.76628053
2653.0 0.75621754
2656.5 0.71458036
2660.0 0.72560656
2663.5 0.71145386
2667.0 0.74195421
2670.5 0.73960739
2674.0 0.73112774
2677.5 0.72330827
2681.0 0.71742922
2684.5 0.73522443
2688.0 0.71966994
2691.5 0.73116475
2695.0 0.74174672
2698.5 0.75343925
2702.0 0.78282523
2705.5 0.84197646
2709.0 0.87645400
2712.5 0.78714550
2716.0 0.73506361
2719.5 0.76085830
2723.0 0.76640439
2726.5 0.72591716
2730.0 0.70989430
2733.5 0.71044147
2737.0 0.69748098
2740.5 0.69287932
2744.0 0.67955160
2747.5 0.65942723
2751.0 0.63719875
2754.5 0.63233161
2758.0 0.65113521
2761.5 0.67011213
2765.0 0.67159063
2768.5 0.67864567
2772.0 0.69491464
2775.5 0.69503260
2779.0 0.69029534
2782.5 0.66687018
2786.0 0.66924101
2789.5 0.66532344
2793.0 0.63730997
2796.5 0.64502871
2800.0 0.62300748
2803.5 0.62264228
2807.0 0.61147374
2810.5 0.62439543
2814.0 0.63193887
2817.5 0.62004238
2821.0 0.60019386
2824.5 0.59917915
2828.0 0.59603256
2831.5 0.58865017
2835.0 0.60617673
2838.5 0.59307468
2842.0 0.60793954
2845.5 0.61965126
2849.0 0.65702182
2852.5 0.64650613
2856.0 0.64231950
2859.5 0.67029959
2863.0 0.67927867
2866.5 0.70255923
2870.0 0.74663746
2873.5 0.72436464
2877.0 0.68776065
2880.5 0.68392855
2884.0 0.65297616
2887.5 0.63628834
2891.0 0.62930620
2894.5 0.61842126
2898.0 0.59744710
2901.5 0.57413799
2905.0 0.56713772
2908.5 0.56947207
2912.0 0.58490038
2915.5 0.57988375
2919.0 0.57580048
2922.5 0.58815938
2926.0 0.56754351
2929.5 0.56006151
2933.0 0.57005668
2936.5 0.55669862
2940.0 0.55038959
2943.5 0.54921985
2947.0 0.54805386
2950.5 0.55024904
2954.0 0.55448300
2957.5 0.55163556
2961.0 0.54927236
2964.5 0.57965213
2968.0 0.57583880
2971.5 0.58428401
2975.0 0.57354927
2978.5 0.55942124
2982.0 0.55016243
2985.5 0.57450449
2989.0 0.57383227
2992.5 0.56942070
2996.0 0.59541559
2999.5 0.57929575
3003.0 0.59770775
3006.5 0.62990385
3010.0 0.61869723
3013.5 0.63103068
3017.0 0.64226317
3020.5 0.66820502
3024.0 0.71020937
3027.5 0.71768242
3031.0 0.75702655
3034.5 0.81898201
3038.0 0.84890622
3041.5 0.85210073
3045.0 0.79192901
3048.5 0.77741110
3052.0 0.76924878
3055.5 0.73156697
3059.0 0.69812548
3062.5 0.63904554
3066.0 0.62541360
3069.5 0.60023600
3073.0 0.58783549
3076.5 0.60245198
3080.0 0.58574492
3083.5 0.57550883
3087.0 0.57582420
3090.5 0.56210458
3094.0 0.55787945
3097.5 0.55471730
3101.0 0.52023268
3104.5 0.53778654
3108.0 0.53477985
3111.5 0.54815620
3115.0 0.53602576
3118.5 0.53343624
3122.0 0.55720592
3125.5 0.56500053
3129.0 0.58605510
3132.5 0.57730317
3136.0 0.57264316
3139.5 0.55090785
3143.0 0.58097422
3146.5 0.58200091
3150.0 0.58531690
3153.5 0.58085155
3157.0 0.60243702
3160.5 0.62780631
3164.0 0.62300557
3167.5 0.59718609
3171.0 0.58279926
3174.5 0.56841636
3178.0 0.57211030
3181.5 0.61393178
3185.0 0.59697235
3188.5 0.58941573
3192.0 0.61197436
3195.5 0.60655415
3199.0 0.56145799
3202.5 0.59144449
3206.0 0.61466032
3209.5 0.58794886
3213.0 0.57646084
3216.5 0.58528727
3220.0 0.56316876
3223.5 0.54979753
3227.0 0.55132818
3230.5 0.56862092
3234.0 0.58897209
3237.5 0.58833241
3241.0 0.57629681
3244.5 0.58317971
3248.0 0.56551915
3251.5 0.57463014
3255.0 0.55697376
3258.5 0.58587164
3262.0 0.55114073
3265.5 0.56874084
3269.0 0.54477733
3272.5 0.54958725
3276.0 0.55356491
3279.5 0.57149971
3283.0 0.52097869
3286.5 0.51958978
3290.0 0.48824862
3293.5 0.48182929
3297.0 0.47484058
3300.5 0.48619294
3304.0 0.48434603
3307.5 0.48264357
3311.0 0.47373483
3314.5 0.48066056
3318.0 0.48534563
3321.5 0.47490138
3325.0 0.45872581
3328.5 0.46256444
3332.0 0.46419787
3335.5 0.46152821
3339.0 0.46846485
3342.5 0.47416028
3346.0 0.48245057
3349.5 0.48036835
3353.0 0.47633234
3356.5 0.48534223
3360.0 0.49900246
3363.5 0.49905762
3367.0 0.50337166
3370.5 0.52193981
3374.0 0.55241048
3377.5 0.55469620
3381.0 0.59588343
3384.5 0.60106117
3388.0 0.62083256
3391.5 0.66686344
3395.0 0.69394875
3398.5 0.77598178
3402.0 0.84597659
3405.5 0.81881291
3409.0 0.76336956
3412.5 0.70852727
3416.0 0.66989756
3419.5 0.63626778
3423.0 0.59395343
3426.5 0.58305782
3430.0 0.57698518
3433.5 0.55661809
3437.0 0.52531636
3440.5 0.54071593
3444.0 0.52281630
3447.5 0.51454037
3451.0 0.50559807
3454.5 0.49174526
3458.0 0.48613814
3461.5 0.49853179
3465.0 0.49838808
3468.5 0.58780259
3472.0 0.64223725
3475.5 0.53657681
3479.0 0.47631806
3482.5 0.46348107
3486.0 0.45936453
3489.5 0.44784740
3493.0 0.47673717
3496.5 0.52057207
3500.0 0.63231426
3503.5 0.89039177
3507.0 0.88789117
3510.5 0.59677529
3514.0 0.50214326
3517.5 0.47184232
3521.0 0.45865831
3524.5 0.44762221
3528.0 0.43881050
3531.5 0.43888012
3535.0 0.43556029
3538.5 0.43596250
3542.0 0.43515578
3545.5 0.42784208
3549.0 0.42287546
3552.5 0.42266005
3556.0 0.40629670
3559.5 0.39774671
3563.0 0.41502234
3566.5 0.41109058
3570.0 0.41599593
3573.5 0.39903265
3577.0 0.40209553
3580.5 0.39629135
3584.0 0.40992630
3587.5 0.40253124
3591.0 0.39197564
3594.5 0.40077084
3598.0 0.39808297
3601.5 0.41001633
3605.0 0.41195044
3608.5 0.42825657
3612.0 0.43731281
3615.5 0.43095466
3619.0 0.41830340
3622.5 0.43650448
3626.0 0.41825241
3629.5 0.40769547
3633.0 0.40832353
3636.5 0.43116647
3640.0 0.42291465
3643.5 0.40046099
3647.0 0.40553099
3650.5 0.40907714
3654.0 0.41575962
3657.5 0.40883300
3661.0 0.41252887
3664.5 0.41072637
3668.0 0.41280460
3671.5 0.39756143
3675.0 0.40411845
3678.5 0.41705203
3682.0 0.39683002
3685.5 0.40786090
3689.0 0.40932581
3692.5 0.40614396
3696.0 0.40654546
3699.5 0.40929523
3703.0 0.40644491
3706.5 0.42188784
3710.0 0.40256688
3713.5 0.39392540
3717.0 0.43057486
3720.5 0.40174609
3724.0 0.42024863
3727.5 0.40944964
3731.0 0.39708108
3734.5 0.39128515
3738.0 0.38666704
3741.5 0.39807406
3745.0 0.37709600
3748.5 0.38025966
3752.0 0.38396063
3755.5 0.37963134
3759.0 0.36164382
3762.5 0.36810750
3766.0 0.37681445
3769.5 0.37584674
3773.0 0.36425200
3776.5 0.36542475
3780.0 0.36218509
3783.5 0.35501161
3787.0 0.36193132
3790.5 0.36912182
3794.0 0.36646798
3797.5 0.35735700
3801.0 0.35199952
3804.5 0.34658793
3808.0 0.35844630
3811.5 0.34544346
3815.0 0.36861911
3818.5 0.34729281
3822.0 0.34871227
3825.5 0.34317198
3829.0 0.34260774
3832.5 0.34204492
3836.0 0.34148350
3839.5 0.34913844
3843.0 0.35049474
3846.5 0.35838783
3850.0 0.34948125
3853.5 0.35036194
3857.0 0.33814493
3860.5 0.33759332
3864.0 0.34704509
3867.5 0.35714939
3871.0 0.35095274
3874.5 0.34223372
3878.0 0.35553962
3881.5 0.36107436
3885.0 0.34280798
3888.5 0.34653574
3892.0 0.33269161
3895.5 0.33215377
3899.0 0.33868599
3902.5 0.33295819
3906.0 0.36383927
3909.5 0.34719837
3913.0 0.33758864
3916.5 0.37675530
3920.0 0.37159726
3923.5 0.35467514
3927.0 0.34805810
3930.5 0.33216015
3934.0 0.33157513
3937.5 0.32580328
3941.0 0.33633590
3944.5 0.32476315
3948.0 0.32621655
3951.5 0.32372820
3955.0 0.32624066
3958.5 0.32269821
3962.0 0.32436991
3965.5 0.32305896
3969.0 0.32116279
3972.5 0.33222410
3976.0 0.32719141
3979.5 0.31963885
3983.0 0.31913328
3986.5 0.31862903
3990.0 0.31812596
3993.5 0.31762409
3997.0 0.31712353
4000.5 0.31662413
4004.0 0.32303375
4007.5 0.31562898
4011.0 0.31604800
4014.5 0.31463867
4018.0 0.31595927
4021.5 0.31375858
4025.0 0.31316212
4028.5 0.31610480
4032.0 0.32041860
4035.5 0.32185435
4039.0 0.31876352
4042.5 0.31813005
4046.0 0.31712371
4049.5 0.31266075
4053.0 0.31514975
4056.5 0.31300184
4060.0 0.31231114
4063.5 0.31917670
4067.0 0.33306846
4070.5 0.31664091
4074.0 0.32753322
4077.5 0.32111365
4081.0 0.33095282
4084.5 0.32310936
4088.0 0.33350384
4091.5 0.32809350
4095.0 0.32950071
4098.5 0.33899441
4102.0 0.33068743
4105.5 0.33691770
4109.0 0.34794202
4112.5 0.37452632
4116.0 0.36586609
4119.5 0.35871485
4123.0 0.36057374
4126.5 0.32870874
4130.0 0.32312012
4133.5 0.33808225
4137.0 0.33201957
4140.5 0.32038403
4144.0 0.32204473
4147.5 0.32373834
4151.0 0.32408446
4154.5 0.31830150
4158.0 0.32450667
4161.5 0.33110061
4165.0 0.31065625
4168.5 0.31390181
4172.0 0.31167069
4175.5 0.32159621
4179.0 0.30332422
4182.5 0.30650932
4186.0 0.30560967
4189.5 0.30445024
4193.0 0.30657429
4196.5 0.30590212
4200.0 0.30509108
4203.5 0.30779234
4207.0 0.30275527
4210.5 0.30017322
4214.0 0.29484847
4217.5 0.29455030
4221.0 0.28969255
4224.5 0.29526398
4228.0 0.29584679
4231.5 0.29919755
4235.0 0.30156550
4238.5 0.29002267
4242.0 0.29620147
4245.5 0.30504161
4249.0 0.30143031
4252.5 0.30438098
4256.0 0.30987883
4259.5 0.30474916
4263.0 0.30695546
4266.5 0.30083567
4270.0 0.31590238
4273.5 0.29042098
4277.0 0.28071782
4280.5 0.28492701
4284.0 0.28107595
4287.5 0.28255144
4291.0 0.28290120
4294.5 0.28841412
4298.0 0.29370311
4301.5 0.28032446
4305.0 0.28816220
4308.5 0.29591271
4312.0 0.28496784
4315.5 0.28017178
4319.0 0.27582026
4322.5 0.27541819
4326.0 0.27654383
4329.5 0.29282576
4333.0 0.27895156
4336.5 0.28055552
4340.0 0.27342132
4343.5 0.27406752
4347.0 0.27379194
4350.5 0.27820393
4354.0 0.27535692
4357.5 0.28159592
4361.0 0.28250021
4364.5 0.27604872
4368.0 0.27411103
4371.5 0.27366132
4375.0 0.28151453
4378.5 0.27971742
4382.0 0.27377480
4385.5 0.27174962
4389.0 0.26961920
4392.5 0.26828155
4396.0 0.27046657
4399.5 0.27279267
4403.0 0.28176650
4406.5 0.28560039
4410.0 0.29096475
4413.5 0.30017507
4417.0 0.28813574
4420.5 0.27398011
4424.0 0.27483913
4427.5 0.27196556
4431.0 0.26769015
4434.5 0.27183095
4438.0 0.27988395
4441.5 0.28279302
4445.0 0.27395806
4448.5 0.27605855
4452.0 0.28015330
4455.5 0.28517732
4459.0 0.28946778
4462.5 0.27517083
4466.0 0.27786154
4469.5 0.28298342
4473.0 0.28379437
4476.5 0.27772689
4480.0 0.27719975
4483.5 0.28128129
4487.0 0.28098947
4490.5 0.27789342
4494.0 0.28468361
4497.5 0.28173456
4501.0 0.28567734
4504.5 0.29247940
4508.0 0.28835905
4511.5 0.29671782
4515.0 0.29192913
4518.5 0.31171638
4522.0 0.31398234
4525.5 0.32216096
4529.0 0.33118585
4532.5 0.32980019
4536.0 0.33649391
4539.5 0.35532275
4543.0 0.35724649
4546.5 0.37276015
4550.0 0.38992637
4553.5 0.41380045
4557.0 0.44144538
4560.5 0.47480777
4564.0 0.52077675
4567.5 0.57819813
4571.0 0.64847690
4574.5 0.73127908
4578.0 0.85726035
4581.5 1.0070829
4585.0 1.1957757
4588.5 1.3860137
4592.0 1.6301401
4595.5 1.6750275
4599.0 1.4322405
4602.5 1.1918998
4606.0 1.0842278
4609.5 1.0210540
4613.0 0.88408858
4616.5 0.74572849
4620.0 0.67172247
4623.5 0.61261314
4627.0 0.55857652
4630.5 0.51739281
4634.0 0.49217984
4637.5 0.46075457
4641.0 0.42892906
4644.5 0.40248358
4648.0 0.37592596
4651.5 0.35321763
4655.0 0.34600428
4658.5 0.33884689
4662.0 0.32176155
4665.5 0.31963825
4669.0 0.31359655
4672.5 0.31390601
4676.0 0.31938899
4679.5 0.31844729
4683.0 0.31177035
4686.5 0.30161524
4690.0 0.31663105
4693.5 0.32471892
4697.0 0.33128315
4700.5 0.36476624
4704.0 0.36282435
4707.5 0.33819416
4711.0 0.34154809
4714.5 0.34562120
4718.0 0.33564043
4721.5 0.30970991
4725.0 0.28447407
4728.5 0.28163922
4732.0 0.27446559
4735.5 0.26609731
4739.0 0.26439354
4742.5 0.25698474
4746.0 0.24562874
4749.5 0.24422866
4753.0 0.24539131
4756.5 0.24492472
4760.0 0.23347394
4763.5 0.23125570
4767.0 0.23095155
4770.5 0.23831122
4774.0 0.24765703
4777.5 0.23781246
4781.0 0.23431918
4784.5 0.23359834
4788.0 0.22913617
4791.5 0.22883593
4795.0 0.22853631
4798.5 0.24392869
4802.0 0.23460066
4805.5 0.23623867
4809.0 0.22734405
4812.5 0.22704752
4816.0 0.23114550
4819.5 0.23851411
4823.0 0.23661457
4826.5 0.23100831
4830.0 0.23329845
4833.5 0.23346822
4837.0 0.23169339
4840.5 0.22469766
4844.0 0.22440664
4847.5 0.22411625
4851.0 0.22589973
4854.5 0.22353731
4858.0 0.22324872
4861.5 0.22296077
4865.0 0.22819403
4868.5 0.22238658
4872.0 0.22210038
4875.5 0.22181480
4879.0 0.22482981
4882.5 0.22124533
4886.0 0.22096151
4889.5 0.22067827
4893.0 0.22039559
4896.5 0.22630928
4900.0 0.22115219
4903.5 0.23330523
4907.0 0.22093019
4910.5 0.22088829
4914.0 0.21871188
4917.5 0.21843328
4921.0 0.23398702
4924.5 0.24274264
4928.0 0.23427950
4931.5 0.25165862
4935.0 0.23265375
4938.5 0.26174545
4942.0 0.24635352
4945.5 0.22759973
4949.0 0.25326306
4952.5 0.23589312
4956.0 0.23002331
4959.5 0.23190676
4963.0 0.22454253
4966.5 0.22133526
4970.0 0.21432231
4973.5 0.21405269
4977.0 0.21709180
4980.5 0.22519505
4984.0 0.21324722
4987.5 0.21297987
4991.0 0.21271302
4994.5 0.21244672
4998.0 0.23361181
5001.5 0.21696581
5005.0 0.21165106
5008.5 0.21138696
5012.0 0.21491846
5015.5 0.21343191
5019.0 0.21059772
5022.5 0.21033581
5026.0 0.21626942
5029.5 0.22294179
5033.0 0.23525329
5036.5 0.20929314
5040.0 0.23151308
5043.5 0.20937826
5047.0 0.21920384
5050.5 0.20825893
5054.0 0.22231825
5057.5 0.21643840
5061.0 0.21596242
5064.5 0.22021459
5068.0 0.23044431
5071.5 0.21950416
5075.0 0.20646925
5078.5 0.22034365
5082.0 0.24389590
5085.5 0.20570996
5089.0 0.20545790
5092.5 0.20579617
5096.0 0.20495526
5099.5 0.20470473
5103.0 0.20445468
5106.5 0.22443414
5110.0 0.21858622
5113.5 0.20370759
5117.0 0.20345958
5120.5 0.21433339
5124.0 0.22932364
5127.5 0.20271847
5131.0 0.20438103
5134.5 0.24977197
5138.0 0.21475787
5141.5 0.21286595
5145.0 0.20149325
5148.5 0.22891884
5152.0 0.24461603
5155.5 0.23362829
5159.0 0.25692514
5162.5 0.25148362
5166.0 0.26498663
5169.5 0.23027739
5173.0 0.23889594
5176.5 0.29416305
5180.0 0.26378644
5183.5 0.25309980
5187.0 0.22904770
5190.5 0.22129951
5194.0 0.27349821
5197.5 0.26082844
5201.0 0.25228530
5204.5 0.23494069
5208.0 0.21017611
5211.5 0.23747770
5215.0 0.19671372
5218.5 0.19647971
5222.0 0.19624618
5225.5 0.19601317
5229.0 0.19578062
5232.5 0.19554846
5236.0 0.19531687
5239.5 0.19508563
5243.0 0.19485490
5246.5 0.19462463
5250.0 0.19439484
5253.5 0.19416550
5257.0 0.19393659
5260.5 0.19370817
5264.0 0.19348021
5267.5 0.19325270
5271.0 0.19302562
5274.5 0.19279902
5278.0 0.19257283
5281.5 0.19234712
5285.0 0.19212188
5288.5 0.19189705
5292.0 0.19167271
5295.5 0.19144879
5299.0 0.19122529
5302.5 0.19100225
5306.0 0.19077967
5309.5 0.19055755
5313.0 0.19033581
5316.5 0.19011454
5320.0 0.18989377
5323.5 0.18967338
5327.0 0.18945344
5330.5 0.18923393
5334.0 0.18901484
5337.5 0.18879621
5341.0 0.18857801
5344.5 0.18836029
5348.0 0.18814297
5351.5 0.18792601
5355.0 0.18770954
5358.5 0.18749352
5362.0 0.18727788
5365.5 0.18706270
5369.0 0.18684794
5372.5 0.18663362
5376.0 0.18641970
5379.5 0.18620624
5383.0 0.18599318
5386.5 0.18578056
5390.0 0.18556829
5393.5 0.18535650
5397.0 0.18514515
5400.5 0.18493418
5404.0 0.18472366
5407.5 0.18451352
5411.0 0.18430378
5414.5 0.18409450
5418.0 0.18388568
5421.5 0.18367717
5425.0 0.18346910
5428.5 0.18326151
5432.0 0.18305425
5435.5 0.18284740
5439.0 0.18264100
5442.5 0.18243507
5446.0 0.18222943
5449.5 0.18202424
5453.0 0.18181945
5456.5 0.18161511
5460.0 0.18141115
5463.5 0.18120752
5467.0 0.18100438
5470.5 0.18080164
5474.0 0.18059926
5477.5 0.18039727
5481.0 0.18019573
5484.5 0.17999452
5488.0 0.17979380
5491.5 0.17959343
5495.0 0.17939343
5498.5 0.17919387
5502.0 0.17899467
5505.5 0.17879592
5509.0 0.17859749
5512.5 0.17839950
5516.0 0.17820187
5519.5 0.17800462
5523.0 0.17780782
5526.5 0.17761137
5530.0 0.17741528
5533.5 0.17721961
5537.0 0.17702432
5540.5 0.17682943
5544.0 0.17663492
5547.5 0.17644076
5551.0 0.17624700
5554.5 0.17605369
5558.0 0.17586067
5561.5 0.17566808
5565.0 0.17547582
5568.5 0.17528397
5572.0 0.17509252
5575.5 0.17490143
5579.0 0.17471074
5582.5 0.17452042
5586.0 0.17433044
5589.5 0.17414084
5593.0 0.17395166
5596.5 0.17376281
5600.0 0.17357433
5603.5 0.17338626
5607.0 0.17319854
5610.5 0.17301118
5614.0 0.17282423
5617.5 0.17263763
5621.0 0.17245135
5624.5 0.17226548
5628.0 0.17207995
5631.5 0.17189486
5635.0 0.17171006
5638.5 0.17152566
5642.0 0.17134160
5645.5 0.17115790
5649.0 0.17097460
5652.5 0.17079164
5656.0 0.17060904
5659.5 0.17042680
5663.0 0.17024493
5666.5 0.17006345
5670.0 0.16988224
5673.5 0.16970144
5677.0 0.16952100
5680.5 0.16934092
5684.0 0.16916120
5687.5 0.16898184
5691.0 0.16880278
5694.5 0.16862410
5698.0 0.16844580
5701.5 0.16826783
5705.0 0.16809019
5708.5 0.16791295
5712.0 0.16773605
5715.5 0.16755952
5719.0 0.16738325
5722.5 0.16720743
5726.0 0.16703188
5729.5 0.16685672
5733.0 0.16668189
5736.5 0.16650742
5740.0 0.16633330
5743.5 0.16615948
5747.0 0.16598606
5750.5 0.16581295
5754.0 0.16564016
5757.5 0.16546778
5761.0 0.16529574
5764.5 0.16512398
5768.0 0.16495256
5771.5 0.16478154
5775.0 0.16461083
5778.5 0.16444045
5782.0 0.16427039
5785.5 0.16410066
5789.0 0.16393133
5792.5 0.16376229
5796.0 0.16359356
5799.5 0.16342521
5803.0 0.16325720
5806.5 0.16308947
5810.0 0.16292211
5813.5 0.16275512
5817.0 0.16258842
5820.5 0.16242202
5824.0 0.16225600
5827.5 0.16209029
5831.0 0.16192487
5834.5 0.16175985
5838.0 0.16159512
5841.5 0.16143070
5845.0 0.16126665
5848.5 0.16110289
5852.0 0.16093948
5855.5 0.16077636
5859.0 0.16061358
5862.5 0.16045113
5866.0 0.16028902
5869.5 0.16012721
5873.0 0.15996574
5876.5 0.15980458
5880.0 0.15964372
5883.5 0.15948321
5887.0 0.15932302
5890.5 0.15916313
5894.0 0.15900356
5897.5 0.15884432
5901.0 0.15868542
5904.5 0.15852676
5908.0 0.15836847
5911.5 0.15821049
5915.0 0.15805286
5918.5 0.15789549
5922.0 0.15773845
5925.5 0.15758170
5929.0 0.15742531
5932.5 0.15726919
5936.0 0.15711342
5939.5 0.15695795
5943.0 0.15680280
5946.5 0.15664789
5950.0 0.15649338
5953.5 0.15633912
5957.0 0.15618517
5960.5 0.15603158
5964.0 0.15587826
5967.5 0.15572524
5971.0 0.15557255
5974.5 0.15542015
5978.0 0.15526804
5981.5 0.15511629
5985.0 0.15496479
5988.5 0.15481362
5992.0 0.15466273
5995.5 0.15451215
5999.0 0.15436187
