300.0 0.0
300.0 0.0000000
303.0 0.0000000
306.0 0.0000000
309.0 0.0000000
312.0 0.0000000
315.0 0.0000000
318.0 0.0000000
321.0 0.0000000
324.0 0.0000000
327.0 0.0000000
330.0 0.0000000
333.0 0.0000000
336.0 0.0000000
339.0 0.0000000
342.0 0.0000000
345.0 0.0000000
348.0 0.0000000
351.0 0.0000000
354.0 0.0000000
357.0 0.0000000
360.0 0.0000000
363.0 0.0000000
366.0 0.0000000
369.0 0.0000000
372.0 0.0000000
375.0 0.0000000
378.0 0.0000000
381.0 0.0000000
384.0 0.0000000
387.0 0.0000000
390.0 0.0000000
393.0 0.0000000
396.0 0.0000000
399.0 0.0000000
402.0 0.0000000
405.0 0.0000000
408.0 0.0000000
411.0 0.0000000
414.0 0.0000000
417.0 0.0000000
420.0 0.0000000
423.0 0.0000000
426.0 0.0000000
429.0 0.0000000
432.0 0.0000000
435.0 0.0000000
438.0 0.0000000
441.0 0.0000000
444.0 0.0000000
447.0 0.0000000
450.0 0.0000000
453.0 0.0000000
456.0 0.0000000
459.0 0.0000000
462.0 0.0000000
465.0 0.0000000
468.0 0.0000000
471.0 0.0000000
474.0 0.0000000
477.0 0.0000000
480.0 0.0000000
483.0 0.0000000
486.0 0.0000000
489.0 0.0000000
492.0 0.0000000
495.0 0.0000000
498.0 0.0000000
501.0 0.0000000
504.0 0.0000000
507.0 0.0000000
510.0 0.0000000
513.0 0.0000000
516.0 0.0000000
519.0 0.0000000
522.0 0.0000000
525.0 0.0000000
528.0 0.0000000
531.0 0.0000000
534.0 0.0000000
537.0 0.0000000
540.0 0.0000000
543.0 0.0000000
546.0 0.0000000
549.0 0.19191325
552.0 0.18665579
555.0 0.18143375
558.0 0.17625274
561.0 0.17110327
564.0 0.16597877
567.0 0.16087562
570.0 0.15581223
573.0 0.15080455
576.0 0.14587119
579.0 0.14101021
582.0 0.13621362
585.0 0.20491794
588.0 0.19959724
591.0 0.19430327
594.0 0.18903928
597.0 0.18380776
600.0 0.19591257
603.0 0.19940525
606.0 0.19347608
609.0 0.20217222
612.0 0.21565676
615.0 0.23366262
618.0 0.53899789
621.0 0.55149961
624.0 0.46993467
627.0 0.39410210
630.0 0.37229967
633.0 0.36474237
636.0 0.36823151
639.0 0.37675545
642.0 0.36964893
645.0 0.33621415
648.0 0.34179261
651.0 0.30798244
654.0 0.28235346
657.0 0.26320845
660.0 0.25570568
663.0 0.26177728
666.0 0.25324690
669.0 0.26065144
672.0 0.27087876
675.0 0.26580885
678.0 0.23924872
681.0 0.23390102
684.0 0.21544938
687.0 0.21947338
690.0 0.21923093
693.0 0.21289237
696.0 0.21290161
699.0 0.22044919
702.0 0.23002294
705.0 0.24893753
708.0 0.25961772
711.0 0.27386865
714.0 0.29412934
717.0 0.32678738
720.0 0.37324730
723.0 0.44843411
726.0 0.55893308
729.0 0.76251966
732.0 2.6535940
735.0 2.1487586
738.0 2.0064936
741.0 2.0079484
744.0 1.8831085
747.0 1.5092299
750.0 1.3045278
753.0 1.2281741
756.0 1.1766088
759.0 1.1013954
762.0 1.0067803
765.0 0.94423676
768.0 0.92341822
771.0 0.92681599
774.0 0.94277346
777.0 0.95010829
780.0 1.0229529
783.0 1.0400103
786.0 0.99626231
789.0 0.90871167
792.0 0.91545743
795.0 0.90800548
798.0 0.93062121
801.0 0.94749093
804.0 0.93675876
807.0 0.90387690
810.0 0.89265352
813.0 0.92181110
816.0 0.91688389
819.0 0.93297946
822.0 0.92170572
825.0 0.94404840
828.0 0.99885255
831.0 1.0557638
834.0 1.1342303
837.0 1.1561252
840.0 1.1735158
843.0 1.0680325
846.0 0.99803144
849.0 0.94614917
852.0 0.92395961
855.0 0.92056412
858.0 0.87966484
861.0 0.86920327
864.0 0.86468565
867.0 0.85891616
870.0 0.87498224
873.0 0.86722428
876.0 0.84937954
879.0 0.87548816
882.0 0.86097103
885.0 0.87501210
888.0 0.89655393
891.0 0.91040957
894.0 0.93318468
897.0 0.93243140
900.0 0.96261054
903.0 0.98454851
906.0 1.0091183
909.0 1.0478930
912.0 1.1266648
915.0 1.2320026
918.0 1.3528681
921.0 1.5063481
924.0 1.6969967
927.0 1.8102670
930.0 1.6439227
933.0 1.3952121
936.0 1.2062056
939.0 1.1075842
942.0 1.0580977
945.0 1.0298194
948.0 0.98142165
951.0 0.97820240
954.0 0.94901854
957.0 0.96789658
960.0 0.97065365
963.0 0.96738809
966.0 0.97806185
969.0 0.96592414
972.0 0.98056817
975.0 0.99420804
978.0 0.99583894
981.0 1.0172455
984.0 0.97795784
987.0 0.97128236
990.0 0.95863581
993.0 0.97430170
996.0 0.97865176
999.0 0.96467716
1002.0 0.91584456
1005.0 0.88628381
1008.0 0.87383348
1011.0 0.85774666
1014.0 0.85917646
1017.0 0.85688680
1020.0 0.85528243
1023.0 0.86879289
1026.0 0.86609447
1029.0 0.88001543
1032.0 0.88412946
1035.0 0.88254905
1038.0 0.87243909
1041.0 0.88351369
1044.0 0.88749695
1047.0 0.91156918
1050.0 0.89696193
1053.0 0.88257444
1056.0 0.84381217
1059.0 0.85657769
1062.0 0.86060184
1065.0 0.84928399
1068.0 0.87814254
1071.0 0.88664085
1074.0 0.86348969
1077.0 0.84894240
1080.0 0.85023755
1083.0 0.85041994
1086.0 0.85021269
1089.0 0.86121672
1092.0 0.84635210
1095.0 0.84386736
1098.0 0.85485554
1101.0 0.85408813
1104.0 0.87544775
1107.0 0.87188911
1110.0 0.92848855
1113.0 0.92553777
1116.0 0.93520337
1119.0 0.92129254
1122.0 0.92355496
1125.0 0.93230504
1128.0 0.97404253
1131.0 1.0483506
1134.0 1.1159186
1137.0 1.1710653
1140.0 1.1923475
1143.0 1.2553372
1146.0 1.2009192
1149.0 1.0983666
1152.0 1.0049689
1155.0 0.94302040
1158.0 0.91416860
1161.0 0.88478166
1164.0 0.85716069
1167.0 0.83602470
1170.0 0.83014369
1173.0 0.79925334
1176.0 0.78701460
1179.0 0.78112090
1182.0 0.78902185
1185.0 0.79267716
1188.0 0.77470708
1191.0 0.77817434
1194.0 0.78257871
1197.0 0.78940588
1200.0 0.77013195
1203.0 0.77881235
1206.0 0.79727572
1209.0 0.75440121
1212.0 0.77464479
1215.0 0.77990061
1218.0 0.77473050
1221.0 0.78163183
1224.0 0.76953709
1227.0 0.75962925
1230.0 0.78102010
1233.0 0.81290859
1236.0 0.79711366
1239.0 0.81745094
1242.0 0.81088877
1245.0 0.81338006
1248.0 0.80911183
1251.0 0.81983244
1254.0 0.81779355
1257.0 0.81604797
1260.0 0.79032797
1263.0 0.77784526
1266.0 0.78827971
1269.0 0.79984891
1272.0 0.76636952
1275.0 0.80372572
1278.0 0.77611363
1281.0 0.79499853
1284.0 0.78807163
1287.0 0.80444127
1290.0 0.76676756
1293.0 0.77842736
1296.0 0.77799642
1299.0 0.79189837
1302.0 0.75299996
1305.0 0.76211393
1308.0 0.77690595
1311.0 0.74266142
1314.0 0.75674838
1317.0 0.73414034
1320.0 0.71394783
1323.0 0.71331030
1326.0 0.71267003
1329.0 0.71744996
1332.0 0.72190070
1335.0 0.72306240
1338.0 0.71305126
1341.0 0.70942467
1344.0 0.70876706
1347.0 0.70810729
1350.0 0.71701133
1353.0 0.71578848
1356.0 0.72628361
1359.0 0.73061109
1362.0 0.73026597
1365.0 0.73551917
1368.0 0.74223101
1371.0 0.75558847
1374.0 0.77245110
1377.0 0.76635784
1380.0 0.78651500
1383.0 0.79544312
1386.0 0.80202043
1389.0 0.80635977
1392.0 0.81198233
1395.0 0.82206476
1398.0 0.82611573
1401.0 0.81483442
1404.0 0.80752319
1407.0 0.78932017
1410.0 0.78720975
1413.0 0.77187717
1416.0 0.78299630
1419.0 0.77322066
1422.0 0.76808387
1425.0 0.77005672
1428.0 0.76514089
1431.0 0.76677358
1434.0 0.76828998
1437.0 0.77692848
1440.0 0.79494178
1443.0 0.78258336
1446.0 0.81053454
1449.0 0.83034110
1452.0 0.85471833
1455.0 0.85195941
1458.0 0.82754755
1461.0 0.82317585
1464.0 0.82556438
1467.0 0.80658168
1470.0 0.79133636
1473.0 0.78663170
1476.0 0.78334367
1479.0 0.79811877
1482.0 0.81413436
1485.0 0.81713116
1488.0 0.81161880
1491.0 0.81346315
1494.0 0.80815077
1497.0 0.81204218
1500.0 0.80358720
1503.0 0.80005896
1506.0 0.80080462
1509.0 0.79693580
1512.0 0.78670466
1515.0 0.77517706
1518.0 0.78225803
1521.0 0.78469813
1524.0 0.78489363
1527.0 0.77715969
1530.0 0.77098203
1533.0 0.76882291
1536.0 0.76486558
1539.0 0.76177001
1542.0 0.75512010
1545.0 0.74482012
1548.0 0.74847400
1551.0 0.74842560
1554.0 0.74003834
1557.0 0.72057366
1560.0 0.73898977
1563.0 0.74216408
1566.0 0.73755473
1569.0 0.73742986
1572.0 0.74366975
1575.0 0.72983229
1578.0 0.72998786
1581.0 0.71564311
1584.0 0.70434499
1587.0 0.67673111
1590.0 0.67352581
1593.0 0.67231196
1596.0 0.66564834
1599.0 0.68365645
1602.0 0.69353390
1605.0 0.69494700
1608.0 0.67996937
1611.0 0.68683916
1614.0 0.68977392
1617.0 0.69898206
1620.0 0.69901168
1623.0 0.71512514
1626.0 0.73582667
1629.0 0.74221998
1632.0 0.73263341
1635.0 0.75500184
1638.0 0.76499712
1641.0 0.76419210
1644.0 0.76806813
1647.0 0.79908901
1650.0 0.81863683
1653.0 0.81434143
1656.0 0.82977402
1659.0 0.81082904
1662.0 0.83105439
1665.0 0.85946679
1668.0 0.93102324
1671.0 1.0148696
1674.0 1.1452401
1677.0 1.2781670
1680.0 1.3189082
1683.0 1.2517862
1686.0 1.1086446
1689.0 0.98625743
1692.0 0.91024375
1695.0 0.87262952
1698.0 0.84297895
1701.0 0.82002062
1704.0 0.80193627
1707.0 0.78459120
1710.0 0.77898222
1713.0 0.76316363
1716.0 0.74944758
1719.0 0.73377925
1722.0 0.72489631
1725.0 0.72261500
1728.0 0.70185262
1731.0 0.70312524
1734.0 0.68557096
1737.0 0.68102062
1740.0 0.68018770
1743.0 0.65205312
1746.0 0.66175461
1749.0 0.66124719
1752.0 0.67087477
1755.0 0.68920606
1758.0 0.69559354
1761.0 0.69790494
1764.0 0.69727671
1767.0 0.70206189
1770.0 0.69242615
1773.0 0.69408286
1776.0 0.70323008
1779.0 0.69280154
1782.0 0.69509882
1785.0 0.68257266
1788.0 0.68664122
1791.0 0.67004889
1794.0 0.65874177
1797.0 0.64689857
1800.0 0.64100420
1803.0 0.62560910
1806.0 0.61925811
1809.0 0.60229087
1812.0 0.59064192
1815.0 0.58823496
1818.0 0.59378606
1821.0 0.58602744
1824.0 0.59853715
1827.0 0.60165727
1830.0 0.60354578
1833.0 0.60346115
1836.0 0.60396582
1839.0 0.61593181
1842.0 0.60954386
1845.0 0.62156826
1848.0 0.62087387
1851.0 0.61841381
1854.0 0.61167377
1857.0 0.61789405
1860.0 0.61352730
1863.0 0.62658727
1866.0 0.64246225
1869.0 0.64417148
1872.0 0.66992491
1875.0 0.67533487
1878.0 0.67503965
1881.0 0.66578096
1884.0 0.66513252
1887.0 0.64062613
1890.0 0.65482152
1893.0 0.64837319
1896.0 0.64714521
1899.0 0.65523130
1902.0 0.67249769
1905.0 0.67313796
1908.0 0.68154860
1911.0 0.68578565
1914.0 0.69109172
1917.0 0.68429047
1920.0 0.68758649
1923.0 0.67733705
1926.0 0.68496239
1929.0 0.67648578
1932.0 0.65637845
1935.0 0.65662915
1938.0 0.66467494
1941.0 0.64714110
1944.0 0.64612412
1947.0 0.64658737
1950.0 0.64617968
1953.0 0.65641230
1956.0 0.65349633
1959.0 0.64239138
1962.0 0.64110297
1965.0 0.65397543
1968.0 0.65270805
1971.0 0.64821923
1974.0 0.66005945
1977.0 0.64135516
1980.0 0.63337547
1983.0 0.62485057
1986.0 0.61879069
1989.0 0.61410058
1992.0 0.60140622
1995.0 0.59898818
1998.0 0.60601306
2001.0 0.61136162
2004.0 0.61918390
2007.0 0.63846731
2010.0 0.61670882
2013.0 0.60808474
2016.0 0.60428828
2019.0 0.60137898
2022.0 0.59434235
2025.0 0.60840333
2028.0 0.60615146
2031.0 0.61040765
2034.0 0.60467362
2037.0 0.60650551
2040.0 0.60680842
2043.0 0.62065881
2046.0 0.62426454
2049.0 0.63479215
2052.0 0.65535086
2055.0 0.68197358
2058.0 0.64974797
2061.0 0.62498528
2064.0 0.62849754
2067.0 0.61878347
2070.0 0.59614253
2073.0 0.60275614
2076.0 0.60442781
2079.0 0.58757424
2082.0 0.58353508
2085.0 0.57051218
2088.0 0.56237817
2091.0 0.57741135
2094.0 0.57572311
2097.0 0.56751376
2100.0 0.57856303
2103.0 0.56399822
2106.0 0.55486977
2109.0 0.55457866
2112.0 0.54518420
2115.0 0.53608942
2118.0 0.52569520
2121.0 0.53224951
2124.0 0.53089523
2127.0 0.51549065
2130.0 0.51996517
2133.0 0.52827966
2136.0 0.53173363
2139.0 0.52162552
2142.0 0.53110713
2145.0 0.54426712
2148.0 0.53398973
2151.0 0.54554248
2154.0 0.52984339
2157.0 0.53103191
2160.0 0.52310872
2163.0 0.52978951
2166.0 0.53284043
2169.0 0.52229857
2172.0 0.53670561
2175.0 0.52760535
2178.0 0.52286136
2181.0 0.52738726
2184.0 0.51590389
2187.0 0.52149141
2190.0 0.51727587
2193.0 0.52064425
2196.0 0.52401006
2199.0 0.51691872
2202.0 0.51241779
2205.0 0.51091444
2208.0 0.50849426
2211.0 0.50534236
2214.0 0.50561279
2217.0 0.51261073
2220.0 0.51179743
2223.0 0.51124287
2226.0 0.50139034
2229.0 0.50322032
2232.0 0.52431875
2235.0 0.59093648
2238.0 0.61382663
2241.0 0.51872355
2244.0 0.50030160
2247.0 0.50016272
2250.0 0.49418098
2253.0 0.51188380
2256.0 0.49753624
2259.0 0.48658097
2262.0 0.48991549
2265.0 0.48434141
2268.0 0.47792989
2271.0 0.47288638
2274.0 0.46701780
2277.0 0.44162643
2280.0 0.44876763
2283.0 0.44033387
2286.0 0.45954394
2289.0 0.45842147
2292.0 0.45349169
2295.0 0.44896400
2298.0 0.44563341
2301.0 0.45701331
2304.0 0.44766337
2307.0 0.45513627
2310.0 0.46205047
2313.0 0.46966553
2316.0 0.48832735
2319.0 0.52559489
2322.0 0.54750031
2325.0 0.49205470
2328.0 0.45981756
2331.0 0.47628379
2334.0 0.48008811
2337.0 0.45504013
2340.0 0.44530293
2343.0 0.44595194
2346.0 0.43811646
2349.0 0.43552321
2352.0 0.42743674
2355.0 0.41506061
2358.0 0.40134096
2361.0 0.39854464
2364.0 0.41067269
2367.0 0.42292550
2370.0 0.42414257
2373.0 0.42888483
2376.0 0.43945879
2379.0 0.43982559
2382.0 0.43711737
2385.0 0.42256281
2388.0 0.42434487
2391.0 0.42213836
2394.0 0.40462929
2397.0 0.40979767
2400.0 0.39606556
2403.0 0.39609092
2406.0 0.38923842
2409.0 0.39772081
2412.0 0.40278563
2415.0 0.39545736
2418.0 0.38304374
2421.0 0.38264105
2424.0 0.38087466
2427.0 0.37639657
2430.0 0.38784975
2433.0 0.37970704
2436.0 0.38946980
2439.0 0.39722261
2442.0 0.42144337
2445.0 0.41495830
2448.0 0.41252890
2451.0 0.43076739
2454.0 0.43680900
2457.0 0.45205978
2460.0 0.48071879
2463.0 0.46666637
2466.0 0.44335708
2469.0 0.44115758
2472.0 0.42145002
2475.0 0.41092974
2478.0 0.40666807
2481.0 0.39987659
2484.0 0.38654864
2487.0 0.37169203
2490.0 0.36738116
2493.0 0.36911500
2496.0 0.37934262
2499.0 0.37631387
2502.0 0.37388673
2505.0 0.38213900
2508.0 0.36896345
2511.0 0.36431485
2514.0 0.37103531
2517.0 0.36255425
2520.0 0.35865578
2523.0 0.35810316
2526.0 0.35755187
2529.0 0.35919321
2532.0 0.36216724
2535.0 0.36051661
2538.0 0.35917959
2541.0 0.37926406
2544.0 0.37698591
2547.0 0.38273415
2550.0 0.37591743
2553.0 0.36686721
2556.0 0.36100081
2559.0 0.37718725
2562.0 0.37695971
2565.0 0.37427288
2568.0 0.39157987
2571.0 0.38119280
2574.0 0.39352927
2577.0 0.41495907
2580.0 0.40780413
2583.0 0.41616493
2586.0 0.42380798
2589.0 0.44117051
2592.0 0.46916232
2595.0 0.47436038
2598.0 0.50064057
2601.0 0.54191029
2604.0 0.56201816
2607.0 0.56444103
2610.0 0.52486825
2613.0 0.51552606
2616.0 0.51038980
2619.0 0.48565063
2622.0 0.46370032
2625.0 0.42468730
2628.0 0.41585100
2631.0 0.39932343
2634.0 0.39128250
2637.0 0.40122533
2640.0 0.39030588
2643.0 0.38368836
2646.0 0.38410160
2649.0 0.37514767
2652.0 0.37252378
2655.0 0.37060666
2658.0 0.34774947
2661.0 0.35967115
2664.0 0.35784659
2667.0 0.36698803
2670.0 0.35905281
2673.0 0.35750306
2676.0 0.37362593
2679.0 0.37904754
2682.0 0.39337459
2685.0 0.38769859
2688.0 0.38476560
2691.0 0.37035012
2694.0 0.39076105
2697.0 0.39165023
2700.0 0.39408103
2703.0 0.39127216
2706.0 0.40601698
2709.0 0.42332742
2712.0 0.42030099
2715.0 0.40308377
2718.0 0.39356935
2721.0 0.38404757
2724.0 0.38673535
2727.0 0.41521147
2730.0 0.40394112
2733.0 0.39902467
2736.0 0.41450030
2739.0 0.41103071
2742.0 0.38065764
2745.0 0.40118381
2748.0 0.41713464
2751.0 0.39920115
2754.0 0.39159095
2757.0 0.39777914
2760.0 0.38293150
2763.0 0.37401974
2766.0 0.37524125
2769.0 0.38719648
2772.0 0.40124628
2775.0 0.40100175
2778.0 0.39298540
2781.0 0.39786789
2784.0 0.38600203
2787.0 0.39240626
2790.0 0.38052842
2793.0 0.40046009
2796.0 0.37689736
2799.0 0.38911539
2802.0 0.37289450
2805.0 0.37636223
2808.0 0.37926254
2811.0 0.39173195
2814.0 0.35726792
2817.0 0.35648012
2820.0 0.33513197
2823.0 0.33087790
2826.0 0.32622832
2829.0 0.33418059
2832.0 0.33306324
2835.0 0.33204374
2838.0 0.32606307
2841.0 0.33098000
2844.0 0.33435738
2847.0 0.32731003
2850.0 0.31630406
2853.0 0.31909430
2856.0 0.32036477
2859.0 0.31866488
2862.0 0.32359874
2865.0 0.32767886
2868.0 0.33355629
2871.0 0.33226401
2874.0 0.32961816
2877.0 0.33600122
2880.0 0.34561035
2883.0 0.34580052
2886.0 0.34894270
2889.0 0.36197275
2892.0 0.38327187
2895.0 0.38502544
2898.0 0.41379407
2901.0 0.41757065
2904.0 0.43149295
2907.0 0.46368560
2910.0 0.48272654
2913.0 0.54002261
2916.0 0.58898604
2919.0 0.57031816
2922.0 0.53192800
2925.0 0.49392340
2928.0 0.46719271
2931.0 0.44392720
2934.0 0.41457969
2937.0 0.40714651
2940.0 0.40307575
2943.0 0.38901109
2946.0 0.36728889
2949.0 0.37821421
2952.0 0.36584672
2955.0 0.36020565
2958.0 0.35409278
2961.0 0.34453401
2964.0 0.34074652
2967.0 0.34957796
2970.0 0.34962130
2973.0 0.41251561
2976.0 0.45090255
2979.0 0.37687466
2982.0 0.33468759
2985.0 0.32580042
2988.0 0.32303816
2991.0 0.31506690
2994.0 0.33552721
2997.0 0.36652631
3000.0 0.44538185
3003.0 0.62741590
3006.0 0.62590528
3009.0 0.42085627
3012.0 0.35426179
3015.0 0.33301735
3018.0 0.32384133
3021.0 0.31617481
3024.0 0.31007364
3027.0 0.31024560
3030.0 0.30802041
3033.0 0.30842638
3036.0 0.30797672
3039.0 0.30291939
3042.0 0.29952019
3045.0 0.29948461
3048.0 0.28800231
3051.0 0.28205138
3054.0 0.29441622
3057.0 0.29174009
3060.0 0.29533541
3063.0 0.28340173
3066.0 0.28568697
3069.0 0.28167135
3072.0 0.29147434
3075.0 0.28632572
3078.0 0.27892381
3081.0 0.28529102
3084.0 0.28348541
3087.0 0.29209426
3090.0 0.29358324
3093.0 0.30531943
3096.0 0.31189349
3099.0 0.30747449
3102.0 0.29856023
3105.0 0.31166783
3108.0 0.29874739
3111.0 0.29131553
3114.0 0.29187292
3117.0 0.30831578
3120.0 0.30252731
3123.0 0.28657135
3126.0 0.29030669
3129.0 0.29295316
3132.0 0.29784822
3135.0 0.29299355
3138.0 0.29575053
3141.0 0.29456592
3144.0 0.29616439
3147.0 0.28533208
3150.0 0.29014349
3153.0 0.29953793
3156.0 0.28511709
3159.0 0.29314840
3162.0 0.29430738
3165.0 0.29212463
3168.0 0.29251838
3171.0 0.29460233
3174.0 0.29265535
3177.0 0.30388317
3180.0 0.29006961
3183.0 0.28394383
3186.0 0.31047103
3189.0 0.28978622
3192.0 0.30323943
3195.0 0.29555133
3198.0 0.28672415
3201.0 0.28263822
3204.0 0.27940023
3207.0 0.28774333
3210.0 0.27267468
3213.0 0.27505803
3216.0 0.27783161
3219.0 0.27479419
3222.0 0.26186466
3225.0 0.26663703
3228.0 0.27303794
3231.0 0.27243042
3234.0 0.26411673
3237.0 0.26505786
3240.0 0.26279780
3243.0 0.25768074
3246.0 0.26279277
3249.0 0.26810482
3252.0 0.26626754
3255.0 0.25973561
3258.0 0.25592813
3261.0 0.25207850
3264.0 0.26079100
3267.0 0.25141510
3270.0 0.26837236
3273.0 0.25293040
3276.0 0.25404897
3279.0 0.25009602
3282.0 0.24976785
3285.0 0.24944033
3288.0 0.24911341
3291.0 0.25478193
3294.0 0.25585610
3297.0 0.26170409
3300.0 0.25528419
3303.0 0.25601146
3306.0 0.24716531
3309.0 0.24684277
3312.0 0.25383651
3315.0 0.26131207
3318.0 0.25686166
3321.0 0.25056145
3324.0 0.26038739
3327.0 0.26452631
3330.0 0.25122514
3333.0 0.25403875
3336.0 0.24396819
3339.0 0.24365185
3342.0 0.24852304
3345.0 0.24439807
3348.0 0.26715055
3351.0 0.25501296
3354.0 0.24803342
3357.0 0.27689770
3360.0 0.27319315
3363.0 0.26083454
3366.0 0.25604889
3369.0 0.24443038
3372.0 0.24407645
3375.0 0.23990284
3378.0 0.24773587
3381.0 0.23928635
3384.0 0.24043204
3387.0 0.23867223
3390.0 0.24059920
3393.0 0.23806037
3396.0 0.23936756
3399.0 0.23847368
3402.0 0.23714699
3405.0 0.24539004
3408.0 0.24174687
3411.0 0.23623897
3414.0 0.23593736
3417.0 0.23563641
3420.0 0.23533598
3423.0 0.23503615
3426.0 0.23473689
3429.0 0.23443817
3432.0 0.23925626
3435.0 0.23384243
3438.0 0.23422335
3441.0 0.23324896
3444.0 0.23429817
3447.0 0.23273592
3450.0 0.23236285
3453.0 0.23461625
3456.0 0.23788874
3459.0 0.23902571
3462.0 0.23680046
3465.0 0.23639983
3468.0 0.23572166
3471.0 0.23247281
3474.0 0.23439242
3477.0 0.23286332
3480.0 0.23241758
3483.0 0.23759635
3486.0 0.24800988
3489.0 0.23584634
3492.0 0.24403034
3495.0 0.23931693
3498.0 0.24672133
3501.0 0.24094383
3504.0 0.24876690
3507.0 0.24480180
3510.0 0.24592254
3513.0 0.25308087
3516.0 0.24694997
3519.0 0.25167462
3522.0 0.25998399
3525.0 0.27992770
3528.0 0.27353275
3531.0 0.26826248
3534.0 0.26972911
3537.0 0.24596196
3540.0 0.24184853
3543.0 0.25311875
3546.0 0.24864967
3549.0 0.24000326
3552.0 0.24131502
3555.0 0.24265203
3558.0 0.24297938
3561.0 0.23871022
3564.0 0.24343158
3567.0 0.24844716
3570.0 0.23317109
3573.0 0.23567238
3576.0 0.23406200
3579.0 0.24158268
3582.0 0.22791958
3585.0 0.23037621
3588.0 0.22976309
3591.0 0.22895417
3594.0 0.23061454
3597.0 0.23017181
3600.0 0.22962411
3603.0 0.23172021
3606.0 0.22799000
3609.0 0.22610687
3612.0 0.22215609
3615.0 0.22199140
3618.0 0.21838917
3621.0 0.22264920
3624.0 0.22314866
3627.0 0.22573657
3630.0 0.22758405
3633.0 0.21893147
3636.0 0.22365536
3639.0 0.23039171
3642.0 0.22772470
3645.0 0.23001491
3648.0 0.23423156
3651.0 0.23041508
3654.0 0.23214452
3657.0 0.22757618
3660.0 0.23903672
3663.0 0.21981320
3666.0 0.21252476
3669.0 0.21576791
3672.0 0.21290721
3675.0 0.21408066
3678.0 0.21440147
3681.0 0.21863633
3684.0 0.22270347
3687.0 0.21261401
3690.0 0.21861508
3693.0 0.22455300
3696.0 0.21630318
3699.0 0.21271746
3702.0 0.20946737
3705.0 0.20921560
3708.0 0.21012443
3711.0 0.22255264
3714.0 0.21206203
3717.0 0.21333568
3720.0 0.20796365
3723.0 0.20850798
3726.0 0.20835105
3729.0 0.21176200
3732.0 0.20964782
3735.0 0.21445195
3738.0 0.21519475
3741.0 0.21033309
3744.0 0.20890900
3747.0 0.20861843
3750.0 0.21465868
3753.0 0.21334156
3756.0 0.20886105
3759.0 0.20736752
3762.0 0.20579290
3765.0 0.20482258
3768.0 0.20654178
3771.0 0.20836951
3774.0 0.21527709
3777.0 0.21825995
3780.0 0.22241402
3783.0 0.22951062
3786.0 0.22035936
3789.0 0.20958464
3792.0 0.21029302
3795.0 0.20814496
3798.0 0.20492262
3801.0 0.20814294
3804.0 0.21436109
3807.0 0.21664146
3810.0 0.20992385
3813.0 0.21158431
3816.0 0.21477437
3819.0 0.21867841
3822.0 0.22202164
3825.0 0.21110636
3828.0 0.21322156
3831.0 0.21720372
3834.0 0.21787801
3837.0 0.21327047
3840.0 0.21291620
3843.0 0.21610238
3846.0 0.21592924
3849.0 0.21360050
3852.0 0.21887128
3855.0 0.21665494
3858.0 0.21973857
3861.0 0.22502333
3864.0 0.22190525
3867.0 0.22839104
3870.0 0.22475749
3873.0 0.24004771
3876.0 0.24184890
3879.0 0.24820621
3882.0 0.25521848
3885.0 0.25420949
3888.0 0.25942895
3891.0 0.27400869
3894.0 0.27555561
3897.0 0.28758791
3900.0 0.30090085
3903.0 0.31939730
3906.0 0.34081331
3909.0 0.36665413
3912.0 0.40224379
3915.0 0.44669724
3918.0 0.50110620
3921.0 0.56521922
3924.0 0.66274256
3927.0 0.77874553
3930.0 0.92486435
3933.0 1.0722442
3936.0 1.2613884
3939.0 1.2964131
3942.0 1.1087528
3945.0 0.92290252
3948.0 0.83971846
3951.0 0.79096770
3954.0 0.68501890
3957.0 0.57794178
3960.0 0.52070254
3963.0 0.47498769
3966.0 0.43318650
3969.0 0.40133643
3972.0 0.38186315
3975.0 0.35756028
3978.0 0.33293587
3981.0 0.31247738
3984.0 0.29192275
3987.0 0.27434880
3990.0 0.26880482
3993.0 0.26330182
3996.0 0.25008005
3999.0 0.24848379
4002.0 0.24383993
4005.0 0.24413347
4008.0 0.24845149
4011.0 0.24777247
4014.0 0.24262969
4017.0 0.23477720
4020.0 0.24651852
4023.0 0.25286973
4026.0 0.25803679
4029.0 0.28417760
4032.0 0.28272516
4035.0 0.26358867
4038.0 0.26625943
4041.0 0.26949194
4044.0 0.26176518
4047.0 0.24159321
4050.0 0.22195463
4053.0 0.21978922
4056.0 0.21423616
4059.0 0.20774797
4062.0 0.20646122
4065.0 0.20071787
4068.0 0.19188850
4071.0 0.19083466
4074.0 0.19178319
4077.0 0.19145848
4080.0 0.18254535
4083.0 0.18084857
4086.0 0.18064824
4089.0 0.18644354
4092.0 0.19379535
4095.0 0.18613027
4098.0 0.18343401
4101.0 0.18290736
4104.0 0.17945038
4107.0 0.17925204
4110.0 0.17905405
4113.0 0.19115283
4116.0 0.18388057
4119.0 0.18520221
4122.0 0.17826548
4125.0 0.17806917
4128.0 0.18131995
4131.0 0.18713814
4134.0 0.18568535
4137.0 0.18132241
4140.0 0.18315695
4143.0 0.18332715
4146.0 0.18197009
4149.0 0.17651118
4152.0 0.17631793
4155.0 0.17612503
4158.0 0.17756209
4161.0 0.17574026
4164.0 0.17554836
4167.0 0.17535684
4170.0 0.17950842
4173.0 0.17497471
4176.0 0.17478414
4179.0 0.17459393
4182.0 0.17700203
4185.0 0.17421444
4188.0 0.17402521
4191.0 0.17383628
4194.0 0.17364769
4197.0 0.17834195
4200.0 0.17431204
4203.0 0.18392700
4206.0 0.17420505
4209.0 0.17420594
4212.0 0.17252304
4215.0 0.17233674
4218.0 0.18464391
4221.0 0.19159023
4224.0 0.18494625
4227.0 0.19870411
4230.0 0.18373367
4233.0 0.20674805
4236.0 0.19462763
4239.0 0.17984599
4242.0 0.20016311
4245.0 0.18647066
4248.0 0.18186536
4251.0 0.18338946
4254.0 0.17759970
4257.0 0.17509621
4260.0 0.16958052
4263.0 0.16939928
4266.0 0.17183690
4269.0 0.17828465
4272.0 0.16885751
4275.0 0.16867757
4278.0 0.16849792
4281.0 0.16831857
4284.0 0.18512210
4287.0 0.17196341
4290.0 0.16778240
4293.0 0.16760431
4296.0 0.17043614
4299.0 0.16928875
4302.0 0.16707179
4305.0 0.16689497
4308.0 0.17163491
4311.0 0.17696294
4314.0 0.18676984
4317.0 0.16619046
4320.0 0.18386820
4323.0 0.16631927
4326.0 0.17415616
4329.0 0.16549084
4332.0 0.17669527
4335.0 0.17205350
4338.0 0.17170647
4341.0 0.17511918
4344.0 0.18328741
4347.0 0.17461771
4350.0 0.16427812
4353.0 0.17534910
4356.0 0.19412708
4359.0 0.16376285
4362.0 0.16359170
4365.0 0.16389053
4368.0 0.16325021
4371.0 0.16307995
4374.0 0.16290992
4377.0 0.17886162
4380.0 0.17423232
4383.0 0.16240174
4386.0 0.16223292
4389.0 0.17093381
4392.0 0.18292125
4395.0 0.16172820
4398.0 0.16308346
4401.0 0.19933791
4404.0 0.17142415
4407.0 0.16994396
4410.0 0.16089277
4413.0 0.18282433
4416.0 0.19539510
4419.0 0.18665099
4422.0 0.20529936
4425.0 0.20098637
4428.0 0.21181503
4431.0 0.18410254
4434.0 0.19102617
4437.0 0.23525980
4440.0 0.21100242
4443.0 0.20248932
4446.0 0.18327846
4449.0 0.17710917
4452.0 0.21892230
4455.0 0.20881674
4458.0 0.20201196
4461.0 0.18815596
4464.0 0.16835177
4467.0 0.19025302
4470.0 0.15762229
4473.0 0.15746170
4476.0 0.15730138
4479.0 0.15714139
4482.0 0.15698165
4485.0 0.15682216
4488.0 0.15666299
4491.0 0.15650402
4494.0 0.15634538
4497.0 0.15618698
4500.0 0.15602891
4503.0 0.15587106
4506.0 0.15571350
4509.0 0.15555622
4512.0 0.15539922
4515.0 0.15524249
4518.0 0.15508600
4521.0 0.15492980
4524.0 0.15477386
4527.0 0.15461822
4530.0 0.15446281
4533.0 0.15430768
4536.0 0.15415284
4539.0 0.15399826
4542.0 0.15384389
4545.0 0.15368982
4548.0 0.15353605
4551.0 0.15338254
4554.0 0.15322924
4557.0 0.15307625
4560.0 0.15292355
4563.0 0.15277107
4566.0 0.15261886
4569.0 0.15246689
4572.0 0.15231523
4575.0 0.15216380
4578.0 0.15201268
4581.0 0.15186182
4584.0 0.15171118
4587.0 0.15156077
4590.0 0.15141067
4593.0 0.15126081
4596.0 0.15111120
4599.0 0.15096189
4602.0 0.15081280
4605.0 0.15066402
4608.0 0.15051544
4611.0 0.15036714
4614.0 0.15021911
4617.0 0.15007134
4620.0 0.14992377
4623.0 0.14977649
4626.0 0.14962950
4629.0 0.14948270
4632.0 0.14933623
4635.0 0.14918995
4638.0 0.14904390
4641.0 0.14889820
4644.0 0.14875279
4647.0 0.14860746
4650.0 0.14846244
4653.0 0.14831774
4656.0 0.14817327
4659.0 0.14802893
4662.0 0.14788491
4665.0 0.14774135
4668.0 0.14759770
4671.0 0.14745452
4674.0 0.14731160
4677.0 0.14716886
4680.0 0.14702637
4683.0 0.14688410
4686.0 0.14674202
4689.0 0.14660041
4692.0 0.14645885
4695.0 0.14631759
4698.0 0.14617647
4701.0 0.14603573
4704.0 0.14589520
4707.0 0.14575490
4710.0 0.14561485
4713.0 0.14547513
4716.0 0.14533564
4719.0 0.14519633
4722.0 0.14505725
4725.0 0.14491844
4728.0 0.14477991
4731.0 0.14464149
4734.0 0.14450338
4737.0 0.14436567
4740.0 0.14422791
4743.0 0.14409061
4746.0 0.14395353
4749.0 0.14381662
4752.0 0.14367998
4755.0 0.14354356
4758.0 0.14340727
4761.0 0.14327146
4764.0 0.14313570
4767.0 0.14300025
4770.0 0.14286502
4773.0 0.14273007
4776.0 0.14259526
4779.0 0.14246085
4782.0 0.14232659
4785.0 0.14219257
4788.0 0.14205867
4791.0 0.14192516
4794.0 0.14179181
4797.0 0.14165866
4800.0 0.14152580
4803.0 0.14139323
4806.0 0.14126074
4809.0 0.14112867
4812.0 0.14099675
4815.0 0.14086506
4818.0 0.14073345
4821.0 0.14060228
4824.0 0.14047119
4827.0 0.14034058
4830.0 0.14021000
4833.0 0.14007959
4836.0 0.13994955
4839.0 0.13981962
4842.0 0.13969013
4845.0 0.13956071
4848.0 0.13943142
4851.0 0.13930252
4854.0 0.13917388
4857.0 0.13904539
4860.0 0.13891707
4863.0 0.13878906
4866.0 0.13866130
4869.0 0.13853364
4872.0 0.13840623
4875.0 0.13827924
4878.0 0.13815232
4881.0 0.13802552
4884.0 0.13789913
4887.0 0.13777283
4890.0 0.13764693
4893.0 0.13752113
4896.0 0.13739546
4899.0 0.13727020
4902.0 0.13714510
4905.0 0.13702020
4908.0 0.13689548
4911.0 0.13677104
4914.0 0.13664684
4917.0 0.13652276
4920.0 0.13639906
4923.0 0.13627543
4926.0 0.13615210
4929.0 0.13602899
4932.0 0.13590609
4935.0 0.13578337
4938.0 0.13566101
4941.0 0.13553873
4944.0 0.13541669
4947.0 0.13529490
4950.0 0.13517325
4953.0 0.13505194
4956.0 0.13493073
4959.0 0.13480975
4962.0 0.13468906
4965.0 0.13456857
4968.0 0.13444819
4971.0 0.13432819
4974.0 0.13420832
4977.0 0.13408864
4980.0 0.13396923
4983.0 0.13384993
4986.0 0.13373099
4989.0 0.13361214
4992.0 0.13349369
4995.0 0.13337532
4998.0 0.13325703
5001.0 0.13313916
5004.0 0.13302150
5007.0 0.13290393
5010.0 0.13278663
5013.0 0.13266954
5016.0 0.13255268
5019.0 0.13243604
5022.0 0.13231952
5025.0 0.13220324
5028.0 0.13208719
5031.0 0.13197136
5034.0 0.13185579
5037.0 0.13174044
5040.0 0.13162516
5043.0 0.13151026
5046.0 0.13139549
5049.0 0.13128091
5052.0 0.13116656
5055.0 0.13105233
5058.0 0.13093847
5061.0 0.13082466
5064.0 0.13071109
5067.0 0.13059777
5070.0 0.13048470
5073.0 0.13037184
5076.0 0.13025905
5079.0 0.13014650
5082.0 0.13003433
5085.0 0.12992221
5088.0 0.12981023
5091.0 0.12969860
5094.0 0.12958720
5097.0 0.12947585
5100.0 0.12936476
5103.0 0.12925389
5106.0 0.12914321
5109.0 0.12903282
5112.0 0.12892249
5115.0 0.12881249
5118.0 0.12870263
5121.0 0.12859297
5124.0 0.12848352
5127.0 0.12837434
5130.0 0.12826519
5133.0 0.12815642
5136.0 0.12804772
5139.0 0.12793927
5142.0 0.12783101
5145.0 0.12772301
5148.0 0.12761518
5151.0 0.12750748
5154.0 0.12740012
5157.0 0.12729283
5160.0 0.12718579
5163.0 0.12707895
5166.0 0.12697223
5169.0 0.12686582
5172.0 0.12675950
5175.0 0.12665354
5178.0 0.12654765
5181.0 0.12644199
5184.0 0.12633653
5187.0 0.12623118
5190.0 0.12612617
5193.0 0.12602125
5196.0 0.12591654
5199.0 0.12581204
5202.0 0.12570775
5205.0 0.12560368
5208.0 0.12549970
5211.0 0.12539606
5214.0 0.12529252
5217.0 0.12518914
5220.0 0.12508604
5223.0 0.12498309
5226.0 0.12488041
5229.0 0.12477778
5232.0 0.12467550
5235.0 0.12457328
5238.0 0.12447133
5241.0 0.12436955
5244.0 0.12426799
5247.0 0.12416662
5250.0 0.12406535
5253.0 0.12396429
5256.0 0.12386356
5259.0 0.12376292
5262.0 0.12366249
5265.0 0.12356211
5268.0 0.12346210
5271.0 0.12336232
5274.0 0.12326258
5277.0 0.12316304
5280.0 0.12306372
5283.0 0.12296464
5286.0 0.12286573
5289.0 0.12276690
5292.0 0.12266841
5295.0 0.12256999
5298.0 0.12247179
5301.0 0.12237379
5304.0 0.12227600
5307.0 0.12217841
5310.0 0.12208102
5313.0 0.12198372
5316.0 0.12188675
5319.0 0.12178984
5322.0 0.12169317
5325.0 0.12159666
5328.0 0.12150037
5331.0 0.12140415
5334.0 0.12130828
5337.0 0.12121248
5340.0 0.12111685
5343.0 0.12102145
5346.0 0.12092626
5349.0 0.12083122
5352.0 0.12073646
5355.0 0.12064172
5358.0 0.12054731
5361.0 0.12045299
5364.0 0.12035888
5367.0 0.12026495
5370.0 0.12017121
5373.0 0.12007757
5376.0 0.11998422
5379.0 0.11989097
5382.0 0.11979804
5385.0 0.11970516
5388.0 0.11961250
5391.0 0.11952005
5394.0 0.11942779
5397.0 0.11933561
5400.0 0.11924371
5403.0 0.11915191
5406.0 0.11906032
5409.0 0.11896890
5412.0 0.11887768
5415.0 0.11878667
5418.0 0.11869584
5421.0 0.11860509
5424.0 0.11851466
5427.0 0.11842428
5430.0 0.11833412
5433.0 0.11824415
5436.0 0.11815436
5439.0 0.11806478
5442.0 0.11797527
5445.0 0.11788607
5448.0 0.11779691
5451.0 0.11770812
5454.0 0.11761937
5457.0 0.11753082
5460.0 0.11744232
5463.0 0.11735413
5466.0 0.11726618
5469.0 0.11717825
5472.0 0.11709064
5475.0 0.11700312
5478.0 0.11691579
5481.0 0.11682864
5484.0 0.11674165
5487.0 0.11665476
5490.0 0.11656819
5493.0 0.11648168
5496.0 0.11639532
5499.0 0.11630932
5502.0 0.11622339
5505.0 0.11613762
5508.0 0.11605190
5511.0 0.11596653
5514.0 0.11588133
5517.0 0.11579619
5520.0 0.11571123
5523.0 0.11562648
5526.0 0.11554202
5529.0 0.11545751
5532.0 0.11537330
5535.0 0.11528930
5538.0 0.11520534
5541.0 0.11512168
5544.0 0.11503811
5547.0 0.11495472
5550.0 0.11487152
5553.0 0.11478851
5556.0 0.11470563
5559.0 0.11462299
5562.0 0.11454038
5565.0 0.11445810
5568.0 0.11437585
5571.0 0.11429380
5574.0 0.11421194
5577.0 0.11413026
5580.0 0.11404874
5583.0 0.11396743
5586.0 0.11388617
5589.0 0.11380521
5592.0 0.11372434
5595.0 0.11364363
5598.0 0.11356308
5601.0 0.11348274
5604.0 0.11340256
5607.0 0.11332257
5610.0 0.11324276
5613.0 0.11316302
5616.0 0.11308356
5619.0 0.11300416
5622.0 0.11292497
5625.0 0.11284592
5628.0 0.11276707
5631.0 0.11268841
5634.0 0.11260979
5637.0 0.11253145
5640.0 0.11245319
5643.0 0.11237525
5646.0 0.11229730
5649.0 0.11221959
5652.0 0.11214204
5655.0 0.11206466
5658.0 0.11198747
5661.0 0.11191032
5664.0 0.11183349
5667.0 0.11175669
5670.0 0.11168007
5673.0 0.11160376
5676.0 0.11152749
5679.0 0.11145140
5682.0 0.11137535
5685.0 0.11129962
5688.0 0.11122406
5691.0 0.11114854
5694.0 0.11107320
5697.0 0.11099817
5700.0 0.11092317
5703.0 0.11084837
5706.0 0.11077373
5709.0 0.11069924
5712.0 0.11062485
5715.0 0.11055072
5718.0 0.11047665
5721.0 0.11040286
5724.0 0.11032914
5727.0 0.11025561
5730.0 0.11018221
5733.0 0.11010898
5736.0 0.11003593
5739.0 0.10996294
5742.0 0.10989024
5745.0 0.10981759
5748.0 0.10974524
5751.0 0.10967296
5754.0 0.10960080
5757.0 0.10952882
5760.0 0.10945702
5763.0 0.10938539
5766.0 0.10931392
5769.0 0.10924253
5772.0 0.10917138
5775.0 0.10910032
5778.0 0.10902940
5781.0 0.10895866
5784.0 0.10888809
5787.0 0.10881770
5790.0 0.10874747
5793.0 0.10867740
5796.0 0.10860736
5799.0 0.10853764
5802.0 0.10846795
5805.0 0.10839854
5808.0 0.10832919
5811.0 0.10826001
5814.0 0.10819098
5817.0 0.10812212
5820.0 0.10805332
5823.0 0.10798479
5826.0 0.10791641
5829.0 0.10784811
5832.0 0.10777994
5835.0 0.10771208
5838.0 0.10764426
5841.0 0.10757661
5844.0 0.10750911
5847.0 0.10744168
5850.0 0.10737450
5853.0 0.10730748
5856.0 0.10724052
5859.0 0.10717384
5862.0 0.10710723
5865.0 0.10704076
5868.0 0.10697445
5871.0 0.10690828
5874.0 0.10684230
5877.0 0.10677648
5880.0 0.10671068
5883.0 0.10664520
5886.0 0.10657973
5889.0 0.10651454
5892.0 0.10644940
5895.0 0.10638442
5898.0 0.10631962
5901.0 0.10625495
5904.0 0.10619044
5907.0 0.10612612
5910.0 0.10606182
5913.0 0.10599782
5916.0 0.10593380
5919.0 0.10587013
5922.0 0.10580648
5925.0 0.10574297
5928.0 0.10567962
5931.0 0.10561644
5934.0 0.10555343
5937.0 0.10549044
5940.0 0.10542770
5943.0 0.10536516
5946.0 0.10530265
5949.0 0.10524027
5952.0 0.10517818
5955.0 0.10511614
5958.0 0.10505426
5961.0 0.10499252
5964.0 0.10493096
5967.0 0.10486942
5970.0 0.10480816
5973.0 0.10474703
5976.0 0.10468596
5979.0 0.10462504
5982.0 0.10456440
5985.0 0.10450378
5988.0 0.10444335
5991.0 0.10438302
5994.0 0.10432290
5997.0 0.10426279
6000.0 0.10420296
