300.0 0.0
395.0 0.0000000
398.95 0.0000000
402.9 0.0000000
406.85 0.0000000
410.8 0.0000000
414.75 0.0000000
418.7 0.0000000
422.65 0.0000000
426.6 0.0000000
430.55 0.0000000
434.5 0.0000000
438.45 0.0000000
442.4 0.0000000
446.35 0.0000000
450.3 0.0000000
454.25 0.0000000
458.2 0.0000000
462.15 0.0000000
466.1 0.0000000
470.05 0.0000000
474.0 0.0000000
477.95 0.0000000
481.9 0.0000000
485.85 0.0000000
489.8 0.0000000
493.75 0.0000000
497.7 0.0000000
501.65 0.0000000
505.6 0.0000000
509.55 0.0000000
513.5 0.0000000
517.45 0.0000000
521.4 0.0000000
525.35 0.0000000
529.3 0.0000000
533.25 0.0000000
537.2 0.0000000
541.15 0.0000000
545.1 0.0000000
549.05 0.0000000
553.0 0.0000000
556.95 0.0000000
560.9 0.0000000
564.85 0.0000000
568.8 0.0000000
572.75 0.0000000
576.7 0.0000000
580.65 0.0000000
584.6 0.0000000
588.55 0.0000000
592.5 0.0000000
596.45 0.0000000
600.4 0.0000000
604.35 0.0000000
608.3 0.0000000
612.25 0.0000000
616.2 0.0000000
620.15 0.0000000
624.1 0.0000000
628.05 0.0000000
632.0 0.0000000
635.95 0.0000000
639.9 0.0000000
643.85 0.0000000
647.8 0.0000000
651.75 0.0000000
655.7 0.0000000
659.65 0.0000000
663.6 0.0000000
667.55 0.0000000
671.5 0.0000000
675.45 0.0000000
679.4 0.0000000
683.35 0.0000000
687.3 0.0000000
691.25 0.0000000
695.2 0.0000000
699.15 0.0000000
703.1 0.0000000
707.05 0.0000000
711.0 0.0000000
714.95 0.0000000
718.9 0.0000000
722.85 1.97822065E-03
726.8 1.62569864E-03
730.75 1.32694514E-03
734.7 1.07591390E-03
738.65 8.66190705E-04
742.6 6.92317670E-04
746.55 5.49342483E-04
750.5 4.32548608E-04
754.45 3.37989972E-04
758.4 2.61977606E-04
762.35 2.01396208E-04
766.3 1.53547720E-04
770.25 1.78972003E-03
774.2 1.49200356E-03
778.15 1.23651139E-03
782.1 1.02315936E-03
786.05 8.42142501E-04
790.0 7.45571917E-04
793.95 6.12426258E-04
797.9 4.69339284E-04
801.85 3.83423932E-04
805.8 3.18649429E-04
809.75 2.66744784E-04
813.7 3.77264805E-02
817.65 3.49037610E-02
821.6 2.67995670E-02
825.55 2.01767646E-02
829.5 1.70460604E-02
833.45 1.48804886E-02
837.4 1.33324442E-02
841.35 1.20546808E-02
845.3 1.04095228E-02
849.25 8.29697866E-03
853.2 7.35744275E-03
857.15 5.75745152E-03
861.1 4.56261402E-03
865.05 3.65852984E-03
869.0 3.04291863E-03
872.95 2.65367166E-03
876.9 2.17509386E-03
880.85 1.88695523E-03
884.8 1.64396677E-03
888.75 1.34459673E-03
892.7 1.00314035E-03
896.65 8.08192824E-04
900.6 6.09636714E-04
904.55 5.05464035E-04
908.5 4.08389111E-04
912.45 3.18632694E-04
916.4 2.54343526E-04
920.35 2.08811834E-04
924.3 1.71509513E-04
928.25 1.45068319E-04
932.2 1.17400683E-04
936.15 9.53651179E-05
940.1 7.82637580E-05
944.05 6.59388388E-05
948.0 5.66419403E-05
951.95 5.07528348E-05
955.9 4.67910540E-05
959.85 4.68027465E-05
963.8 2.0370424
967.75 1.6508468
971.7 1.5427918
975.65 1.5451481
979.6 1.4502354
983.55 1.1632175
987.5 1.0062338
991.45 0.94807595
995.4 0.90897024
999.35 0.85151768
1003.3 0.77895916
1007.25 0.73111898
1011.2 0.71553558
1015.15 0.71870178
1019.1 0.73161495
1023.05 0.73784775
1027.0 0.79499507
1030.95 0.80883527
1034.9 0.77536553
1038.85 0.70773011
1042.8 0.71348840
1046.75 0.70817608
1050.7 0.72632027
1054.65 0.73999751
1058.6 0.73211706
1062.55 0.70690012
1066.5 0.69859475
1070.45 0.72189748
1074.4 0.71851772
1078.35 0.73161620
1082.3 0.72325104
1086.25 0.74126625
1090.2 0.78480774
1094.15 0.83005804
1098.1 0.89232010
1102.05 0.91012305
1106.0 0.92439657
1109.95 0.84183323
1113.9 0.78714776
1117.85 0.74668956
1121.8 0.72962582
1125.75 0.72738814
1129.7 0.69549274
1133.65 0.68763530
1137.6 0.68447065
1141.55 0.68030763
1145.5 0.69344234
1149.45 0.68769693
1153.4 0.67393881
1157.35 0.69505692
1161.3 0.68392473
1165.25 0.69547570
1169.2 0.71300226
1173.15 0.72442961
1177.1 0.74296838
1181.05 0.74278247
1185.0 0.76724780
1188.95 0.78516513
1192.9 0.80519903
1196.85 0.83659244
1200.8 0.89996582
1204.75 0.98463601
1208.7 1.0818104
1212.65 1.2051773
1216.6 1.3584234
1220.55 1.4498532
1224.5 1.3173115
1228.45 1.1185921
1232.4 0.96755546
1236.35 0.88890016
1240.3 0.84961551
1244.25 0.82732606
1248.2 0.78884006
1252.15 0.78664422
1256.1 0.76355350
1260.05 0.77912569
1264.0 0.78172743
1267.95 0.77947688
1271.9 0.78845841
1275.85 0.77904820
1279.8 0.79123712
1283.75 0.80262464
1287.7 0.80432111
1291.65 0.82199681
1295.6 0.79061913
1299.55 0.78558695
1303.5 0.77571630
1307.45 0.78875488
1311.4 0.79263788
1315.35 0.78167427
1319.3 0.74244004
1323.25 0.71879864
1327.2 0.70901734
1331.15 0.69627345
1335.1 0.69774181
1339.05 0.69618756
1343.0 0.69518703
1346.95 0.70647496
1350.9 0.70458442
1354.85 0.71621639
1358.8 0.71987170
1362.75 0.71888971
1366.7 0.71095437
1370.65 0.72028118
1374.6 0.72383046
1378.55 0.74377197
1382.5 0.73215568
1386.45 0.72070742
1390.4 0.68933570
1394.35 0.70004833
1398.3 0.70362133
1402.25 0.69464684
1406.2 0.71853799
1410.15 0.72578001
1414.1 0.70710856
1418.05 0.69546932
1422.0 0.69680279
1425.95 0.69722342
1429.9 0.69732338
1433.85 0.70662081
1437.8 0.69469041
1441.75 0.69291490
1445.7 0.70220345
1449.65 0.70183784
1453.6 0.71965981
1457.55 0.71700186
1461.5 0.76383030
1465.45 0.76168400
1469.4 0.76992136
1473.35 0.75874645
1477.3 0.76088625
1481.25 0.76837319
1485.2 0.80306095
1489.15 0.86463481
1493.1 0.92069024
1497.05 0.96653181
1501.0 0.98444444
1504.95 1.0368150
1508.9 0.99221617
1512.85 0.90780163
1516.8 0.83089554
1520.75 0.77994579
1524.7 0.75634223
1528.65 0.73227841
1532.6 0.70965892
1536.55 0.69239372
1540.5 0.68775403
1544.45 0.66252857
1548.4 0.65274262
1552.35 0.64820915
1556.3 0.65512210
1560.25 0.65851343
1564.2 0.64393151
1568.15 0.64715999
1572.1 0.65116942
1576.05 0.65719831
1580.0 0.64149022
1583.95 0.64906067
1587.9 0.66479450
1591.85 0.62937051
1595.8 0.64659232
1599.75 0.65131348
1603.7 0.64732593
1607.65 0.65342391
1611.6 0.64363790
1615.55 0.63567024
1619.5 0.65389705
1623.45 0.68093359
1627.4 0.66803306
1631.35 0.68541402
1635.3 0.68024462
1639.25 0.68266672
1643.2 0.67941332
1647.15 0.68874717
1651.1 0.68736351
1655.05 0.68622357
1659.0 0.66491079
1662.95 0.65471768
1666.9 0.66381198
1670.85 0.67386913
1674.8 0.64596307
1678.75 0.67776346
1682.7 0.65477997
1686.65 0.67101955
1690.6 0.66547602
1694.55 0.67960703
1698.5 0.64807171
1702.45 0.65822184
1706.4 0.65815121
1710.35 0.67020929
1714.3 0.63757008
1718.25 0.64557070
1722.2 0.65838897
1726.15 0.62964255
1730.1 0.64186382
1734.05 0.62295663
1738.0 0.60608226
1741.95 0.60579967
1745.9 0.60551316
1749.85 0.60983229
1753.8 0.61387372
1757.75 0.61511922
1761.7 0.60685539
1765.65 0.60401946
1769.6 0.60370868
1773.55 0.60339457
1777.5 0.61123180
1781.45 0.61043769
1785.4 0.61963910
1789.35 0.62358242
1793.3 0.62353802
1797.25 0.62827420
1801.2 0.63425934
1805.15 0.64592916
1809.1 0.66060448
1813.05 0.65565032
1817.0 0.67315805
1820.95 0.68106383
1824.9 0.68696070
1828.85 0.69094318
1832.8 0.69602746
1836.75 0.70493841
1840.7 0.70868105
1844.65 0.69926739
1848.6 0.69325364
1852.55 0.67787981
1856.5 0.67631930
1860.45 0.66339231
1864.4 0.67319703
1868.35 0.66503644
1872.3 0.66085982
1876.25 0.66279846
1880.2 0.65880609
1884.15 0.66044998
1888.1 0.66199392
1892.05 0.66967642
1896.0 0.68544698
1899.95 0.67502987
1903.9 0.69938636
1907.85 0.71672833
1911.8 0.73802811
1915.75 0.73590195
1919.7 0.71506310
1923.65 0.71153104
1927.6 0.71384078
1931.55 0.69766551
1935.5 0.68471181
1939.45 0.68087190
1943.4 0.67825466
1947.35 0.69127995
1951.3 0.70538753
1955.25 0.70821977
1959.2 0.70367551
1963.15 0.70550740
1967.1 0.70113057
1971.05 0.70473731
1975.0 0.69762683
1978.95 0.69478917
1982.9 0.69566154
1986.85 0.69252348
1990.8 0.68385190
1994.75 0.67404640
1998.7 0.68041974
2002.65 0.68275815
2006.6 0.68314326
2010.55 0.67662406
2014.5 0.67145544
2018.45 0.66978323
2022.4 0.66654217
2026.35 0.66404921
2030.3 0.65845448
2034.25 0.64967173
2038.2 0.65305769
2042.15 0.65321362
2046.1 0.64608842
2050.05 0.62928408
2054.0 0.64556038
2057.95 0.64852679
2061.9 0.64469051
2065.85 0.64477205
2069.8 0.65041965
2073.75 0.63850462
2077.7 0.63882732
2081.65 0.62645620
2085.6 0.61674500
2089.55 0.59273648
2093.5 0.59009868
2097.45 0.58920377
2101.4 0.58353031
2105.35 0.59948707
2109.3 0.60832059
2113.25 0.60973179
2117.2 0.59675825
2121.15 0.60295576
2125.1 0.60570079
2129.05 0.61395675
2133.0 0.61415237
2136.95 0.62848258
2140.9 0.64685309
2144.85 0.65265143
2148.8 0.64439690
2152.75 0.66425109
2156.7 0.67322659
2160.65 0.67269880
2164.6 0.67629170
2168.55 0.70379353
2172.5 0.72120154
2176.45 0.71760714
2180.4 0.73139912
2184.35 0.71488768
2188.3 0.73291147
2192.25 0.75816584
2196.2 0.82150126
2200.15 0.89571583
2204.1 1.0110399
2208.05 1.1286798
2212.0 1.1649534
2215.95 1.1059479
2219.9 0.97973108
2223.85 0.87179524
2227.8 0.80480587
2231.75 0.77174199
2235.7 0.74570554
2239.65 0.72557682
2243.6 0.70975113
2247.55 0.69457120
2251.5 0.68977535
2255.45 0.67593366
2259.4 0.66394746
2263.35 0.65022469
2267.3 0.64250875
2271.25 0.64064139
2275.2 0.62238383
2279.15 0.62366176
2283.1 0.60823643
2287.05 0.60434294
2291.0 0.60374677
2294.95 0.57891065
2298.9 0.58766198
2302.85 0.58734894
2306.8 0.59603959
2310.75 0.61246842
2314.7 0.61828786
2318.65 0.62048560
2322.6 0.62006962
2326.55 0.62446797
2330.5 0.61603779
2334.45 0.61765230
2338.4 0.62593400
2342.35 0.61679101
2346.3 0.61897546
2350.25 0.60795736
2354.2 0.61171770
2358.15 0.59706867
2362.1 0.58712333
2366.05 0.57669514
2370.0 0.57156634
2373.95 0.55796129
2377.9 0.55241770
2381.85 0.53739899
2385.8 0.52711946
2389.75 0.52508497
2393.7 0.53015429
2397.65 0.52333939
2401.6 0.53462541
2405.55 0.53752685
2409.5 0.53932858
2413.45 0.53936726
2417.4 0.53993219
2421.35 0.55074525
2425.3 0.54514766
2429.25 0.55601776
2433.2 0.55551213
2437.15 0.55342585
2441.1 0.54750711
2445.05 0.55318880
2449.0 0.54939193
2452.95 0.56120133
2456.9 0.57553703
2460.85 0.57718533
2464.8 0.60038233
2468.75 0.60535264
2472.7 0.60520959
2476.65 0.59702826
2480.6 0.59656596
2484.55 0.57470018
2488.5 0.58755112
2492.45 0.58188009
2496.4 0.58089250
2500.35 0.58826607
2504.3 0.60388589
2508.25 0.60457867
2512.2 0.61225152
2516.15 0.61617708
2520.1 0.62106431
2524.05 0.61507046
2528.0 0.61815143
2531.95 0.60905337
2535.9 0.61602724
2539.85 0.60851920
2543.8 0.59054363
2547.75 0.59088045
2551.7 0.59823310
2555.65 0.58256090
2559.6 0.58175391
2563.55 0.58227932
2567.5 0.58202004
2571.45 0.59134591
2575.4 0.58882731
2579.35 0.57892752
2583.3 0.57787210
2587.25 0.58958244
2591.2 0.58854675
2595.15 0.58460504
2599.1 0.59539080
2603.05 0.57862318
2607.0 0.57152635
2610.95 0.56393468
2614.9 0.55856514
2618.85 0.55443001
2622.8 0.54306525
2626.75 0.54097724
2630.7 0.54741788
2634.65 0.55234623
2638.6 0.55951118
2642.55 0.57703662
2646.5 0.55746847
2650.45 0.54976791
2654.4 0.54642981
2658.35 0.54389262
2662.3 0.53762072
2666.25 0.55043381
2670.2 0.54848993
2674.15 0.55243510
2678.1 0.54733807
2682.05 0.54908901
2686.0 0.54945564
2689.95 0.56209117
2693.9 0.56545120
2697.85 0.57508272
2701.8 0.59380627
2705.75 0.61803120
2709.7 0.58892423
2713.65 0.56657284
2717.6 0.56985021
2721.55 0.56113434
2725.5 0.54069096
2729.45 0.54677820
2733.4 0.54838336
2737.35 0.53317857
2741.3 0.52959859
2745.25 0.51786244
2749.2 0.51056081
2753.15 0.52429241
2757.1 0.52284259
2761.05 0.51546901
2765.0 0.52558798
2768.95 0.51243746
2772.9 0.50422275
2776.85 0.50403708
2780.8 0.49557611
2784.75 0.48738474
2788.7 0.47800902
2792.65 0.48404366
2796.6 0.48288643
2800.55 0.46894705
2804.5 0.47309011
2808.45 0.48072836
2812.4 0.48394516
2816.35 0.47481766
2820.3 0.48352164
2824.25 0.49557745
2828.2 0.48629254
2832.15 0.49688801
2836.1 0.48266119
2840.05 0.48381603
2844.0 0.47666821
2847.95 0.48282751
2851.9 0.48567969
2855.85 0.47614107
2859.8 0.48934677
2863.75 0.48111999
2867.7 0.47686377
2871.65 0.48106143
2875.6 0.47065523
2879.55 0.47582158
2883.5 0.47204325
2887.45 0.47518557
2891.4 0.47832617
2895.35 0.47192052
2899.3 0.46787819
2903.25 0.46657181
2907.2 0.46442765
2911.15 0.46161407
2915.1 0.46192628
2919.05 0.46838540
2923.0 0.46770787
2926.95 0.46726638
2930.9 0.45832530
2934.85 0.46006200
2938.8 0.47941738
2942.75 0.54040480
2946.7 0.56141496
2950.65 0.47449744
2954.6 0.45770878
2958.55 0.45764428
2962.5 0.45223260
2966.45 0.46849635
2970.4 0.45542660
2974.35 0.44545868
2978.3 0.44857180
2982.25 0.44352767
2986.2 0.43771508
2990.15 0.43315378
2994.1 0.42783514
2998.05 0.40462783
3002.0 0.41122523
3005.95 0.40355021
3009.9 0.42121106
3013.85 0.42023736
3017.8 0.41577262
3021.75 0.41167527
3025.7 0.40867451
3029.65 0.41916496
3033.6 0.41064253
3037.55 0.41755131
3041.5 0.42394909
3045.45 0.43099159
3049.4 0.44817403
3053.35 0.48243880
3057.3 0.50260955
3061.25 0.45176741
3065.2 0.42222315
3069.15 0.43739828
3073.1 0.44094762
3077.05 0.41799417
3081.0 0.40910086
3084.95 0.40974823
3088.9 0.40259898
3092.85 0.40026566
3096.8 0.39288247
3100.75 0.38155401
3104.7 0.36898726
3108.65 0.36646137
3112.6 0.37765941
3116.55 0.38897470
3120.5 0.39014158
3124.45 0.39455163
3128.4 0.40432808
3132.35 0.40471447
3136.3 0.40227088
3140.25 0.38892332
3144.2 0.39061037
3148.15 0.38862568
3152.1 0.37255105
3156.05 0.37735453
3160.0 0.36475283
3163.95 0.36481932
3167.9 0.35855010
3171.85 0.36640677
3175.8 0.37111640
3179.75 0.36440691
3183.7 0.35300913
3187.65 0.35267910
3191.6 0.35109177
3195.55 0.34700400
3199.5 0.35760412
3203.45 0.35013670
3207.4 0.35918039
3211.35 0.36637214
3215.3 0.38875619
3219.25 0.38281769
3223.2 0.38061979
3227.15 0.39749253
3231.1 0.40311301
3235.05 0.41723430
3239.0 0.44373533
3242.95 0.43081239
3246.9 0.40933973
3250.85 0.40735444
3254.8 0.38920024
3258.75 0.37952709
3262.7 0.37563264
3266.65 0.36940029
3270.6 0.35712743
3274.55 0.34343928
3278.5 0.33949322
3282.45 0.34113270
3286.4 0.35062322
3290.35 0.34786162
3294.3 0.34565538
3298.25 0.35332271
3302.2 0.34117755
3306.15 0.33691528
3310.1 0.34316707
3314.05 0.33535889
3318.0 0.33178827
3321.95 0.33131233
3325.9 0.33083743
3329.85 0.33239135
3333.8 0.33517882
3337.75 0.33368644
3341.7 0.33248383
3345.65 0.35111237
3349.6 0.34903979
3353.55 0.35439885
3357.5 0.34812307
3361.45 0.33977726
3365.4 0.33437866
3369.35 0.34940749
3373.3 0.34923273
3377.25 0.34677914
3381.2 0.36285195
3385.15 0.35326308
3389.1 0.36473286
3393.05 0.38463360
3397.0 0.37803996
3400.95 0.38582954
3404.9 0.39295515
3408.85 0.40909493
3412.8 0.43509525
3416.75 0.43995997
3420.7 0.46438068
3424.65 0.50271153
3428.6 0.52141678
3432.55 0.52371657
3436.5 0.48704720
3440.45 0.47842544
3444.4 0.47370544
3448.35 0.45078868
3452.3 0.43045622
3456.25 0.39427871
3460.2 0.38611278
3464.15 0.37080321
3468.1 0.36337185
3472.05 0.37264147
3476.0 0.36253497
3479.95 0.35642266
3483.9 0.35684079
3487.85 0.34855580
3491.8 0.34615099
3495.75 0.34440243
3499.7 0.32319215
3503.65 0.33430365
3507.6 0.33263934
3511.55 0.34116906
3515.5 0.33382359
3519.45 0.33241397
3523.4 0.34743795
3527.35 0.35251254
3531.3 0.36587077
3535.25 0.36062521
3539.2 0.35793027
3543.15 0.34455213
3547.1 0.36357489
3551.05 0.36443576
3555.0 0.36673149
3558.95 0.36415097
3562.9 0.37790832
3566.85 0.39405635
3570.8 0.39127484
3574.75 0.37528083
3578.7 0.36645585
3582.65 0.35762241
3586.6 0.36015776
3590.55 0.38671175
3594.5 0.37624881
3598.45 0.37170270
3602.4 0.38615322
3606.35 0.38295510
3610.3 0.35468829
3614.25 0.37384728
3618.2 0.38874567
3622.15 0.37206554
3626.1 0.36500484
3630.05 0.37080550
3634.0 0.35699606
3637.95 0.34871837
3641.9 0.34988785
3645.85 0.36106676
3649.8 0.37420094
3653.75 0.37400538
3657.7 0.36656040
3661.65 0.37114665
3665.6 0.36010873
3669.55 0.36611480
3673.5 0.35506320
3677.45 0.37369302
3681.4 0.35173526
3685.35 0.36316851
3689.3 0.34805885
3693.25 0.35132542
3697.2 0.35406274
3701.15 0.36573446
3705.1 0.33358571
3709.05 0.33287811
3713.0 0.31296962
3716.95 0.30902272
3720.9 0.30470565
3724.85 0.31215927
3728.8 0.31114137
3732.75 0.31021470
3736.7 0.30465236
3740.65 0.30927193
3744.6 0.31245354
3748.55 0.30589300
3752.5 0.29563138
3756.45 0.29826358
3760.4 0.29947555
3764.35 0.29791072
3768.3 0.30254787
3772.25 0.30638736
3776.2 0.31190807
3780.15 0.31072474
3784.1 0.30827519
3788.05 0.31427017
3792.0 0.32328376
3795.95 0.32348743
3799.9 0.32645291
3803.85 0.33867010
3807.8 0.35862651
3811.75 0.36029583
3815.7 0.38724732
3819.65 0.39081243
3823.6 0.40387434
3827.55 0.43404049
3831.5 0.45189950
3835.45 0.50557613
3839.4 0.55145937
3843.35 0.53402245
3847.3 0.49811414
3851.25 0.46256122
3855.2 0.43756163
3859.15 0.41580379
3863.1 0.38834539
3867.05 0.38141185
3871.0 0.37762734
3874.95 0.36447853
3878.9 0.34415245
3882.85 0.35441652
3886.8 0.34285325
3890.75 0.33759230
3894.7 0.33188826
3898.65 0.32295328
3902.6 0.31942707
3906.55 0.32773060
3910.5 0.32779580
3914.45 0.38679281
3918.4 0.42281756
3922.35 0.35342696
3926.3 0.31388792
3930.25 0.30557573
3934.2 0.30300733
3938.15 0.29555219
3942.1 0.31476843
3946.05 0.34387493
3950.0 0.41788781
3953.95 0.58872771
3957.9 0.58735317
3961.85 0.39496273
3965.8 0.33248976
3969.75 0.31257364
3973.7 0.30398294
3977.65 0.29680794
3981.6 0.29110149
3985.55 0.29128391
3989.5 0.28921548
3993.45 0.28961742
3997.4 0.28921586
4001.35 0.28448689
4005.3 0.28131458
4009.25 0.28130114
4013.2 0.27053517
4017.15 0.26496392
4021.1 0.27659917
4025.05 0.27410427
4029.0 0.27750182
4032.95 0.26630735
4036.9 0.26847360
4040.85 0.26471838
4044.8 0.27395046
4048.75 0.26913011
4052.7 0.26219097
4056.65 0.26819476
4060.6 0.26651576
4064.55 0.27462822
4068.5 0.27604717
4072.45 0.28710207
4076.4 0.29330400
4080.35 0.28916818
4084.3 0.28080380
4088.25 0.29315180
4092.2 0.28101805
4096.15 0.27404583
4100.1 0.27458879
4104.05 0.29007754
4108.0 0.28465065
4111.95 0.26965570
4115.9 0.27318889
4119.85 0.27569780
4123.8 0.28032327
4127.75 0.27577263
4131.7 0.27838612
4135.65 0.27728948
4139.6 0.27881271
4143.55 0.26863283
4147.5 0.27318066
4151.45 0.28204447
4155.4 0.26848346
4159.35 0.27606440
4163.3 0.27717397
4167.25 0.27513626
4171.2 0.27552509
4175.15 0.27750605
4179.1 0.27568996
4183.05 0.28628546
4187.0 0.27328953
4190.95 0.26753539
4194.9 0.29254851
4198.85 0.27307531
4202.8 0.28577110
4206.75 0.27854368
4210.7 0.27024180
4214.65 0.26640773
4218.6 0.26337242
4222.55 0.27125418
4226.5 0.25706533
4230.45 0.25932866
4234.4 0.26196018
4238.35 0.25911263
4242.3 0.24693644
4246.25 0.25145257
4250.2 0.25750509
4254.15 0.25694820
4258.1 0.24912250
4262.05 0.25002578
4266.0 0.24790932
4269.95 0.24309723
4273.9 0.24793530
4277.85 0.25296265
4281.8 0.25124466
4285.75 0.24509633
4289.7 0.24151826
4293.65 0.23789999
4297.6 0.24613750
4301.55 0.23730291
4305.5 0.25332376
4309.45 0.23876223
4313.4 0.23983270
4317.35 0.23611523
4321.3 0.23581970
4325.25 0.23552467
4329.2 0.23523015
4333.15 0.24059723
4337.1 0.24162605
4341.05 0.24716362
4345.0 0.24111483
4348.95 0.24181615
4352.9 0.23347440
4356.85 0.23318358
4360.8 0.23980454
4364.75 0.24688144
4368.7 0.24269116
4372.65 0.23675245
4376.6 0.24605136
4380.55 0.24997707
4384.5 0.23742139
4388.45 0.24009442
4392.4 0.23059012
4396.35 0.23030455
4400.3 0.23492257
4404.25 0.23103674
4408.2 0.25255996
4412.15 0.24109922
4416.1 0.23451404
4420.05 0.26182011
4424.0 0.25833213
4427.95 0.24665995
4431.9 0.24214822
4435.85 0.23117368
4439.8 0.23085213
4443.75 0.22691755
4447.7 0.23433994
4451.65 0.22636014
4455.6 0.22745682
4459.55 0.22580472
4463.5 0.22764064
4467.45 0.22525124
4471.4 0.22650082
4475.35 0.22566766
4479.3 0.22442476
4483.25 0.23223858
4487.2 0.22880343
4491.15 0.22360286
4495.1 0.22332977
4499.05 0.22305727
4503.0 0.22278522
4506.95 0.22251366
4510.9 0.22224261
4514.85 0.22197199
4518.8 0.22654635
4522.75 0.22143224
4526.7 0.22180508
4530.65 0.22089443
4534.6 0.22190015
4538.55 0.22043253
4542.5 0.22009116
4546.45 0.22223760
4550.4 0.22534963
4554.35 0.22643887
4558.3 0.22434290
4562.25 0.22397541
4566.2 0.22334486
4570.15 0.22027843
4574.1 0.22210921
4578.05 0.22067204
4582.0 0.22026137
4585.95 0.22518128
4589.9 0.23506312
4593.85 0.22354642
4597.8 0.23131585
4601.75 0.22685999
4605.7 0.23389128
4609.65 0.22842623
4613.6 0.23585528
4617.55 0.23210816
4621.5 0.23318298
4625.45 0.23998302
4629.4 0.23418163
4633.35 0.23867440
4637.3 0.24656738
4641.25 0.26549566
4645.2 0.25944382
4649.15 0.25445816
4653.1 0.25586253
4657.05 0.23332922
4661.0 0.22943887
4664.95 0.24014312
4668.9 0.23591521
4672.85 0.22772326
4676.8 0.22897959
4680.75 0.23025995
4684.7 0.23058231
4688.65 0.22654246
4692.6 0.23103487
4696.55 0.23580693
4700.5 0.22131924
4704.45 0.22370468
4708.4 0.22218725
4712.35 0.22933787
4716.3 0.21637811
4720.25 0.21872132
4724.2 0.21815008
4728.15 0.21739286
4732.1 0.21898030
4736.05 0.21857075
4740.0 0.21806146
4743.95 0.22006291
4747.9 0.21653104
4751.85 0.21475315
4755.8 0.21101114
4759.75 0.21086508
4763.7 0.20745355
4767.65 0.21151061
4771.6 0.21199545
4775.55 0.21446447
4779.5 0.21623023
4783.45 0.20801941
4787.4 0.21251817
4791.35 0.21892968
4795.3 0.21640582
4799.25 0.21859272
4803.2 0.22261071
4807.15 0.21899410
4811.1 0.22064839
4815.05 0.21631666
4819.0 0.22722106
4822.95 0.20895772
4826.9 0.20203887
4830.85 0.20513175
4834.8 0.20242169
4838.75 0.20354699
4842.7 0.20386165
4846.65 0.20789815
4850.6 0.21177554
4854.55 0.20219068
4858.5 0.20790735
4862.45 0.21356441
4866.4 0.20572796
4870.35 0.20232700
4874.3 0.19924493
4878.25 0.19901474
4882.2 0.19988857
4886.15 0.21172117
4890.1 0.20175049
4894.05 0.20297158
4898.0 0.19786966
4901.95 0.19839673
4905.9 0.19825654
4909.85 0.20151147
4913.8 0.19950879
4917.75 0.20408992
4921.7 0.20480618
4925.65 0.20018837
4929.6 0.19884203
4933.55 0.19857448
4937.5 0.20433320
4941.45 0.20308863
4945.4 0.19883244
4949.35 0.19741955
4953.3 0.19592930
4957.25 0.19501427
4961.2 0.19665998
4965.15 0.19840917
4969.1 0.20499572
4973.05 0.20784540
4977.0 0.21181071
4980.95 0.21857874
4984.9 0.20987271
4988.85 0.19961959
4992.8 0.20030317
4996.75 0.19826591
5000.7 0.19520514
5004.65 0.19828151
5008.6 0.20421402
5012.55 0.20639552
5016.5 0.20000438
5020.45 0.20159523
5024.4 0.20464362
5028.35 0.20837261
5032.3 0.21156749
5036.25 0.20117494
5040.2 0.20319946
5044.15 0.20700340
5048.1 0.20765503
5052.05 0.20327246
5056.0 0.20294352
5059.95 0.20598936
5063.9 0.20583315
5067.85 0.20362204
5071.8 0.20865555
5075.75 0.20655148
5079.7 0.20950024
5083.65 0.21454793
5087.6 0.21158400
5091.55 0.21777739
5095.5 0.21432179
5099.45 0.22891174
5103.4 0.23063913
5107.35 0.23671179
5111.3 0.24340957
5115.25 0.24245746
5119.2 0.24744600
5123.15 0.26136327
5127.1 0.26284978
5131.05 0.27433875
5135.0 0.28705037
5138.95 0.30470809
5142.9 0.32515272
5146.85 0.34982067
5150.8 0.38379225
5154.75 0.42622417
5158.7 0.47815925
5162.65 0.53935862
5166.6 0.63244593
5170.55 0.74317646
5174.5 0.88265765
5178.45 1.0233536
5182.4 1.2039229
5186.35 1.2374023
5190.3 1.0583273
5194.25 0.88096511
5198.2 0.80159366
5202.15 0.75508690
5206.1 0.65397078
5210.05 0.55176920
5214.0 0.49714211
5217.95 0.45351404
5221.9 0.41361928
5225.85 0.38322324
5229.8 0.36464351
5233.75 0.34145021
5237.7 0.31794798
5241.65 0.29842240
5245.6 0.27880338
5249.55 0.26202968
5253.5 0.25674483
5257.45 0.25149867
5261.4 0.23887907
5265.35 0.23736371
5269.3 0.23293684
5273.25 0.23322646
5277.2 0.23736091
5281.15 0.23672149
5285.1 0.23181719
5289.05 0.22432339
5293.0 0.23555112
5296.95 0.24162921
5300.9 0.24657620
5304.85 0.27156654
5308.8 0.27018905
5312.75 0.25191081
5316.7 0.25447309
5320.65 0.25757250
5324.6 0.25019717
5328.55 0.23092552
5332.5 0.21216226
5336.45 0.21010044
5340.4 0.20480001
5344.35 0.19860521
5348.3 0.19738263
5352.25 0.19189917
5356.2 0.18346472
5360.15 0.18246406
5364.1 0.18337797
5368.05 0.18307443
5372.0 0.17455821
5375.95 0.17294222
5379.9 0.17275715
5383.85 0.17830604
5387.8 0.18534394
5391.75 0.17801982
5395.7 0.17544761
5399.65 0.17495045
5403.6 0.17165029
5407.55 0.17146698
5411.5 0.17128395
5415.45 0.18286452
5419.4 0.17591409
5423.35 0.17718506
5427.3 0.17055492
5431.25 0.17037342
5435.2 0.17349012
5439.15 0.17906365
5443.1 0.17768006
5447.05 0.17351161
5451.0 0.17527357
5454.95 0.17544287
5458.9 0.17415054
5462.85 0.16893236
5466.8 0.16875359
5470.75 0.16857508
5474.7 0.16995671
5478.65 0.16821903
5482.6 0.16804144
5486.55 0.16786416
5490.5 0.17184457
5494.45 0.16751045
5498.4 0.16733406
5502.35 0.16715795
5506.3 0.16946959
5510.25 0.16680659
5514.2 0.16663137
5518.15 0.16645642
5522.1 0.16628177
5526.05 0.17078300
5530.0 0.16692983
5533.95 0.17614385
5537.9 0.16683921
5541.85 0.16684598
5545.8 0.16524002
5549.75 0.16506740
5553.7 0.17686167
5557.65 0.18352170
5561.6 0.17716375
5565.55 0.19034937
5569.5 0.17601453
5573.45 0.19806895
5577.4 0.18646383
5581.35 0.17230822
5585.3 0.19178049
5589.25 0.17866768
5593.2 0.17426114
5597.15 0.17572761
5601.1 0.17018563
5605.05 0.16779247
5609.0 0.16251244
5612.95 0.16234435
5616.9 0.16468611
5620.85 0.17087142
5624.8 0.16184181
5628.75 0.16167487
5632.7 0.16150822
5636.65 0.16134183
5640.6 0.17745489
5644.55 0.16484682
5648.5 0.16084428
5652.45 0.16067903
5656.4 0.16339938
5660.35 0.16230485
5664.3 0.16018477
5668.25 0.16002065
5672.2 0.16457087
5676.15 0.16968532
5680.1 0.17909493
5684.05 0.15936655
5688.0 0.17632435
5691.95 0.15950075
5695.9 0.16702193
5699.85 0.15871687
5703.8 0.16946831
5707.75 0.16502190
5711.7 0.16469450
5715.65 0.16797341
5719.6 0.17581415
5723.55 0.16750348
5727.5 0.15759036
5731.45 0.16821618
5735.4 0.18623641
5739.35 0.15711154
5743.3 0.15695249
5747.25 0.15724435
5751.2 0.15663512
5755.15 0.15647687
5759.1 0.15631881
5763.05 0.17163073
5767.0 0.16719401
5770.95 0.15584640
5774.9 0.15568943
5778.85 0.16404469
5782.8 0.17555468
5786.75 0.15522012
5790.7 0.15652589
5794.65 0.19132869
5798.6 0.16454178
5802.55 0.16312625
5806.5 0.15444311
5810.45 0.17550111
5814.4 0.18757434
5818.35 0.17918593
5822.3 0.19709474
5826.25 0.19296026
5830.2 0.20336293
5834.15 0.17676188
5838.1 0.18341523
5842.05 0.22589363
5846.0 0.20260839
5849.95 0.19444010
5853.9 0.17599843
5857.85 0.17007953
5861.8 0.21023966
5865.75 0.20054115
5869.7 0.19401214
5873.65 0.18071049
5877.6 0.16169502
5881.55 0.18273596
5885.5 0.15139922
5889.45 0.15124968
5893.4 0.15110035
5897.35 0.15095136
5901.3 0.15080257
5905.25 0.15065400
5909.2 0.15050575
5913.15 0.15035766
5917.1 0.15020987
5921.05 0.15006229
5925.0 0.14991501
5928.95 0.14976794
5932.9 0.14962113
5936.85 0.14947455
5940.8 0.14932826
5944.75 0.14918219
5948.7 0.14903633
5952.65 0.14889075
5956.6 0.14874539
5960.55 0.14860031
5964.5 0.14845544
5968.45 0.14831083
5972.4 0.14816648
5976.35 0.14802234
5980.3 0.14787842
5984.25 0.14773475
5988.2 0.14759137
5992.15 0.14744821
5996.1 0.14730524
