300.0 0.0
380.0 0.0000000
383.8 0.0000000
387.6 0.0000000
391.4 0.0000000
395.2 0.0000000
399.0 0.0000000
402.8 0.0000000
406.6 0.0000000
410.4 0.0000000
414.2 0.0000000
418.0 0.0000000
421.8 0.0000000
425.6 0.0000000
429.4 0.0000000
433.2 0.0000000
437.0 0.0000000
440.8 0.0000000
444.6 0.0000000
448.4 0.0000000
452.2 0.0000000
456.0 0.0000000
459.8 0.0000000
463.6 0.0000000
467.4 0.0000000
471.2 0.0000000
475.0 0.0000000
478.8 0.0000000
482.6 0.0000000
486.4 0.0000000
490.2 0.0000000
494.0 0.0000000
497.8 0.0000000
501.6 0.0000000
505.4 0.0000000
509.2 0.0000000
513.0 0.0000000
516.8 0.0000000
520.6 0.0000000
524.4 0.0000000
528.2 0.0000000
532.0 0.0000000
535.8 0.0000000
539.6 0.0000000
543.4 0.0000000
547.2 0.0000000
551.0 0.0000000
554.8 0.0000000
558.6 0.0000000
562.4 0.0000000
566.2 0.0000000
570.0 0.0000000
573.8 0.0000000
577.6 0.0000000
581.4 0.0000000
585.2 0.0000000
589.0 0.0000000
592.8 0.0000000
596.6 0.0000000
600.4 0.0000000
604.2 0.0000000
608.0 0.0000000
611.8 0.0000000
615.6 0.0000000
619.4 0.0000000
623.2 0.0000000
627.0 0.0000000
630.8 0.0000000
634.6 0.0000000
638.4 0.0000000
642.2 0.0000000
646.0 0.0000000
649.8 0.0000000
653.6 0.0000000
657.4 0.0000000
661.2 0.0000000
665.0 0.0000000
668.8 0.0000000
672.6 0.0000000
676.4 0.0000000
680.2 0.0000000
684.0 0.0000000
687.8 0.0000000
691.6 0.0000000
695.4 3.01100314E-03
699.2 2.60255835E-03
703.0 2.23806640E-03
706.8 1.91453611E-03
710.6 1.62881450E-03
714.4 1.37825916E-03
718.2 1.15958496E-03
722.0 9.69972403E-04
725.8 8.06645316E-04
729.6 6.66631851E-04
733.4 5.47524483E-04
737.2 4.46812541E-04
741.0 2.80291610E-03
744.8 2.44487566E-03
748.6 2.12347461E-03
752.4 1.83618546E-03
756.2 1.58070470E-03
760.0 1.48559571E-03
763.8 1.32802303E-03
767.6 1.12702127E-03
771.4 1.02560094E-03
775.2 9.48483241E-04
779.0 8.86769732E-04
782.8 3.78598459E-02
786.6 3.77063788E-02
790.4 3.08128372E-02
794.2 2.42343303E-02
798.0 2.11573243E-02
801.8 1.90736502E-02
805.6 1.77496467E-02
809.4 1.66954286E-02
813.2 1.50120603E-02
817.0 1.24726379E-02
820.8 1.15460390E-02
824.6 9.44227725E-03
828.4 7.82864541E-03
832.2 6.57786801E-03
836.0 5.73938573E-03
839.8 5.25662675E-03
843.6 4.53246292E-03
847.4 4.14191699E-03
851.2 3.80591513E-03
855.0 3.28846020E-03
858.8 2.59553362E-03
862.6 2.21541873E-03
866.4 1.77367032E-03
870.2 1.56360946E-03
874.0 1.34527893E-03
877.8 1.11963961E-03
881.6 9.55082942E-04
885.4 8.39309418E-04
889.2 7.39307143E-04
893.0 6.72027934E-04
896.8 5.85538161E-04
900.6 5.13066829E-04
904.4 4.55143308E-04
908.2 4.15309594E-04
912.0 3.87208449E-04
915.8 3.77448421E-04
919.6 3.79403064E-04
923.4 4.14708338E-04
927.2 1.0517538
931.0 0.85409242
934.8 0.79980004
938.6 0.80262762
942.4 0.75482541
946.2 0.60663146
950.0 0.52579075
953.8 0.49636501
957.6 0.47680819
961.4 0.44752747
965.2 0.41017073
969.0 0.38570580
972.8 0.37819281
976.6 0.38057190
980.4 0.38812408
984.2 0.39214873
988.0 0.42328846
991.8 0.43143564
995.6 0.41432241
999.4 0.37885392
1003.2 0.38261238
1007.0 0.38042870
1010.8 0.39085540
1014.6 0.39890388
1018.4 0.39533255
1022.2 0.38236669
1026.0 0.37851351
1029.8 0.39179555
1033.6 0.39061195
1037.4 0.39839265
1041.2 0.39448559
1045.0 0.40497124
1048.8 0.42945540
1052.6 0.45494905
1056.4 0.48985699
1060.2 0.50042450
1064.0 0.50907522
1067.8 0.46433353
1071.6 0.43484679
1075.4 0.41313434
1079.2 0.40431371
1083.0 0.40368894
1086.8 0.38657272
1090.6 0.38278103
1094.4 0.38158959
1098.2 0.37983239
1102.0 0.38773760
1105.8 0.38508925
1109.6 0.37793520
1113.4 0.39034230
1117.2 0.38464290
1121.0 0.39169830
1124.8 0.40213987
1128.6 0.40916160
1132.4 0.42022067
1136.2 0.42070094
1140.0 0.43515936
1143.8 0.44593406
1147.6 0.45793736
1151.4 0.47643796
1155.2 0.51322073
1159.0 0.56225860
1162.8 0.61857170
1166.6 0.69002515
1170.4 0.77879035
1174.2 0.83229512
1178.0 0.75719255
1181.8 0.64379942
1185.6 0.55758655
1189.4 0.51291293
1193.2 0.49086726
1197.0 0.47859234
1200.8 0.45690101
1204.6 0.45619729
1208.4 0.44335493
1212.2 0.45295411
1216.0 0.45502278
1219.8 0.45426518
1223.6 0.46005526
1227.4 0.45511124
1231.2 0.46278462
1235.0 0.47000307
1238.8 0.47155294
1242.6 0.48248211
1246.4 0.46460655
1250.2 0.46218541
1254.0 0.45690525
1257.8 0.46511835
1261.6 0.46794158
1265.4 0.46199280
1269.2 0.43929937
1273.0 0.42578810
1276.8 0.42046246
1280.6 0.41336322
1284.4 0.41469187
1288.2 0.41422215
1292.0 0.41407791
1295.8 0.42125779
1299.6 0.42058367
1303.4 0.42798573
1307.2 0.43062875
1311.0 0.43049774
1314.8 0.42619503
1318.6 0.43223915
1322.4 0.43482235
1326.2 0.44726557
1330.0 0.44073445
1333.8 0.43428835
1337.6 0.41580823
1341.4 0.42269900
1345.2 0.42528570
1349.0 0.42028302
1352.8 0.43517262
1356.6 0.43999556
1360.4 0.42909998
1364.2 0.42245203
1368.0 0.42367607
1371.8 0.42434436
1375.6 0.42481598
1379.4 0.43089473
1383.2 0.42402548
1387.0 0.42334470
1390.8 0.42942646
1394.6 0.42960766
1398.4 0.44092989
1402.2 0.43971157
1406.0 0.46886489
1409.8 0.46797925
1413.6 0.47347519
1417.4 0.46702966
1421.2 0.46877274
1425.0 0.47381389
1428.8 0.49565002
1432.6 0.53413171
1436.4 0.56926721
1440.2 0.59814125
1444.0 0.60976428
1447.8 0.64276683
1451.6 0.61565542
1455.4 0.56376743
1459.2 0.51645339
1463.0 0.48520237
1466.8 0.47092158
1470.6 0.45632759
1474.4 0.44260702
1478.2 0.43220332
1482.0 0.42966795
1485.8 0.41448137
1489.6 0.40892154
1493.4 0.40663740
1497.2 0.41153380
1501.0 0.41422421
1504.8 0.40559736
1508.6 0.40817693
1512.4 0.41125295
1516.2 0.41561067
1520.0 0.40621150
1523.8 0.41154423
1527.6 0.42207018
1531.4 0.40009797
1535.2 0.41157645
1539.0 0.41511375
1542.8 0.41309890
1546.6 0.41751984
1550.4 0.41178626
1554.2 0.40719980
1558.0 0.41939905
1561.8 0.43728274
1565.6 0.42952886
1569.4 0.44124642
1573.2 0.43845466
1577.0 0.44055152
1580.8 0.43898317
1584.6 0.44555017
1588.4 0.44518808
1592.2 0.44498000
1596.0 0.43167126
1599.8 0.42555556
1603.6 0.43197322
1607.4 0.43903032
1611.2 0.42133865
1615.0 0.44259241
1618.8 0.42807573
1622.6 0.43919504
1626.4 0.43606296
1630.2 0.44582736
1634.0 0.42561954
1637.8 0.43277073
1641.6 0.43320745
1645.4 0.44163457
1649.2 0.42059129
1653.0 0.42633778
1656.8 0.43527901
1660.6 0.41672742
1664.4 0.42527661
1668.2 0.41319460
1672.0 0.40243372
1675.8 0.40267569
1679.6 0.40291309
1683.4 0.40621638
1687.2 0.40933889
1691.0 0.41059920
1694.8 0.40550524
1698.6 0.40402901
1702.4 0.40423805
1706.2 0.40444311
1710.0 0.41011506
1713.8 0.40999913
1717.6 0.41660091
1721.4 0.41967469
1725.2 0.42006600
1729.0 0.42367950
1732.8 0.42814073
1736.6 0.43644941
1740.4 0.44680491
1744.2 0.44388875
1748.0 0.45618629
1751.8 0.46199220
1755.6 0.46644250
1759.4 0.46959788
1763.2 0.47350630
1767.0 0.48002535
1770.8 0.48303169
1774.6 0.47706562
1778.4 0.47340727
1782.2 0.46334186
1786.0 0.46270585
1789.8 0.45428252
1793.6 0.46142206
1797.4 0.45624742
1801.2 0.45379657
1805.0 0.45554209
1808.8 0.45320845
1812.6 0.45474926
1816.4 0.45622176
1820.2 0.46192878
1824.0 0.47322783
1827.8 0.46644884
1831.6 0.48370561
1835.4 0.49613491
1839.2 0.51132548
1843.0 0.51029646
1846.8 0.49627566
1850.6 0.49425045
1854.4 0.49628070
1858.2 0.48544994
1862.0 0.47684222
1865.8 0.47456989
1869.6 0.47314477
1873.4 0.48263621
1877.2 0.49289790
1881.0 0.49528921
1884.8 0.49251926
1888.6 0.49420914
1892.4 0.49154708
1896.2 0.49448016
1900.0 0.48989004
1903.8 0.48829350
1907.6 0.48930165
1911.4 0.48748642
1915.2 0.48176792
1919.0 0.47523886
1922.8 0.48011371
1926.6 0.48214477
1930.4 0.48279688
1934.2 0.47856444
1938.0 0.47527984
1941.8 0.47446486
1945.6 0.47253481
1949.4 0.47113058
1953.2 0.46751991
1957.0 0.46163666
1960.8 0.46439636
1964.6 0.46485943
1968.4 0.46013615
1972.2 0.44850546
1976.0 0.46045068
1979.8 0.46291146
1983.6 0.46051514
1987.4 0.46091413
1991.2 0.46529400
1995.0 0.45710549
1998.8 0.45767066
2002.6 0.44913438
2006.4 0.44249257
2010.2 0.42557436
2014.0 0.42398515
2017.8 0.42364529
2021.6 0.41986513
2025.4 0.43165287
2029.2 0.43832326
2033.0 0.43964976
2036.8 0.43059704
2040.6 0.43537298
2044.4 0.43765968
2048.2 0.44393274
2052.0 0.44438082
2055.8 0.45506266
2059.6 0.46868506
2063.4 0.47320893
2067.2 0.46754158
2071.0 0.48227319
2074.8 0.48911932
2078.6 0.48906416
2082.4 0.49200538
2086.2 0.51235437
2090.0 0.52537578
2093.8 0.52310318
2097.6 0.53350812
2101.4 0.52180624
2105.2 0.53531176
2109.0 0.55411774
2112.8 0.60079676
2116.6 0.65549636
2120.4 0.74036807
2124.2 0.82704389
2128.0 0.85416842
2131.8 0.81142026
2135.6 0.71927226
2139.4 0.64043510
2143.2 0.59159535
2147.0 0.56764621
2150.8 0.54883772
2154.6 0.53435516
2158.4 0.52302408
2162.2 0.51215357
2166.0 0.50893003
2169.8 0.49902272
2173.6 0.49047282
2177.4 0.48062754
2181.2 0.47521168
2185.0 0.47411638
2188.8 0.46088153
2192.6 0.46210444
2196.4 0.45094377
2200.2 0.44832343
2204.0 0.44814652
2207.8 0.42996484
2211.6 0.43672115
2215.4 0.43674409
2219.2 0.44346499
2223.0 0.45595327
2226.8 0.46055207
2230.6 0.46245590
2234.4 0.46241152
2238.2 0.46595845
2242.0 0.45993048
2245.8 0.46139818
2249.6 0.46784976
2253.4 0.46127620
2257.2 0.46317023
2261.0 0.45518059
2264.8 0.45825171
2268.6 0.44752663
2272.4 0.44031629
2276.2 0.43273470
2280.0 0.42912224
2283.8 0.41913766
2287.6 0.41520008
2291.4 0.40413204
2295.2 0.39661679
2299.0 0.39529961
2302.8 0.39933088
2306.6 0.39440939
2310.4 0.40313062
2314.2 0.40553448
2318.0 0.40710992
2321.8 0.40735474
2325.6 0.40799654
2329.4 0.41638604
2333.2 0.41237009
2337.0 0.42081213
2340.8 0.42064810
2344.6 0.41928568
2348.4 0.41501573
2352.2 0.41953847
2356.0 0.41687256
2359.8 0.42605114
2363.6 0.43715703
2367.4 0.43863159
2371.2 0.45649105
2375.0 0.46050209
2378.8 0.46062469
2382.6 0.45462543
2386.4 0.45450017
2390.2 0.43805930
2394.0 0.44807678
2397.8 0.44397113
2401.6 0.44343576
2405.4 0.44928494
2409.2 0.46143982
2413.0 0.46219432
2416.8 0.46828741
2420.6 0.47151804
2424.4 0.47548714
2428.2 0.47112474
2432.0 0.47371149
2435.8 0.46696228
2439.6 0.47253388
2443.4 0.46699607
2447.2 0.45341533
2451.0 0.45388776
2454.8 0.45975161
2458.6 0.44791681
2462.4 0.44750482
2466.2 0.44811735
2470.0 0.44812533
2473.8 0.45551616
2477.6 0.45378482
2481.4 0.44636014
2485.2 0.44575015
2489.0 0.45499048
2492.8 0.45439753
2496.6 0.45155862
2500.4 0.46009734
2504.2 0.44734111
2508.0 0.44205254
2511.8 0.43637559
2515.6 0.43241331
2519.4 0.42940271
2523.2 0.42078695
2527.0 0.41935396
2530.8 0.42453316
2534.6 0.42854300
2538.4 0.43429172
2542.2 0.44808993
2546.0 0.43308255
2549.8 0.42728496
2553.6 0.42487383
2557.4 0.42308277
2561.2 0.41838336
2565.0 0.42853758
2568.8 0.42720613
2572.6 0.43046167
2576.4 0.42667037
2580.2 0.42821586
2584.0 0.42868200
2587.8 0.43872398
2591.6 0.44153115
2595.4 0.44923893
2599.2 0.46405768
2603.0 0.48318937
2606.8 0.46062303
2610.6 0.44332328
2614.4 0.44607052
2618.2 0.43942752
2622.0 0.42359078
2625.8 0.42853373
2629.6 0.42996573
2633.4 0.41821289
2637.2 0.41557211
2641.0 0.40652588
2644.8 0.40095448
2648.6 0.41190225
2652.4 0.41092649
2656.2 0.40529194
2660.0 0.41341141
2663.8 0.40322638
2667.6 0.39691806
2671.4 0.39692724
2675.2 0.39041653
2679.0 0.38411275
2682.8 0.37686977
2686.6 0.38177523
2690.4 0.38100940
2694.2 0.37015313
2698.0 0.37356645
2701.8 0.37974277
2705.6 0.38242951
2709.4 0.37535900
2713.2 0.38238454
2717.0 0.39206666
2720.8 0.38486591
2724.6 0.39339909
2728.4 0.38227829
2732.2 0.38333565
2736.0 0.37781286
2739.8 0.38283676
2743.6 0.38524050
2747.4 0.37781364
2751.2 0.38843504
2755.0 0.38204458
2758.8 0.37880325
2762.6 0.38227683
2766.4 0.37414342
2770.2 0.37838730
2774.0 0.37551805
2777.8 0.37815395
2781.6 0.38078979
2785.4 0.37582484
2789.2 0.37273845
2793.0 0.37182993
2796.8 0.37025255
2800.6 0.36813954
2804.4 0.36851847
2808.2 0.37380284
2812.0 0.37339291
2815.8 0.37317088
2819.6 0.36615795
2823.4 0.36767301
2827.2 0.38327441
2831.0 0.43218055
2834.8 0.44913778
2838.6 0.37973329
2842.4 0.36642292
2846.2 0.36649650
2850.0 0.36228591
2853.8 0.37544253
2857.6 0.36509225
2861.4 0.35722202
2865.2 0.35983962
2869.0 0.35591274
2872.8 0.35136601
2876.6 0.34782061
2880.4 0.34366402
2884.2 0.32513040
2888.0 0.33054104
2891.8 0.32447886
2895.6 0.33879077
2899.4 0.33811864
2903.2 0.33463570
2907.0 0.33144614
2910.8 0.32913718
2914.6 0.33769557
2918.4 0.33093673
2922.2 0.33661300
2926.0 0.34188065
2929.8 0.34767142
2933.6 0.36164787
2937.4 0.38942161
2941.2 0.40583241
2945.0 0.36489564
2948.8 0.34114048
2952.6 0.35351291
2956.4 0.35649383
2960.2 0.33804256
2964.0 0.33095399
2967.8 0.33158100
2971.6 0.32589707
2975.4 0.32410890
2979.2 0.31822893
2983.0 0.30914855
2986.8 0.29905853
2990.6 0.29710257
2994.4 0.30627498
2998.2 0.31554779
3002.0 0.31659079
3005.8 0.32026675
3009.6 0.32830182
3013.4 0.32871488
3017.2 0.32682854
3021.0 0.31607911
3024.8 0.31754535
3028.6 0.31602639
3032.4 0.30304489
3036.2 0.30704340
3040.0 0.29687777
3043.8 0.29701966
3047.6 0.29200161
3051.4 0.29848778
3055.2 0.30241305
3059.0 0.29703256
3062.8 0.28782597
3066.6 0.28764057
3070.4 0.28642905
3074.2 0.28317600
3078.0 0.29191065
3081.8 0.28589725
3085.6 0.29336590
3089.4 0.29932547
3093.2 0.31770387
3097.0 0.31293997
3100.8 0.31123164
3104.6 0.32512054
3108.4 0.32981074
3112.2 0.34146044
3116.0 0.36325067
3119.8 0.35277063
3123.6 0.33528143
3127.4 0.33374843
3131.2 0.31896329
3135.0 0.31112203
3138.8 0.30801478
3142.6 0.30298787
3146.4 0.29300216
3150.2 0.28184918
3154.0 0.27868700
3157.8 0.28010932
3161.6 0.28798065
3165.4 0.28579006
3169.2 0.28405440
3173.0 0.29043382
3176.8 0.28052610
3180.6 0.27709603
3184.4 0.28231350
3188.2 0.27596375
3192.0 0.27309832
3195.8 0.27277917
3199.6 0.27246058
3203.4 0.27381277
3207.2 0.27618188
3211.0 0.27502474
3214.8 0.27410546
3218.6 0.28953901
3222.4 0.28790519
3226.2 0.29240182
3230.0 0.28729868
3233.8 0.28048390
3237.6 0.27609882
3241.4 0.28858265
3245.2 0.28851268
3249.0 0.28655919
3252.8 0.29991785
3256.6 0.29206669
3260.4 0.30162650
3264.2 0.31816489
3268.0 0.31279004
3271.8 0.31931588
3275.6 0.32529515
3279.4 0.33874124
3283.2 0.36036071
3287.0 0.36448112
3290.8 0.38480839
3294.6 0.41667509
3298.4 0.43228653
3302.2 0.43430090
3306.0 0.40399209
3309.8 0.39693859
3313.6 0.39311925
3317.4 0.37419298
3321.2 0.35740292
3325.0 0.32744512
3328.8 0.32074159
3332.6 0.30809894
3336.4 0.30199751
3340.2 0.30977643
3344.0 0.30144769
3347.8 0.29643673
3351.6 0.29685578
3355.4 0.29003298
3359.2 0.28810081
3363.0 0.28671387
3366.8 0.26912042
3370.6 0.27843902
3374.4 0.27711838
3378.2 0.28429157
3382.0 0.27823621
3385.8 0.27712649
3389.6 0.28971961
3393.4 0.29401994
3397.2 0.30523285
3401.0 0.30092674
3404.8 0.29874730
3408.6 0.28764784
3412.4 0.30359906
3416.2 0.30438814
3420.0 0.30637604
3423.8 0.30429003
3427.6 0.31585819
3431.4 0.32943007
3435.2 0.32717928
3439.0 0.31387660
3442.8 0.30656514
3446.6 0.29924306
3450.4 0.30143255
3454.2 0.32372966
3458.0 0.31504154
3461.8 0.31130475
3465.6 0.32347950
3469.4 0.32087204
3473.2 0.29725379
3477.0 0.31337997
3480.8 0.32594085
3484.6 0.31202447
3488.4 0.30617064
3492.2 0.31110471
3496.0 0.29958436
3499.8 0.29270196
3503.6 0.29374769
3507.4 0.30319902
3511.2 0.31429654
3515.0 0.31420037
3518.8 0.30801252
3522.6 0.31193358
3526.4 0.30272183
3530.2 0.30783695
3534.0 0.29860851
3537.8 0.31434345
3541.6 0.29593614
3545.4 0.30562067
3549.2 0.29296753
3553.0 0.29577971
3556.8 0.29814729
3560.6 0.30804071
3564.4 0.28102255
3568.2 0.28048527
3572.0 0.26376554
3575.8 0.26049361
3579.6 0.25690806
3583.4 0.26324722
3587.2 0.26244330
3591.0 0.26171586
3594.8 0.25707623
3598.6 0.26102820
3602.4 0.26376775
3606.2 0.25828245
3610.0 0.24966913
3613.8 0.25194362
3617.6 0.25301892
3621.4 0.25174803
3625.2 0.25571853
3629.0 0.25901616
3632.8 0.26373661
3636.6 0.26278901
3640.4 0.26076975
3644.2 0.26589426
3648.0 0.27357513
3651.8 0.27380222
3655.6 0.27636728
3659.4 0.28676710
3663.2 0.30372533
3667.0 0.30519956
3670.8 0.32809442
3674.6 0.33118027
3678.4 0.34231648
3682.2 0.36795691
3686.0 0.38317186
3689.8 0.42876875
3693.6 0.46777257
3697.4 0.45306987
3701.2 0.42268696
3705.0 0.39259368
3708.8 0.37144738
3712.6 0.35304511
3716.4 0.32979459
3720.2 0.32396853
3724.0 0.32081544
3727.8 0.30970398
3731.6 0.29248831
3735.4 0.30126888
3739.2 0.29149494
3743.0 0.28707644
3746.8 0.28227931
3750.6 0.27473170
3754.4 0.27178314
3758.2 0.27890053
3762.0 0.27900830
3765.8 0.32928601
3769.6 0.36002201
3773.4 0.30099306
3777.2 0.26736966
3781.0 0.26033759
3784.8 0.25819722
3788.6 0.25189102
3792.4 0.26831791
3796.2 0.29318303
3800.0 0.35635078
3803.8 0.50212514
3807.6 0.50104427
3811.4 0.33698612
3815.2 0.28373513
3819.0 0.26678780
3822.8 0.25950247
3826.6 0.25342315
3830.4 0.24859564
3834.2 0.24879615
3838.0 0.24707375
3841.8 0.24746147
3845.6 0.24716254
3849.4 0.24316454
3853.2 0.24049582
3857.0 0.24052705
3860.8 0.23136260
3864.6 0.22663811
3868.4 0.23663214
3872.2 0.23453908
3876.0 0.23748788
3879.8 0.22794758
3883.6 0.22984201
3887.4 0.22666673
3891.2 0.23461264
3895.0 0.23052454
3898.8 0.22461978
3902.6 0.22980303
3906.4 0.22840384
3910.2 0.23539680
3914.0 0.23665379
3917.8 0.24617335
3921.6 0.25153422
3925.4 0.24802984
3929.2 0.24089655
3933.0 0.25153247
3936.8 0.24116237
3940.6 0.23521887
3944.4 0.23572479
3948.2 0.24906340
3952.0 0.24444504
3955.8 0.23160699
3959.6 0.23468105
3963.4 0.23687598
3967.2 0.24089041
3971.0 0.23701943
3974.8 0.23930548
3978.6 0.23840240
3982.4 0.23975173
3986.2 0.23103628
3990.0 0.23498642
3993.8 0.24265093
3997.6 0.23102200
4001.4 0.23758411
4005.2 0.23857811
4009.0 0.23686287
4012.8 0.23723631
4016.6 0.23898086
4020.4 0.23745547
4024.2 0.24662150
4028.0 0.23546420
4031.8 0.23054372
4035.6 0.25213891
4039.4 0.23539340
4043.2 0.24637681
4047.0 0.24018419
4050.8 0.23306282
4054.6 0.22979289
4058.4 0.22721092
4062.2 0.23404767
4066.0 0.22184022
4069.8 0.22382882
4073.6 0.22613582
4077.4 0.22371294
4081.2 0.21323378
4085.0 0.21716760
4088.8 0.22242972
4092.6 0.22198342
4096.4 0.21525617
4100.2 0.21607032
4104.0 0.21427459
4107.8 0.21014796
4111.6 0.21436347
4115.4 0.21874386
4119.2 0.21729176
4123.0 0.21200694
4126.8 0.20894402
4130.6 0.20584530
4134.4 0.21300547
4138.2 0.20539142
4142.0 0.21929130
4145.8 0.20671740
4149.6 0.20767574
4153.4 0.20448768
4157.2 0.20426260
4161.0 0.20403785
4164.8 0.20381337
4168.6 0.20849498
4172.4 0.20941795
4176.2 0.21424942
4180.0 0.20903735
4183.8 0.20967665
4187.6 0.20247371
4191.4 0.20225154
4195.2 0.20802507
4199.0 0.21419580
4202.8 0.21059138
4206.6 0.20546845
4210.4 0.21357001
4214.2 0.21700935
4218.0 0.20613976
4221.8 0.20849109
4225.6 0.20026706
4229.4 0.20004818
4233.2 0.20408916
4237.0 0.20074248
4240.8 0.21947530
4244.6 0.20954616
4248.4 0.20385221
4252.2 0.22762088
4256.0 0.22462077
4259.8 0.21450254
4263.6 0.21060918
4267.4 0.20109275
4271.2 0.20084168
4275.0 0.19744670
4278.8 0.20393407
4282.6 0.19701760
4286.4 0.19800013
4290.2 0.19658978
4294.0 0.19821611
4297.8 0.19616315
4301.6 0.19727910
4305.4 0.19658095
4309.2 0.19552563
4313.0 0.20236151
4316.8 0.19939607
4320.6 0.19489104
4324.4 0.19468006
4328.2 0.19446947
4332.0 0.19425914
4335.8 0.19404915
4339.6 0.19383949
4343.4 0.19363010
4347.2 0.19764751
4351.0 0.19321227
4354.8 0.19356406
4358.6 0.19279568
4362.4 0.19369987
4366.2 0.19244495
4370.0 0.19217300
4373.8 0.19407347
4377.6 0.19681774
4381.4 0.19779576
4385.2 0.19599134
4389.0 0.19569659
4392.8 0.19517189
4396.6 0.19251804
4400.4 0.19414409
4404.2 0.19291359
4408.0 0.19258025
4411.8 0.19690803
4415.6 0.20557643
4419.4 0.19553031
4423.2 0.20235281
4427.0 0.19848108
4430.8 0.20465976
4434.6 0.19990405
4438.4 0.20643257
4442.2 0.20317951
4446.0 0.20414707
4449.8 0.21012785
4453.6 0.20507489
4457.4 0.20903645
4461.2 0.21597736
4465.0 0.23258747
4468.8 0.22731516
4472.6 0.22297570
4476.4 0.22423524
4480.2 0.20451359
4484.0 0.20112953
4487.8 0.21054004
4491.6 0.20685978
4495.4 0.19970225
4499.2 0.20082961
4503.0 0.20197828
4506.8 0.20228675
4510.6 0.19876786
4514.4 0.20273514
4518.2 0.20694880
4522.0 0.19425865
4525.8 0.19637713
4529.6 0.19506957
4533.4 0.20137274
4537.2 0.19001709
4541.0 0.19209884
4544.8 0.19162104
4548.6 0.19097970
4552.4 0.19239819
4556.2 0.19206218
4560.0 0.19163840
4563.8 0.19342126
4567.6 0.19034046
4571.4 0.18880087
4575.2 0.18553390
4579.0 0.18542825
4582.8 0.18245061
4586.6 0.18604146
4590.4 0.18649070
4594.2 0.18868567
4598.0 0.19026235
4601.8 0.18305984
4605.6 0.18704146
4609.4 0.19270770
4613.2 0.19050917
4617.0 0.19245756
4620.8 0.19601879
4624.6 0.19285735
4628.4 0.19433755
4632.2 0.19054516
4636.0 0.20017435
4639.8 0.18410692
4643.6 0.17803212
4647.4 0.18077900
4651.2 0.17841186
4655.0 0.17942494
4658.8 0.17972358
4662.6 0.18330379
4666.4 0.18674450
4670.2 0.17831351
4674.0 0.18337664
4677.8 0.18838832
4681.6 0.18149690
4685.4 0.17851740
4689.2 0.17581855
4693.0 0.17563587
4696.8 0.17642754
4700.6 0.18689305
4704.4 0.17811224
4708.2 0.17921098
4712.0 0.17472649
4715.8 0.17521210
4719.6 0.17510843
4723.4 0.17800377
4727.2 0.17625494
4731.0 0.18032275
4734.8 0.18097627
4738.6 0.17691594
4742.4 0.17574613
4746.2 0.17552963
4750.0 0.18064052
4753.8 0.17956060
4757.6 0.17581739
4761.4 0.17458774
4765.2 0.17328936
4769.0 0.17249946
4772.8 0.17397472
4776.6 0.17554182
4780.4 0.18138953
4784.2 0.18393163
4788.0 0.18746163
4791.8 0.19347315
4795.6 0.18578772
4799.4 0.17673087
4803.2 0.17735572
4807.0 0.17557129
4810.8 0.17287996
4814.6 0.17562383
4818.4 0.18089837
4822.2 0.18285087
4826.0 0.17720824
4829.8 0.17863731
4833.6 0.18135838
4837.4 0.18468322
4841.2 0.18753532
4845.0 0.17834266
4848.8 0.18015695
4852.6 0.18354943
4856.4 0.18414715
4860.2 0.18028018
4864.0 0.18000787
4867.8 0.18272915
4871.6 0.18261023
4875.4 0.18066795
4879.2 0.18515386
4883.0 0.18330640
4886.8 0.18594317
4890.6 0.19044356
4894.4 0.18783261
4898.2 0.19335128
4902.0 0.19030344
4905.8 0.20327988
4909.6 0.20483549
4913.4 0.21025093
4917.2 0.21622279
4921.0 0.21539965
4924.8 0.21985458
4928.6 0.23224436
4932.4 0.23358972
4936.2 0.24382520
4940.0 0.25514957
4943.8 0.27087316
4947.6 0.28907761
4951.4 0.31104097
4955.2 0.34128201
4959.0 0.37905321
4962.8 0.42528445
4966.6 0.47976586
4970.4 0.56262606
4974.2 0.66120023
4978.0 0.78537655
4981.8 0.91065907
4985.6 1.0714531
4989.4 1.1013613
4993.2 0.94206983
4997.0 0.78427076
5000.8 0.71368355
5004.6 0.67234534
5008.4 0.58236837
5012.2 0.49140638
5016.0 0.44280016
5019.8 0.40398169
5023.6 0.36848128
5027.4 0.34143659
5031.2 0.32491538
5035.0 0.30427948
5038.8 0.28336409
5042.6 0.26598886
5046.4 0.24852689
5050.2 0.23359792
5054.0 0.22890924
5057.8 0.22425410
5061.6 0.21302265
5065.4 0.21169223
5069.2 0.20776466
5073.0 0.20804344
5076.8 0.21175230
5080.6 0.21120259
5084.4 0.20684727
5088.2 0.20018026
5092.0 0.21022013
5095.8 0.21566562
5099.6 0.22010247
5103.4 0.24243326
5107.2 0.24122699
5111.0 0.22492987
5114.8 0.22723970
5118.6 0.23002963
5122.4 0.22346450
5126.2 0.20627183
5130.0 0.18952997
5133.8 0.18770613
5137.6 0.18298820
5141.4 0.17747016
5145.2 0.17639452
5149.0 0.17151047
5152.8 0.16398782
5156.6 0.16310892
5160.4 0.16394141
5164.2 0.16368556
5168.0 0.15608604
5171.8 0.15465567
5175.6 0.15450476
5179.4 0.15948240
5183.2 0.16579291
5187.0 0.15925634
5190.8 0.15696995
5194.6 0.15653981
5198.4 0.15360129
5202.2 0.15345156
5206.0 0.15330207
5209.8 0.16368209
5213.6 0.15747540
5217.4 0.15862784
5221.2 0.15270625
5225.0 0.15255783
5228.8 0.15536298
5232.6 0.16036892
5236.4 0.15914445
5240.2 0.15542512
5244.0 0.15701781
5247.8 0.15718390
5251.6 0.15604033
5255.4 0.15137862
5259.2 0.15123220
5263.0 0.15108597
5266.8 0.15233812
5270.6 0.15079424
5274.4 0.15064868
5278.2 0.15050338
5282.0 0.15408605
5285.8 0.15021338
5289.6 0.15006870
5293.4 0.14992423
5297.2 0.15201120
5301.0 0.14963594
5304.8 0.14949214
5308.6 0.14934853
5312.4 0.14920513
5316.2 0.15325774
5320.0 0.14981331
5323.8 0.15809660
5327.6 0.14975856
5331.4 0.14977787
5335.2 0.14834931
5339.0 0.14820744
5342.8 0.15881105
5346.6 0.16480583
5350.4 0.15911025
5354.2 0.17096719
5358.0 0.15810585
5361.8 0.17793189
5365.6 0.16752127
5369.4 0.15481721
5373.2 0.17232785
5377.0 0.16055904
5380.8 0.15661269
5384.6 0.15794434
5388.4 0.15297644
5392.2 0.15083830
5396.0 0.14610437
5399.8 0.14596583
5403.6 0.14808407
5407.4 0.15365903
5411.2 0.14555147
5415.0 0.14541380
5418.8 0.14527634
5422.6 0.14513905
5426.4 0.15964755
5430.2 0.14831732
5434.0 0.14472842
5437.8 0.14459199
5441.6 0.14705244
5445.4 0.14607976
5449.2 0.14418377
5453.0 0.14404820
5456.8 0.14815672
5460.6 0.15277390
5464.4 0.16125928
5468.2 0.14350763
5472.0 0.15879121
5475.8 0.14365250
5479.6 0.15043892
5483.4 0.14297035
5487.2 0.15266784
5491.0 0.14867456
5494.8 0.14839192
5498.6 0.15135880
5502.4 0.15843710
5506.2 0.15096030
5510.0 0.14203791
5513.8 0.15162759
5517.6 0.16788457
5521.4 0.14164132
5525.2 0.14150952
5529.0 0.14178427
5532.8 0.14124647
5536.6 0.14111528
5540.4 0.14098427
5544.2 0.15480667
5548.0 0.15081713
5551.8 0.14059244
5555.6 0.14046222
5559.4 0.14801227
5563.2 0.15841015
5567.0 0.14007275
5570.8 0.14126249
5574.6 0.17268541
5578.4 0.14852057
5582.2 0.14725468
5586.0 0.13942754
5589.8 0.15845087
5593.6 0.16936468
5597.4 0.16180351
5601.2 0.17798920
5605.0 0.17426935
5608.8 0.18367895
5612.6 0.15966535
5616.4 0.16568829
5620.2 0.20407732
5624.0 0.18305537
5627.8 0.17568919
5631.6 0.15903847
5635.4 0.15370202
5639.2 0.19000991
5643.0 0.18125881
5646.8 0.17537130
5650.6 0.16336045
5654.4 0.14618205
5658.2 0.16521719
5662.0 0.13689534
5665.8 0.13677074
5669.6 0.13664632
5673.4 0.13652213
5677.2 0.13639812
5681.0 0.13627428
5684.8 0.13615066
5688.6 0.13602716
5692.4 0.13590391
5696.2 0.13578083
5700.0 0.13565795
5703.8 0.13553524
5707.6 0.13541274
5711.4 0.13529040
5715.2 0.13516831
5719.0 0.13504635
5722.8 0.13492459
5726.6 0.13480301
5730.4 0.13468161
5734.2 0.13456044
5738.0 0.13443942
5741.8 0.13431859
5745.6 0.13419798
5749.4 0.13407752
5753.2 0.13395724
5757.0 0.13383712
5760.8 0.13371724
5764.6 0.13359755
5768.4 0.13347799
5772.2 0.13335864
5776.0 0.13323952
5779.8 0.13312054
5783.6 0.13300173
5787.4 0.13288312
5791.2 0.13276468
5795.0 0.13264644
5798.8 0.13252841
5802.6 0.13241054
5806.4 0.13229287
5810.2 0.13217533
5814.0 0.13205801
5817.8 0.13194087
5821.6 0.13182388
5825.4 0.13170710
5829.2 0.13159050
5833.0 0.13147409
5836.8 0.13135786
5840.6 0.13124178
5844.4 0.13112591
5848.2 0.13101023
5852.0 0.13089471
5855.8 0.13077936
5859.6 0.13066421
5863.4 0.13054922
5867.2 0.13043445
5871.0 0.13031979
5874.8 0.13020532
5878.6 0.13009110
5882.4 0.12997715
5886.2 0.12986314
5890.0 0.12974937
5893.8 0.12963587
5897.6 0.12952253
5901.4 0.12940921
5905.2 0.12929614
5909.0 0.12918355
5912.8 0.12907067
5916.6 0.12895826
5920.4 0.12884606
5924.2 0.12873390
5928.0 0.12862195
5931.8 0.12851018
5935.6 0.12839845
5939.4 0.12828720
5943.2 0.12817587
5947.0 0.12806480
5950.8 0.12795375
5954.6 0.12784308
5958.4 0.12773249
5962.2 0.12762208
5966.0 0.12751186
5969.8 0.12740192
5973.6 0.12729216
5977.4 0.12718244
5981.2 0.12707289
5985.0 0.12696359
5988.8 0.12685448
5992.6 0.12674537
5996.4 0.12663651
