300.0 0.0
350.0 0.0000000
353.5 0.0000000
357.0 0.0000000
360.5 0.0000000
364.0 0.0000000
367.5 0.0000000
371.0 0.0000000
374.5 0.0000000
378.0 0.0000000
381.5 0.0000000
385.0 0.0000000
388.5 0.0000000
392.0 0.0000000
395.5 0.0000000
399.0 0.0000000
402.5 0.0000000
406.0 0.0000000
409.5 0.0000000
413.0 0.0000000
416.5 0.0000000
420.0 0.0000000
423.5 0.0000000
427.0 0.0000000
430.5 0.0000000
434.0 0.0000000
437.5 0.0000000
441.0 0.0000000
444.5 0.0000000
448.0 0.0000000
451.5 0.0000000
455.0 0.0000000
458.5 0.0000000
462.0 0.0000000
465.5 0.0000000
469.0 0.0000000
472.5 0.0000000
476.0 0.0000000
479.5 0.0000000
483.0 0.0000000
486.5 0.0000000
490.0 0.0000000
493.5 0.0000000
497.0 0.0000000
500.5 0.0000000
504.0 0.0000000
507.5 0.0000000
511.0 0.0000000
514.5 0.0000000
518.0 0.0000000
521.5 0.0000000
525.0 0.0000000
528.5 0.0000000
532.0 0.0000000
535.5 0.0000000
539.0 0.0000000
542.5 0.0000000
546.0 0.0000000
549.5 0.0000000
553.0 0.0000000
556.5 0.0000000
560.0 0.0000000
563.5 0.0000000
567.0 0.0000000
570.5 0.0000000
574.0 0.0000000
577.5 0.0000000
581.0 0.0000000
584.5 0.0000000
588.0 0.0000000
591.5 0.0000000
595.0 0.0000000
598.5 0.0000000
602.0 0.0000000
605.5 0.0000000
609.0 0.0000000
612.5 0.0000000
616.0 0.0000000
619.5 0.0000000
623.0 0.0000000
626.5 0.0000000
630.0 0.0000000
633.5 0.0000000
637.0 0.0000000
640.5 3.60816941E-02
644.0 3.36212926E-02
647.5 3.12700011E-02
651.0 2.90240757E-02
654.5 2.68810298E-02
658.0 2.48498060E-02
661.5 2.29782183E-02
665.0 2.11365744E-02
668.5 1.92071833E-02
672.0 1.72377639E-02
675.5 1.53685929E-02
679.0 1.36808613E-02
682.5 3.66369411E-02
686.0 3.38212624E-02
689.5 3.11454497E-02
693.0 2.86126342E-02
696.5 2.62183044E-02
700.0 2.62799300E-02
703.5 2.51037404E-02
707.0 2.28101891E-02
710.5 2.22721286E-02
714.0 2.21515317E-02
717.5 2.23264843E-02
721.0 0.16929260
724.5 0.17031744
728.0 0.14264831
731.5 0.11754613
735.0 0.10907560
738.5 0.10493788
742.0 0.10400381
745.5 0.10443594
749.0 0.10053507
752.5 8.96897465E-02
756.0 8.93981457E-02
759.5 7.89559335E-02
763.0 7.09244907E-02
766.5 6.47588447E-02
770.0 6.16079457E-02
773.5 6.17419071E-02
777.0 5.84367476E-02
780.5 5.89092448E-02
784.0 6.01724759E-02
787.5 5.77272177E-02
791.0 5.00483662E-02
794.5 4.62595075E-02
798.0 3.98189351E-02
801.5 3.77718061E-02
805.0 3.52005810E-02
808.5 3.18318568E-02
812.0 2.95709632E-02
815.5 2.83674318E-02
819.0 2.73531098E-02
822.5 2.72856504E-02
826.0 2.61568949E-02
829.5 2.52913479E-02
833.0 2.48299632E-02
836.5 2.51442157E-02
840.0 2.60931794E-02
843.5 2.83970926E-02
847.0 3.19617726E-02
850.5 3.92433442E-02
854.0 2.0370424
857.5 1.6508468
861.0 1.5427918
864.5 1.5451481
868.0 1.4502354
871.5 1.1632175
875.0 1.0062338
878.5 0.94807595
882.0 0.90897024
885.5 0.85151768
889.0 0.77895916
892.5 0.73111898
896.0 0.71553558
899.5 0.71870178
903.0 0.73161495
906.5 0.73784775
910.0 0.79499507
913.5 0.80883527
917.0 0.77536553
920.5 0.70773011
924.0 0.71348840
927.5 0.70817608
931.0 0.72632027
934.5 0.73999751
938.0 0.73211706
941.5 0.70690012
945.0 0.69859475
948.5 0.72189748
952.0 0.71851772
955.5 0.73161620
959.0 0.72325104
962.5 0.74126625
966.0 0.78480774
969.5 0.83005804
973.0 0.89232010
976.5 0.91012305
980.0 0.92439657
983.5 0.84183323
987.0 0.78714776
990.5 0.74668956
994.0 0.72962582
997.5 0.72738814
1001.0 0.69549274
1004.5 0.68763530
1008.0 0.68447065
1011.5 0.68030763
1015.0 0.69344234
1018.5 0.68769693
1022.0 0.67393881
1025.5 0.69505692
1029.0 0.68392473
1032.5 0.69547570
1036.0 0.71300226
1039.5 0.72442961
1043.0 0.74296838
1046.5 0.74278247
1050.0 0.76724780
1053.5 0.78516513
1057.0 0.80519903
1060.5 0.83659244
1064.0 0.89996582
1067.5 0.98463601
1071.0 1.0818104
1074.5 1.2051773
1078.0 1.3584234
1081.5 1.4498532
1085.0 1.3173115
1088.5 1.1185921
1092.0 0.96755546
1095.5 0.88890016
1099.0 0.84961551
1102.5 0.82732606
1106.0 0.78884006
1109.5 0.78664422
1113.0 0.76355350
1116.5 0.77912569
1120.0 0.78172743
1123.5 0.77947688
1127.0 0.78845841
1130.5 0.77904820
1134.0 0.79123712
1137.5 0.80262464
1141.0 0.80432111
1144.5 0.82199681
1148.0 0.79061913
1151.5 0.78558695
1155.0 0.77571630
1158.5 0.78875488
1162.0 0.79263788
1165.5 0.78167427
1169.0 0.74244004
1172.5 0.71879864
1176.0 0.70901734
1179.5 0.69627345
1183.0 0.69774181
1186.5 0.69618756
1190.0 0.69518703
1193.5 0.70647496
1197.0 0.70458442
1200.5 0.71621639
1204.0 0.71987170
1207.5 0.71888971
1211.0 0.71095437
1214.5 0.72028118
1218.0 0.72383046
1221.5 0.74377197
1225.0 0.73215568
1228.5 0.72070742
1232.0 0.68933570
1235.5 0.70004833
1239.0 0.70362133
1242.5 0.69464684
1246.0 0.71853799
1249.5 0.72578001
1253.0 0.70710856
1256.5 0.69546932
1260.0 0.69680279
1263.5 0.69722342
1267.0 0.69732338
1270.5 0.70662081
1274.0 0.69469041
1277.5 0.69291490
1281.0 0.70220345
1284.5 0.70183784
1288.0 0.71965981
1291.5 0.71700186
1295.0 0.76383030
1298.5 0.76168400
1302.0 0.76992136
1305.5 0.75874645
1309.0 0.76088625
1312.5 0.76837319
1316.0 0.80306095
1319.5 0.86463481
1323.0 0.92069024
1326.5 0.96653181
1330.0 0.98444444
1333.5 1.0368150
1337.0 0.99221617
1340.5 0.90780163
1344.0 0.83089554
1347.5 0.77994579
1351.0 0.75634223
1354.5 0.73227841
1358.0 0.70965892
1361.5 0.69239372
1365.0 0.68775403
1368.5 0.66252857
1372.0 0.65274262
1375.5 0.64820915
1379.0 0.65512210
1382.5 0.65851343
1386.0 0.64393151
1389.5 0.64715999
1393.0 0.65116942
1396.5 0.65719831
1400.0 0.64149022
1403.5 0.64906067
1407.0 0.66479450
1410.5 0.62937051
1414.0 0.64659232
1417.5 0.65131348
1421.0 0.64732593
1424.5 0.65342391
1428.0 0.64363790
1431.5 0.63567024
1435.0 0.65389705
1438.5 0.68093359
1442.0 0.66803306
1445.5 0.68541402
1449.0 0.68024462
1452.5 0.68266672
1456.0 0.67941332
1459.5 0.68874717
1463.0 0.68736351
1466.5 0.68622357
1470.0 0.66491079
1473.5 0.65471768
1477.0 0.66381198
1480.5 0.67386913
1484.0 0.64596307
1487.5 0.67776346
1491.0 0.65477997
1494.5 0.67101955
1498.0 0.66547602
1501.5 0.67960703
1505.0 0.64807171
1508.5 0.65822184
1512.0 0.65815121
1515.5 0.67020929
1519.0 0.63757008
1522.5 0.64557070
1526.0 0.65838897
1529.5 0.62964255
1533.0 0.64186382
1536.5 0.62295663
1540.0 0.60608226
1543.5 0.60579967
1547.0 0.60551316
1550.5 0.60983229
1554.0 0.61387372
1557.5 0.61511922
1561.0 0.60685539
1564.5 0.60401946
1568.0 0.60370868
1571.5 0.60339457
1575.0 0.61123180
1578.5 0.61043769
1582.0 0.61963910
1585.5 0.62358242
1589.0 0.62353802
1592.5 0.62827420
1596.0 0.63425934
1599.5 0.64592916
1603.0 0.66060448
1606.5 0.65565032
1610.0 0.67315805
1613.5 0.68106383
1617.0 0.68696070
1620.5 0.69094318
1624.0 0.69602746
1627.5 0.70493841
1631.0 0.70868105
1634.5 0.69926739
1638.0 0.69325364
1641.5 0.67787981
1645.0 0.67631930
1648.5 0.66339231
1652.0 0.67319703
1655.5 0.66503644
1659.0 0.66085982
1662.5 0.66279846
1666.0 0.65880609
1669.5 0.66044998
1673.0 0.66199392
1676.5 0.66967642
1680.0 0.68544698
1683.5 0.67502987
1687.0 0.69938636
1690.5 0.71672833
1694.0 0.73802811
1697.5 0.73590195
1701.0 0.71506310
1704.5 0.71153104
1708.0 0.71384078
1711.5 0.69766551
1715.0 0.68471181
1718.5 0.68087190
1722.0 0.67825466
1725.5 0.69127995
1729.0 0.70538753
1732.5 0.70821977
1736.0 0.70367551
1739.5 0.70550740
1743.0 0.70113057
1746.5 0.70473731
1750.0 0.69762683
1753.5 0.69478917
1757.0 0.69566154
1760.5 0.69252348
1764.0 0.68385190
1767.5 0.67404640
1771.0 0.68041974
1774.5 0.68275815
1778.0 0.68314326
1781.5 0.67662406
1785.0 0.67145544
1788.5 0.66978323
1792.0 0.66654217
1795.5 0.66404921
1799.0 0.65845448
1802.5 0.64967173
1806.0 0.65305769
1809.5 0.65321362
1813.0 0.64608842
1816.5 0.62928408
1820.0 0.64556038
1823.5 0.64852679
1827.0 0.64469051
1830.5 0.64477205
1834.0 0.65041965
1837.5 0.63850462
1841.0 0.63882732
1844.5 0.62645620
1848.0 0.61674500
1851.5 0.59273648
1855.0 0.59009868
1858.5 0.58920377
1862.0 0.58353031
1865.5 0.59948707
1869.0 0.60832059
1872.5 0.60973179
1876.0 0.59675825
1879.5 0.60295576
1883.0 0.60570079
1886.5 0.61395675
1890.0 0.61415237
1893.5 0.62848258
1897.0 0.64685309
1900.5 0.65265143
1904.0 0.64439690
1907.5 0.66425109
1911.0 0.67322659
1914.5 0.67269880
1918.0 0.67629170
1921.5 0.70379353
1925.0 0.72120154
1928.5 0.71760714
1932.0 0.73139912
1935.5 0.71488768
1939.0 0.73291147
1942.5 0.75816584
1946.0 0.82150126
1949.5 0.89571583
1953.0 1.0110399
1956.5 1.1286798
1960.0 1.1649534
1963.5 1.1059479
1967.0 0.97973108
1970.5 0.87179524
1974.0 0.80480587
1977.5 0.77174199
1981.0 0.74570554
1984.5 0.72557682
1988.0 0.70975113
1991.5 0.69457120
1995.0 0.68977535
1998.5 0.67593366
2002.0 0.66394746
2005.5 0.65022469
2009.0 0.64250875
2012.5 0.64064139
2016.0 0.62238383
2019.5 0.62366176
2023.0 0.60823643
2026.5 0.60434294
2030.0 0.60374677
2033.5 0.57891065
2037.0 0.58766198
2040.5 0.58734894
2044.0 0.59603959
2047.5 0.61246842
2051.0 0.61828786
2054.5 0.62048560
2058.0 0.62006962
2061.5 0.62446797
2065.0 0.61603779
2068.5 0.61765230
2072.0 0.62593400
2075.5 0.61679101
2079.0 0.61897546
2082.5 0.60795736
2086.0 0.61171770
2089.5 0.59706867
2093.0 0.58712333
2096.5 0.57669514
2100.0 0.57156634
2103.5 0.55796129
2107.0 0.55241770
2110.5 0.53739899
2114.0 0.52711946
2117.5 0.52508497
2121.0 0.53015429
2124.5 0.52333939
2128.0 0.53462541
2131.5 0.53752685
2135.0 0.53932858
2138.5 0.53936726
2142.0 0.53993219
2145.5 0.55074525
2149.0 0.54514766
2152.5 0.55601776
2156.0 0.55551213
2159.5 0.55342585
2163.0 0.54750711
2166.5 0.55318880
2170.0 0.54939193
2173.5 0.56120133
2177.0 0.57553703
2180.5 0.57718533
2184.0 0.60038233
2187.5 0.60535264
2191.0 0.60520959
2194.5 0.59702826
2198.0 0.59656596
2201.5 0.57470018
2205.0 0.58755112
2208.5 0.58188009
2212.0 0.58089250
2215.5 0.58826607
2219.0 0.60388589
2222.5 0.60457867
2226.0 0.61225152
2229.5 0.61617708
2233.0 0.62106431
2236.5 0.61507046
2240.0 0.61815143
2243.5 0.60905337
2247.0 0.61602724
2250.5 0.60851920
2254.0 0.59054363
2257.5 0.59088045
2261.0 0.59823310
2264.5 0.58256090
2268.0 0.58175391
2271.5 0.58227932
2275.0 0.58202004
2278.5 0.59134591
2282.0 0.58882731
2285.5 0.57892752
2289.0 0.57787210
2292.5 0.58958244
2296.0 0.58854675
2299.5 0.58460504
2303.0 0.59539080
2306.5 0.57862318
2310.0 0.57152635
2313.5 0.56393468
2317.0 0.55856514
2320.5 0.55443001
2324.0 0.54306525
2327.5 0.54097724
2331.0 0.54741788
2334.5 0.55234623
2338.0 0.55951118
2341.5 0.57703662
2345.0 0.55746847
2348.5 0.54976791
2352.0 0.54642981
2355.5 0.54389262
2359.0 0.53762072
2362.5 0.55043381
2366.0 0.54848993
2369.5 0.55243510
2373.0 0.54733807
2376.5 0.54908901
2380.0 0.54945564
2383.5 0.56209117
2387.0 0.56545120
2390.5 0.57508272
2394.0 0.59380627
2397.5 0.61803120
2401.0 0.58892423
2404.5 0.56657284
2408.0 0.56985021
2411.5 0.56113434
2415.0 0.54069096
2418.5 0.54677820
2422.0 0.54838336
2425.5 0.53317857
2429.0 0.52959859
2432.5 0.51786244
2436.0 0.51056081
2439.5 0.52429241
2443.0 0.52284259
2446.5 0.51546901
2450.0 0.52558798
2453.5 0.51243746
2457.0 0.50422275
2460.5 0.50403708
2464.0 0.49557611
2467.5 0.48738474
2471.0 0.47800902
2474.5 0.48404366
2478.0 0.48288643
2481.5 0.46894705
2485.0 0.47309011
2488.5 0.48072836
2492.0 0.48394516
2495.5 0.47481766
2499.0 0.48352164
2502.5 0.49557745
2506.0 0.48629254
2509.5 0.49688801
2513.0 0.48266119
2516.5 0.48381603
2520.0 0.47666821
2523.5 0.48282751
2527.0 0.48567969
2530.5 0.47614107
2534.0 0.48934677
2537.5 0.48111999
2541.0 0.47686377
2544.5 0.48106143
2548.0 0.47065523
2551.5 0.47582158
2555.0 0.47204325
2558.5 0.47518557
2562.0 0.47832617
2565.5 0.47192052
2569.0 0.46787819
2572.5 0.46657181
2576.0 0.46442765
2579.5 0.46161407
2583.0 0.46192628
2586.5 0.46838540
2590.0 0.46770787
2593.5 0.46726638
2597.0 0.45832530
2600.5 0.46006200
2604.0 0.47941738
2607.5 0.54040480
2611.0 0.56141496
2614.5 0.47449744
2618.0 0.45770878
2621.5 0.45764428
2625.0 0.45223260
2628.5 0.46849635
2632.0 0.45542660
2635.5 0.44545868
2639.0 0.44857180
2642.5 0.44352767
2646.0 0.43771508
2649.5 0.43315378
2653.0 0.42783514
2656.5 0.40462783
2660.0 0.41122523
2663.5 0.40355021
2667.0 0.42121106
2670.5 0.42023736
2674.0 0.41577262
2677.5 0.41167527
2681.0 0.40867451
2684.5 0.41916496
2688.0 0.41064253
2691.5 0.41755131
2695.0 0.42394909
2698.5 0.43099159
2702.0 0.44817403
2705.5 0.48243880
2709.0 0.50260955
2712.5 0.45176741
2716.0 0.42222315
2719.5 0.43739828
2723.0 0.44094762
2726.5 0.41799417
2730.0 0.40910086
2733.5 0.40974823
2737.0 0.40259898
2740.5 0.40026566
2744.0 0.39288247
2747.5 0.38155401
2751.0 0.36898726
2754.5 0.36646137
2758.0 0.37765941
2761.5 0.38897470
2765.0 0.39014158
2768.5 0.39455163
2772.0 0.40432808
2775.5 0.40471447
2779.0 0.40227088
2782.5 0.38892332
2786.0 0.39061037
2789.5 0.38862568
2793.0 0.37255105
2796.5 0.37735453
2800.0 0.36475283
2803.5 0.36481932
2807.0 0.35855010
2810.5 0.36640677
2814.0 0.37111640
2817.5 0.36440691
2821.0 0.35300913
2824.5 0.35267910
2828.0 0.35109177
2831.5 0.34700400
2835.0 0.35760412
2838.5 0.35013670
2842.0 0.35918039
2845.5 0.36637214
2849.0 0.38875619
2852.5 0.38281769
2856.0 0.38061979
2859.5 0.39749253
2863.0 0.40311301
2866.5 0.41723430
2870.0 0.44373533
2873.5 0.43081239
2877.0 0.40933973
2880.5 0.40735444
2884.0 0.38920024
2887.5 0.37952709
2891.0 0.37563264
2894.5 0.36940029
2898.0 0.35712743
2901.5 0.34343928
2905.0 0.33949322
2908.5 0.34113270
2912.0 0.35062322
2915.5 0.34786162
2919.0 0.34565538
2922.5 0.35332271
2926.0 0.34117755
2929.5 0.33691528
2933.0 0.34316707
2936.5 0.33535889
2940.0 0.33178827
2943.5 0.33131233
2947.0 0.33083743
2950.5 0.33239135
2954.0 0.33517882
2957.5 0.33368644
2961.0 0.33248383
2964.5 0.35111237
2968.0 0.34903979
2971.5 0.35439885
2975.0 0.34812307
2978.5 0.33977726
2982.0 0.33437866
2985.5 0.34940749
2989.0 0.34923273
2992.5 0.34677914
2996.0 0.36285195
2999.5 0.35326308
3003.0 0.36473286
3006.5 0.38463360
3010.0 0.37803996
3013.5 0.38582954
3017.0 0.39295515
3020.5 0.40909493
3024.0 0.43509525
3027.5 0.43995997
3031.0 0.46438068
3034.5 0.50271153
3038.0 0.52141678
3041.5 0.52371657
3045.0 0.48704720
3048.5 0.47842544
3052.0 0.47370544
3055.5 0.45078868
3059.0 0.43045622
3062.5 0.39427871
3066.0 0.38611278
3069.5 0.37080321
3073.0 0.36337185
3076.5 0.37264147
3080.0 0.36253497
3083.5 0.35642266
3087.0 0.35684079
3090.5 0.34855580
3094.0 0.34615099
3097.5 0.34440243
3101.0 0.32319215
3104.5 0.33430365
3108.0 0.33263934
3111.5 0.34116906
3115.0 0.33382359
3118.5 0.33241397
3122.0 0.34743795
3125.5 0.35251254
3129.0 0.36587077
3132.5 0.36062521
3136.0 0.35793027
3139.5 0.34455213
3143.0 0.36357489
3146.5 0.36443576
3150.0 0.36673149
3153.5 0.36415097
3157.0 0.37790832
3160.5 0.39405635
3164.0 0.39127484
3167.5 0.37528083
3171.0 0.36645585
3174.5 0.35762241
3178.0 0.36015776
3181.5 0.38671175
3185.0 0.37624881
3188.5 0.37170270
3192.0 0.38615322
3195.5 0.38295510
3199.0 0.35468829
3202.5 0.37384728
3206.0 0.38874567
3209.5 0.37206554
3213.0 0.36500484
3216.5 0.37080550
3220.0 0.35699606
3223.5 0.34871837
3227.0 0.34988785
3230.5 0.36106676
3234.0 0.37420094
3237.5 0.37400538
3241.0 0.36656040
3244.5 0.37114665
3248.0 0.36010873
3251.5 0.36611480
3255.0 0.35506320
3258.5 0.37369302
3262.0 0.35173526
3265.5 0.36316851
3269.0 0.34805885
3272.5 0.35132542
3276.0 0.35406274
3279.5 0.36573446
3283.0 0.33358571
3286.5 0.33287811
3290.0 0.31296962
3293.5 0.30902272
3297.0 0.30470565
3300.5 0.31215927
3304.0 0.31114137
3307.5 0.31021470
3311.0 0.30465236
3314.5 0.30927193
3318.0 0.31245354
3321.5 0.30589300
3325.0 0.29563138
3328.5 0.29826358
3332.0 0.29947555
3335.5 0.29791072
3339.0 0.30254787
3342.5 0.30638736
3346.0 0.31190807
3349.5 0.31072474
3353.0 0.30827519
3356.5 0.31427017
3360.0 0.32328376
3363.5 0.32348743
3367.0 0.32645291
3370.5 0.33867010
3374.0 0.35862651
3377.5 0.36029583
3381.0 0.38724732
3384.5 0.39081243
3388.0 0.40387434
3391.5 0.43404049
3395.0 0.45189950
3398.5 0.50557613
3402.0 0.55145937
3405.5 0.53402245
3409.0 0.49811414
3412.5 0.46256122
3416.0 0.43756163
3419.5 0.41580379
3423.0 0.38834539
3426.5 0.38141185
3430.0 0.37762734
3433.5 0.36447853
3437.0 0.34415245
3440.5 0.35441652
3444.0 0.34285325
3447.5 0.33759230
3451.0 0.33188826
3454.5 0.32295328
3458.0 0.31942707
3461.5 0.32773060
3465.0 0.32779580
3468.5 0.38679281
3472.0 0.42281756
3475.5 0.35342696
3479.0 0.31388792
3482.5 0.30557573
3486.0 0.30300733
3489.5 0.29555219
3493.0 0.31476843
3496.5 0.34387493
3500.0 0.41788781
3503.5 0.58872771
3507.0 0.58735317
3510.5 0.39496273
3514.0 0.33248976
3517.5 0.31257364
3521.0 0.30398294
3524.5 0.29680794
3528.0 0.29110149
3531.5 0.29128391
3535.0 0.28921548
3538.5 0.28961742
3542.0 0.28921586
3545.5 0.28448689
3549.0 0.28131458
3552.5 0.28130114
3556.0 0.27053517
3559.5 0.26496392
3563.0 0.27659917
3566.5 0.27410427
3570.0 0.27750182
3573.5 0.26630735
3577.0 0.26847360
3580.5 0.26471838
3584.0 0.27395046
3587.5 0.26913011
3591.0 0.26219097
3594.5 0.26819476
3598.0 0.26651576
3601.5 0.27462822
3605.0 0.27604717
3608.5 0.28710207
3612.0 0.29330400
3615.5 0.28916818
3619.0 0.28080380
3622.5 0.29315180
3626.0 0.28101805
3629.5 0.27404583
3633.0 0.27458879
3636.5 0.29007754
3640.0 0.28465065
3643.5 0.26965570
3647.0 0.27318889
3650.5 0.27569780
3654.0 0.28032327
3657.5 0.27577263
3661.0 0.27838612
3664.5 0.27728948
3668.0 0.27881271
3671.5 0.26863283
3675.0 0.27318066
3678.5 0.28204447
3682.0 0.26848346
3685.5 0.27606440
3689.0 0.27717397
3692.5 0.27513626
3696.0 0.27552509
3699.5 0.27750605
3703.0 0.27568996
3706.5 0.28628546
3710.0 0.27328953
3713.5 0.26753539
3717.0 0.29254851
3720.5 0.27307531
3724.0 0.28577110
3727.5 0.27854368
3731.0 0.27024180
3734.5 0.26640773
3738.0 0.26337242
3741.5 0.27125418
3745.0 0.25706533
3748.5 0.25932866
3752.0 0.26196018
3755.5 0.25911263
3759.0 0.24693644
3762.5 0.25145257
3766.0 0.25750509
3769.5 0.25694820
3773.0 0.24912250
3776.5 0.25002578
3780.0 0.24790932
3783.5 0.24309723
3787.0 0.24793530
3790.5 0.25296265
3794.0 0.25124466
3797.5 0.24509633
3801.0 0.24151826
3804.5 0.23789999
3808.0 0.24613750
3811.5 0.23730291
3815.0 0.25332376
3818.5 0.23876223
3822.0 0.23983270
3825.5 0.23611523
3829.0 0.23581970
3832.5 0.23552467
3836.0 0.23523015
3839.5 0.24059723
3843.0 0.24162605
3846.5 0.24716362
3850.0 0.24111483
3853.5 0.24181615
3857.0 0.23347440
3860.5 0.23318358
3864.0 0.23980454
3867.5 0.24688144
3871.0 0.24269116
3874.5 0.23675245
3878.0 0.24605136
3881.5 0.24997707
3885.0 0.23742139
3888.5 0.24009442
3892.0 0.23059012
3895.5 0.23030455
3899.0 0.23492257
3902.5 0.23103674
3906.0 0.25255996
3909.5 0.24109922
3913.0 0.23451404
3916.5 0.26182011
3920.0 0.25833213
3923.5 0.24665995
3927.0 0.24214822
3930.5 0.23117368
3934.0 0.23085213
3937.5 0.22691755
3941.0 0.23433994
3944.5 0.22636014
3948.0 0.22745682
3951.5 0.22580472
3955.0 0.22764064
3958.5 0.22525124
3962.0 0.22650082
3965.5 0.22566766
3969.0 0.22442476
3972.5 0.23223858
3976.0 0.22880343
3979.5 0.22360286
3983.0 0.22332977
3986.5 0.22305727
3990.0 0.22278522
3993.5 0.22251366
3997.0 0.22224261
4000.5 0.22197199
4004.0 0.22654635
4007.5 0.22143224
4011.0 0.22180508
4014.5 0.22089443
4018.0 0.22190015
4021.5 0.22043253
4025.0 0.22009116
4028.5 0.22223760
4032.0 0.22534963
4035.5 0.22643887
4039.0 0.22434290
4042.5 0.22397541
4046.0 0.22334486
4049.5 0.22027843
4053.0 0.22210921
4056.5 0.22067204
4060.0 0.22026137
4063.5 0.22518128
4067.0 0.23506312
4070.5 0.22354642
4074.0 0.23131585
4077.5 0.22685999
4081.0 0.23389128
4084.5 0.22842623
4088.0 0.23585528
4091.5 0.23210816
4095.0 0.23318298
4098.5 0.23998302
4102.0 0.23418163
4105.5 0.23867440
4109.0 0.24656738
4112.5 0.26549566
4116.0 0.25944382
4119.5 0.25445816
4123.0 0.25586253
4126.5 0.23332922
4130.0 0.22943887
4133.5 0.24014312
4137.0 0.23591521
4140.5 0.22772326
4144.0 0.22897959
4147.5 0.23025995
4151.0 0.23058231
4154.5 0.22654246
4158.0 0.23103487
4161.5 0.23580693
4165.0 0.22131924
4168.5 0.22370468
4172.0 0.22218725
4175.5 0.22933787
4179.0 0.21637811
4182.5 0.21872132
4186.0 0.21815008
4189.5 0.21739286
4193.0 0.21898030
4196.5 0.21857075
4200.0 0.21806146
4203.5 0.22006291
4207.0 0.21653104
4210.5 0.21475315
4214.0 0.21101114
4217.5 0.21086508
4221.0 0.20745355
4224.5 0.21151061
4228.0 0.21199545
4231.5 0.21446447
4235.0 0.21623023
4238.5 0.20801941
4242.0 0.21251817
4245.5 0.21892968
4249.0 0.21640582
4252.5 0.21859272
4256.0 0.22261071
4259.5 0.21899410
4263.0 0.22064839
4266.5 0.21631666
4270.0 0.22722106
4273.5 0.20895772
4277.0 0.20203887
4280.5 0.20513175
4284.0 0.20242169
4287.5 0.20354699
4291.0 0.20386165
4294.5 0.20789815
4298.0 0.21177554
4301.5 0.20219068
4305.0 0.20790735
4308.5 0.21356441
4312.0 0.20572796
4315.5 0.20232700
4319.0 0.19924493
4322.5 0.19901474
4326.0 0.19988857
4329.5 0.21172117
4333.0 0.20175049
4336.5 0.20297158
4340.0 0.19786966
4343.5 0.19839673
4347.0 0.19825654
4350.5 0.20151147
4354.0 0.19950879
4357.5 0.20408992
4361.0 0.20480618
4364.5 0.20018837
4368.0 0.19884203
4371.5 0.19857448
4375.0 0.20433320
4378.5 0.20308863
4382.0 0.19883244
4385.5 0.19741955
4389.0 0.19592930
4392.5 0.19501427
4396.0 0.19665998
4399.5 0.19840917
4403.0 0.20499572
4406.5 0.20784540
4410.0 0.21181071
4413.5 0.21857874
4417.0 0.20987271
4420.5 0.19961959
4424.0 0.20030317
4427.5 0.19826591
4431.0 0.19520514
4434.5 0.19828151
4438.0 0.20421402
4441.5 0.20639552
4445.0 0.20000438
4448.5 0.20159523
4452.0 0.20464362
4455.5 0.20837261
4459.0 0.21156749
4462.5 0.20117494
4466.0 0.20319946
4469.5 0.20700340
4473.0 0.20765503
4476.5 0.20327246
4480.0 0.20294352
4483.5 0.20598936
4487.0 0.20583315
4490.5 0.20362204
4494.0 0.20865555
4497.5 0.20655148
4501.0 0.20950024
4504.5 0.21454793
4508.0 0.21158400
4511.5 0.21777739
4515.0 0.21432179
4518.5 0.22891174
4522.0 0.23063913
4525.5 0.23671179
4529.0 0.24340957
4532.5 0.24245746
4536.0 0.24744600
4539.5 0.26136327
4543.0 0.26284978
4546.5 0.27433875
4550.0 0.28705037
4553.5 0.30470809
4557.0 0.32515272
4560.5 0.34982067
4564.0 0.38379225
4567.5 0.42622417
4571.0 0.47815925
4574.5 0.53935862
4578.0 0.63244593
4581.5 0.74317646
4585.0 0.88265765
4588.5 1.0233536
4592.0 1.2039229
4595.5 1.2374023
4599.0 1.0583273
4602.5 0.88096511
4606.0 0.80159366
4609.5 0.75508690
4613.0 0.65397078
4616.5 0.55176920
4620.0 0.49714211
4623.5 0.45351404
4627.0 0.41361928
4630.5 0.38322324
4634.0 0.36464351
4637.5 0.34145021
4641.0 0.31794798
4644.5 0.29842240
4648.0 0.27880338
4651.5 0.26202968
4655.0 0.25674483
4658.5 0.25149867
4662.0 0.23887907
4665.5 0.23736371
4669.0 0.23293684
4672.5 0.23322646
4676.0 0.23736091
4679.5 0.23672149
4683.0 0.23181719
4686.5 0.22432339
4690.0 0.23555112
4693.5 0.24162921
4697.0 0.24657620
4700.5 0.27156654
4704.0 0.27018905
4707.5 0.25191081
4711.0 0.25447309
4714.5 0.25757250
4718.0 0.25019717
4721.5 0.23092552
4725.0 0.21216226
4728.5 0.21010044
4732.0 0.20480001
4735.5 0.19860521
4739.0 0.19738263
4742.5 0.19189917
4746.0 0.18346472
4749.5 0.18246406
4753.0 0.18337797
4756.5 0.18307443
4760.0 0.17455821
4763.5 0.17294222
4767.0 0.17275715
4770.5 0.17830604
4774.0 0.18534394
4777.5 0.17801982
4781.0 0.17544761
4784.5 0.17495045
4788.0 0.17165029
4791.5 0.17146698
4795.0 0.17128395
4798.5 0.18286452
4802.0 0.17591409
4805.5 0.17718506
4809.0 0.17055492
4812.5 0.17037342
4816.0 0.17349012
4819.5 0.17906365
4823.0 0.17768006
4826.5 0.17351161
4830.0 0.17527357
4833.5 0.17544287
4837.0 0.17415054
4840.5 0.16893236
4844.0 0.16875359
4847.5 0.16857508
4851.0 0.16995671
4854.5 0.16821903
4858.0 0.16804144
4861.5 0.16786416
4865.0 0.17184457
4868.5 0.16751045
4872.0 0.16733406
4875.5 0.16715795
4879.0 0.16946959
4882.5 0.16680659
4886.0 0.16663137
4889.5 0.16645642
4893.0 0.16628177
4896.5 0.17078300
4900.0 0.16692983
4903.5 0.17614385
4907.0 0.16683921
4910.5 0.16684598
4914.0 0.16524002
4917.5 0.16506740
4921.0 0.17686167
4924.5 0.18352170
4928.0 0.17716375
4931.5 0.19034937
4935.0 0.17601453
4938.5 0.19806895
4942.0 0.18646383
4945.5 0.17230822
4949.0 0.19178049
4952.5 0.17866768
4956.0 0.17426114
4959.5 0.17572761
4963.0 0.17018563
4966.5 0.16779247
4970.0 0.16251244
4973.5 0.16234435
4977.0 0.16468611
4980.5 0.17087142
4984.0 0.16184181
4987.5 0.16167487
4991.0 0.16150822
4994.5 0.16134183
4998.0 0.17745489
5001.5 0.16484682
5005.0 0.16084428
5008.5 0.16067903
5012.0 0.16339938
5015.5 0.16230485
5019.0 0.16018477
5022.5 0.16002065
5026.0 0.16457087
5029.5 0.16968532
5033.0 0.17909493
5036.5 0.15936655
5040.0 0.17632435
5043.5 0.15950075
5047.0 0.16702193
5050.5 0.15871687
5054.0 0.16946831
5057.5 0.16502190
5061.0 0.16469450
5064.5 0.16797341
5068.0 0.17581415
5071.5 0.16750348
5075.0 0.15759036
5078.5 0.16821618
5082.0 0.18623641
5085.5 0.15711154
5089.0 0.15695249
5092.5 0.15724435
5096.0 0.15663512
5099.5 0.15647687
5103.0 0.15631881
5106.5 0.17163073
5110.0 0.16719401
5113.5 0.15584640
5117.0 0.15568943
5120.5 0.16404469
5124.0 0.17555468
5127.5 0.15522012
5131.0 0.15652589
5134.5 0.19132869
5138.0 0.16454178
5141.5 0.16312625
5145.0 0.15444311
5148.5 0.17550111
5152.0 0.18757434
5155.5 0.17918593
5159.0 0.19709474
5162.5 0.19296026
5166.0 0.20336293
5169.5 0.17676188
5173.0 0.18341523
5176.5 0.22589363
5180.0 0.20260839
5183.5 0.19444010
5187.0 0.17599843
5190.5 0.17007953
5194.0 0.21023966
5197.5 0.20054115
5201.0 0.19401214
5204.5 0.18071049
5208.0 0.16169502
5211.5 0.18273596
5215.0 0.15139922
5218.5 0.15124968
5222.0 0.15110035
5225.5 0.15095136
5229.0 0.15080257
5232.5 0.15065400
5236.0 0.15050575
5239.5 0.15035766
5243.0 0.15020987
5246.5 0.15006229
5250.0 0.14991501
5253.5 0.14976794
5257.0 0.14962113
5260.5 0.14947455
5264.0 0.14932826
5267.5 0.14918219
5271.0 0.14903633
5274.5 0.14889075
5278.0 0.14874539
5281.5 0.14860031
5285.0 0.14845544
5288.5 0.14831083
5292.0 0.14816648
5295.5 0.14802234
5299.0 0.14787842
5302.5 0.14773475
5306.0 0.14759137
5309.5 0.14744821
5313.0 0.14730524
5316.5 0.14716257
5320.0 0.14702015
5323.5 0.14687791
5327.0 0.14673595
5330.5 0.14659420
5334.0 0.14645271
5337.5 0.14631143
5341.0 0.14617045
5344.5 0.14602968
5348.0 0.14588915
5351.5 0.14574879
5355.0 0.14560872
5358.5 0.14546888
5362.0 0.14532927
5365.5 0.14518991
5369.0 0.14505076
5372.5 0.14491189
5376.0 0.14477320
5379.5 0.14463477
5383.0 0.14449659
5386.5 0.14435863
5390.0 0.14422087
5393.5 0.14408335
5397.0 0.14394611
5400.5 0.14380904
5404.0 0.14367227
5407.5 0.14353564
5411.0 0.14339925
5414.5 0.14326319
5418.0 0.14312740
5421.5 0.14299166
5425.0 0.14285620
5428.5 0.14272104
5432.0 0.14258608
5435.5 0.14245123
5439.0 0.14231667
5442.5 0.14218259
5446.0 0.14204834
5449.5 0.14191456
5453.0 0.14178103
5456.5 0.14164765
5460.0 0.14151450
5463.5 0.14138155
5467.0 0.14124873
5470.5 0.14111640
5474.0 0.14098409
5477.5 0.14085203
5481.0 0.14072011
5484.5 0.14058857
5488.0 0.14045718
5491.5 0.14032602
5495.0 0.14019507
5498.5 0.14006446
5502.0 0.13993406
5505.5 0.13980378
5509.0 0.13967372
5512.5 0.13954392
5516.0 0.13941438
5519.5 0.13928492
5523.0 0.13915575
5526.5 0.13902695
5530.0 0.13889809
5533.5 0.13876967
5537.0 0.13864146
5540.5 0.13851337
5544.0 0.13838553
5547.5 0.13825792
5551.0 0.13813038
5554.5 0.13800335
5558.0 0.13787630
5561.5 0.13774957
5565.0 0.13762303
5568.5 0.13749675
5572.0 0.13737059
5575.5 0.13724481
5579.0 0.13711916
5582.5 0.13699372
5586.0 0.13686837
5589.5 0.13674341
5593.0 0.13661857
5596.5 0.13649395
5600.0 0.13636957
5603.5 0.13624546
5607.0 0.13612141
5610.5 0.13599777
5614.0 0.13587424
5617.5 0.13575095
5621.0 0.13562770
5624.5 0.13550487
5628.0 0.13538212
5631.5 0.13525981
5635.0 0.13513753
5638.5 0.13501535
5642.0 0.13489357
5645.5 0.13477187
5649.0 0.13465059
5652.5 0.13452937
5656.0 0.13440822
5659.5 0.13428749
5663.0 0.13416699
5666.5 0.13404660
5670.0 0.13392636
5673.5 0.13380642
5677.0 0.13368672
5680.5 0.13356708
5684.0 0.13344771
5687.5 0.13332872
5691.0 0.13320976
5694.5 0.13309091
5698.0 0.13297248
5701.5 0.13285410
5705.0 0.13273610
5708.5 0.13261820
5712.0 0.13250037
5715.5 0.13238296
5719.0 0.13226570
5722.5 0.13214861
5726.0 0.13203168
5729.5 0.13191500
5733.0 0.13179858
5736.5 0.13168222
5740.0 0.13156626
5743.5 0.13145033
5747.0 0.13133466
5750.5 0.13121922
5754.0 0.13110399
5757.5 0.13098887
5761.0 0.13087416
5764.5 0.13075945
5768.0 0.13064498
5771.5 0.13053077
5775.0 0.13041663
5778.5 0.13030286
5782.0 0.13018914
5785.5 0.13007565
5789.0 0.12996243
5792.5 0.12984940
5796.0 0.12973644
5799.5 0.12962388
5803.0 0.12951140
5806.5 0.12939911
5810.0 0.12928706
5813.5 0.12917510
5817.0 0.12906350
5820.5 0.12895195
5824.0 0.12884080
5827.5 0.12872972
5831.0 0.12861869
5834.5 0.12850806
5838.0 0.12839764
5841.5 0.12828727
5845.0 0.12817715
5848.5 0.12806724
5852.0 0.12795755
5855.5 0.12784807
5859.0 0.12773867
5862.5 0.12762949
5866.0 0.12752053
5869.5 0.12741180
5873.0 0.12730329
5876.5 0.12719499
5880.0 0.12708671
5883.5 0.12697884
5887.0 0.12687106
5890.5 0.12676348
5894.0 0.12665609
5897.5 0.12654881
5901.0 0.12644188
5904.5 0.12633498
5908.0 0.12622832
5911.5 0.12612188
5915.0 0.12601568
5918.5 0.12590967
5922.0 0.12580371
5925.5 0.12569797
5929.0 0.12559262
5932.5 0.12548730
5936.0 0.12538207
5939.5 0.12527719
5943.0 0.12517254
5946.5 0.12506790
5950.0 0.12496353
5953.5 0.12485934
5957.0 0.12475535
5960.5 0.12465162
5964.0 0.12454794
5967.5 0.12444459
5971.0 0.12434132
5974.5 0.12423826
5978.0 0.12413540
5981.5 0.12403279
5985.0 0.12393019
5988.5 0.12382797
5992.0 0.12372579
5995.5 0.12362385
5999.0 0.12352210
