300.0 0.0
430.0 0.0000000
434.3 0.0000000
438.6 0.0000000
442.9 0.0000000
447.2 0.0000000
451.5 0.0000000
455.8 0.0000000
460.1 0.0000000
464.4 0.0000000
468.7 0.0000000
473.0 0.0000000
477.3 0.0000000
481.6 0.0000000
485.9 0.0000000
490.2 0.0000000
494.5 0.0000000
498.8 0.0000000
503.1 0.0000000
507.4 0.0000000
511.7 0.0000000
516.0 0.0000000
520.3 0.0000000
524.6 0.0000000
528.9 0.0000000
533.2 0.0000000
537.5 0.0000000
541.8 0.0000000
546.1 0.0000000
550.4 0.0000000
554.70005 0.0000000
559.00005 0.0000000
563.30005 0.0000000
567.60005 0.0000000
571.90005 0.0000000
576.20005 0.0000000
580.50005 0.0000000
584.80005 0.0000000
589.10005 0.0000000
593.40005 0.0000000
597.70005 0.0000000
602.00005 0.0000000
606.30005 0.0000000
610.60005 0.0000000
614.90005 0.0000000
619.20005 0.0000000
623.50005 0.0000000
627.80005 0.0000000
632.10005 0.0000000
636.40005 0.0000000
640.70005 0.0000000
645.00005 0.0000000
649.30005 0.0000000
653.60005 0.0000000
657.90005 0.0000000
662.20005 0.0000000
666.50005 0.0000000
670.80005 0.0000000
675.10005 0.0000000
679.40005 0.0000000
683.70005 0.0000000
688.00005 0.0000000
692.30005 0.0000000
696.60005 0.0000000
700.90005 0.0000000
705.20005 0.0000000
709.50005 0.0000000
713.80005 0.0000000
718.10005 0.0000000
722.40005 0.0000000
726.70005 0.0000000
731.00005 0.0000000
735.30005 0.0000000
739.60005 0.0000000
743.90005 0.0000000
748.20005 0.0000000
752.50005 0.0000000
756.80005 0.0000000
761.10005 0.0000000
765.40005 0.0000000
769.70005 0.0000000
774.00005 0.0000000
778.30005 0.0000000
782.60005 0.0000000
786.90005 2.12749859E-04
791.20005 1.45058468E-04
795.50005 9.51845868E-05
799.80005 6.08516275E-05
804.10005 3.84313280E-05
808.40005 2.39436522E-05
812.70005 1.46727762E-05
817.00005 8.83902976E-06
821.3 5.23224480E-06
825.6 3.04174796E-06
829.9 1.73549176E-06
834.2 9.71530540E-07
838.5 9.39364400E-05
842.8 6.18339400E-05
847.1 4.01484103E-05
851.4 2.56884396E-05
855.7 1.61938697E-05
860.0 1.10295759E-05
864.3 7.06376477E-06
868.6 4.24786549E-06
872.9 2.70733904E-06
877.2 1.73257979E-06
881.5 1.10760425E-06
885.8 1.24784289E-02
890.1 1.02962404E-02
894.4 7.02782208E-03
898.7 4.68709320E-03
903.0 3.49487085E-03
907.3 2.68281810E-03
911.6 2.10560835E-03
915.9 1.66151999E-03
920.2 1.24735537E-03
924.5 8.60655215E-04
928.8 6.58068457E-04
933.1 4.42129531E-04
937.4 2.99427018E-04
941.7 2.04329495E-04
946.0 1.43944446E-04
950.3 1.05780724E-04
954.6 7.27418519E-05
958.9 5.26714102E-05
963.2 3.80948441E-05
967.5 2.57437805E-05
971.8 1.57792419E-05
976.1 1.03841403E-05
980.4 6.36577670E-06
984.7 4.26321731E-06
989.0 2.76527703E-06
993.3 1.72235434E-06
997.6 1.09024609E-06
1001.9 7.05254138E-07
1006.2 4.53640126E-07
1010.5 2.96687148E-07
1014.8 1.73869708E-07
1019.1 1.07484077E-07
1023.4 8.22273449E-08
1027.7 7.86159404E-08
1032.0 8.48218562E-08
1036.3 9.91721762E-08
1040.6 1.27950869E-07
1044.9 1.83407849E-07
1049.2 9.9542027
1053.5 8.0277100
1057.8 7.4660311
1062.1 7.4415679
1066.4 6.9511924
1070.7 5.5491619
1075.0 4.7777705
1079.3 4.4806800
1083.6 4.2760625
1087.9 3.9874136
1092.2 3.6310704
1096.5 3.3926952
1100.8 3.3054790
1105.1001 3.3053503
1109.4001 3.3498964
1113.7001 3.3636057
1118.0001 3.6083744
1122.3001 3.6553223
1126.6001 3.4890699
1130.9001 3.1711595
1135.2001 3.1834219
1139.5001 3.1464763
1143.8001 3.2136383
1148.1001 3.2606118
1152.4001 3.2126524
1156.7001 3.0893371
1161.0001 3.0406811
1165.3001 3.1294923
1169.6001 3.1024039
1173.9001 3.1464157
1178.2001 3.0981913
1182.5001 3.1629639
1186.8001 3.3357372
1191.1001 3.5144582
1195.4001 3.7636051
1199.7001 3.8240888
1204.0001 3.8693829
1208.3001 3.5105605
1212.6001 3.2702746
1216.9001 3.0907023
1221.2001 3.0089610
1225.5001 2.9887726
1229.8001 2.8473449
1234.1001 2.8050265
1238.4001 2.7821145
1242.7001 2.7553546
1247.0001 2.7986205
1251.3001 2.7656868
1255.6001 2.7008977
1259.9001 2.7758749
1264.2001 2.7220101
1268.5001 2.7585092
1272.8001 2.8184090
1277.1001 2.8539054
1281.4001 2.9171147
1285.7001 2.9066534
1290.0001 2.9924395
1294.3001 3.0522346
1298.6001 3.1198702
1302.9001 3.2309642
1307.2001 3.4644823
1311.5001 3.7782512
1315.8001 4.1378760
1320.1001 4.5951262
1324.4001 5.1630964
1328.7001 5.4933319
1333.0001 4.9756041
1337.3001 4.2119441
1341.6001 3.6320224
1345.9001 3.3265612
1350.2001 3.1698782
1354.5001 3.0773938
1358.8001 2.9254267
1363.1001 2.9085751
1367.4001 2.8148203
1371.7001 2.8637540
1376.0001 2.8648944
1380.3001 2.8483171
1384.6001 2.8727906
1388.9001 2.8303275
1393.2001 2.8663774
1397.5001 2.8993514
1401.8001 2.8972573
1406.1001 2.9525945
1410.4001 2.8319404
1414.7001 2.8060892
1419.0001 2.7631674
1423.3001 2.8018870
1427.6001 2.8079834
1431.9001 2.7616150
1436.2001 2.6159132
1440.5001 2.5258081
1444.8001 2.4847794
1449.1001 2.4336324
1453.4001 2.4323204
1457.7001 2.4205246
1462.0001 2.4107308
1466.3001 2.4435086
1470.6001 2.4306722
1474.9001 2.4644513
1479.2001 2.4706991
1483.5001 2.4610567
1487.8001 2.4277384
1492.1001 2.4534051
1496.4001 2.4593303
1500.7001 2.5208004
1505.0001 2.4752941
1509.3001 2.4305971
1513.6001 2.3191082
1517.9001 2.3494182
1522.2001 2.3556929
1526.5001 2.3200498
1530.8001 2.3940952
1535.1001 2.4124668
1539.4001 2.3448353
1543.7001 2.3008027
1548.0001 2.2998118
1552.3001 2.2958348
1556.6001 2.2908385
1560.9001 2.3160229
1565.2001 2.2716942
1569.5001 2.2607150
1573.8001 2.2858152
1578.1001 2.2794616
1582.4001 2.3320909
1586.7001 2.3182809
1591.0001 2.4641945
1595.3001 2.4518309
1599.6001 2.4728880
1603.9001 2.4316547
1608.2001 2.4331982
1612.5001 2.4518096
1616.8001 2.5569644
1621.1001 2.7471054
1625.4001 2.9189546
1629.7001 3.0577774
1634.0001 3.1078587
1638.3001 3.2662997
1642.6 3.1192555
1646.9 2.8479302
1651.2 2.6012580
1655.5 2.4367125
1659.8 2.3581202
1664.1 2.2784278
1668.4 2.2035608
1672.7 2.1456017
1677.0 2.1269319
1681.3 2.0421314
1685.6 2.0053341
1689.9 1.9848782
1694.2 1.9995058
1698.5 2.0033402
1702.8 1.9526603
1707.1 1.9561553
1711.4 1.9619955
1715.7 1.9738764
1720.0 1.9206170
1724.3 1.9371822
1728.6 1.9779449
1732.9 1.8667337
1737.2 1.9118884
1741.5 1.9199294
1745.8 1.9023422
1750.1 1.9144245
1754.4 1.8800491
1758.7 1.8511877
1763.0 1.8985682
1767.3 1.9711810
1771.6 1.9281083
1775.9 1.9724468
1780.2 1.9518303
1784.5 1.9530687
1788.8 1.9381213
1793.1 1.9590771
1797.4 1.9495288
1801.7 1.9407344
1806.0 1.8751147
1810.3 1.8411483
1814.6 1.8614732
1818.9 1.8843864
1823.2 1.8013207
1827.5 1.8847606
1831.8 1.8158288
1836.1 1.8557603
1840.4 1.8354057
1844.7 1.8692904
1849.0 1.7777345
1853.3 1.8007228
1857.6 1.7957141
1861.9 1.8237454
1866.2 1.7303348
1870.5 1.7474303
1874.8 1.7774527
1879.1 1.6954104
1883.4 1.7238293
1887.7 1.6687276
1892.0 1.6193504
1896.3 1.6144540
1900.6 1.6095811
1904.9 1.6169538
1909.2 1.6235640
1913.5 1.6227744
1917.8 1.5969759
1922.1 1.5855615
1926.4 1.5808253
1930.7 1.5761119
1935.0 1.5926723
1939.3 1.5867243
1943.6 1.6067319
1947.9 1.6130515
1952.2 1.6090586
1956.5 1.6174004
1960.8 1.6289203
1965.1 1.6549593
1969.4 1.6885667
1973.7 1.6719681
1978.0 1.7126025
1982.3 1.7286836
1986.6 1.7396147
1990.9 1.7456663
1995.2 1.7544775
1999.5 1.7728827
2003.8 1.7782437
2008.1 1.7506517
2012.4 1.7316869
2016.7 1.6894900
2021.0 1.6818377
2025.3 1.6460270
2029.6 1.6666611
2033.9 1.6428331
2038.2 1.6289397
2042.5 1.6301544
2046.8 1.6168160
2051.1 1.6173466
2055.4 1.6176375
2059.7 1.6329054
2064.0 1.6677942
2068.3 1.6389607
2072.6 1.6945076
2076.9 1.7328705
2081.2 1.7806305
2085.5 1.7717960
2089.8 1.7180498
2094.1 1.7060281
2098.4 1.7080437
2102.7 1.6659192
2107.0 1.6316519
2111.3 1.6192051
2115.6 1.6097184
2119.9 1.6373276
2124.2 1.6673919
2128.5 1.6707450
2132.8 1.6567254
2137.1 1.6577517
2141.4 1.6442204
2145.7 1.6494358
2150.0 1.6296046
2154.3 1.6198186
2158.6 1.6187111
2162.9 1.6083009
2167.2 1.5851127
2171.5 1.5593963
2175.8 1.5711427
2180.1 1.5735533
2184.4 1.5714682
2188.7 1.5535465
2193.0 1.5387918
2197.3 1.5320985
2201.6 1.5218531
2205.9002 1.5133587
2210.2002 1.4978460
2214.5002 1.4751581
2218.8002 1.4801383
2223.1002 1.4778006
2227.4002 1.4590340
2231.7002 1.4185231
2236.0002 1.4526000
2240.3002 1.4566658
2244.6002 1.4454699
2248.9002 1.4430890
2253.2002 1.4531568
2257.5002 1.4240271
2261.8002 1.4222517
2266.1002 1.3922758
2270.4002 1.3683105
2274.7002 1.3127695
2279.0002 1.3046747
2283.3002 1.3004606
2287.6002 1.2857367
2291.9002 1.3186462
2296.2002 1.3358070
2300.5002 1.3366437
2304.8002 1.3060030
2309.1002 1.3173556
2313.4002 1.3211434
2317.7002 1.3369255
2322.0002 1.3351376
2326.3002 1.3640366
2330.6002 1.4016021
2334.9002 1.4118528
2339.2002 1.3917240
2343.5002 1.4322748
2347.8002 1.4492810
2352.1002 1.4458131
2356.4002 1.4512029
2360.7002 1.5078036
2365.0002 1.5426395
2369.3002 1.5325171
2373.6002 1.5595045
2377.9002 1.5219011
2382.2002 1.5578264
2386.5002 1.6089907
2390.8002 1.7406911
2395.1002 1.8950045
2399.4002 2.1356876
2403.7002 2.3805208
2408.0002 2.4532652
2412.3002 2.3254540
2416.6002 2.0569301
2420.9002 1.8275492
2425.2002 1.6845756
2429.5002 1.6129417
2433.8002 1.5561932
2438.1002 1.5119296
2442.4002 1.4767557
2446.7002 1.4430342
2451.0002 1.4309574
2455.3002 1.4001844
2459.6002 1.3733425
2463.9002 1.3429968
2468.2002 1.3251342
2472.5002 1.3193711
2476.8002 1.2799232
2481.1002 1.2807097
2485.4002 1.2472469
2489.7002 1.2374973
2494.0002 1.2345206
2498.3002 1.1820618
2502.6002 1.1982398
2506.9002 1.1959205
2511.2002 1.2119175
2515.5002 1.2435861
2519.8002 1.2536591
2524.1002 1.2563744
2528.4002 1.2538015
2532.7002 1.2609601
2537.0002 1.2422353
2541.3002 1.2437918
2545.6002 1.2587568
2549.9002 1.2386906
2554.2002 1.2414012
2558.5002 1.2176646
2562.8002 1.2235560
2567.1002 1.1926616
2571.4002 1.1712359
2575.7002 1.1489083
2580.0002 1.1371875
2584.3002 1.1086587
2588.6002 1.0962058
2592.9002 1.0650095
2597.2002 1.0432785
2601.5002 1.0379043
2605.8002 1.0465713
2610.1002 1.0317876
2614.4002 1.0526856
2618.7002 1.0570461
2623.0002 1.0592386
2627.3002 1.0579689
2631.6002 1.0577376
2635.9002 1.0775609
2640.2002 1.0652682
2644.5002 1.0851498
2648.8002 1.0828108
2653.1002 1.0774025
2657.4002 1.0645602
2661.7002 1.0742793
2666.0002 1.0655943
2670.3002 1.0871651
2674.6002 1.1135743
2678.9002 1.1154041
2683.2002 1.1588236
2687.5002 1.1670049
2691.8002 1.1653234
2696.1002 1.1481900
2700.4002 1.1459271
2704.7002 1.1026088
2709.0002 1.1259246
2713.3002 1.1137370
2717.6002 1.1105337
2721.9002 1.1233075
2726.2002 1.1517823
2730.5002 1.1517560
2734.8002 1.1650153
2739.1002 1.1711237
2743.4002 1.1790473
2747.7002 1.1663220
2752.0002 1.1708177
2756.3002 1.1522640
2760.6002 1.1641279
2764.9002 1.1486313
2769.2002 1.1134377
2773.5002 1.1128138
2777.8002 1.1253918
2782.1002 1.0946795
2786.4002 1.0919410
2790.7002 1.0917078
2795.0002 1.0900090
2799.3002 1.1062475
2803.6002 1.1003205
2807.9002 1.0806308
2812.2002 1.0774775
2816.5002 1.0981100
2820.8002 1.0949869
2825.1002 1.0864724
2829.4002 1.1053196
2833.7002 1.0730318
2838.0002 1.0587320
2842.3002 1.0435493
2846.6002 1.0325078
2850.9002 1.0237726
2855.2002 1.0017227
2859.5002 0.99681520
2863.8002 1.0076200
2868.1002 1.0156223
2872.4002 1.0277182
2876.7002 1.0588027
2881.0002 1.0218316
2885.3002 1.0066713
2889.6002 0.99952340
2893.9002 0.99385685
2898.2002 0.98138595
2902.5002 1.0037464
2906.8002 0.99917960
2911.1002 1.0053414
2915.4002 0.99505568
2919.7002 0.99722868
2924.0002 0.99688804
2928.3002 1.0187877
2932.6002 1.0238498
2936.9002 1.0402496
2941.2002 1.0730488
2945.5002 1.1157157
2949.8002 1.0621175
2954.1002 1.0207988
2958.4002 1.0256944
2962.7002 1.0090157
2967.0002 0.97130430
2971.3002 0.98128253
2975.6002 0.98320758
2979.9002 0.95502144
2984.2002 0.94769323
2988.5002 0.92580026
2992.8002 0.91187066
2997.1002 0.93550068
3001.4002 0.93202436
3005.7002 0.91800618
3010.0002 0.93514001
3014.3002 0.91088116
3018.6002 0.89543551
3022.9002 0.89426523
3027.2002 0.87843096
3031.5002 0.86310488
3035.8002 0.84571415
3040.1002 0.85559630
3044.4002 0.85276151
3048.7002 0.82738107
3053.0002 0.83392358
3057.3002 0.84661168
3061.6002 0.85149807
3065.9002 0.83467776
3070.2002 0.84920657
3074.5002 0.86959159
3078.8002 0.85252929
3083.1002 0.87032002
3087.4002 0.84464288
3091.7002 0.84590697
3096.0002 0.83266580
3100.3002 0.84267515
3104.6002 0.84690195
3108.9002 0.82953519
3113.2002 0.85179073
3117.5002 0.83673507
3121.8002 0.82860535
3126.1002 0.83516979
3130.4002 0.81639141
3134.7002 0.82463610
3139.0002 0.81738037
3143.3002 0.82211065
3147.6002 0.82683194
3151.9002 0.81505901
3156.2002 0.80738640
3160.5002 0.80444545
3164.8002 0.80006647
3169.1002 0.79454577
3173.4002 0.79441023
3177.7002 0.80483949
3182.0002 0.80299962
3186.3002 0.80156893
3190.6002 0.78557342
3194.9002 0.78789324
3199.2002 0.82035798
3203.5002 0.92395067
3207.8002 0.95907927
3212.1002 0.80992794
3216.4002 0.78062969
3220.7002 0.77987987
3225.0002 0.77002847
3229.3002 0.79707086
3233.6002 0.77420557
3237.9002 0.75664729
3242.2002 0.76131988
3246.5002 0.75215274
3250.8002 0.74169916
3255.1002 0.73338228
3259.4002 0.72379941
3263.7002 0.68399262
3268.0002 0.69459289
3272.3002 0.68108994
3276.6002 0.71033543
3280.9 0.70813513
3285.2 0.70006204
3289.5 0.69262010
3293.8 0.68703514
3298.1 0.70412219
3302.4 0.68927026
3306.7 0.70032471
3311.0 0.71050608
3315.3 0.72175252
3319.6 0.74995059
3323.9 0.80666924
3328.2 0.83975446
3332.5 0.75423342
3336.8 0.70437372
3341.1 0.72913742
3345.4 0.73449862
3349.7 0.69574052
3354.0 0.68042636
3358.3 0.68099326
3362.6 0.66861171
3366.9 0.66424167
3371.2 0.65150517
3375.5 0.63225043
3379.8 0.61097562
3384.1 0.60634607
3388.4 0.62441516
3392.7 0.64265257
3397.0 0.64410967
3401.3 0.65091562
3405.6 0.66656011
3409.9 0.66671354
3414.2 0.66220921
3418.5 0.63977557
3422.8 0.64208859
3427.1 0.63836813
3431.4 0.61152595
3435.7 0.61896926
3440.0 0.59787315
3444.3 0.59755802
3448.6 0.58687401
3452.9 0.59931111
3457.2 0.60658705
3461.5 0.59520268
3465.8 0.57618290
3470.1 0.57524228
3474.4 0.57225460
3478.7 0.56519938
3483.0 0.58206135
3487.3 0.56951332
3491.6 0.58382112
3495.9 0.59510219
3500.2 0.63102829
3504.5 0.62096399
3508.8 0.61697787
3513.1 0.64389050
3517.4 0.65255272
3521.7 0.67495531
3526.0 0.71734202
3530.3 0.69598216
3534.6 0.66084927
3538.9 0.65720385
3543.2 0.62749583
3547.5 0.61149311
3551.8 0.60481650
3556.1 0.59438795
3560.4 0.57426047
3564.7 0.55188632
3569.0 0.54518723
3573.3 0.54746109
3577.6 0.56232381
3581.9 0.55753100
3586.2 0.55363512
3590.5 0.56554890
3594.8 0.54575503
3599.1 0.53858924
3603.4 0.54823059
3607.7 0.53541261
3612.0 0.52937305
3616.3 0.52827609
3620.6 0.52718258
3624.9 0.52932221
3629.2 0.53342324
3633.5 0.53071195
3637.8 0.52846622
3642.1 0.55772442
3646.4 0.55408430
3650.7 0.56223977
3655.0 0.55193877
3659.3 0.53837103
3663.6 0.52948803
3667.9 0.55294383
3672.2 0.55232531
3676.5 0.54810727
3680.8 0.57315850
3685.1 0.55766976
3689.4 0.57542384
3693.7 0.60645032
3698.0 0.59569126
3702.3 0.60759681
3706.6 0.61844337
3710.9 0.64345556
3715.2 0.68393844
3719.5 0.69116968
3723.8 0.72909683
3728.1 0.78880572
3732.4 0.81766808
3736.7 0.82078570
3741.0 0.76286310
3745.3 0.74891502
3749.6 0.74108839
3753.9 0.70482063
3758.2 0.67263472
3762.5 0.61574209
3766.8 0.60263669
3771.1 0.57840413
3775.4 0.56648213
3779.7 0.58059579
3784.0 0.56452209
3788.3 0.55468357
3792.6 0.55501425
3796.9 0.54181635
3801.2 0.53776944
3805.5 0.53474683
3809.8 0.50152755
3814.1 0.51847488
3818.4 0.51560056
3822.7 0.52852219
3827.0 0.51685059
3831.3 0.51437783
3835.6 0.53732347
3839.9 0.54486549
3844.2 0.56519610
3848.5 0.55678159
3852.8 0.55231285
3857.1 0.53137386
3861.4 0.56040007
3865.7 0.56141627
3870.0 0.56464094
3874.3 0.56035906
3878.6 0.58120966
3882.9 0.60571265
3887.2 0.60110825
3891.5 0.57622248
3895.8 0.56236619
3900.1 0.54851240
3904.4 0.55210191
3908.7 0.59248739
3913.0 0.57614625
3917.3 0.56887877
3921.6 0.59067780
3925.9 0.58547235
3930.2 0.54196763
3934.5 0.57093859
3938.8 0.59337580
3943.1 0.56761438
3947.4 0.55654824
3951.7 0.56509459
3956.0 0.54376304
3960.3 0.53087580
3964.6 0.53237700
3968.9 0.54909927
3973.2 0.56877649
3977.5 0.56818342
3981.8 0.55658406
3986.1 0.56325591
3990.4 0.54622221
3994.7 0.55504614
3999.0 0.53801453
4003.3 0.56595296
4007.6 0.53242564
4011.9 0.54945141
4016.2 0.52632302
4020.5 0.53099251
4024.8 0.53485823
4029.1 0.55221027
4033.4 0.50341558
4037.7 0.50209463
4042.0 0.47182852
4046.3 0.46564457
4050.6 0.45890975
4054.9 0.46990076
4059.2 0.46813518
4063.5 0.46650901
4067.8 0.45791700
4072.1 0.46463063
4076.4 0.46917880
4080.7 0.45910126
4085.0 0.44348204
4089.3 0.44721138
4093.6 0.44880891
4097.9 0.44624588
4102.2 0.45297125
4106.5 0.45849687
4110.8 0.46653217
4115.1 0.46453738
4119.4 0.46065286
4123.7 0.46938506
4128.0 0.48261544
4132.3 0.48268807
4136.6 0.48688003
4140.9 0.50485998
4145.2 0.53435475
4149.5 0.53658694
4153.8 0.57645231
4158.1 0.58148414
4162.4 0.60063517
4166.7 0.64519387
4171.0 0.67142534
4175.3 0.75082517
4179.6 0.81858271
4183.9 0.79232949
4188.2 0.73870802
4192.5 0.68566406
4196.8 0.64830595
4201.1 0.61578381
4205.4 0.57485390
4209.7 0.56433028
4214.0 0.55847406
4218.3 0.53878105
4222.6 0.50850177
4226.9 0.52342832
4231.2 0.50612015
4235.5 0.49812740
4239.8 0.48948887
4244.1 0.47609541
4248.4 0.47068447
4252.7 0.48270223
4257.0 0.48258117
4261.3 0.56918114
4265.6 0.62191451
4269.9 0.51961690
4274.2 0.46127993
4278.5 0.44886488
4282.8 0.44489458
4287.1 0.43375626
4291.4 0.46175405
4295.7 0.50422984
4300.0 0.61248654
4304.3 0.86250299
4308.6 0.86011213
4312.9 0.57812536
4317.2 0.48646837
4321.5 0.45712987
4325.8 0.44437310
4330.1 0.43369636
4334.4 0.42517409
4338.7 0.42525688
4343.0 0.42205524
4347.3 0.42246011
4351.6 0.42169344
4355.9 0.41462079
4360.2 0.40982226
4364.5 0.40962803
4368.8 0.39378318
4373.1 0.38551018
4377.4 0.40226853
4381.7 0.39847165
4386.0 0.40324059
4390.3 0.38681099
4394.6 0.38979369
4398.9 0.38418049
4403.2 0.39741260
4407.5004 0.39025685
4411.8004 0.38003632
4416.1004 0.38857713
4420.4004 0.38598436
4424.7004 0.39756873
4429.0004 0.39945787
4433.3004 0.41528380
4437.6004 0.42408022
4441.9004 0.41792876
4446.2004 0.40567374
4450.5004 0.42333969
4454.8004 0.40565190
4459.1004 0.39542642
4463.4004 0.39604896
4467.7004 0.41821936
4472.0004 0.41022918
4476.3004 0.38846207
4480.6004 0.39339340
4484.9004 0.39684668
4489.2004 0.40334287
4493.5004 0.39663634
4497.8004 0.40023527
4502.1004 0.39849976
4506.4004 0.40052938
4510.7004 0.38575223
4515.0004 0.39212745
4519.3004 0.40469059
4523.6004 0.38508064
4527.9004 0.39579788
4532.2004 0.39723247
4536.5004 0.39415753
4540.8004 0.39456004
4545.1004 0.39724168
4549.4004 0.39448813
4553.7004 0.40949005
4558.0004 0.39074951
4562.3004 0.38237405
4566.6004 0.41796228
4570.9004 0.38999051
4575.2004 0.40796474
4579.5004 0.39749414
4583.8004 0.38549903
4588.1004 0.37988427
4592.4004 0.37541270
4596.7004 0.38649997
4601.0004 0.36614347
4605.3004 0.36922690
4609.6004 0.37283230
4613.9004 0.36864009
4618.2004 0.35118440
4622.5004 0.35747233
4626.8004 0.36593923
4631.1004 0.36501083
4635.4004 0.35376143
4639.7004 0.35491148
4644.0004 0.35177594
4648.3004 0.34481934
4652.6004 0.35155126
4656.9004 0.35854661
4661.2004 0.35597980
4665.5004 0.34714022
4669.8004 0.34194642
4674.1004 0.33669972
4678.4004 0.34823042
4682.7004 0.33560839
4687.0004 0.35813513
4691.3004 0.33742565
4695.6004 0.33881503
4699.9004 0.33344212
4704.2004 0.33290392
4708.5004 0.33236709
4712.8004 0.33183151
4717.1004 0.33928031
4721.4004 0.34060851
4725.7004 0.34828940
4730.0004 0.33964396
4734.3004 0.34051001
4738.6004 0.32864627
4742.9004 0.32811993
4747.2004 0.33731648
4751.5004 0.34714779
4755.8004 0.34113479
4760.1004 0.33266944
4764.4004 0.34561366
4768.7004 0.35100418
4773.0004 0.33325699
4777.3004 0.33689076
4781.6004 0.32344139
4785.9004 0.32292792
4790.2004 0.32928827
4794.5004 0.32372880
4798.8004 0.35376415
4803.1004 0.33759379
4807.4004 0.32825938
4811.7004 0.36635420
4816.0004 0.36134896
4820.3004 0.34490344
4824.6004 0.33847842
4828.9004 0.32302722
4833.2004 0.32246751
4837.5004 0.31686321
4841.8004 0.32711610
4846.1004 0.31586957
4850.4004 0.31729212
4854.7004 0.31488073
4859.0004 0.31733349
4863.3004 0.31389663
4867.6004 0.31553158
4871.9004 0.31426513
4876.2004 0.31242934
4880.5004 0.32319888
4884.8004 0.31831181
4889.1004 0.31097287
4893.4004 0.31048962
4897.7004 0.31000760
4902.0004 0.30952671
4906.3004 0.30904695
4910.6004 0.30856839
4914.9004 0.30809096
4919.2004 0.31433645
4923.5004 0.30713949
4927.8004 0.30755565
4932.1004 0.30619255
4936.4004 0.30748609
4940.7004 0.30535269
4945.0004 0.30478051
4949.3004 0.30765277
4953.6004 0.31185964
4957.9004 0.31326550
4962.2004 0.31026551
4966.5004 0.30965728
4970.8004 0.30868605
4975.1004 0.30434996
4979.4004 0.30678102
4983.7004 0.30469829
4988.0004 0.30403402
4992.3004 0.31072587
4996.6004 0.32425842
5000.9004 0.30827361
5005.2004 0.31888649
5009.5004 0.31264466
5013.8004 0.32223284
5018.1004 0.31460431
5022.4004 0.32473370
5026.7004 0.31947401
5031.0004 0.32085264
5035.3004 0.33010584
5039.6004 0.32202503
5043.9004 0.32810065
5048.2004 0.33884528
5052.5004 0.36474395
5056.8004 0.35631916
5061.1004 0.34936357
5065.4004 0.35118300
5069.7004 0.32015616
5074.0004 0.31472105
5078.3004 0.32930270
5082.6004 0.32340571
5086.9004 0.31208003
5091.2004 0.31370568
5095.5004 0.31536350
5099.8004 0.31570870
5104.1004 0.31008300
5108.4004 0.31613600
5112.7004 0.32256800
5117.0004 0.30265811
5121.3004 0.30582780
5125.6004 0.30366173
5129.9004 0.31334004
5134.2004 0.29554456
5138.5004 0.29865542
5142.8004 0.29778627
5147.1004 0.29666391
5151.4004 0.29874107
5155.7004 0.29809347
5160.0004 0.29731047
5164.3004 0.29995027
5168.6004 0.29504883
5172.9004 0.29253972
5177.2004 0.28735748
5181.5004 0.28707391
5185.8004 0.28234637
5190.1004 0.28778356
5194.4004 0.28835866
5198.7004 0.29163170
5203.0004 0.29394695
5207.3004 0.28270259
5211.6004 0.28873244
5215.9004 0.29735687
5220.2004 0.29384366
5224.5004 0.29672721
5228.8004 0.30209410
5233.1004 0.29710042
5237.4004 0.29925856
5241.7004 0.29329923
5246.0004 0.30799586
5250.3004 0.28315899
5254.6004 0.27370495
5258.9004 0.27781561
5263.2004 0.27406719
5267.5004 0.27551240
5271.8004 0.27585998
5276.1004 0.28124231
5280.4004 0.28640655
5284.7004 0.27336669
5289.0004 0.28101650
5293.3004 0.28858158
5297.6004 0.27791438
5301.9004 0.27324343
5306.2004 0.26900581
5310.5004 0.26861989
5314.8004 0.26972404
5319.1004 0.28561109
5323.4004 0.27208498
5327.7004 0.27365583
5332.0004 0.26670325
5336.3004 0.26733974
5340.6004 0.26707706
5344.9004 0.27138707
5349.2004 0.26861599
5353.5004 0.27470851
5357.8004 0.27559701
5362.1004 0.26930931
5366.4004 0.26742503
5370.7004 0.26699233
5375.0004 0.27466038
5379.3004 0.27291325
5383.6004 0.26712120
5387.9004 0.26515123
5392.2004 0.26307848
5396.5004 0.26177916
5400.8004 0.26391715
5405.1004 0.26619291
5409.4004 0.27495578
5413.7004 0.27870324
5418.0004 0.28394437
5422.3004 0.29293901
5426.6004 0.28119612
5430.9004 0.26738739
5435.2004 0.26823166
5439.5004 0.26543304
5443.8004 0.26126611
5448.1004 0.26531339
5452.4004 0.27317932
5456.7004 0.27602476
5461.0004 0.26740709
5465.3004 0.26946327
5469.6004 0.27346620
5473.9004 0.27837634
5478.2004 0.28257066
5482.5004 0.26862019
5486.8004 0.27125275
5491.1004 0.27625880
5495.4004 0.27705649
5499.7004 0.27113888
5504.0004 0.27063009
5508.3004 0.27462080
5512.6004 0.27434179
5516.9004 0.27132484
5521.2004 0.27796048
5525.5004 0.27508694
5529.8004 0.27894264
5534.1004 0.28559044
5538.4004 0.28157312
5542.7004 0.28974137
5547.0004 0.28507131
5551.3004 0.30440018
5555.6004 0.30661941
5559.9004 0.31461290
5564.2004 0.32343316
5568.5004 0.32208669
5572.8004 0.32863078
5577.1004 0.34702688
5581.4004 0.34891301
5585.7004 0.36407241
5590.0004 0.38084650
5594.3004 0.40417305
5598.6004 0.43118376
5602.9004 0.46378025
5607.2004 0.50869215
5611.5004 0.56479269
5615.8004 0.63345522
5620.1004 0.71435404
5624.4004 0.83743674
5628.7004 0.98381507
5633.0004 1.1681721
5637.3004 1.3540463
5641.6004 1.5925747
5645.9004 1.6364611
5650.2004 1.3992927
5654.5004 1.1645046
5658.8004 1.0593290
5663.1004 0.99762613
5667.4004 0.86382085
5671.7004 0.72864741
5676.0004 0.65634978
5680.3004 0.59860516
5684.6004 0.54581523
5688.9004 0.50558245
5693.2004 0.48095471
5697.5004 0.45025516
5701.8004 0.41916326
5706.1004 0.39332774
5710.4004 0.36738154
5714.7004 0.34519625
5719.0004 0.33815342
5723.3004 0.33116505
5727.6004 0.31447321
5731.9004 0.31240419
5736.2004 0.30650526
5740.5004 0.30681378
5744.8004 0.31217903
5749.1004 0.31126469
5753.4004 0.30474430
5757.7004 0.29482383
5762.0004 0.30950764
5766.3004 0.31741971
5770.6004 0.32384267
5774.9004 0.35658070
5779.2004 0.35468930
5783.5004 0.33061776
5787.8004 0.33390301
5792.1004 0.33789149
5796.4004 0.32814026
5800.7004 0.30279502
5805.0004 0.27812797
5809.3004 0.27536163
5813.6004 0.26835304
5817.9004 0.26017609
5822.2004 0.25851521
5826.5004 0.25127590
5830.8004 0.24017677
5835.1004 0.23881230
5839.4004 0.23995373
5843.7004 0.23950201
5848.0004 0.22830908
5852.3004 0.22614416
5856.6004 0.22585103
5860.9004 0.23305254
5865.2004 0.24219668
5869.5004 0.23257354
5873.8004 0.22916149
5878.1004 0.22846079
5882.4004 0.22410095
5886.7004 0.22381149
5891.0004 0.22352262
5895.3004 0.23858176
5899.6004 0.22946246
5903.9004 0.23106888
5908.2004 0.22237304
5912.5004 0.22208709
5916.8004 0.22609970
5921.1004 0.23331176
5925.4004 0.23145792
5929.7004 0.22597797
5934.0004 0.22822244
5938.3004 0.22839271
5942.6004 0.22666059
5946.9004 0.21982086
5951.2004 0.21954016
5955.5004 0.21926007
5959.8004 0.22100890
5964.1004 0.21870159
5968.4004 0.21842320
5972.7004 0.21814543
5977.0004 0.22326972
5981.3004 0.21759151
5985.6004 0.21731539
5989.9004 0.21703984
5994.2004 0.21999390
5998.5004 0.21649042
