300.0 0.0
430.0 0.0000000
434.3 0.0000000
438.6 0.0000000
442.9 0.0000000
447.2 0.0000000
451.5 0.0000000
455.8 0.0000000
460.1 0.0000000
464.4 0.0000000
468.7 0.0000000
473.0 0.0000000
477.3 0.0000000
481.6 0.0000000
485.9 0.0000000
490.2 0.0000000
494.5 0.0000000
498.8 0.0000000
503.1 0.0000000
507.4 0.0000000
511.7 0.0000000
516.0 0.0000000
520.3 0.0000000
524.6 0.0000000
528.9 0.0000000
533.2 0.0000000
537.5 0.0000000
541.8 0.0000000
546.1 0.0000000
550.4 0.0000000
554.70005 0.0000000
559.00005 0.0000000
563.30005 0.0000000
567.60005 0.0000000
571.90005 0.0000000
576.20005 0.0000000
580.50005 0.0000000
584.80005 0.0000000
589.10005 0.0000000
593.40005 0.0000000
597.70005 0.0000000
602.00005 0.0000000
606.30005 0.0000000
610.60005 0.0000000
614.90005 0.0000000
619.20005 0.0000000
623.50005 0.0000000
627.80005 0.0000000
632.10005 0.0000000
636.40005 0.0000000
640.70005 0.0000000
645.00005 0.0000000
649.30005 0.0000000
653.60005 0.0000000
657.90005 0.0000000
662.20005 0.0000000
666.50005 0.0000000
670.80005 0.0000000
675.10005 0.0000000
679.40005 0.0000000
683.70005 0.0000000
688.00005 0.0000000
692.30005 0.0000000
696.60005 0.0000000
700.90005 0.0000000
705.20005 0.0000000
709.50005 0.0000000
713.80005 0.0000000
718.10005 0.0000000
722.40005 0.0000000
726.70005 0.0000000
731.00005 0.0000000
735.30005 0.0000000
739.60005 0.0000000
743.90005 0.0000000
748.20005 0.0000000
752.50005 0.0000000
756.80005 0.0000000
761.10005 0.0000000
765.40005 0.0000000
769.70005 0.0000000
774.00005 0.0000000
778.30005 0.0000000
782.60005 0.0000000
786.90005 1.28884312E-05
791.20005 8.89314833E-06
795.50005 5.90481477E-06
799.80005 3.81930704E-06
804.10005 2.44018565E-06
808.40005 1.53782014E-06
812.70005 9.53126687E-07
817.00005 5.80655581E-07
821.3 3.47554732E-07
825.6 2.04286053E-07
829.9 1.17834084E-07
834.2 6.66791493E-08
838.5 6.51636583E-06
842.8 4.33498963E-06
847.1 2.84432190E-06
851.4 1.83889347E-06
855.7 1.17119794E-06
860.0 8.05857724E-07
864.3 5.21332709E-07
868.6 3.16656156E-07
872.9 2.03824996E-07
877.2 1.31723993E-07
881.5 8.50300026E-08
885.8 9.67229716E-04
890.1 8.05729826E-04
894.4 5.55177743E-04
898.7 3.73749994E-04
903.0 2.81277200E-04
907.3 2.17914465E-04
911.6 1.72595712E-04
915.9 1.37430019E-04
920.2 1.04099585E-04
924.5 7.24675556E-05
928.8 5.58985084E-05
933.1 3.78849181E-05
937.4 2.58794225E-05
941.7 1.78120663E-05
946.0 1.26550467E-05
950.3 9.37851019E-06
954.6 6.50323091E-06
958.9 4.74806848E-06
963.2 3.46235402E-06
967.5 2.35888433E-06
971.8 1.45754677E-06
976.1 9.66900416E-07
980.4 5.97452583E-07
984.7 4.03282996E-07
989.0 2.63631591E-07
993.3 1.65478085E-07
997.6 1.05553958E-07
1001.9 6.88019171E-08
1006.2 4.45906458E-08
1010.5 2.93820062E-08
1014.8 1.73474959E-08
1019.1 1.08032143E-08
1023.4 8.32531555E-09
1027.7 8.01758304E-09
1032.0 8.71288108E-09
1036.3 1.02599369E-08
1040.6 1.33312694E-08
1044.9 1.92441885E-08
1049.2 1.0517538
1053.5 0.85409242
1057.8 0.79980004
1062.1 0.80262762
1066.4 0.75482541
1070.7 0.60663146
1075.0 0.52579075
1079.3 0.49636501
1083.6 0.47680819
1087.9 0.44752747
1092.2 0.41017073
1096.5 0.38570580
1100.8 0.37819281
1105.1001 0.38057190
1109.4001 0.38812408
1113.7001 0.39214873
1118.0001 0.42328846
1122.3001 0.43143564
1126.6001 0.41432241
1130.9001 0.37885392
1135.2001 0.38261238
1139.5001 0.38042870
1143.8001 0.39085540
1148.1001 0.39890388
1152.4001 0.39533255
1156.7001 0.38236669
1161.0001 0.37851351
1165.3001 0.39179555
1169.6001 0.39061195
1173.9001 0.39839265
1178.2001 0.39448559
1182.5001 0.40497124
1186.8001 0.42945540
1191.1001 0.45494905
1195.4001 0.48985699
1199.7001 0.50042450
1204.0001 0.50907522
1208.3001 0.46433353
1212.6001 0.43484679
1216.9001 0.41313434
1221.2001 0.40431371
1225.5001 0.40368894
1229.8001 0.38657272
1234.1001 0.38278103
1238.4001 0.38158959
1242.7001 0.37983239
1247.0001 0.38773760
1251.3001 0.38508925
1255.6001 0.37793520
1259.9001 0.39034230
1264.2001 0.38464290
1268.5001 0.39169830
1272.8001 0.40213987
1277.1001 0.40916160
1281.4001 0.42022067
1285.7001 0.42070094
1290.0001 0.43515936
1294.3001 0.44593406
1298.6001 0.45793736
1302.9001 0.47643796
1307.2001 0.51322073
1311.5001 0.56225860
1315.8001 0.61857170
1320.1001 0.69002515
1324.4001 0.77879035
1328.7001 0.83229512
1333.0001 0.75719255
1337.3001 0.64379942
1341.6001 0.55758655
1345.9001 0.51291293
1350.2001 0.49086726
1354.5001 0.47859234
1358.8001 0.45690101
1363.1001 0.45619729
1367.4001 0.44335493
1371.7001 0.45295411
1376.0001 0.45502278
1380.3001 0.45426518
1384.6001 0.46005526
1388.9001 0.45511124
1393.2001 0.46278462
1397.5001 0.47000307
1401.8001 0.47155294
1406.1001 0.48248211
1410.4001 0.46460655
1414.7001 0.46218541
1419.0001 0.45690525
1423.3001 0.46511835
1427.6001 0.46794158
1431.9001 0.46199280
1436.2001 0.43929937
1440.5001 0.42578810
1444.8001 0.42046246
1449.1001 0.41336322
1453.4001 0.41469187
1457.7001 0.41422215
1462.0001 0.41407791
1466.3001 0.42125779
1470.6001 0.42058367
1474.9001 0.42798573
1479.2001 0.43062875
1483.5001 0.43049774
1487.8001 0.42619503
1492.1001 0.43223915
1496.4001 0.43482235
1500.7001 0.44726557
1505.0001 0.44073445
1509.3001 0.43428835
1513.6001 0.41580823
1517.9001 0.42269900
1522.2001 0.42528570
1526.5001 0.42028302
1530.8001 0.43517262
1535.1001 0.43999556
1539.4001 0.42909998
1543.7001 0.42245203
1548.0001 0.42367607
1552.3001 0.42434436
1556.6001 0.42481598
1560.9001 0.43089473
1565.2001 0.42402548
1569.5001 0.42334470
1573.8001 0.42942646
1578.1001 0.42960766
1582.4001 0.44092989
1586.7001 0.43971157
1591.0001 0.46886489
1595.3001 0.46797925
1599.6001 0.47347519
1603.9001 0.46702966
1608.2001 0.46877274
1612.5001 0.47381389
1616.8001 0.49565002
1621.1001 0.53413171
1625.4001 0.56926721
1629.7001 0.59814125
1634.0001 0.60976428
1638.3001 0.64276683
1642.6 0.61565542
1646.9 0.56376743
1651.2 0.51645339
1655.5 0.48520237
1659.8 0.47092158
1664.1 0.45632759
1668.4 0.44260702
1672.7 0.43220332
1677.0 0.42966795
1681.3 0.41448137
1685.6 0.40892154
1689.9 0.40663740
1694.2 0.41153380
1698.5 0.41422421
1702.8 0.40559736
1707.1 0.40817693
1711.4 0.41125295
1715.7 0.41561067
1720.0 0.40621150
1724.3 0.41154423
1728.6 0.42207018
1732.9 0.40009797
1737.2 0.41157645
1741.5 0.41511375
1745.8 0.41309890
1750.1 0.41751984
1754.4 0.41178626
1758.7 0.40719980
1763.0 0.41939905
1767.3 0.43728274
1771.6 0.42952886
1775.9 0.44124642
1780.2 0.43845466
1784.5 0.44055152
1788.8 0.43898317
1793.1 0.44555017
1797.4 0.44518808
1801.7 0.44498000
1806.0 0.43167126
1810.3 0.42555556
1814.6 0.43197322
1818.9 0.43903032
1823.2 0.42133865
1827.5 0.44259241
1831.8 0.42807573
1836.1 0.43919504
1840.4 0.43606296
1844.7 0.44582736
1849.0 0.42561954
1853.3 0.43277073
1857.6 0.43320745
1861.9 0.44163457
1866.2 0.42059129
1870.5 0.42633778
1874.8 0.43527901
1879.1 0.41672742
1883.4 0.42527661
1887.7 0.41319460
1892.0 0.40243372
1896.3 0.40267569
1900.6 0.40291309
1904.9 0.40621638
1909.2 0.40933889
1913.5 0.41059920
1917.8 0.40550524
1922.1 0.40402901
1926.4 0.40423805
1930.7 0.40444311
1935.0 0.41011506
1939.3 0.40999913
1943.6 0.41660091
1947.9 0.41967469
1952.2 0.42006600
1956.5 0.42367950
1960.8 0.42814073
1965.1 0.43644941
1969.4 0.44680491
1973.7 0.44388875
1978.0 0.45618629
1982.3 0.46199220
1986.6 0.46644250
1990.9 0.46959788
1995.2 0.47350630
1999.5 0.48002535
2003.8 0.48303169
2008.1 0.47706562
2012.4 0.47340727
2016.7 0.46334186
2021.0 0.46270585
2025.3 0.45428252
2029.6 0.46142206
2033.9 0.45624742
2038.2 0.45379657
2042.5 0.45554209
2046.8 0.45320845
2051.1 0.45474926
2055.4 0.45622176
2059.7 0.46192878
2064.0 0.47322783
2068.3 0.46644884
2072.6 0.48370561
2076.9 0.49613491
2081.2 0.51132548
2085.5 0.51029646
2089.8 0.49627566
2094.1 0.49425045
2098.4 0.49628070
2102.7 0.48544994
2107.0 0.47684222
2111.3 0.47456989
2115.6 0.47314477
2119.9 0.48263621
2124.2 0.49289790
2128.5 0.49528921
2132.8 0.49251926
2137.1 0.49420914
2141.4 0.49154708
2145.7 0.49448016
2150.0 0.48989004
2154.3 0.48829350
2158.6 0.48930165
2162.9 0.48748642
2167.2 0.48176792
2171.5 0.47523886
2175.8 0.48011371
2180.1 0.48214477
2184.4 0.48279688
2188.7 0.47856444
2193.0 0.47527984
2197.3 0.47446486
2201.6 0.47253481
2205.9002 0.47113058
2210.2002 0.46751991
2214.5002 0.46163666
2218.8002 0.46439636
2223.1002 0.46485943
2227.4002 0.46013615
2231.7002 0.44850546
2236.0002 0.46045068
2240.3002 0.46291146
2244.6002 0.46051514
2248.9002 0.46091413
2253.2002 0.46529400
2257.5002 0.45710549
2261.8002 0.45767066
2266.1002 0.44913438
2270.4002 0.44249257
2274.7002 0.42557436
2279.0002 0.42398515
2283.3002 0.42364529
2287.6002 0.41986513
2291.9002 0.43165287
2296.2002 0.43832326
2300.5002 0.43964976
2304.8002 0.43059704
2309.1002 0.43537298
2313.4002 0.43765968
2317.7002 0.44393274
2322.0002 0.44438082
2326.3002 0.45506266
2330.6002 0.46868506
2334.9002 0.47320893
2339.2002 0.46754158
2343.5002 0.48227319
2347.8002 0.48911932
2352.1002 0.48906416
2356.4002 0.49200538
2360.7002 0.51235437
2365.0002 0.52537578
2369.3002 0.52310318
2373.6002 0.53350812
2377.9002 0.52180624
2382.2002 0.53531176
2386.5002 0.55411774
2390.8002 0.60079676
2395.1002 0.65549636
2399.4002 0.74036807
2403.7002 0.82704389
2408.0002 0.85416842
2412.3002 0.81142026
2416.6002 0.71927226
2420.9002 0.64043510
2425.2002 0.59159535
2429.5002 0.56764621
2433.8002 0.54883772
2438.1002 0.53435516
2442.4002 0.52302408
2446.7002 0.51215357
2451.0002 0.50893003
2455.3002 0.49902272
2459.6002 0.49047282
2463.9002 0.48062754
2468.2002 0.47521168
2472.5002 0.47411638
2476.8002 0.46088153
2481.1002 0.46210444
2485.4002 0.45094377
2489.7002 0.44832343
2494.0002 0.44814652
2498.3002 0.42996484
2502.6002 0.43672115
2506.9002 0.43674409
2511.2002 0.44346499
2515.5002 0.45595327
2519.8002 0.46055207
2524.1002 0.46245590
2528.4002 0.46241152
2532.7002 0.46595845
2537.0002 0.45993048
2541.3002 0.46139818
2545.6002 0.46784976
2549.9002 0.46127620
2554.2002 0.46317023
2558.5002 0.45518059
2562.8002 0.45825171
2567.1002 0.44752663
2571.4002 0.44031629
2575.7002 0.43273470
2580.0002 0.42912224
2584.3002 0.41913766
2588.6002 0.41520008
2592.9002 0.40413204
2597.2002 0.39661679
2601.5002 0.39529961
2605.8002 0.39933088
2610.1002 0.39440939
2614.4002 0.40313062
2618.7002 0.40553448
2623.0002 0.40710992
2627.3002 0.40735474
2631.6002 0.40799654
2635.9002 0.41638604
2640.2002 0.41237009
2644.5002 0.42081213
2648.8002 0.42064810
2653.1002 0.41928568
2657.4002 0.41501573
2661.7002 0.41953847
2666.0002 0.41687256
2670.3002 0.42605114
2674.6002 0.43715703
2678.9002 0.43863159
2683.2002 0.45649105
2687.5002 0.46050209
2691.8002 0.46062469
2696.1002 0.45462543
2700.4002 0.45450017
2704.7002 0.43805930
2709.0002 0.44807678
2713.3002 0.44397113
2717.6002 0.44343576
2721.9002 0.44928494
2726.2002 0.46143982
2730.5002 0.46219432
2734.8002 0.46828741
2739.1002 0.47151804
2743.4002 0.47548714
2747.7002 0.47112474
2752.0002 0.47371149
2756.3002 0.46696228
2760.6002 0.47253388
2764.9002 0.46699607
2769.2002 0.45341533
2773.5002 0.45388776
2777.8002 0.45975161
2782.1002 0.44791681
2786.4002 0.44750482
2790.7002 0.44811735
2795.0002 0.44812533
2799.3002 0.45551616
2803.6002 0.45378482
2807.9002 0.44636014
2812.2002 0.44575015
2816.5002 0.45499048
2820.8002 0.45439753
2825.1002 0.45155862
2829.4002 0.46009734
2833.7002 0.44734111
2838.0002 0.44205254
2842.3002 0.43637559
2846.6002 0.43241331
2850.9002 0.42940271
2855.2002 0.42078695
2859.5002 0.41935396
2863.8002 0.42453316
2868.1002 0.42854300
2872.4002 0.43429172
2876.7002 0.44808993
2881.0002 0.43308255
2885.3002 0.42728496
2889.6002 0.42487383
2893.9002 0.42308277
2898.2002 0.41838336
2902.5002 0.42853758
2906.8002 0.42720613
2911.1002 0.43046167
2915.4002 0.42667037
2919.7002 0.42821586
2924.0002 0.42868200
2928.3002 0.43872398
2932.6002 0.44153115
2936.9002 0.44923893
2941.2002 0.46405768
2945.5002 0.48318937
2949.8002 0.46062303
2954.1002 0.44332328
2958.4002 0.44607052
2962.7002 0.43942752
2967.0002 0.42359078
2971.3002 0.42853373
2975.6002 0.42996573
2979.9002 0.41821289
2984.2002 0.41557211
2988.5002 0.40652588
2992.8002 0.40095448
2997.1002 0.41190225
3001.4002 0.41092649
3005.7002 0.40529194
3010.0002 0.41341141
3014.3002 0.40322638
3018.6002 0.39691806
3022.9002 0.39692724
3027.2002 0.39041653
3031.5002 0.38411275
3035.8002 0.37686977
3040.1002 0.38177523
3044.4002 0.38100940
3048.7002 0.37015313
3053.0002 0.37356645
3057.3002 0.37974277
3061.6002 0.38242951
3065.9002 0.37535900
3070.2002 0.38238454
3074.5002 0.39206666
3078.8002 0.38486591
3083.1002 0.39339909
3087.4002 0.38227829
3091.7002 0.38333565
3096.0002 0.37781286
3100.3002 0.38283676
3104.6002 0.38524050
3108.9002 0.37781364
3113.2002 0.38843504
3117.5002 0.38204458
3121.8002 0.37880325
3126.1002 0.38227683
3130.4002 0.37414342
3134.7002 0.37838730
3139.0002 0.37551805
3143.3002 0.37815395
3147.6002 0.38078979
3151.9002 0.37582484
3156.2002 0.37273845
3160.5002 0.37182993
3164.8002 0.37025255
3169.1002 0.36813954
3173.4002 0.36851847
3177.7002 0.37380284
3182.0002 0.37339291
3186.3002 0.37317088
3190.6002 0.36615795
3194.9002 0.36767301
3199.2002 0.38327441
3203.5002 0.43218055
3207.8002 0.44913778
3212.1002 0.37973329
3216.4002 0.36642292
3220.7002 0.36649650
3225.0002 0.36228591
3229.3002 0.37544253
3233.6002 0.36509225
3237.9002 0.35722202
3242.2002 0.35983962
3246.5002 0.35591274
3250.8002 0.35136601
3255.1002 0.34782061
3259.4002 0.34366402
3263.7002 0.32513040
3268.0002 0.33054104
3272.3002 0.32447886
3276.6002 0.33879077
3280.9 0.33811864
3285.2 0.33463570
3289.5 0.33144614
3293.8 0.32913718
3298.1 0.33769557
3302.4 0.33093673
3306.7 0.33661300
3311.0 0.34188065
3315.3 0.34767142
3319.6 0.36164787
3323.9 0.38942161
3328.2 0.40583241
3332.5 0.36489564
3336.8 0.34114048
3341.1 0.35351291
3345.4 0.35649383
3349.7 0.33804256
3354.0 0.33095399
3358.3 0.33158100
3362.6 0.32589707
3366.9 0.32410890
3371.2 0.31822893
3375.5 0.30914855
3379.8 0.29905853
3384.1 0.29710257
3388.4 0.30627498
3392.7 0.31554779
3397.0 0.31659079
3401.3 0.32026675
3405.6 0.32830182
3409.9 0.32871488
3414.2 0.32682854
3418.5 0.31607911
3422.8 0.31754535
3427.1 0.31602639
3431.4 0.30304489
3435.7 0.30704340
3440.0 0.29687777
3444.3 0.29701966
3448.6 0.29200161
3452.9 0.29848778
3457.2 0.30241305
3461.5 0.29703256
3465.8 0.28782597
3470.1 0.28764057
3474.4 0.28642905
3478.7 0.28317600
3483.0 0.29191065
3487.3 0.28589725
3491.6 0.29336590
3495.9 0.29932547
3500.2 0.31770387
3504.5 0.31293997
3508.8 0.31123164
3513.1 0.32512054
3517.4 0.32981074
3521.7 0.34146044
3526.0 0.36325067
3530.3 0.35277063
3534.6 0.33528143
3538.9 0.33374843
3543.2 0.31896329
3547.5 0.31112203
3551.8 0.30801478
3556.1 0.30298787
3560.4 0.29300216
3564.7 0.28184918
3569.0 0.27868700
3573.3 0.28010932
3577.6 0.28798065
3581.9 0.28579006
3586.2 0.28405440
3590.5 0.29043382
3594.8 0.28052610
3599.1 0.27709603
3603.4 0.28231350
3607.7 0.27596375
3612.0 0.27309832
3616.3 0.27277917
3620.6 0.27246058
3624.9 0.27381277
3629.2 0.27618188
3633.5 0.27502474
3637.8 0.27410546
3642.1 0.28953901
3646.4 0.28790519
3650.7 0.29240182
3655.0 0.28729868
3659.3 0.28048390
3663.6 0.27609882
3667.9 0.28858265
3672.2 0.28851268
3676.5 0.28655919
3680.8 0.29991785
3685.1 0.29206669
3689.4 0.30162650
3693.7 0.31816489
3698.0 0.31279004
3702.3 0.31931588
3706.6 0.32529515
3710.9 0.33874124
3715.2 0.36036071
3719.5 0.36448112
3723.8 0.38480839
3728.1 0.41667509
3732.4 0.43228653
3736.7 0.43430090
3741.0 0.40399209
3745.3 0.39693859
3749.6 0.39311925
3753.9 0.37419298
3758.2 0.35740292
3762.5 0.32744512
3766.8 0.32074159
3771.1 0.30809894
3775.4 0.30199751
3779.7 0.30977643
3784.0 0.30144769
3788.3 0.29643673
3792.6 0.29685578
3796.9 0.29003298
3801.2 0.28810081
3805.5 0.28671387
3809.8 0.26912042
3814.1 0.27843902
3818.4 0.27711838
3822.7 0.28429157
3827.0 0.27823621
3831.3 0.27712649
3835.6 0.28971961
3839.9 0.29401994
3844.2 0.30523285
3848.5 0.30092674
3852.8 0.29874730
3857.1 0.28764784
3861.4 0.30359906
3865.7 0.30438814
3870.0 0.30637604
3874.3 0.30429003
3878.6 0.31585819
3882.9 0.32943007
3887.2 0.32717928
3891.5 0.31387660
3895.8 0.30656514
3900.1 0.29924306
3904.4 0.30143255
3908.7 0.32372966
3913.0 0.31504154
3917.3 0.31130475
3921.6 0.32347950
3925.9 0.32087204
3930.2 0.29725379
3934.5 0.31337997
3938.8 0.32594085
3943.1 0.31202447
3947.4 0.30617064
3951.7 0.31110471
3956.0 0.29958436
3960.3 0.29270196
3964.6 0.29374769
3968.9 0.30319902
3973.2 0.31429654
3977.5 0.31420037
3981.8 0.30801252
3986.1 0.31193358
3990.4 0.30272183
3994.7 0.30783695
3999.0 0.29860851
4003.3 0.31434345
4007.6 0.29593614
4011.9 0.30562067
4016.2 0.29296753
4020.5 0.29577971
4024.8 0.29814729
4029.1 0.30804071
4033.4 0.28102255
4037.7 0.28048527
4042.0 0.26376554
4046.3 0.26049361
4050.6 0.25690806
4054.9 0.26324722
4059.2 0.26244330
4063.5 0.26171586
4067.8 0.25707623
4072.1 0.26102820
4076.4 0.26376775
4080.7 0.25828245
4085.0 0.24966913
4089.3 0.25194362
4093.6 0.25301892
4097.9 0.25174803
4102.2 0.25571853
4106.5 0.25901616
4110.8 0.26373661
4115.1 0.26278901
4119.4 0.26076975
4123.7 0.26589426
4128.0 0.27357513
4132.3 0.27380222
4136.6 0.27636728
4140.9 0.28676710
4145.2 0.30372533
4149.5 0.30519956
4153.8 0.32809442
4158.1 0.33118027
4162.4 0.34231648
4166.7 0.36795691
4171.0 0.38317186
4175.3 0.42876875
4179.6 0.46777257
4183.9 0.45306987
4188.2 0.42268696
4192.5 0.39259368
4196.8 0.37144738
4201.1 0.35304511
4205.4 0.32979459
4209.7 0.32396853
4214.0 0.32081544
4218.3 0.30970398
4222.6 0.29248831
4226.9 0.30126888
4231.2 0.29149494
4235.5 0.28707644
4239.8 0.28227931
4244.1 0.27473170
4248.4 0.27178314
4252.7 0.27890053
4257.0 0.27900830
4261.3 0.32928601
4265.6 0.36002201
4269.9 0.30099306
4274.2 0.26736966
4278.5 0.26033759
4282.8 0.25819722
4287.1 0.25189102
4291.4 0.26831791
4295.7 0.29318303
4300.0 0.35635078
4304.3 0.50212514
4308.6 0.50104427
4312.9 0.33698612
4317.2 0.28373513
4321.5 0.26678780
4325.8 0.25950247
4330.1 0.25342315
4334.4 0.24859564
4338.7 0.24879615
4343.0 0.24707375
4347.3 0.24746147
4351.6 0.24716254
4355.9 0.24316454
4360.2 0.24049582
4364.5 0.24052705
4368.8 0.23136260
4373.1 0.22663811
4377.4 0.23663214
4381.7 0.23453908
4386.0 0.23748788
4390.3 0.22794758
4394.6 0.22984201
4398.9 0.22666673
4403.2 0.23461264
4407.5004 0.23052454
4411.8004 0.22461978
4416.1004 0.22980303
4420.4004 0.22840384
4424.7004 0.23539680
4429.0004 0.23665379
4433.3004 0.24617335
4437.6004 0.25153422
4441.9004 0.24802984
4446.2004 0.24089655
4450.5004 0.25153247
4454.8004 0.24116237
4459.1004 0.23521887
4463.4004 0.23572479
4467.7004 0.24906340
4472.0004 0.24444504
4476.3004 0.23160699
4480.6004 0.23468105
4484.9004 0.23687598
4489.2004 0.24089041
4493.5004 0.23701943
4497.8004 0.23930548
4502.1004 0.23840240
4506.4004 0.23975173
4510.7004 0.23103628
4515.0004 0.23498642
4519.3004 0.24265093
4523.6004 0.23102200
4527.9004 0.23758411
4532.2004 0.23857811
4536.5004 0.23686287
4540.8004 0.23723631
4545.1004 0.23898086
4549.4004 0.23745547
4553.7004 0.24662150
4558.0004 0.23546420
4562.3004 0.23054372
4566.6004 0.25213891
4570.9004 0.23539340
4575.2004 0.24637681
4579.5004 0.24018419
4583.8004 0.23306282
4588.1004 0.22979289
4592.4004 0.22721092
4596.7004 0.23404767
4601.0004 0.22184022
4605.3004 0.22382882
4609.6004 0.22613582
4613.9004 0.22371294
4618.2004 0.21323378
4622.5004 0.21716760
4626.8004 0.22242972
4631.1004 0.22198342
4635.4004 0.21525617
4639.7004 0.21607032
4644.0004 0.21427459
4648.3004 0.21014796
4652.6004 0.21436347
4656.9004 0.21874386
4661.2004 0.21729176
4665.5004 0.21200694
4669.8004 0.20894402
4674.1004 0.20584530
4678.4004 0.21300547
4682.7004 0.20539142
4687.0004 0.21929130
4691.3004 0.20671740
4695.6004 0.20767574
4699.9004 0.20448768
4704.2004 0.20426260
4708.5004 0.20403785
4712.8004 0.20381337
4717.1004 0.20849498
4721.4004 0.20941795
4725.7004 0.21424942
4730.0004 0.20903735
4734.3004 0.20967665
4738.6004 0.20247371
4742.9004 0.20225154
4747.2004 0.20802507
4751.5004 0.21419580
4755.8004 0.21059138
4760.1004 0.20546845
4764.4004 0.21357001
4768.7004 0.21700935
4773.0004 0.20613976
4777.3004 0.20849109
4781.6004 0.20026706
4785.9004 0.20004818
4790.2004 0.20408916
4794.5004 0.20074248
4798.8004 0.21947530
4803.1004 0.20954616
4807.4004 0.20385221
4811.7004 0.22762088
4816.0004 0.22462077
4820.3004 0.21450254
4824.6004 0.21060918
4828.9004 0.20109275
4833.2004 0.20084168
4837.5004 0.19744670
4841.8004 0.20393407
4846.1004 0.19701760
4850.4004 0.19800013
4854.7004 0.19658978
4859.0004 0.19821611
4863.3004 0.19616315
4867.6004 0.19727910
4871.9004 0.19658095
4876.2004 0.19552563
4880.5004 0.20236151
4884.8004 0.19939607
4889.1004 0.19489104
4893.4004 0.19468006
4897.7004 0.19446947
4902.0004 0.19425914
4906.3004 0.19404915
4910.6004 0.19383949
4914.9004 0.19363010
4919.2004 0.19764751
4923.5004 0.19321227
4927.8004 0.19356406
4932.1004 0.19279568
4936.4004 0.19369987
4940.7004 0.19244495
4945.0004 0.19217300
4949.3004 0.19407347
4953.6004 0.19681774
4957.9004 0.19779576
4962.2004 0.19599134
4966.5004 0.19569659
4970.8004 0.19517189
4975.1004 0.19251804
4979.4004 0.19414409
4983.7004 0.19291359
4988.0004 0.19258025
4992.3004 0.19690803
4996.6004 0.20557643
5000.9004 0.19553031
5005.2004 0.20235281
5009.5004 0.19848108
5013.8004 0.20465976
5018.1004 0.19990405
5022.4004 0.20643257
5026.7004 0.20317951
5031.0004 0.20414707
5035.3004 0.21012785
5039.6004 0.20507489
5043.9004 0.20903645
5048.2004 0.21597736
5052.5004 0.23258747
5056.8004 0.22731516
5061.1004 0.22297570
5065.4004 0.22423524
5069.7004 0.20451359
5074.0004 0.20112953
5078.3004 0.21054004
5082.6004 0.20685978
5086.9004 0.19970225
5091.2004 0.20082961
5095.5004 0.20197828
5099.8004 0.20228675
5104.1004 0.19876786
5108.4004 0.20273514
5112.7004 0.20694880
5117.0004 0.19425865
5121.3004 0.19637713
5125.6004 0.19506957
5129.9004 0.20137274
5134.2004 0.19001709
5138.5004 0.19209884
5142.8004 0.19162104
5147.1004 0.19097970
5151.4004 0.19239819
5155.7004 0.19206218
5160.0004 0.19163840
5164.3004 0.19342126
5168.6004 0.19034046
5172.9004 0.18880087
5177.2004 0.18553390
5181.5004 0.18542825
5185.8004 0.18245061
5190.1004 0.18604146
5194.4004 0.18649070
5198.7004 0.18868567
5203.0004 0.19026235
5207.3004 0.18305984
5211.6004 0.18704146
5215.9004 0.19270770
5220.2004 0.19050917
5224.5004 0.19245756
5228.8004 0.19601879
5233.1004 0.19285735
5237.4004 0.19433755
5241.7004 0.19054516
5246.0004 0.20017435
5250.3004 0.18410692
5254.6004 0.17803212
5258.9004 0.18077900
5263.2004 0.17841186
5267.5004 0.17942494
5271.8004 0.17972358
5276.1004 0.18330379
5280.4004 0.18674450
5284.7004 0.17831351
5289.0004 0.18337664
5293.3004 0.18838832
5297.6004 0.18149690
5301.9004 0.17851740
5306.2004 0.17581855
5310.5004 0.17563587
5314.8004 0.17642754
5319.1004 0.18689305
5323.4004 0.17811224
5327.7004 0.17921098
5332.0004 0.17472649
5336.3004 0.17521210
5340.6004 0.17510843
5344.9004 0.17800377
5349.2004 0.17625494
5353.5004 0.18032275
5357.8004 0.18097627
5362.1004 0.17691594
5366.4004 0.17574613
5370.7004 0.17552963
5375.0004 0.18064052
5379.3004 0.17956060
5383.6004 0.17581739
5387.9004 0.17458774
5392.2004 0.17328936
5396.5004 0.17249946
5400.8004 0.17397472
5405.1004 0.17554182
5409.4004 0.18138953
5413.7004 0.18393163
5418.0004 0.18746163
5422.3004 0.19347315
5426.6004 0.18578772
5430.9004 0.17673087
5435.2004 0.17735572
5439.5004 0.17557129
5443.8004 0.17287996
5448.1004 0.17562383
5452.4004 0.18089837
5456.7004 0.18285087
5461.0004 0.17720824
5465.3004 0.17863731
5469.6004 0.18135838
5473.9004 0.18468322
5478.2004 0.18753532
5482.5004 0.17834266
5486.8004 0.18015695
5491.1004 0.18354943
5495.4004 0.18414715
5499.7004 0.18028018
5504.0004 0.18000787
5508.3004 0.18272915
5512.6004 0.18261023
5516.9004 0.18066795
5521.2004 0.18515386
5525.5004 0.18330640
5529.8004 0.18594317
5534.1004 0.19044356
5538.4004 0.18783261
5542.7004 0.19335128
5547.0004 0.19030344
5551.3004 0.20327988
5555.6004 0.20483549
5559.9004 0.21025093
5564.2004 0.21622279
5568.5004 0.21539965
5572.8004 0.21985458
5577.1004 0.23224436
5581.4004 0.23358972
5585.7004 0.24382520
5590.0004 0.25514957
5594.3004 0.27087316
5598.6004 0.28907761
5602.9004 0.31104097
5607.2004 0.34128201
5611.5004 0.37905321
5615.8004 0.42528445
5620.1004 0.47976586
5624.4004 0.56262606
5628.7004 0.66120023
5633.0004 0.78537655
5637.3004 0.91065907
5641.6004 1.0714531
5645.9004 1.1013613
5650.2004 0.94206983
5654.5004 0.78427076
5658.8004 0.71368355
5663.1004 0.67234534
5667.4004 0.58236837
5671.7004 0.49140638
5676.0004 0.44280016
5680.3004 0.40398169
5684.6004 0.36848128
5688.9004 0.34143659
5693.2004 0.32491538
5697.5004 0.30427948
5701.8004 0.28336409
5706.1004 0.26598886
5710.4004 0.24852689
5714.7004 0.23359792
5719.0004 0.22890924
5723.3004 0.22425410
5727.6004 0.21302265
5731.9004 0.21169223
5736.2004 0.20776466
5740.5004 0.20804344
5744.8004 0.21175230
5749.1004 0.21120259
5753.4004 0.20684727
5757.7004 0.20018026
5762.0004 0.21022013
5766.3004 0.21566562
5770.6004 0.22010247
5774.9004 0.24243326
5779.2004 0.24122699
5783.5004 0.22492987
5787.8004 0.22723970
5792.1004 0.23002963
5796.4004 0.22346450
5800.7004 0.20627183
5805.0004 0.18952997
5809.3004 0.18770613
5813.6004 0.18298820
5817.9004 0.17747016
5822.2004 0.17639452
5826.5004 0.17151047
5830.8004 0.16398782
5835.1004 0.16310892
5839.4004 0.16394141
5843.7004 0.16368556
5848.0004 0.15608604
5852.3004 0.15465567
5856.6004 0.15450476
5860.9004 0.15948240
5865.2004 0.16579291
5869.5004 0.15925634
5873.8004 0.15696995
5878.1004 0.15653981
5882.4004 0.15360129
5886.7004 0.15345156
5891.0004 0.15330207
5895.3004 0.16368209
5899.6004 0.15747540
5903.9004 0.15862784
5908.2004 0.15270625
5912.5004 0.15255783
5916.8004 0.15536298
5921.1004 0.16036892
5925.4004 0.15914445
5929.7004 0.15542512
5934.0004 0.15701781
5938.3004 0.15718390
5942.6004 0.15604033
5946.9004 0.15137862
5951.2004 0.15123220
5955.5004 0.15108597
5959.8004 0.15233812
5964.1004 0.15079424
5968.4004 0.15064868
5972.7004 0.15050338
5977.0004 0.15408605
5981.3004 0.15021338
5985.6004 0.15006870
5989.9004 0.14992423
5994.2004 0.15201120
5998.5004 0.14963594
