300.0 0.0
300.0 0.0000000
303.0 0.0000000
306.0 0.0000000
309.0 0.0000000
312.0 0.0000000
315.0 0.0000000
318.0 0.0000000
321.0 0.0000000
324.0 0.0000000
327.0 0.0000000
330.0 0.0000000
333.0 0.0000000
336.0 0.0000000
339.0 0.0000000
342.0 0.0000000
345.0 0.0000000
348.0 0.0000000
351.0 0.0000000
354.0 0.0000000
357.0 0.0000000
360.0 0.0000000
363.0 0.0000000
366.0 0.0000000
369.0 0.0000000
372.0 0.0000000
375.0 0.0000000
378.0 0.0000000
381.0 0.0000000
384.0 0.0000000
387.0 0.0000000
390.0 0.0000000
393.0 0.0000000
396.0 0.0000000
399.0 0.0000000
402.0 0.0000000
405.0 0.0000000
408.0 0.0000000
411.0 0.0000000
414.0 0.0000000
417.0 0.0000000
420.0 0.0000000
423.0 0.0000000
426.0 0.0000000
429.0 0.0000000
432.0 0.0000000
435.0 0.0000000
438.0 0.0000000
441.0 0.0000000
444.0 0.0000000
447.0 0.0000000
450.0 0.0000000
453.0 0.0000000
456.0 0.0000000
459.0 0.0000000
462.0 0.0000000
465.0 0.0000000
468.0 0.0000000
471.0 0.0000000
474.0 0.0000000
477.0 0.0000000
480.0 0.0000000
483.0 0.0000000
486.0 0.0000000
489.0 0.0000000
492.0 0.0000000
495.0 0.0000000
498.0 0.0000000
501.0 0.0000000
504.0 0.0000000
507.0 0.0000000
510.0 0.0000000
513.0 0.0000000
516.0 0.0000000
519.0 0.0000000
522.0 0.0000000
525.0 0.0000000
528.0 0.0000000
531.0 0.0000000
534.0 0.0000000
537.0 0.0000000
540.0 0.0000000
543.0 0.0000000
546.0 0.0000000
549.0 5.12960665E-02
552.0 5.01717217E-02
555.0 4.90397587E-02
558.0 4.79019731E-02
561.0 4.67563495E-02
564.0 4.56013046E-02
567.0 4.44356725E-02
570.0 4.32650857E-02
573.0 4.20938917E-02
576.0 4.09283303E-02
579.0 3.97678576E-02
582.0 3.86106297E-02
585.0 5.83779439E-02
588.0 5.71456552E-02
591.0 5.59048653E-02
594.0 5.46566881E-02
597.0 5.34015857E-02
600.0 5.71916401E-02
603.0 5.84881343E-02
606.0 5.70164323E-02
609.0 5.98572455E-02
612.0 6.41447902E-02
615.0 6.98186606E-02
618.0 0.16178465
621.0 0.16628170
624.0 0.14232014
627.0 0.11988120
630.0 0.11374427
633.0 0.11191839
636.0 0.11347457
639.0 0.11659595
642.0 0.11487897
645.0 0.10492566
648.0 0.10710838
651.0 9.69101340E-02
654.0 8.92071128E-02
657.0 8.34942460E-02
660.0 8.14388022E-02
663.0 8.37037265E-02
666.0 8.12941566E-02
669.0 8.39978307E-02
672.0 8.76314119E-02
675.0 8.63207281E-02
678.0 7.79907778E-02
681.0 7.65351355E-02
684.0 7.07608610E-02
687.0 7.23501444E-02
690.0 7.25358948E-02
693.0 7.06955492E-02
696.0 7.09543154E-02
699.0 7.37333149E-02
702.0 7.72091299E-02
705.0 8.38528052E-02
708.0 8.77569243E-02
711.0 9.28952694E-02
714.0 0.10011149
717.0 0.11160724
720.0 0.12790652
723.0 0.15418914
726.0 0.19282410
729.0 0.26393044
732.0 0.92150337
735.0 0.74862510
738.0 0.70131993
741.0 0.70408142
744.0 0.66241181
747.0 0.53257132
750.0 0.46178070
753.0 0.43610674
756.0 0.41908532
759.0 0.39350009
762.0 0.36079016
765.0 0.33939826
768.0 0.33291215
771.0 0.33513081
774.0 0.34190714
777.0 0.34557915
780.0 0.37315637
783.0 0.38047600
786.0 0.36551470
789.0 0.33434325
792.0 0.33777946
795.0 0.33596933
798.0 0.34529769
801.0 0.35252979
804.0 0.34949332
807.0 0.33814615
810.0 0.33485174
813.0 0.34671792
816.0 0.34578574
819.0 0.35279047
822.0 0.34944555
825.0 0.35885099
828.0 0.38067037
831.0 0.40339786
834.0 0.43448931
837.0 0.44400331
840.0 0.45182127
843.0 0.41224071
846.0 0.38618219
849.0 0.36701307
852.0 0.35928744
855.0 0.35884172
858.0 0.34373119
861.0 0.34046209
864.0 0.33950388
867.0 0.33804089
870.0 0.34517831
873.0 0.34292105
876.0 0.33664843
879.0 0.34780082
882.0 0.34282109
885.0 0.34920922
888.0 0.35861981
891.0 0.36498457
894.0 0.37495467
897.0 0.37548772
900.0 0.38849977
903.0 0.39822868
906.0 0.40905958
909.0 0.42570114
912.0 0.45869049
915.0 0.50265294
918.0 0.55314350
921.0 0.61720252
924.0 0.69678313
927.0 0.74484879
930.0 0.67781293
933.0 0.57645625
936.0 0.49938968
939.0 0.45949599
942.0 0.43985781
945.0 0.42896658
948.0 0.40962717
951.0 0.40909809
954.0 0.39768010
957.0 0.40639037
960.0 0.40834633
963.0 0.40776563
966.0 0.41306296
969.0 0.40872213
972.0 0.41571277
975.0 0.42229730
978.0 0.42378995
981.0 0.43371391
984.0 0.41774273
987.0 0.41566232
990.0 0.41100848
993.0 0.41849256
996.0 0.42112881
999.0 0.41586953
1002.0 0.39553088
1005.0 0.38345167
1008.0 0.37874016
1011.0 0.37242791
1014.0 0.37370738
1017.0 0.37336585
1020.0 0.37331727
1023.0 0.37987286
1026.0 0.37934670
1029.0 0.38610572
1032.0 0.38857302
1035.0 0.38853717
1038.0 0.38473502
1041.0 0.39027303
1044.0 0.39268735
1047.0 0.40400860
1050.0 0.39819124
1053.0 0.39244795
1056.0 0.37582490
1059.0 0.38213062
1062.0 0.38454673
1065.0 0.38009951
1068.0 0.39364427
1071.0 0.39808595
1074.0 0.38830498
1077.0 0.38236424
1080.0 0.38354707
1083.0 0.38422677
1086.0 0.38472837
1089.0 0.39030856
1092.0 0.38415986
1095.0 0.38361618
1098.0 0.38920105
1101.0 0.38943869
1104.0 0.39977723
1107.0 0.39874688
1110.0 0.42526326
1113.0 0.42453840
1116.0 0.42960310
1119.0 0.42383224
1122.0 0.42549148
1125.0 0.43014497
1128.0 0.45004958
1131.0 0.48507783
1134.0 0.51707870
1137.0 0.54340196
1140.0 0.55405921
1143.0 0.58414942
1146.0 0.55960816
1149.0 0.51253283
1152.0 0.46959993
1155.0 0.44125998
1158.0 0.42834589
1161.0 0.41514209
1164.0 0.40272817
1167.0 0.39332825
1170.0 0.39108661
1173.0 0.37736797
1176.0 0.37240851
1179.0 0.37042964
1182.0 0.37499210
1185.0 0.37754574
1188.0 0.36978233
1191.0 0.37223378
1194.0 0.37513885
1197.0 0.37921426
1200.0 0.37073591
1203.0 0.37570137
1206.0 0.38541096
1209.0 0.36544192
1212.0 0.37602311
1215.0 0.37935206
1218.0 0.37760711
1221.0 0.38174507
1224.0 0.37659785
1227.0 0.37249684
1230.0 0.38375232
1233.0 0.40021545
1236.0 0.39321604
1239.0 0.40404221
1242.0 0.40158421
1245.0 0.40360296
1248.0 0.40226346
1251.0 0.40837955
1254.0 0.40814534
1257.0 0.40805188
1260.0 0.39594156
1263.0 0.39042413
1266.0 0.39640510
1269.0 0.40297517
1272.0 0.38682628
1275.0 0.40643317
1278.0 0.39319286
1281.0 0.40349841
1284.0 0.40071219
1287.0 0.40977785
1290.0 0.39129221
1293.0 0.39795598
1296.0 0.39844641
1299.0 0.40628764
1302.0 0.38701406
1305.0 0.39238811
1308.0 0.40070501
1311.0 0.38371047
1314.0 0.39166719
1317.0 0.38062209
1320.0 0.37078902
1323.0 0.37109125
1326.0 0.37138888
1329.0 0.37451288
1332.0 0.37747118
1335.0 0.37871268
1338.0 0.37409222
1341.0 0.37280768
1344.0 0.37307760
1347.0 0.37334353
1350.0 0.37865674
1353.0 0.37862673
1356.0 0.38480124
1359.0 0.38771859
1362.0 0.38815787
1365.0 0.39157513
1368.0 0.39577687
1371.0 0.40353730
1374.0 0.41319326
1377.0 0.41057682
1380.0 0.42203385
1383.0 0.42748803
1386.0 0.43168929
1389.0 0.43469322
1392.0 0.43839499
1395.0 0.44451538
1398.0 0.44738409
1401.0 0.44194177
1404.0 0.43863523
1407.0 0.42938936
1410.0 0.42887977
1413.0 0.42115033
1416.0 0.42784807
1419.0 0.42312768
1422.0 0.42093158
1425.0 0.42262763
1428.0 0.42053878
1431.0 0.42204463
1434.0 0.42348725
1437.0 0.42886144
1440.0 0.43942985
1443.0 0.43321171
1446.0 0.44931811
1449.0 0.46094471
1452.0 0.47514084
1455.0 0.47426721
1458.0 0.46131617
1461.0 0.45951292
1464.0 0.46147966
1467.0 0.45148554
1470.0 0.44355553
1473.0 0.44151673
1476.0 0.44026509
1479.0 0.44917247
1482.0 0.45879939
1485.0 0.46110204
1488.0 0.45859933
1491.0 0.46024874
1494.0 0.45784482
1497.0 0.46065220
1500.0 0.45645046
1503.0 0.45503673
1506.0 0.45604989
1509.0 0.45443115
1512.0 0.44917235
1515.0 0.44315577
1518.0 0.44777265
1521.0 0.44973803
1524.0 0.45041722
1527.0 0.44653863
1530.0 0.44354308
1533.0 0.44285136
1536.0 0.44111830
1539.0 0.43987522
1542.0 0.43657115
1545.0 0.43114328
1548.0 0.43378672
1551.0 0.43428504
1554.0 0.42993745
1557.0 0.41913313
1560.0 0.43036041
1563.0 0.43272492
1566.0 0.43054882
1569.0 0.43098566
1572.0 0.43514520
1575.0 0.42755005
1578.0 0.42814118
1581.0 0.42021680
1584.0 0.41406268
1587.0 0.39828891
1590.0 0.39685866
1593.0 0.39659730
1596.0 0.39311451
1599.0 0.40420857
1602.0 0.41051295
1605.0 0.41181338
1608.0 0.40339035
1611.0 0.40792152
1614.0 0.41012117
1617.0 0.41605720
1620.0 0.41653472
1623.0 0.42660585
1626.0 0.43943650
1629.0 0.44373861
1632.0 0.43848383
1635.0 0.45236114
1638.0 0.45884454
1641.0 0.45885432
1644.0 0.46167567
1647.0 0.48083434
1650.0 0.49312010
1653.0 0.49105197
1656.0 0.50088537
1659.0 0.48996320
1662.0 0.50271028
1665.0 0.52043867
1668.0 0.56435388
1671.0 0.61581498
1674.0 0.69563836
1677.0 0.77717721
1680.0 0.80276883
1683.0 0.76269013
1686.0 0.67616177
1689.0 0.60212582
1692.0 0.55627739
1695.0 0.53382498
1698.0 0.51620156
1701.0 0.50264263
1704.0 0.49204496
1707.0 0.48187771
1710.0 0.47890368
1713.0 0.46963832
1716.0 0.46164820
1719.0 0.45243654
1722.0 0.44739243
1725.0 0.44641519
1728.0 0.43400577
1731.0 0.43520945
1734.0 0.42474905
1737.0 0.42233106
1740.0 0.42221442
1743.0 0.40513256
1746.0 0.41154703
1749.0 0.41161683
1752.0 0.41799992
1755.0 0.42982098
1758.0 0.43420646
1761.0 0.43605173
1764.0 0.43605998
1767.0 0.43945512
1770.0 0.43381959
1773.0 0.43525341
1776.0 0.44138941
1779.0 0.43523684
1782.0 0.43707311
1785.0 0.42958176
1788.0 0.43252838
1791.0 0.42245239
1794.0 0.41569212
1797.0 0.40857971
1800.0 0.40521351
1803.0 0.39582863
1806.0 0.39215285
1809.0 0.38174075
1812.0 0.37468255
1815.0 0.37347859
1818.0 0.37732792
1821.0 0.37271771
1824.0 0.38100001
1827.0 0.38331276
1830.0 0.38484272
1833.0 0.38511494
1836.0 0.38576236
1839.0 0.39373606
1842.0 0.38997948
1845.0 0.39800468
1848.0 0.39789093
1851.0 0.39664331
1854.0 0.39264446
1857.0 0.39696431
1860.0 0.39448231
1863.0 0.40320909
1866.0 0.41376171
1869.0 0.41519952
1872.0 0.43214861
1875.0 0.43598971
1878.0 0.43614960
1881.0 0.43051222
1884.0 0.43043655
1887.0 0.41490743
1890.0 0.42443752
1893.0 0.42058998
1896.0 0.42012420
1899.0 0.42570764
1902.0 0.43726739
1905.0 0.43802503
1908.0 0.44384265
1911.0 0.44694787
1914.0 0.45075360
1917.0 0.44666106
1920.0 0.44915652
1923.0 0.44279942
1926.0 0.44812536
1929.0 0.44291571
1932.0 0.43007576
1935.0 0.43056449
1938.0 0.43616799
1941.0 0.42498004
1944.0 0.42462879
1947.0 0.42524952
1950.0 0.42529657
1953.0 0.43235078
1956.0 0.43074712
1959.0 0.42373821
1962.0 0.42319784
1965.0 0.43201011
1968.0 0.43148622
1971.0 0.42882928
1974.0 0.43697765
1977.0 0.42490062
1980.0 0.41991499
1983.0 0.41455936
1986.0 0.41083181
1989.0 0.40800765
1992.0 0.39985660
1995.0 0.39853004
1998.0 0.40348753
2001.0 0.40733430
2004.0 0.41283458
2007.0 0.42598814
2010.0 0.41175681
2013.0 0.40627977
2016.0 0.40402207
2019.0 0.40235353
2022.0 0.39791846
2025.0 0.40761080
2028.0 0.40637901
2031.0 0.40951052
2034.0 0.40593815
2037.0 0.40744293
2040.0 0.40792069
2043.0 0.41751134
2046.0 0.42021796
2049.0 0.42758921
2052.0 0.44173053
2055.0 0.45997983
2058.0 0.43853357
2061.0 0.42209819
2064.0 0.42474872
2067.0 0.41845745
2070.0 0.40340930
2073.0 0.40814993
2076.0 0.40954703
2079.0 0.39838445
2082.0 0.39590076
2085.0 0.38731381
2088.0 0.38203627
2091.0 0.39249873
2094.0 0.39160007
2097.0 0.38626114
2100.0 0.39403048
2103.0 0.38435322
2106.0 0.37836984
2109.0 0.37840822
2112.0 0.37223035
2115.0 0.36624867
2118.0 0.35937041
2121.0 0.36407629
2124.0 0.36337391
2127.0 0.35304731
2130.0 0.35633022
2133.0 0.36224926
2136.0 0.36483997
2139.0 0.35812184
2142.0 0.36485237
2145.0 0.37411880
2148.0 0.36727536
2151.0 0.37544662
2154.0 0.36486065
2157.0 0.36589712
2160.0 0.36065242
2163.0 0.36547524
2166.0 0.36779711
2169.0 0.36073312
2172.0 0.37090158
2175.0 0.36482629
2178.0 0.36175752
2181.0 0.36510137
2184.0 0.35735935
2187.0 0.36143899
2190.0 0.35872412
2193.0 0.36126819
2196.0 0.36381245
2199.0 0.35909453
2202.0 0.35617089
2205.0 0.35532799
2208.0 0.35384580
2211.0 0.35185128
2214.0 0.35223830
2217.0 0.35731429
2220.0 0.35694751
2223.0 0.35676020
2226.0 0.35008004
2229.0 0.35155299
2232.0 0.36649579
2235.0 0.41328955
2238.0 0.42953512
2241.0 0.36318475
2244.0 0.35047844
2247.0 0.35057276
2250.0 0.34656873
2253.0 0.35917896
2256.0 0.34930068
2259.0 0.34179395
2262.0 0.34432167
2265.0 0.34058702
2268.0 0.33625853
2271.0 0.33288783
2274.0 0.32893157
2277.0 0.31121317
2280.0 0.31641313
2283.0 0.31063053
2286.0 0.32435301
2289.0 0.32373074
2292.0 0.32041705
2295.0 0.31738368
2298.0 0.31519321
2301.0 0.32341000
2304.0 0.31695759
2307.0 0.32241488
2310.0 0.32748145
2313.0 0.33304968
2316.0 0.34646052
2319.0 0.37309170
2322.0 0.38883910
2325.0 0.34963864
2328.0 0.32689741
2331.0 0.33877468
2334.0 0.34165278
2337.0 0.32398999
2340.0 0.31721598
2343.0 0.31783679
2346.0 0.31240791
2349.0 0.31071302
2352.0 0.30509496
2355.0 0.29640767
2358.0 0.28675115
2361.0 0.28489318
2364.0 0.29370663
2367.0 0.30261743
2370.0 0.30363610
2373.0 0.30718037
2376.0 0.31490618
2379.0 0.31532139
2382.0 0.31353086
2385.0 0.30323696
2388.0 0.30466190
2391.0 0.30322269
2394.0 0.29078448
2397.0 0.29463875
2400.0 0.28490067
2403.0 0.28505373
2406.0 0.28025433
2409.0 0.28649637
2412.0 0.29028100
2415.0 0.28513303
2418.0 0.27631140
2421.0 0.27614948
2424.0 0.27500230
2427.0 0.27189478
2430.0 0.28029761
2433.0 0.27453926
2436.0 0.28172734
2439.0 0.28746691
2442.0 0.30513468
2445.0 0.30057636
2448.0 0.29895252
2451.0 0.31231111
2454.0 0.31683442
2457.0 0.32804427
2460.0 0.34899798
2463.0 0.33894813
2466.0 0.32216221
2469.0 0.32070711
2472.0 0.30651674
2475.0 0.29899806
2478.0 0.29602829
2481.0 0.29121304
2484.0 0.28163093
2487.0 0.27092567
2490.0 0.26790068
2493.0 0.26928267
2496.0 0.27686483
2499.0 0.27477372
2502.0 0.27311978
2505.0 0.27926874
2508.0 0.26975644
2511.0 0.26647237
2514.0 0.27150437
2517.0 0.26541194
2520.0 0.26267010
2523.0 0.26237708
2526.0 0.26208457
2529.0 0.26339924
2532.0 0.26569226
2535.0 0.26459303
2538.0 0.26372248
2541.0 0.27858600
2544.0 0.27702850
2547.0 0.28136992
2550.0 0.27647367
2553.0 0.26992968
2556.0 0.26572335
2559.0 0.27775240
2562.0 0.27769938
2565.0 0.27583325
2568.0 0.28870666
2571.0 0.28116342
2574.0 0.29038113
2577.0 0.30631849
2580.0 0.30115905
2583.0 0.30745777
2586.0 0.31323081
2589.0 0.32619470
2592.0 0.34703079
2595.0 0.35101640
2598.0 0.37061125
2601.0 0.40132225
2604.0 0.41637921
2607.0 0.41834018
2610.0 0.38916451
2613.0 0.38238874
2616.0 0.37872809
2619.0 0.36051238
2622.0 0.34435302
2625.0 0.31550449
2628.0 0.30906051
2631.0 0.29689273
2634.0 0.29102734
2637.0 0.29853812
2640.0 0.29052559
2643.0 0.28570989
2646.0 0.28612757
2649.0 0.27956474
2652.0 0.27771559
2655.0 0.27639183
2658.0 0.25944412
2661.0 0.26844040
2664.0 0.26717985
2667.0 0.27410874
2670.0 0.26828289
2673.0 0.26722544
2676.0 0.27938172
2679.0 0.28354186
2682.0 0.29436895
2685.0 0.29022956
2688.0 0.28814101
2691.0 0.27744848
2694.0 0.29284763
2697.0 0.29362229
2700.0 0.29555345
2703.0 0.29355463
2706.0 0.30472863
2709.0 0.31783682
2712.0 0.31567961
2715.0 0.30285826
2718.0 0.29581690
2721.0 0.28876457
2724.0 0.29089054
2727.0 0.31242192
2730.0 0.30405092
2733.0 0.30045798
2736.0 0.31222251
2739.0 0.30971956
2742.0 0.28693500
2745.0 0.30251482
2748.0 0.31465411
2751.0 0.30123296
2754.0 0.29559463
2757.0 0.30037147
2760.0 0.28926128
2763.0 0.28262839
2766.0 0.28365055
2769.0 0.29278970
2772.0 0.30351943
2775.0 0.30343974
2778.0 0.29747668
2781.0 0.30127662
2784.0 0.29239222
2787.0 0.29734552
2790.0 0.28844401
2793.0 0.30365628
2796.0 0.28588700
2799.0 0.29525524
2802.0 0.28304327
2805.0 0.28577232
2808.0 0.28807196
2811.0 0.29764366
2814.0 0.27154878
2817.0 0.27104104
2820.0 0.25489494
2823.0 0.25174358
2826.0 0.24828881
2829.0 0.25442585
2832.0 0.25365943
2835.0 0.25296682
2838.0 0.24849260
2841.0 0.25232303
2844.0 0.25498170
2847.0 0.24968934
2850.0 0.24137247
2853.0 0.24358131
2856.0 0.24463092
2859.0 0.24341205
2862.0 0.24726111
2865.0 0.25045982
2868.0 0.25503463
2871.0 0.25412852
2874.0 0.25218600
2877.0 0.25715211
2880.0 0.26459104
2883.0 0.26482129
2886.0 0.26731285
2889.0 0.27738297
2892.0 0.29379794
2895.0 0.29523566
2898.0 0.31739563
2901.0 0.32039344
2904.0 0.33117995
2907.0 0.35600024
2910.0 0.37073529
2913.0 0.41486847
2916.0 0.45262545
2919.0 0.43841594
2922.0 0.40903160
2925.0 0.37992525
2928.0 0.35947520
2931.0 0.34167919
2934.0 0.31918943
2937.0 0.31356284
2940.0 0.31052291
2943.0 0.29977936
2946.0 0.28312621
2949.0 0.29163679
2952.0 0.28218606
2955.0 0.27791923
2958.0 0.27328545
2961.0 0.26598832
2964.0 0.26314351
2967.0 0.27004480
2970.0 0.27015924
2973.0 0.31885430
2976.0 0.34862953
2979.0 0.29147944
2982.0 0.25892836
2985.0 0.25212765
2988.0 0.25006402
2991.0 0.24396552
2994.0 0.25988510
2997.0 0.28397918
3000.0 0.34517655
3003.0 0.48639759
3006.0 0.48536828
3009.0 0.32645491
3012.0 0.27487805
3015.0 0.25846916
3018.0 0.25142008
3021.0 0.24553895
3024.0 0.24087030
3027.0 0.24107327
3030.0 0.23941295
3033.0 0.23979720
3036.0 0.23951611
3039.0 0.23565021
3042.0 0.23307225
3045.0 0.23311082
3048.0 0.22423688
3051.0 0.21966565
3054.0 0.22936031
3057.0 0.22733957
3060.0 0.23020598
3063.0 0.22096595
3066.0 0.22281015
3069.0 0.21973969
3072.0 0.22745070
3075.0 0.22349516
3078.0 0.21777800
3081.0 0.22281110
3084.0 0.22146213
3087.0 0.22825046
3090.0 0.22947717
3093.0 0.23871626
3096.0 0.24392308
3099.0 0.24053295
3102.0 0.23362325
3105.0 0.24394637
3108.0 0.23389697
3111.0 0.22814026
3114.0 0.22863868
3117.0 0.24158452
3120.0 0.23711282
3123.0 0.22466743
3126.0 0.22765699
3129.0 0.22979392
3132.0 0.23369615
3135.0 0.22994846
3138.0 0.23217404
3141.0 0.23130555
3144.0 0.23262243
3147.0 0.22417356
3150.0 0.22801389
3153.0 0.23545872
3156.0 0.22418188
3159.0 0.23055729
3162.0 0.23152946
3165.0 0.22987241
3168.0 0.23024230
3171.0 0.23194298
3174.0 0.23047000
3177.0 0.23937416
3180.0 0.22855212
3183.0 0.22378330
3186.0 0.24475315
3189.0 0.22850551
3192.0 0.23917520
3195.0 0.23317105
3198.0 0.22626485
3201.0 0.22309741
3204.0 0.22059768
3207.0 0.22724266
3210.0 0.21539697
3213.0 0.21733473
3216.0 0.21958169
3219.0 0.21723589
3222.0 0.20706666
3225.0 0.21089332
3228.0 0.21601020
3231.0 0.21558349
3234.0 0.20905672
3237.0 0.20985396
3240.0 0.20811635
3243.0 0.20411466
3246.0 0.20821558
3249.0 0.21247691
3252.0 0.21107294
3255.0 0.20594570
3258.0 0.20297657
3261.0 0.19997250
3264.0 0.20693471
3267.0 0.19954376
3270.0 0.21305437
3273.0 0.20084421
3276.0 0.20178145
3279.0 0.19868991
3282.0 0.19847718
3285.0 0.19826479
3288.0 0.19805264
3291.0 0.20260799
3294.0 0.20351100
3297.0 0.20821247
3300.0 0.20315331
3303.0 0.20378068
3306.0 0.19678614
3309.0 0.19657604
3312.0 0.20219356
3315.0 0.20819747
3318.0 0.20470002
3321.0 0.19972630
3324.0 0.20760757
3327.0 0.21095708
3330.0 0.20039651
3333.0 0.20268825
3336.0 0.19469880
3339.0 0.19449168
3342.0 0.19842620
3345.0 0.19517802
3348.0 0.21339776
3351.0 0.20374946
3354.0 0.19821873
3357.0 0.22133693
3360.0 0.21842596
3363.0 0.20859273
3366.0 0.20481251
3369.0 0.19556361
3372.0 0.19532499
3375.0 0.19202876
3378.0 0.19834372
3381.0 0.19162229
3384.0 0.19258338
3387.0 0.19121699
3390.0 0.19280432
3393.0 0.19081278
3396.0 0.19190368
3399.0 0.19122991
3402.0 0.19020864
3405.0 0.19686413
3408.0 0.19398467
3411.0 0.18960717
3414.0 0.18940717
3417.0 0.18920754
3420.0 0.18900812
3423.0 0.18880902
3426.0 0.18861024
3429.0 0.18841167
3432.0 0.19232608
3435.0 0.18801542
3438.0 0.18836291
3441.0 0.18762027
3444.0 0.18850534
3447.0 0.18728916
3450.0 0.18702960
3453.0 0.18888430
3456.0 0.19156037
3459.0 0.19251749
3462.0 0.19076636
3465.0 0.19048458
3468.0 0.18997896
3471.0 0.18740074
3474.0 0.18898861
3477.0 0.18779583
3480.0 0.18747634
3483.0 0.19169451
3486.0 0.20013870
3489.0 0.19036335
3492.0 0.19701080
3495.0 0.19324636
3498.0 0.19926737
3501.0 0.19464207
3504.0 0.20100401
3507.0 0.19784170
3510.0 0.19878905
3513.0 0.20461817
3516.0 0.19970292
3519.0 0.20356601
3522.0 0.21033072
3525.0 0.22651246
3528.0 0.22138357
3531.0 0.21716298
3534.0 0.21839529
3537.0 0.19919240
3540.0 0.19590144
3543.0 0.20507257
3546.0 0.20149304
3549.0 0.19452617
3552.0 0.19562931
3555.0 0.19675325
3558.0 0.19705874
3561.0 0.19363570
3564.0 0.19750558
3567.0 0.20161565
3570.0 0.18925728
3573.0 0.19132604
3576.0 0.19005691
3579.0 0.19620301
3582.0 0.18514353
3585.0 0.18717654
3588.0 0.18671566
3591.0 0.18609537
3594.0 0.18748225
3597.0 0.18715948
3600.0 0.18675113
3603.0 0.18849318
3606.0 0.18549547
3609.0 0.18399961
3612.0 0.18082015
3615.0 0.18072161
3618.0 0.17782392
3621.0 0.18132815
3624.0 0.18177046
3627.0 0.18391435
3630.0 0.18545566
3633.0 0.17843947
3636.0 0.18232502
3639.0 0.18785292
3642.0 0.18571424
3645.0 0.18761815
3648.0 0.19109441
3651.0 0.18801692
3654.0 0.18946451
3657.0 0.18577167
3660.0 0.19516431
3663.0 0.17950331
3666.0 0.17358454
3669.0 0.17626700
3672.0 0.17396306
3675.0 0.17495504
3678.0 0.17525037
3681.0 0.17874572
3684.0 0.18210515
3687.0 0.17388771
3690.0 0.17882936
3693.0 0.18372108
3696.0 0.17700455
3699.0 0.17410284
3702.0 0.17147473
3705.0 0.17130055
3708.0 0.17207669
3711.0 0.18228833
3714.0 0.17372790
3717.0 0.17480366
3720.0 0.17043337
3723.0 0.17091098
3726.0 0.17081380
3729.0 0.17364213
3732.0 0.17194009
3735.0 0.17591234
3738.0 0.17655392
3741.0 0.17259674
3744.0 0.17145939
3747.0 0.17125204
3750.0 0.17624241
3753.0 0.17519274
3756.0 0.17154448
3759.0 0.17034855
3762.0 0.16908552
3765.0 0.16831857
3768.0 0.16976188
3771.0 0.17129487
3774.0 0.17700507
3777.0 0.17948973
3780.0 0.18293855
3783.0 0.18880925
3786.0 0.18131311
3789.0 0.17247821
3792.0 0.17309189
3795.0 0.17135413
3798.0 0.16873115
3801.0 0.17141297
3804.0 0.17656492
3807.0 0.17847459
3810.0 0.17297079
3813.0 0.17436951
3816.0 0.17702945
3819.0 0.18027887
3822.0 0.18306692
3825.0 0.17409709
3828.0 0.17587200
3831.0 0.17918769
3834.0 0.17977509
3837.0 0.17600372
3840.0 0.17574167
3843.0 0.17840229
3846.0 0.17829001
3849.0 0.17639749
3852.0 0.18078125
3855.0 0.17898123
3858.0 0.18155965
3861.0 0.18595789
3864.0 0.18341236
3867.0 0.18880518
3870.0 0.18583295
3873.0 0.19850875
3876.0 0.20003207
3879.0 0.20532486
3882.0 0.21116124
3885.0 0.21036182
3888.0 0.21471705
3891.0 0.22682206
3894.0 0.22814079
3897.0 0.23814249
3900.0 0.24920811
3903.0 0.26457107
3906.0 0.28235787
3909.0 0.30381697
3912.0 0.33336255
3915.0 0.37026492
3918.0 0.41543290
3921.0 0.46866193
3924.0 0.54961574
3927.0 0.64592367
3930.0 0.76724672
3933.0 0.88965541
3936.0 1.0467622
3939.0 1.0760031
3942.0 0.92039812
3945.0 0.76624477
3948.0 0.69729406
3951.0 0.65691847
3954.0 0.56901759
3957.0 0.48015058
3960.0 0.43266642
3963.0 0.39474428
3966.0 0.36006287
3969.0 0.33364278
3972.0 0.31750506
3975.0 0.29734573
3978.0 0.27691248
3981.0 0.25993803
3984.0 0.24287814
3987.0 0.22829305
3990.0 0.22371528
3993.0 0.21917009
3996.0 0.20819741
3999.0 0.20690121
4002.0 0.20306653
4005.0 0.20334302
4008.0 0.20697215
4011.0 0.20643891
4014.0 0.20218579
4017.0 0.19567284
4020.0 0.20549066
4023.0 0.21081777
4026.0 0.21515909
4029.0 0.23699294
4032.0 0.23581833
4035.0 0.21989085
4038.0 0.22215326
4041.0 0.22488508
4044.0 0.21847098
4047.0 0.20166638
4050.0 0.18530189
4053.0 0.18352227
4056.0 0.17891291
4059.0 0.17352109
4062.0 0.17247269
4065.0 0.16770044
4068.0 0.16034791
4071.0 0.15949155
4074.0 0.16030866
4077.0 0.16006151
4080.0 0.15263315
4083.0 0.15123726
4086.0 0.15109254
4089.0 0.15596320
4092.0 0.16213749
4095.0 0.15574796
4098.0 0.15351483
4101.0 0.15309702
4104.0 0.15022595
4107.0 0.15008231
4110.0 0.14993890
4113.0 0.16009417
4116.0 0.15402639
4119.0 0.15515648
4122.0 0.14936724
4125.0 0.14922483
4128.0 0.15197147
4131.0 0.15687104
4134.0 0.15567614
4137.0 0.15204066
4140.0 0.15360148
4143.0 0.15376678
4146.0 0.15265085
4149.0 0.14809312
4152.0 0.14795257
4155.0 0.14781222
4158.0 0.14903992
4161.0 0.14753217
4164.0 0.14739242
4167.0 0.14725292
4170.0 0.15076092
4173.0 0.14697447
4176.0 0.14683557
4179.0 0.14669685
4182.0 0.14874156
4185.0 0.14642002
4188.0 0.14628191
4191.0 0.14614402
4194.0 0.14600630
4197.0 0.14997469
4200.0 0.14660664
4203.0 0.15471539
4206.0 0.14655828
4209.0 0.14657977
4212.0 0.14518429
4215.0 0.14504799
4218.0 0.15542829
4221.0 0.16129823
4224.0 0.15572660
4227.0 0.16733435
4230.0 0.15474901
4233.0 0.17415713
4236.0 0.16397023
4239.0 0.15153810
4242.0 0.16868080
4245.0 0.15716380
4248.0 0.15330356
4251.0 0.15460975
4254.0 0.14974931
4257.0 0.14765882
4260.0 0.14302716
4263.0 0.14289401
4266.0 0.14497016
4269.0 0.15043049
4272.0 0.14249571
4275.0 0.14236335
4278.0 0.14223121
4281.0 0.14209923
4284.0 0.15630654
4287.0 0.14521587
4290.0 0.14170444
4293.0 0.14157325
4296.0 0.14398478
4299.0 0.14303480
4302.0 0.14118072
4305.0 0.14105037
4308.0 0.14507583
4311.0 0.14959952
4314.0 0.15791121
4317.0 0.14053048
4320.0 0.15549958
4323.0 0.14067705
4326.0 0.14732537
4329.0 0.14001371
4332.0 0.14951313
4335.0 0.14560480
4338.0 0.14533040
4341.0 0.14823851
4344.0 0.15517348
4347.0 0.14785312
4350.0 0.13911669
4353.0 0.14851157
4356.0 0.16443717
4359.0 0.13873509
4362.0 0.13860826
4365.0 0.13887966
4368.0 0.13835515
4371.0 0.13822889
4374.0 0.13810278
4377.0 0.15164518
4380.0 0.14773950
4383.0 0.13772570
4386.0 0.13760038
4389.0 0.14499894
4392.0 0.15518764
4395.0 0.13722548
4398.0 0.13839325
4401.0 0.16918068
4404.0 0.14550862
4407.0 0.14427069
4410.0 0.13660437
4413.0 0.15524498
4416.0 0.16594063
4419.0 0.15853485
4422.0 0.17439634
4425.0 0.17075428
4428.0 0.17997697
4431.0 0.15644982
4434.0 0.16235402
4437.0 0.19997369
4440.0 0.17937729
4443.0 0.17216182
4446.0 0.15584788
4449.0 0.15062085
4452.0 0.18620381
4455.0 0.17763081
4458.0 0.17186381
4461.0 0.16009566
4464.0 0.14326283
4467.0 0.16192037
4470.0 0.13416575
4473.0 0.13404572
4476.0 0.13392586
4479.0 0.13380621
4482.0 0.13368674
4485.0 0.13356741
4488.0 0.13344830
4491.0 0.13332932
4494.0 0.13321055
4497.0 0.13309196
4500.0 0.13297357
4503.0 0.13285531
4506.0 0.13273726
4509.0 0.13261937
4512.0 0.13250169
4515.0 0.13238417
4518.0 0.13226680
4521.0 0.13214964
4524.0 0.13203263
4527.0 0.13191584
4530.0 0.13179919
4533.0 0.13168271
4536.0 0.13156646
4539.0 0.13145034
4542.0 0.13133438
4545.0 0.13121860
4548.0 0.13110304
4551.0 0.13098763
4554.0 0.13087235
4557.0 0.13075730
4560.0 0.13064244
4563.0 0.13052772
4566.0 0.13041316
4569.0 0.13029879
4572.0 0.13018459
4575.0 0.13007058
4578.0 0.12995675
4581.0 0.12984310
4584.0 0.12972961
4587.0 0.12961625
4590.0 0.12950310
4593.0 0.12939012
4596.0 0.12927730
4599.0 0.12916468
4602.0 0.12905219
4605.0 0.12893993
4608.0 0.12882780
4611.0 0.12871584
4614.0 0.12860408
4617.0 0.12849249
4620.0 0.12838101
4623.0 0.12826976
4626.0 0.12815869
4629.0 0.12804773
4632.0 0.12793702
4635.0 0.12782638
4638.0 0.12771593
4641.0 0.12760574
4644.0 0.12749578
4647.0 0.12738578
4650.0 0.12727599
4653.0 0.12716646
4656.0 0.12705712
4659.0 0.12694775
4662.0 0.12683862
4665.0 0.12672998
4668.0 0.12662102
4671.0 0.12651254
4674.0 0.12640429
4677.0 0.12629601
4680.0 0.12618798
4683.0 0.12608008
4686.0 0.12597223
4689.0 0.12586485
4692.0 0.12575740
4695.0 0.12565017
4698.0 0.12554295
4701.0 0.12543613
4704.0 0.12532938
4707.0 0.12522277
4710.0 0.12511638
4713.0 0.12501024
4716.0 0.12490427
4719.0 0.12479834
4722.0 0.12469256
4725.0 0.12458701
4728.0 0.12448168
4731.0 0.12437631
4734.0 0.12427120
4737.0 0.12416648
4740.0 0.12406154
4743.0 0.12395704
4746.0 0.12385271
4749.0 0.12374841
4752.0 0.12364431
4755.0 0.12354040
4758.0 0.12343647
4761.0 0.12333302
4764.0 0.12322950
4767.0 0.12312621
4770.0 0.12302311
4773.0 0.12292022
4776.0 0.12281732
4779.0 0.12271485
4782.0 0.12261239
4785.0 0.12251012
4788.0 0.12240782
4791.0 0.12230594
4794.0 0.12220407
4797.0 0.12210238
4800.0 0.12200089
4803.0 0.12189962
4806.0 0.12179833
4809.0 0.12169746
4812.0 0.12159659
4815.0 0.12149591
4818.0 0.12139519
4821.0 0.12129492
4824.0 0.12119460
4827.0 0.12109476
4830.0 0.12099484
4833.0 0.12089495
4836.0 0.12079544
4839.0 0.12069593
4842.0 0.12059684
4845.0 0.12049773
4848.0 0.12039860
4851.0 0.12029988
4854.0 0.12020138
4857.0 0.12010286
4860.0 0.12000450
4863.0 0.11990637
4866.0 0.11980844
4869.0 0.11971049
4872.0 0.11961274
4875.0 0.11951540
4878.0 0.11941801
4881.0 0.11932063
4884.0 0.11922367
4887.0 0.11912668
4890.0 0.11903008
4893.0 0.11893349
4896.0 0.11883688
4899.0 0.11874069
4902.0 0.11864465
4905.0 0.11854865
4908.0 0.11845279
4911.0 0.11835714
4914.0 0.11826168
4917.0 0.11816622
4920.0 0.11807117
4923.0 0.11797606
4926.0 0.11788119
4929.0 0.11778649
4932.0 0.11769196
4935.0 0.11759746
4938.0 0.11750335
4941.0 0.11740921
4944.0 0.11731523
4947.0 0.11722148
4950.0 0.11712772
4953.0 0.11703434
4956.0 0.11694093
4959.0 0.11684771
4962.0 0.11675470
4965.0 0.11666188
4968.0 0.11656900
4971.0 0.11647655
4974.0 0.11638411
4977.0 0.11629181
4980.0 0.11619972
4983.0 0.11610762
4986.0 0.11601590
4989.0 0.11592416
4992.0 0.11583282
4995.0 0.11574145
4998.0 0.11565005
5001.0 0.11555907
5004.0 0.11546828
5007.0 0.11537743
5010.0 0.11528680
5013.0 0.11519635
5016.0 0.11510608
5019.0 0.11501598
5022.0 0.11492588
5025.0 0.11483596
5028.0 0.11474624
5031.0 0.11465668
5034.0 0.11456732
5037.0 0.11447816
5040.0 0.11438894
5043.0 0.11430012
5046.0 0.11421129
5049.0 0.11412264
5052.0 0.11403416
5055.0 0.11394569
5058.0 0.11385759
5061.0 0.11376944
5064.0 0.11368149
5067.0 0.11359373
5070.0 0.11350617
5073.0 0.11341876
5076.0 0.11333134
5079.0 0.11324409
5082.0 0.11315724
5085.0 0.11307034
5088.0 0.11298346
5091.0 0.11289695
5094.0 0.11281060
5097.0 0.11272421
5100.0 0.11263805
5103.0 0.11255205
5106.0 0.11246619
5109.0 0.11238056
5112.0 0.11229490
5115.0 0.11220960
5118.0 0.11212430
5121.0 0.11203916
5124.0 0.11195420
5127.0 0.11186944
5130.0 0.11178463
5133.0 0.11170020
5136.0 0.11161575
5139.0 0.11153148
5142.0 0.11144739
5145.0 0.11136347
5148.0 0.11127970
5151.0 0.11119594
5154.0 0.11111254
5157.0 0.11102911
5160.0 0.11094589
5163.0 0.11086283
5166.0 0.11077975
5169.0 0.11069704
5172.0 0.11061428
5175.0 0.11053193
5178.0 0.11044952
5181.0 0.11036731
5184.0 0.11028525
5187.0 0.11020318
5190.0 0.11012149
5193.0 0.11003978
5196.0 0.10995824
5199.0 0.10987685
5202.0 0.10979564
5205.0 0.10971460
5208.0 0.10963354
5211.0 0.10955286
5214.0 0.10947216
5217.0 0.10939159
5220.0 0.10931123
5223.0 0.10923102
5226.0 0.10915101
5229.0 0.10907095
5232.0 0.10899127
5235.0 0.10891153
5238.0 0.10883201
5241.0 0.10875264
5244.0 0.10867344
5247.0 0.10859440
5250.0 0.10851534
5253.0 0.10843646
5256.0 0.10835792
5259.0 0.10827937
5262.0 0.10820100
5265.0 0.10812256
5268.0 0.10804453
5271.0 0.10796668
5274.0 0.10788877
5277.0 0.10781100
5280.0 0.10773344
5283.0 0.10765606
5286.0 0.10757881
5289.0 0.10750155
5292.0 0.10742465
5295.0 0.10734770
5298.0 0.10727096
5301.0 0.10719436
5304.0 0.10711793
5307.0 0.10704166
5310.0 0.10696556
5313.0 0.10688945
5316.0 0.10681368
5319.0 0.10673789
5322.0 0.10666227
5325.0 0.10658681
5328.0 0.10651149
5331.0 0.10643616
5334.0 0.10636120
5337.0 0.10628622
5340.0 0.10621136
5343.0 0.10613669
5346.0 0.10606220
5349.0 0.10598782
5352.0 0.10591367
5355.0 0.10583946
5358.0 0.10576559
5361.0 0.10569171
5364.0 0.10561800
5367.0 0.10554444
5370.0 0.10547104
5373.0 0.10539762
5376.0 0.10532454
5379.0 0.10525145
5382.0 0.10517870
5385.0 0.10510591
5388.0 0.10503329
5391.0 0.10496084
5394.0 0.10488855
5397.0 0.10481625
5400.0 0.10474426
5403.0 0.10467225
5406.0 0.10460043
5409.0 0.10452873
5412.0 0.10445721
5415.0 0.10438585
5418.0 0.10431464
5421.0 0.10424341
5424.0 0.10417253
5427.0 0.10410160
5430.0 0.10403085
5433.0 0.10396026
5436.0 0.10388982
5439.0 0.10381953
5442.0 0.10374923
5445.0 0.10367927
5448.0 0.10360926
5451.0 0.10353963
5454.0 0.10346995
5457.0 0.10340042
5460.0 0.10333086
5463.0 0.10326165
5466.0 0.10319261
5469.0 0.10312352
5472.0 0.10305478
5475.0 0.10298602
5478.0 0.10291742
5481.0 0.10284896
5484.0 0.10278063
5487.0 0.10271231
5490.0 0.10264432
5493.0 0.10257631
5496.0 0.10250842
5499.0 0.10244090
5502.0 0.10237336
5505.0 0.10230596
5508.0 0.10223851
5511.0 0.10217143
5514.0 0.10210449
5517.0 0.10203752
5520.0 0.10197069
5523.0 0.10190403
5526.0 0.10183771
5529.0 0.10177117
5532.0 0.10170496
5535.0 0.10163893
5538.0 0.10157284
5541.0 0.10150708
5544.0 0.10144130
5547.0 0.10137570
5550.0 0.10131024
5553.0 0.10124492
5556.0 0.10117973
5559.0 0.10111473
5562.0 0.10104968
5565.0 0.10098498
5568.0 0.10092022
5571.0 0.10085562
5574.0 0.10079119
5577.0 0.10072690
5580.0 0.10066273
5583.0 0.10059875
5586.0 0.10053473
5589.0 0.10047103
5592.0 0.10040733
5595.0 0.10034376
5598.0 0.10028031
5601.0 0.10021706
5604.0 0.10015393
5607.0 0.10009096
5610.0 0.10002813
5613.0 9.99652669E-02
5616.0 9.99027342E-02
5619.0 9.98401791E-02
5622.0 9.97777879E-02
5625.0 9.97155085E-02
5628.0 9.96533856E-02
5631.0 9.95914266E-02
5634.0 9.95294303E-02
5637.0 9.94677320E-02
5640.0 9.94060412E-02
5643.0 9.93446633E-02
5646.0 9.92832258E-02
5649.0 9.92219746E-02
5652.0 9.91608575E-02
5655.0 9.90998819E-02
5658.0 9.90390629E-02
5661.0 9.89782065E-02
5664.0 9.89176929E-02
5667.0 9.88571122E-02
5670.0 9.87966955E-02
5673.0 9.87365991E-02
5676.0 9.86764729E-02
5679.0 9.86164808E-02
5682.0 9.85564664E-02
5685.0 9.84967723E-02
5688.0 9.84372273E-02
5691.0 9.83776376E-02
5694.0 9.83181968E-02
5697.0 9.82591063E-02
5700.0 9.81999412E-02
5703.0 9.81409624E-02
5706.0 9.80821028E-02
5709.0 9.80233625E-02
5712.0 9.79646295E-02
5715.0 9.79062021E-02
5718.0 9.78477374E-02
5721.0 9.77895930E-02
5724.0 9.77314264E-02
5727.0 9.76734087E-02
5730.0 9.76155251E-02
5733.0 9.75577533E-02
5736.0 9.75001454E-02
5739.0 9.74425077E-02
5742.0 9.73851830E-02
5745.0 9.73278210E-02
5748.0 9.72708017E-02
5751.0 9.72137451E-02
5754.0 9.71568078E-02
5757.0 9.71000046E-02
5760.0 9.70433652E-02
5763.0 9.69868675E-02
5766.0 9.69304889E-02
5769.0 9.68741104E-02
5772.0 9.68180001E-02
5775.0 9.67619121E-02
5778.0 9.67059135E-02
5781.0 9.66500863E-02
5784.0 9.65943933E-02
5787.0 9.65388417E-02
5790.0 9.64834392E-02
5793.0 9.64281633E-02
5796.0 9.63728428E-02
5799.0 9.63178501E-02
5802.0 9.62628201E-02
5805.0 9.62080956E-02
5808.0 9.61533338E-02
5811.0 9.60987285E-02
5814.0 9.60442498E-02
5817.0 9.59899053E-02
5820.0 9.59355459E-02
5823.0 9.58814844E-02
5826.0 9.58275497E-02
5829.0 9.57736075E-02
5832.0 9.57197696E-02
5835.0 9.56662521E-02
5838.0 9.56127271E-02
5841.0 9.55593213E-02
5844.0 9.55060497E-02
5847.0 9.54527557E-02
5850.0 9.53997523E-02
5853.0 9.53468755E-02
5856.0 9.52939764E-02
5859.0 9.52413902E-02
5862.0 9.51887965E-02
5865.0 9.51363072E-02
5868.0 9.50839594E-02
5871.0 9.50317308E-02
5874.0 9.49796587E-02
5877.0 9.49277133E-02
5880.0 9.48757231E-02
5883.0 9.48240757E-02
5886.0 9.47723463E-02
5889.0 9.47209448E-02
5892.0 9.46695134E-02
5895.0 9.46181938E-02
5898.0 9.45670381E-02
5901.0 9.45159942E-02
5904.0 9.44650993E-02
5907.0 9.44143459E-02
5910.0 9.43635404E-02
5913.0 9.43130627E-02
5916.0 9.42624807E-02
5919.0 9.42122862E-02
5922.0 9.41620320E-02
5925.0 9.41118822E-02
5928.0 9.40618813E-02
5931.0 9.40120146E-02
5934.0 9.39622968E-02
5937.0 9.39125195E-02
5940.0 9.38630328E-02
5943.0 9.38137174E-02
5946.0 9.37643349E-02
5949.0 9.37150791E-02
5952.0 9.36661363E-02
5955.0 9.36171710E-02
5958.0 9.35683250E-02
5961.0 9.35196057E-02
5964.0 9.34710428E-02
5967.0 9.34224129E-02
5970.0 9.33741108E-02
5973.0 9.33258981E-02
5976.0 9.32776853E-02
5979.0 9.32295844E-02
5982.0 9.31817889E-02
5985.0 9.31339487E-02
5988.0 9.30862650E-02
5991.0 9.30386633E-02
5994.0 9.29912329E-02
5997.0 9.29437578E-02
6000.0 9.28965881E-02
