300.0 0.0
420.0 0.0000000
424.2 0.0000000
428.4 0.0000000
432.6 0.0000000
436.8 0.0000000
441.0 0.0000000
445.2 0.0000000
449.4 0.0000000
453.6 0.0000000
457.8 0.0000000
462.0 0.0000000
466.2 0.0000000
470.4 0.0000000
474.6 0.0000000
478.8 0.0000000
483.0 0.0000000
487.2 0.0000000
491.4 0.0000000
495.6 0.0000000
499.8 0.0000000
504.0 0.0000000
508.2 0.0000000
512.4 0.0000000
516.6 0.0000000
520.8 0.0000000
525.0 0.0000000
529.2 0.0000000
533.4 0.0000000
537.6 0.0000000
541.79995 0.0000000
545.99995 0.0000000
550.19995 0.0000000
554.39995 0.0000000
558.59995 0.0000000
562.79995 0.0000000
566.99995 0.0000000
571.19995 0.0000000
575.39995 0.0000000
579.59995 0.0000000
583.79995 0.0000000
587.99995 0.0000000
592.19995 0.0000000
596.39995 0.0000000
600.59995 0.0000000
604.79995 0.0000000
608.99995 0.0000000
613.19995 0.0000000
617.39995 0.0000000
621.59995 0.0000000
625.79995 0.0000000
629.99995 0.0000000
634.19995 0.0000000
638.39995 0.0000000
642.59995 0.0000000
646.79995 0.0000000
650.99995 0.0000000
655.19995 0.0000000
659.39995 0.0000000
663.59995 0.0000000
667.79995 0.0000000
671.99995 0.0000000
676.19995 0.0000000
680.39995 0.0000000
684.59995 0.0000000
688.79995 0.0000000
692.99995 0.0000000
697.19995 0.0000000
701.39995 0.0000000
705.59995 0.0000000
709.79995 0.0000000
713.99995 0.0000000
718.19995 0.0000000
722.39995 0.0000000
726.59995 0.0000000
730.79995 0.0000000
734.99995 0.0000000
739.19995 0.0000000
743.39995 0.0000000
747.59995 0.0000000
751.79995 0.0000000
755.99995 0.0000000
760.19995 0.0000000
764.39995 0.0000000
768.59995 6.31696661E-04
772.79995 4.63346340E-04
776.99995 3.36345925E-04
781.19995 2.42163151E-04
785.39995 1.73072127E-04
789.59995 1.20780438E-04
793.79995 8.12225262E-05
797.99995 5.29918907E-05
802.19995 3.40007391E-05
806.39995 2.15971431E-05
810.59995 1.35077917E-05
814.79995 8.31387570E-06
818.99995 3.84097220E-04
823.2 2.70819437E-04
827.4 1.88723803E-04
831.6 1.29927343E-04
835.8 8.83550601E-05
840.0 6.50535076E-05
844.2 4.51660562E-05
848.4 2.95175050E-05
852.6 2.04940534E-05
856.8 1.43321749E-05
861.0 1.00390216E-05
865.2 2.51053739E-02
869.4 2.15244088E-02
873.6 1.52798435E-02
877.8 1.06097264E-02
882.0 8.24962836E-03
886.2 6.61069434E-03
890.4 5.42311650E-03
894.6 4.48017241E-03
898.8 3.52488947E-03
903.0 2.55261618E-03
907.2 2.05173902E-03
911.4 1.45087193E-03
915.6 1.03596877E-03
919.8 7.46532343E-04
924.0 5.56095503E-04
928.2 4.32943052E-04
932.4 3.15925892E-04
936.6 2.43121351E-04
940.8 1.87274913E-04
945.0 1.35012553E-04
949.2 8.84293840E-05
953.4 6.23224987E-05
957.6 4.09867716E-05
961.8 2.95049358E-05
966.0 2.06201094E-05
970.2 1.38646019E-05
974.4 9.49449804E-06
978.6 6.66015558E-06
982.8 4.65511448E-06
987.0 3.33478602E-06
991.2 2.27575310E-06
995.4 1.55190230E-06
999.6 1.06380401E-06
1003.8 7.45144916E-07
1008.0 5.29586316E-07
1012.2 3.80053535E-07
1016.4 2.69909748E-07
1020.6 2.31502995E-07
1024.8 7.6413846
1029.0 6.1675234
1033.2 5.7406273
1037.4 5.7264047
1041.6 5.3533115
1045.8 4.2769380
1050.0 3.6852834
1054.2 3.4588137
1058.4 3.3034036
1062.6 3.0827739
1066.8 2.8094072
1071.0 2.6269517
1075.2 2.5613399
1079.3999 2.5631421
1083.5999 2.5996003
1087.7999 2.6121538
1091.9999 2.8042738
1096.1999 2.8428116
1100.3999 2.7154541
1104.5999 2.4697883
1108.7999 2.4810925
1112.9999 2.4540153
1117.1999 2.5081422
1121.3999 2.5465624
1125.5999 2.5108254
1129.7999 2.4160955
1133.9999 2.3796511
1138.1999 2.4507978
1142.3999 2.4312043
1146.5999 2.4673302
1150.7999 2.4311125
1154.9999 2.4835577
1159.1999 2.6209197
1163.3999 2.7631221
1167.5999 2.9608982
1171.7999 3.0103939
1175.9999 3.0479732
1180.1999 2.7670567
1184.3999 2.5792665
1188.5999 2.4391453
1192.7999 2.3760953
1196.9999 2.3615932
1201.1999 2.2512071
1205.3999 2.2190845
1209.5999 2.2022755
1213.7999 2.1823893
1217.9999 2.2179670
1222.1999 2.1931517
1226.3999 2.1430233
1230.5999 2.2037888
1234.7999 2.1622679
1238.9999 2.1925137
1243.1999 2.2413955
1247.3999 2.2709053
1251.5999 2.3225033
1255.7999 2.3154638
1259.9999 2.3851209
1264.1999 2.4341187
1268.3999 2.4894171
1272.5999 2.5794618
1276.7999 2.7673852
1280.9999 3.0196385
1285.1999 3.3088193
1289.3999 3.6764021
1293.5999 4.1329899
1297.7999 4.3996406
1301.9999 3.9870620
1306.1999 3.3768685
1310.3999 2.9134197
1314.5999 2.6697571
1318.7999 2.5453014
1322.9999 2.4722860
1327.1999 2.3513782
1331.3999 2.3389986
1335.5999 2.2647250
1339.7999 2.3052304
1343.9999 2.3072770
1348.1999 2.2950428
1352.3999 2.3158820
1356.5999 2.2827480
1360.7999 2.3129287
1364.9999 2.3406482
1369.1999 2.3400624
1373.3999 2.3858778
1377.5999 2.2894511
1381.7999 2.2696049
1385.9999 2.2359214
1390.1999 2.2682934
1394.3999 2.2742660
1398.5999 2.2377262
1402.7999 2.1206207
1406.9999 2.0484946
1411.1999 2.0161183
1415.3999 1.9754943
1419.5999 1.9753002
1423.7999 1.9665829
1427.9999 1.9594802
1432.1999 1.9869840
1436.3999 1.9773984
1440.5999 2.0057383
1444.7999 2.0116808
1448.9999 2.0046799
1453.1999 1.9783747
1457.3999 2.0001295
1461.5999 2.0057967
1465.7999 2.0567839
1469.9999 2.0204880
1474.1999 1.9848177
1478.3999 1.8945495
1482.5999 1.9200902
1486.7999 1.9259961
1490.9999 1.8976163
1495.1999 1.9589626
1499.3999 1.9747796
1503.5999 1.9201772
1507.7999 1.8848604
1511.9999 1.8847854
1516.1999 1.8822583
1520.3999 1.8788888
1524.5999 1.9002763
1528.7999 1.8646190
1532.9999 1.8563141
1537.1999 1.8776362
1541.3999 1.8731233
1545.5999 1.9170897
1549.7999 1.9064485
1553.9999 2.0271940
1558.1999 2.0177681
1562.3999 2.0358453
1566.5999 2.0026314
1570.7999 2.0046315
1574.9999 2.0206962
1579.1999 2.1081200
1583.3999 2.2656956
1587.5999 2.4082878
1591.7999 2.5237186
1595.9999 2.5659583
1600.1999 2.6977203
1604.3999 2.5771725
1608.5999 2.3538184
1612.7999 2.1506875
1616.9999 2.0153368
1621.1999 1.9510033
1625.3999 1.8857124
1629.5999 1.8243681
1633.7999 1.7769823
1637.9999 1.7621121
1642.2 1.6927929
1646.4 1.6632057
1650.6 1.6471409
1654.8 1.6601828
1659.0 1.6642673
1663.2 1.6230388
1667.4 1.6268145
1671.6 1.6325406
1675.8 1.6432968
1680.0 1.5997999
1684.2 1.6144438
1688.4 1.6492749
1692.6 1.5573504
1696.8 1.5958443
1701.0 1.6033785
1705.2 1.5895019
1709.4 1.6004093
1713.6 1.5724660
1717.8 1.5491045
1722.0 1.5895472
1726.2 1.6511614
1730.4 1.6158804
1734.6 1.6538516
1738.8 1.6373664
1743.0 1.6392030
1747.2 1.6274456
1751.4 1.6458349
1755.6 1.6385982
1759.8 1.6319844
1764.0 1.5775521
1768.2 1.5497072
1772.4 1.5675503
1776.6 1.5875871
1780.8 1.5183101
1785.0 1.5893756
1789.2 1.5319513
1793.4 1.5663571
1797.6 1.5498825
1801.8 1.5792115
1806.0 1.5025408
1810.2 1.5226536
1814.4 1.5190961
1818.6 1.5434951
1822.8 1.4650860
1827.0 1.4802119
1831.2 1.5063022
1835.4 1.4374013
1839.6 1.4621290
1843.8 1.4160031
1848.0 1.3746939
1852.2 1.3711225
1856.4 1.3675650
1860.6 1.3744104
1864.8 1.3806100
1869.0 1.3805166
1873.2 1.3591357
1877.4 1.3499813
1881.6 1.3465044
1885.8 1.3430415
1890.0 1.3577080
1894.2 1.3531879
1898.4 1.3708060
1902.6 1.3767525
1906.8 1.3738955
1911.0 1.3815697
1915.2 1.3919629
1919.4 1.4147735
1923.6 1.4440718
1927.8 1.4304368
1932.0 1.4657727
1936.2 1.4801109
1940.4 1.4900454
1944.6 1.4958043
1948.8 1.5039299
1953.0 1.5202855
1957.2 1.5254613
1961.4 1.5023589
1965.6 1.4866424
1969.8 1.4509590
1974.0 1.4449252
1978.2 1.4146832
1982.4 1.4329458
1986.6 1.4129782
1990.8 1.4015408
1995.0 1.4030966
1999.2 1.3921204
2003.4 1.3930796
2007.6 1.3938307
2011.8 1.4074891
2016.0 1.4380734
2020.2 1.4137120
2024.4 1.4621407
2028.6 1.4957678
2032.8 1.5375302
2037.0 1.5304345
2041.2 1.4845239
2045.4 1.4746449
2049.6 1.4768940
2053.8 1.4409630
2058.0 1.4118035
2062.2 1.4015087
2066.4 1.3937677
2070.6 1.4181492
2074.8 1.4446723
2079.0 1.4480597
2083.2 1.4363850
2087.4 1.4377493
2091.6 1.4264826
2095.8 1.4314759
2100.0 1.4147261
2104.2 1.4066870
2108.4 1.4061797
2112.6 1.3975860
2116.8 1.3778770
2121.0 1.3559554
2125.2 1.3666034
2129.4 1.3691331
2133.6 1.3677497
2137.8 1.3525753
2142.0 1.3401480
2146.2 1.3347337
2150.4 1.3262190
2154.5998 1.3192232
2158.7998 1.3061014
2162.9998 1.2867115
2167.1998 1.2914487
2171.3998 1.2898002
2175.5998 1.2738056
2179.7998 1.2388103
2183.9998 1.2689500
2188.1998 1.2728814
2192.3998 1.2634733
2196.5998 1.2617654
2200.7998 1.2709428
2204.9998 1.2458313
2209.1998 1.2446415
2213.3998 1.2187637
2217.5998 1.1981324
2221.7998 1.1498311
2225.9998 1.1430695
2230.1998 1.1397036
2234.3998 1.1271211
2238.5998 1.1562992
2242.7998 1.1716787
2246.9998 1.1727431
2251.1998 1.1461810
2255.3998 1.1564674
2259.5998 1.1601158
2263.7998 1.1742996
2267.9998 1.1730533
2272.1998 1.1987737
2276.3998 1.2321254
2280.5998 1.2414752
2284.7998 1.2241083
2288.9998 1.2601165
2293.1998 1.2754223
2297.3998 1.2727122
2301.5998 1.2777987
2305.7998 1.3279901
2309.9998 1.3590324
2314.1998 1.3504719
2318.3998 1.3746156
2322.5998 1.3418224
2326.7998 1.3738557
2330.9998 1.4193470
2335.1998 1.5359230
2339.3998 1.6725159
2343.5998 1.8854259
2347.7998 2.1021085
2351.9998 2.1668983
2356.1998 2.0545287
2360.3998 1.8177497
2364.5998 1.6154492
2368.7998 1.4894432
2372.9998 1.4264644
2377.1998 1.3766203
2381.3998 1.3377970
2385.5998 1.3069979
2389.7998 1.2774678
2393.9998 1.2670883
2398.1998 1.2401428
2402.3998 1.2166659
2406.5998 1.1900716
2410.7998 1.1745270
2414.9998 1.1697013
2419.1998 1.1350011
2423.3998 1.1359706
2427.5998 1.1065536
2431.7998 1.0981647
2435.9998 1.0957826
2440.1998 1.0494668
2444.3998 1.0640802
2448.5998 1.0622692
2452.7998 1.0767298
2456.9998 1.1051227
2461.1998 1.1143322
2465.3998 1.1170034
2469.5998 1.1149724
2473.7998 1.1215953
2477.9998 1.1051922
2482.1998 1.1068288
2486.3998 1.1203996
2490.5998 1.1027881
2494.7998 1.1054498
2498.9998 1.0845559
2503.1998 1.0900466
2507.3998 1.0627598
2511.5998 1.0438992
2515.7998 1.0242254
2519.9998 1.0139997
2524.1998 0.98877823
2528.3998 0.97788548
2532.5998 0.95026350
2536.7998 0.93107587
2540.9998 0.92647994
2545.1998 0.93441772
2549.3998 0.92141622
2553.5998 0.94027996
2557.7998 0.94437605
2561.9998 0.94653589
2566.1998 0.94560152
2570.3998 0.94559425
2574.5998 0.96351838
2578.7998 0.95272624
2582.9998 0.97070998
2587.1998 0.96881920
2591.3998 0.96418023
2595.5998 0.95288432
2599.7998 0.96178192
2603.9998 0.95420194
2608.1998 0.97371697
2612.3998 0.99757344
2616.5998 0.99941552
2620.7998 1.0385301
2624.9998 1.0460731
2629.1998 1.0447756
2633.3998 1.0296208
2637.5998 1.0277967
2641.7998 0.98914075
2645.9998 1.0102574
2650.1998 0.99951911
2654.3998 0.99684060
2658.5998 1.0085045
2662.7998 1.0342712
2666.9998 1.0344493
2671.1998 1.0465614
2675.3998 1.0522524
2679.5998 1.0595760
2683.7998 1.0483418
2687.9998 1.0525843
2692.1998 1.0361021
2696.3998 1.0469693
2700.5998 1.0332282
2704.7998 1.0017598
2708.9998 1.0013874
2713.1998 1.0128961
2717.3998 0.98543811
2721.5998 0.98315620
2725.7998 0.98312920
2729.9998 0.98178124
2734.1998 0.99659163
2738.3998 0.99143440
2742.5998 0.97387189
2746.7998 0.97120768
2750.9998 0.98998582
2755.1998 0.98734963
2759.3998 0.97984940
2763.5998 0.99702698
2767.7998 0.96807677
2771.9998 0.95534688
2776.1998 0.94181502
2780.3998 0.93201619
2784.5998 0.92429525
2788.7998 0.90454799
2792.9998 0.90027535
2797.1998 0.91019368
2801.3998 0.91758305
2805.5998 0.92867368
2809.7998 0.95692915
2813.9998 0.92367566
2818.1998 0.91012907
2822.3998 0.90382266
2826.5998 0.89885312
2830.7998 0.88772655
2834.9998 0.90810806
2839.1998 0.90413040
2843.3998 0.90986055
2847.5998 0.90070409
2851.7998 0.90282333
2855.9998 0.90266675
2860.1998 0.92265123
2864.3998 0.92739075
2868.5998 0.94240236
2872.7998 0.97227776
2876.9998 1.0111053
2881.1998 0.96269125
2885.3998 0.92539281
2889.5998 0.92998320
2893.7998 0.91501051
2897.9998 0.88095611
2902.1998 0.89015073
2906.3998 0.89204150
2910.5998 0.86660874
2914.7998 0.86009735
2918.9998 0.84036285
2923.1998 0.82785118
2927.3998 0.84943932
2931.5998 0.84641731
2935.7998 0.83381891
2939.9998 0.84951574
2944.1998 0.82760841
2948.3998 0.81370252
2952.5998 0.81276631
2956.7998 0.79849970
2960.9998 0.78469032
2965.1998 0.76899886
2969.3998 0.77810496
2973.5998 0.77564651
2977.7998 0.75267690
2981.9998 0.75874501
2986.1998 0.77040690
2990.3998 0.77497154
2994.5998 0.75977820
2998.7998 0.77312034
3002.9998 0.79179859
3007.1998 0.77637941
3011.3998 0.79270005
3015.5998 0.76942807
3019.7998 0.77069443
3023.9998 0.75874346
3028.1998 0.76797813
3032.3998 0.77194428
3036.5998 0.75622600
3040.7998 0.77662891
3044.9998 0.76301354
3049.1998 0.75571060
3053.3998 0.76180845
3057.5998 0.74478775
3061.7998 0.75241822
3065.9998 0.74590552
3070.1998 0.75033021
3074.3998 0.75474757
3078.5998 0.74410748
3082.7998 0.73720795
3086.9998 0.73462707
3091.1998 0.73073184
3095.3998 0.72579217
3099.5998 0.72577083
3103.7998 0.73540229
3107.9998 0.73382401
3112.1998 0.73261899
3116.3998 0.71809953
3120.5998 0.72032017
3124.7998 0.75010449
3128.9998 0.84494263
3133.1998 0.87718815
3137.3998 0.74087387
3141.5998 0.71417141
3145.7998 0.71358287
3149.9998 0.70466489
3154.1998 0.72951096
3158.3998 0.70867968
3162.5998 0.69270098
3166.7998 0.69707251
3170.9998 0.68877149
3175.1998 0.67928982
3179.3998 0.67176241
3183.5998 0.66307294
3187.7998 0.62668914
3191.9998 0.63648558
3196.1998 0.62419456
3200.3998 0.65108275
3204.5998 0.64915127
3208.7998 0.64183456
3212.9998 0.63509452
3217.1998 0.63005537
3221.3998 0.64580911
3225.5998 0.63226908
3229.7998 0.64249218
3233.9998 0.65191674
3238.1998 0.66232079
3242.3998 0.68828499
3246.5998 0.74043447
3250.7998 0.77090120
3254.9998 0.69248009
3259.1998 0.64678454
3263.3998 0.66960806
3267.5998 0.67461652
3271.7998 0.63909847
3275.9998 0.62510937
3280.2 0.62570822
3284.4 0.61440825
3288.6 0.61046833
3292.8 0.59883702
3297.0 0.58121067
3301.2 0.56172246
3305.4 0.55753458
3309.6 0.57421947
3313.8 0.59106296
3318.0 0.59247530
3322.2 0.59880841
3326.4 0.61327475
3330.6 0.61349005
3334.8 0.60941869
3339.0 0.58884418
3343.2 0.59104389
3347.4 0.58768946
3351.6 0.56304538
3355.8 0.56996632
3360.0 0.55060565
3364.2 0.55038053
3368.4 0.54060376
3372.6 0.55212516
3376.8 0.55889380
3381.0 0.54846871
3385.2 0.53100425
3389.4 0.53019905
3393.6 0.52750653
3397.8 0.52106327
3402.0 0.53667051
3406.2 0.52516145
3410.4 0.53841680
3414.6 0.54888332
3418.8 0.58208573
3423.0 0.57286733
3427.2 0.56925464
3431.4 0.59415287
3435.6 0.60221392
3439.8 0.62295860
3444.0 0.66215432
3448.2 0.64250982
3452.4 0.61014444
3456.6 0.60684651
3460.8 0.57947928
3465.0 0.56476367
3469.2 0.55865920
3473.4 0.54908705
3477.6 0.53055203
3481.8 0.50993681
3486.0 0.50380200
3490.2 0.50595862
3494.4 0.51975119
3498.6 0.51537728
3502.8 0.51183140
3507.0 0.52290207
3511.2 0.50465530
3515.4 0.49808273
3519.6 0.50705338
3523.8 0.49525109
3528.0 0.48971683
3532.2 0.48875406
3536.4 0.48779422
3540.6 0.48982584
3544.8 0.49367303
3549.0 0.49121562
3553.2 0.48918831
3557.4 0.51632607
3561.6 0.51300985
3565.8 0.52061504
3570.0 0.51112986
3574.2 0.49861705
3578.4 0.49044076
3582.6 0.51221967
3586.8 0.51169944
3591.0 0.50784379
3595.2 0.53110927
3599.4 0.51680970
3603.6 0.53331733
3607.8 0.56213063
3612.0 0.55221385
3616.2 0.56330746
3620.4 0.57342124
3624.6 0.59667265
3628.8 0.63427591
3633.0 0.64104635
3637.2 0.67629063
3641.4 0.73174798
3645.6 0.75859803
3649.8 0.76156598
3654.0 0.70789254
3658.2 0.69501823
3662.4 0.68782252
3666.6 0.65422583
3670.8 0.62441152
3675.0 0.57165354
3679.2 0.55954111
3683.4 0.53709370
3687.6 0.52607429
3691.8 0.53923333
3696.0 0.52435541
3700.2 0.51526660
3704.4 0.51562333
3708.6 0.50341034
3712.8 0.49969810
3717.0 0.49693686
3721.2 0.46611077
3725.4 0.48190707
3729.6 0.47928083
3733.8 0.49133867
3738.0 0.48053351
3742.2 0.47827947
3746.4 0.49966171
3750.6 0.50672245
3754.8 0.52567893
3759.0 0.51790100
3763.2 0.51379204
3767.4 0.49435923
3771.6 0.52141172
3775.8 0.52240539
3780.0 0.52545440
3784.2 0.52151757
3788.4 0.54097235
3792.6 0.56383055
3796.8 0.55959553
3801.0 0.53647715
3805.2 0.52362406
3809.4 0.51077092
3813.6 0.51415986
3817.8 0.55181968
3822.0 0.53664839
3826.2 0.52992660
3830.4 0.55028224
3834.6 0.54548138
3838.8 0.50499326
3843.0 0.53203499
3847.2 0.55299234
3851.4 0.52903098
3855.6 0.51876277
3859.8 0.52677524
3864.0 0.50693464
3868.2 0.49496359
3872.4 0.49640661
3876.6 0.51204365
3880.8 0.53043908
3885.0 0.52993190
3889.2 0.51915842
3893.4 0.52542698
3897.6 0.50958121
3901.8 0.51785773
3906.0 0.50201029
3910.2 0.52812427
3914.4 0.49688029
3918.6 0.51281309
3922.8 0.49126872
3927.0 0.49566919
3931.2 0.49932000
3935.4 0.51556259
3939.6 0.47004578
3943.8 0.46885169
3948.0 0.44062641
3952.2 0.43488774
3956.4 0.42863354
3960.6 0.43893597
3964.8 0.43732306
3969.0 0.43584004
3973.2 0.42784825
3977.4 0.43415684
3981.6 0.43844277
3985.8 0.42906064
3990.0 0.41449738
3994.2 0.41801715
3998.4 0.41954461
4002.6 0.41718262
4006.8 0.42350435
4011.0 0.42870525
4015.2 0.43625367
4019.4 0.43442336
4023.6 0.43082535
4027.8 0.43902734
4032.0 0.45143822
4036.2 0.45154226
4040.4 0.45550004
4044.6 0.47235867
4048.8 0.49999437
4053.0 0.50212282
4057.2 0.53947031
4061.4 0.54422224
4065.6 0.56219029
4069.8 0.60394430
4074.0 0.62854803
4078.2 0.70293224
4082.4 0.76642746
4086.6 0.74190468
4090.8 0.69174945
4095.0 0.64212710
4099.2 0.60718805
4103.4 0.57677305
4107.6 0.53847754
4111.8 0.52866048
4116.0 0.52321446
4120.2 0.50480336
4124.4 0.47646996
4128.6 0.49049360
4132.8 0.47431052
4137.0 0.46685550
4141.2 0.45879397
4145.4 0.44627401
4149.6 0.44123524
4153.8 0.45253512
4158.0 0.45245549
4162.2 0.53368926
4166.4 0.58317792
4170.6 0.48728833
4174.8 0.43261299
4179.0 0.42100072
4183.2 0.41730773
4187.4 0.40689012
4191.6 0.43318573
4195.8 0.47306836
4200.0 0.57467693
4204.2 0.80931878
4208.4 0.80713427
4212.6 0.54255575
4216.8 0.45657125
4221.0 0.42906693
4225.2 0.41712347
4229.4 0.40713090
4233.6 0.39915943
4237.8 0.39926589
4242.0 0.39628837
4246.2 0.39669695
4250.4 0.39600536
4254.6 0.38939133
4258.8 0.38491216
4263.0 0.38475710
4267.2 0.36990049
4271.4 0.36215487
4275.6 0.37792462
4279.8 0.37438390
4284.0 0.37889117
4288.2 0.36347920
4292.4 0.36630762
4296.6 0.36105785
4300.8 0.37351960
4304.9996 0.36681959
4309.1996 0.35723764
4313.3996 0.36529139
4317.5996 0.36287907
4321.7996 0.37379578
4325.9996 0.37559780
4330.1996 0.39050525
4334.3996 0.39880416
4338.5996 0.39304623
4342.7996 0.38154688
4346.9996 0.39818931
4351.1996 0.38157827
4355.3996 0.37198487
4359.5996 0.37259573
4363.7996 0.39347982
4367.9996 0.38598832
4372.1996 0.36553204
4376.3996 0.37019715
4380.5996 0.37347183
4384.7996 0.37961078
4388.9996 0.37332374
4393.1996 0.37673622
4397.3996 0.37512752
4401.5996 0.37706316
4405.7996 0.36317578
4409.9996 0.36920226
4414.1996 0.38105604
4418.3996 0.36261520
4422.5996 0.37273169
4426.7996 0.37410718
4430.9996 0.37123549
4435.1996 0.37163886
4439.3996 0.37418905
4443.5996 0.37161946
4447.7996 0.38577670
4451.9996 0.36814526
4456.1996 0.36027756
4460.3996 0.39383462
4464.5996 0.36750120
4468.7996 0.38446361
4472.9996 0.37462017
4477.1996 0.36333856
4481.3996 0.35806942
4485.5996 0.35387716
4489.7996 0.36435154
4493.9996 0.34518349
4498.1996 0.34811246
4502.3996 0.35153386
4506.5996 0.34760302
4510.7996 0.33116433
4514.9996 0.33711499
4519.1996 0.34512129
4523.3996 0.34426728
4527.5996 0.33367801
4531.7996 0.33478358
4535.9996 0.33184651
4540.1996 0.32530421
4544.3996 0.33167565
4548.5996 0.33829644
4552.7996 0.33589530
4556.9996 0.32757464
4561.1996 0.32269338
4565.3996 0.31776157
4569.5996 0.32866380
4573.7996 0.31677037
4577.9996 0.33805323
4582.1996 0.31852436
4586.3996 0.31985536
4590.5996 0.31480217
4594.7996 0.31431308
4598.9996 0.31382516
4603.1996 0.31333837
4607.3996 0.32039124
4611.5996 0.32166481
4615.7996 0.32893819
4619.9996 0.32079229
4624.1996 0.32162943
4628.3996 0.31044200
4632.5996 0.30996323
4636.7996 0.31866977
4640.9996 0.32797700
4645.1996 0.32231510
4649.3996 0.31433532
4653.5996 0.32658538
4657.7996 0.33169860
4661.9996 0.31494597
4666.1996 0.31839868
4670.3996 0.30570540
4674.5996 0.30523786
4678.7996 0.31126791
4682.9996 0.30603042
4687.1996 0.33444312
4691.3996 0.31917438
4695.5996 0.31036717
4699.7996 0.34640554
4703.9996 0.34169248
4708.1996 0.32616025
4712.3996 0.32010272
4716.5996 0.30550784
4720.7996 0.30499586
4724.9996 0.29971227
4729.1996 0.30942780
4733.3996 0.29880634
4737.5996 0.30016902
4741.7996 0.29790461
4745.9996 0.30024207
4750.1996 0.29700702
4754.3996 0.29857078
4758.5996 0.29738912
4762.7996 0.29566845
4766.9996 0.30587733
4771.1996 0.30126894
4775.3996 0.29433933
4779.5996 0.29389822
4783.7996 0.29345825
4787.9996 0.29301926
4792.1996 0.29258126
4796.3996 0.29214430
4800.5996 0.29170832
4804.7996 0.29763806
4808.9996 0.29083934
4813.1996 0.29124936
4817.3996 0.28997439
4821.5996 0.29121527
4825.7996 0.28921053
4829.9996 0.28868425
4834.1996 0.29142064
4838.3996 0.29542151
4842.5996 0.29676932
4846.7996 0.29394314
4850.9996 0.29338264
4855.1996 0.29247817
4859.3996 0.28838524
4863.5996 0.29070434
4867.7996 0.28874615
4871.9996 0.28813201
4876.1996 0.29448956
4880.3996 0.30733132
4884.5996 0.29219642
4888.7996 0.30227181
4892.9996 0.29637086
4897.1996 0.30547604
4901.3996 0.29825991
4905.5996 0.30787927
4909.7996 0.30290842
4913.9996 0.30423149
4918.1996 0.31302169
4922.3996 0.30537501
4926.5996 0.31115270
4930.7996 0.32135898
4934.9996 0.34593910
4939.1996 0.33796614
4943.3996 0.33138594
4947.5996 0.33312893
4951.7996 0.30371279
4955.9996 0.29857215
4960.1996 0.31242165
4964.3996 0.30684265
4968.5996 0.29611215
4972.7996 0.29766980
4976.9996 0.29925808
4981.1996 0.29960090
4985.3996 0.29427719
4989.5996 0.30003679
4993.7996 0.30615672
4997.9996 0.28727433
5002.1996 0.29029751
5006.3996 0.28825590
5010.5996 0.29745814
5014.7996 0.28057870
5018.9996 0.28354621
5023.1996 0.28273514
5027.3996 0.28168356
5031.5996 0.28366992
5035.7996 0.28306904
5039.9996 0.28233951
5044.1996 0.28486049
5048.3996 0.28021944
5052.5996 0.27785012
5056.7996 0.27294153
5060.9996 0.27268562
5065.1996 0.26820818
5069.3996 0.27338645
5073.5996 0.27394620
5077.7996 0.27706915
5081.9996 0.27928236
5086.1996 0.26861203
5090.3996 0.27435464
5094.5996 0.28256330
5098.7996 0.27923837
5102.9996 0.28199220
5107.1996 0.28710639
5111.3996 0.28237405
5115.5996 0.28443885
5119.7996 0.27878803
5123.9996 0.29277155
5128.1996 0.26917517
5132.3996 0.26020044
5136.5996 0.26412085
5140.7996 0.26056957
5144.9996 0.26195604
5149.1996 0.26229891
5153.3996 0.26742932
5157.5996 0.27235276
5161.7996 0.25996497
5165.9996 0.26725233
5170.1996 0.27445975
5174.3996 0.26432693
5178.5996 0.25989649
5182.7996 0.25587779
5186.9996 0.25552264
5191.1996 0.25658488
5195.3996 0.27171060
5199.5996 0.25885484
5203.7996 0.26036131
5207.9996 0.25375822
5212.1996 0.25437555
5216.3996 0.25413728
5220.5996 0.25825036
5224.7996 0.25562513
5228.9996 0.26143497
5233.1996 0.26229253
5237.3996 0.25632006
5241.5996 0.25453827
5245.7996 0.25413796
5249.9996 0.26144871
5254.1996 0.25979739
5258.3996 0.25429520
5262.5996 0.25243121
5266.7996 0.25046921
5270.9996 0.24924338
5275.1996 0.25129026
5279.3996 0.25346851
5283.5996 0.26182425
5287.7996 0.26540458
5291.9996 0.27040771
5296.1996 0.27898592
5300.3996 0.26781431
5304.5996 0.25467399
5308.7996 0.25548947
5312.9996 0.25283498
5317.1996 0.24887681
5321.3996 0.25274330
5325.5996 0.26024804
5329.7996 0.26297033
5333.9996 0.25477141
5338.1996 0.25674167
5342.3996 0.26056698
5346.5996 0.26525712
5350.7996 0.26926547
5354.9996 0.25598305
5359.1996 0.25850296
5363.3996 0.26328513
5367.5996 0.26405677
5371.7996 0.25842801
5375.9996 0.25795418
5380.1996 0.26176926
5384.3996 0.26151454
5388.5996 0.25864977
5392.7996 0.26498678
5396.9996 0.26225859
5401.1996 0.26594585
5405.3996 0.27229548
5409.5996 0.26847664
5413.7996 0.27627668
5417.9996 0.27183515
5422.1996 0.29027888
5426.3996 0.29240751
5430.5996 0.30004317
5434.7996 0.30846795
5438.9996 0.30719671
5443.1996 0.31345147
5447.3996 0.33101171
5451.5996 0.33282471
5455.7996 0.34729964
5459.9996 0.36331609
5464.1996 0.38558498
5468.3996 0.41137058
5472.5996 0.44248763
5476.7996 0.48535767
5480.9996 0.53890711
5485.1996 0.60444760
5489.3996 0.68166995
5493.5996 0.79915416
5497.7996 0.93887955
5501.9996 1.1148620
5506.1996 1.2923065
5510.3996 1.5200211
5514.5996 1.5619720
5518.7996 1.3356535
5522.9996 1.1115887
5527.1996 1.0112334
5531.3996 0.95237070
5535.5996 0.82466859
5539.7996 0.69564992
5543.9996 0.62665164
5548.1996 0.57154292
5552.3996 0.52116048
5556.5996 0.48276448
5560.7996 0.45926660
5564.9996 0.42996868
5569.1996 0.40029362
5573.3996 0.37563616
5577.5996 0.35087100
5581.7996 0.32969585
5585.9996 0.32298210
5590.1996 0.31631976
5594.3996 0.30038813
5598.5996 0.29842356
5602.7996 0.29280016
5606.9996 0.29310644
5611.1996 0.29824373
5615.3996 0.29738188
5619.5996 0.29116374
5623.7996 0.28169638
5627.9996 0.29573789
5632.1996 0.30330983
5636.3996 0.30945936
5640.5996 0.34075657
5644.7996 0.33896229
5648.9996 0.31597030
5653.1996 0.31912237
5657.3996 0.32294676
5661.5996 0.31363896
5665.7996 0.28942493
5669.9996 0.26585728
5674.1996 0.26322311
5678.3996 0.25653332
5682.5996 0.24872606
5686.7996 0.24714769
5690.9996 0.24023588
5695.1996 0.22963315
5699.3996 0.22833729
5703.5996 0.22943734
5707.7996 0.22901413
5711.9996 0.21831958
5716.1996 0.21625757
5720.3996 0.21598540
5724.5996 0.22288075
5728.7996 0.23163448
5732.9996 0.22243936
5737.1996 0.21918422
5741.3996 0.21852221
5745.5996 0.21436004
5749.7996 0.21409115
5753.9996 0.21382280
5758.1996 0.22823694
5762.3996 0.21952121
5766.5996 0.22106624
5770.7996 0.21275470
5774.9996 0.21248898
5779.1996 0.21633618
5783.3996 0.22324501
5787.5996 0.22147930
5791.7996 0.21624357
5795.9996 0.21839936
5800.1996 0.21857029
5804.3996 0.21692061
5808.5996 0.21038248
5812.7996 0.21012148
5816.9996 0.20986104
5821.1996 0.21154259
5825.3996 0.20934172
5829.5996 0.20908284
5833.7996 0.20882449
5837.9996 0.21373753
5842.1996 0.20830928
5846.3996 0.20805243
5850.5996 0.20779611
5854.7996 0.21063191
5858.9996 0.20728494
5863.1996 0.20703015
5867.3996 0.20677584
5871.5996 0.20652203
5875.7996 0.21207479
5879.9996 0.20725313
5884.1996 0.21865404
5888.3996 0.20706713
5892.5996 0.20703885
5896.7996 0.20500977
5900.9996 0.20475946
5905.1996 0.21935114
5909.3996 0.22757113
5913.5996 0.21964851
5917.7996 0.23595472
5921.9996 0.21814723
5926.1996 0.24543786
5930.3996 0.23101701
5934.5996 0.21344189
5938.7996 0.23752123
5942.9996 0.22124249
5947.1996 0.21574847
5951.3996 0.21752635
5955.5996 0.21062969
5959.7996 0.20763193
5963.9996 0.20106356
5968.1996 0.20082100
5972.3996 0.20368274
5976.5996 0.21129638
5980.7996 0.20009623
5984.9996 0.19985564
5989.1996 0.19961546
5993.3996 0.19937578
5997.5996 0.21924989
