300.0 0.0
380.0 0.0000000
383.8 0.0000000
387.6 0.0000000
391.4 0.0000000
395.2 0.0000000
399.0 0.0000000
402.8 0.0000000
406.6 0.0000000
410.4 0.0000000
414.2 0.0000000
418.0 0.0000000
421.8 0.0000000
425.6 0.0000000
429.4 0.0000000
433.2 0.0000000
437.0 0.0000000
440.8 0.0000000
444.6 0.0000000
448.4 0.0000000
452.2 0.0000000
456.0 0.0000000
459.8 0.0000000
463.6 0.0000000
467.4 0.0000000
471.2 0.0000000
475.0 0.0000000
478.8 0.0000000
482.6 0.0000000
486.4 0.0000000
490.2 0.0000000
494.0 0.0000000
497.8 0.0000000
501.6 0.0000000
505.4 0.0000000
509.2 0.0000000
513.0 0.0000000
516.8 0.0000000
520.6 0.0000000
524.4 0.0000000
528.2 0.0000000
532.0 0.0000000
535.8 0.0000000
539.6 0.0000000
543.4 0.0000000
547.2 0.0000000
551.0 0.0000000
554.8 0.0000000
558.6 0.0000000
562.4 0.0000000
566.2 0.0000000
570.0 0.0000000
573.8 0.0000000
577.6 0.0000000
581.4 0.0000000
585.2 0.0000000
589.0 0.0000000
592.8 0.0000000
596.6 0.0000000
600.4 0.0000000
604.2 0.0000000
608.0 0.0000000
611.8 0.0000000
615.6 0.0000000
619.4 0.0000000
623.2 0.0000000
627.0 0.0000000
630.8 0.0000000
634.6 0.0000000
638.4 0.0000000
642.2 0.0000000
646.0 0.0000000
649.8 0.0000000
653.6 0.0000000
657.4 0.0000000
661.2 0.0000000
665.0 0.0000000
668.8 0.0000000
672.6 0.0000000
676.4 0.0000000
680.2 0.0000000
684.0 0.0000000
687.8 0.0000000
691.6 0.0000000
695.4 1.56670511E-02
699.2 1.34470956E-02
703.0 1.14837829E-02
706.8 9.75644309E-03
710.6 8.24410934E-03
714.4 6.92906929E-03
718.2 5.79096004E-03
722.0 4.81215166E-03
725.8 3.97581933E-03
729.6 3.26451077E-03
733.4 2.66410690E-03
737.2 2.16031633E-03
741.0 1.34670949E-02
744.8 1.16740288E-02
748.6 1.00770872E-02
752.4 8.66068993E-03
756.2 7.41075864E-03
760.0 6.92329090E-03
763.8 6.15235697E-03
767.6 5.19058201E-03
771.4 4.69606835E-03
775.2 4.31798957E-03
779.0 4.01405059E-03
782.8 0.17040826
786.6 0.16876827
790.4 0.13714994
794.2 0.10727610
798.0 9.31460559E-02
801.8 8.35198611E-02
805.6 7.73067921E-02
809.4 7.23298416E-02
813.2 6.46958351E-02
817.0 5.34719862E-02
820.8 4.92444262E-02
824.6 4.00656983E-02
828.4 3.30505408E-02
832.2 2.76305228E-02
836.0 2.39884052E-02
839.8 2.18620542E-02
843.6 1.87581610E-02
847.4 1.70585196E-02
851.2 1.55992256E-02
855.0 1.34140691E-02
858.8 1.05374297E-02
862.6 8.95199273E-03
866.4 7.13366782E-03
870.2 6.25973940E-03
874.0 5.36103081E-03
877.8 4.44158772E-03
881.6 3.77173396E-03
885.4 3.29972734E-03
889.2 2.89369607E-03
893.0 2.61880620E-03
896.8 2.27180542E-03
900.6 1.98202836E-03
904.4 1.75071752E-03
908.2 1.59069884E-03
912.0 1.47681043E-03
915.8 1.43355248E-03
919.6 1.43499020E-03
923.4 1.56204915E-03
927.2 3.9453545
931.0 3.1908677
934.8 2.9760029
938.6 2.9745827
942.4 2.7863169
946.2 2.2304728
950.0 1.9256834
953.8 1.8108610
957.6 1.7328286
961.4 1.6201963
965.2 1.4793286
969.0 1.3858621
972.8 1.3537835
976.6 1.3572527
980.4 1.3790960
984.2 1.3882979
988.0 1.4931120
991.8 1.5163661
995.6 1.4510236
999.4 1.3220981
1003.2 1.3305001
1007.0 1.3182847
1010.8 1.3497089
1014.6 1.3727525
1018.4 1.3558090
1022.2 1.3068811
1026.0 1.2893454
1029.8 1.3301220
1033.6 1.3216896
1037.4 1.3435545
1041.2 1.3260108
1045.0 1.3568261
1048.8 1.4341959
1052.6 1.5144476
1056.4 1.6254443
1060.2 1.6552428
1064.0 1.6785518
1067.8 1.5262372
1071.6 1.4248735
1075.4 1.3495494
1079.2 1.3166854
1083.0 1.3106468
1086.8 1.2512788
1090.6 1.2352817
1094.4 1.2277594
1098.2 1.2184809
1102.0 1.2401742
1105.8 1.2280976
1109.6 1.2017764
1113.4 1.2376423
1117.2 1.2160707
1121.0 1.2348440
1124.8 1.2641677
1128.6 1.2826190
1132.4 1.3136004
1136.2 1.3114440
1140.0 1.3527670
1143.8 1.3824562
1147.6 1.4157951
1151.4 1.4689990
1155.2 1.5781480
1159.0 1.7243099
1162.8 1.8919605
1166.6 2.1049268
1170.4 2.3694620
1174.2 2.5256350
1178.0 2.2917686
1181.8 1.9435376
1185.6 1.6789567
1189.4 1.5405023
1193.2 1.4705534
1197.0 1.4301699
1200.8 1.3619328
1204.6 1.3564512
1208.4 1.3150051
1212.2 1.3401732
1216.0 1.3430047
1219.8 1.3375098
1223.6 1.3512871
1227.4 1.3335557
1231.2 1.3528026
1235.0 1.3706430
1238.8 1.3719189
1242.6 1.4004227
1246.4 1.3453934
1250.2 1.3352797
1254.0 1.3169816
1257.8 1.3375827
1261.6 1.3426353
1265.4 1.3225628
1269.2 1.2547643
1273.0 1.2134476
1276.8 1.1956015
1280.6 1.1728103
1284.4 1.1739887
1288.2 1.1700901
1292.0 1.1671354
1295.8 1.1848013
1299.6 1.1803576
1303.4 1.1985584
1307.2 1.2033918
1311.0 1.2004764
1314.8 1.1859739
1318.6 1.2002732
1322.4 1.2049302
1326.2 1.2368420
1330.0 1.2162695
1333.8 1.1960238
1337.6 1.1427950
1341.4 1.1593773
1345.2 1.1641184
1349.0 1.1481171
1352.8 1.1864184
1356.6 1.1971865
1360.4 1.1652354
1364.2 1.1449291
1368.0 1.1460034
1371.8 1.1455804
1375.6 1.1446368
1379.4 1.1587815
1383.2 1.1381269
1387.0 1.1341374
1390.8 1.1482520
1394.6 1.1465727
1398.4 1.1745859
1402.2 1.1691566
1406.0 1.2443601
1409.8 1.2397183
1413.6 1.2519747
1417.4 1.2326757
1421.2 1.2350290
1425.0 1.2460532
1428.8 1.3011336
1432.6 1.3996425
1436.4 1.4890558
1440.2 1.5618110
1444.0 1.5893530
1447.8 1.6724343
1451.6 1.5990973
1455.4 1.4617797
1459.2 1.3367859
1463.0 1.2537359
1466.8 1.2147535
1470.6 1.1751028
1474.4 1.1378397
1478.2 1.1092211
1482.0 1.1008632
1485.8 1.0590200
1489.6 1.0419431
1493.4 1.0332917
1497.2 1.0428915
1501.0 1.0468726
1504.8 1.0223138
1508.6 1.0260648
1512.4 1.0310483
1516.2 1.0392170
1520.0 1.0130429
1523.8 1.0236562
1527.6 1.0471051
1531.4 0.99002540
1535.2 1.0158054
1539.0 1.0219109
1542.8 1.0143597
1546.6 1.0226170
1550.4 1.0060312
1554.2 0.99233037
1558.0 1.0195098
1561.8 1.0603448
1565.6 1.0389714
1569.4 1.0646938
1573.2 1.0553719
1577.0 1.0578417
1580.8 1.0515267
1584.6 1.0646896
1588.4 1.0612787
1592.2 1.0582561
1596.0 1.0241734
1599.8 1.0072838
1603.6 1.0200777
1607.4 1.0343239
1611.2 0.99033940
1615.0 1.0378925
1618.8 1.0015442
1622.6 1.0252104
1626.4 1.0155834
1630.2 1.0359746
1634.0 0.98678988
1637.8 1.0011213
1641.6 0.99989742
1645.4 1.0170864
1649.2 0.96648580
1653.0 0.97753847
1656.8 0.99585783
1660.6 0.95134062
1664.4 0.96875572
1668.2 0.93920630
1672.0 0.91278553
1675.8 0.91138661
1679.6 0.90998822
1683.4 0.91551065
1687.2 0.92060858
1691.0 0.92151088
1694.8 0.90818441
1698.6 0.90300328
1702.4 0.90160769
1706.2 0.90021336
1710.0 0.91097438
1713.8 0.90886569
1717.6 0.92163163
1721.4 0.92656267
1725.2 0.92556792
1729.0 0.93166775
1732.8 0.93960929
1736.6 0.95595157
1740.4 0.97670889
1744.2 0.96843499
1748.0 0.99332607
1751.8 1.0040169
1755.6 1.0117326
1759.4 1.0166198
1763.2 1.0231209
1767.0 1.0352331
1770.8 1.0397429
1774.6 1.0249637
1778.4 1.0151945
1782.2 0.99175388
1786.0 0.98854977
1789.8 0.96875679
1793.6 0.98216844
1797.4 0.96937191
1801.2 0.96240419
1805.0 0.96434969
1808.8 0.95767283
1812.6 0.95919722
1816.4 0.96057659
1820.2 0.97085643
1824.0 0.99283582
1827.8 0.97688174
1831.6 1.0112375
1835.4 1.0354029
1839.2 1.0652419
1843.0 1.0612491
1846.8 1.0303049
1850.6 1.0243318
1854.4 1.0267751
1858.2 1.0026516
1862.0 0.98319805
1865.8 0.97685605
1869.6 0.97228056
1873.4 0.99012029
1877.2 1.0094819
1881.0 1.0126917
1884.8 1.0053601
1888.6 1.0071458
1892.4 1.0000752
1896.2 1.0043975
1900.0 0.99345404
1903.8 0.98861068
1907.6 0.98905253
1911.4 0.98379928
1915.2 0.97070277
1919.0 0.95602131
1922.8 0.96429455
1926.6 0.96684378
1930.4 0.96662772
1934.2 0.95665294
1938.0 0.94860399
1941.8 0.94550627
1945.6 0.94020253
1949.4 0.93596435
1953.2 0.92736632
1957.0 0.91429746
1960.8 0.91836298
1964.6 0.91788614
1968.4 0.90718859
1972.2 0.88292903
1976.0 0.90508777
1979.8 0.90856904
1983.6 0.90252382
1987.4 0.90197068
1991.2 0.90920085
1995.0 0.89189065
1998.8 0.89169008
2002.6 0.87378603
2006.4 0.85961735
2010.2 0.82555842
2014.0 0.82129401
2017.8 0.81946182
2021.6 0.81099278
2025.4 0.83257818
2029.2 0.84424883
2033.0 0.84561139
2036.8 0.82703859
2040.6 0.83504415
2044.4 0.83826196
2048.2 0.84909904
2052.0 0.84878343
2055.8 0.86799097
2059.6 0.89275086
2063.4 0.90013915
2067.2 0.88815063
2071.0 0.91489547
2074.8 0.92663276
2078.6 0.92528480
2082.4 0.92960453
2086.2 0.96676302
2090.0 0.99001837
2093.8 0.98443294
2097.6 1.0026926
2101.4 0.97941428
2105.2 1.0034513
2109.0 1.0373526
2112.8 1.1232822
2116.6 1.2239685
2120.4 1.3806667
2124.2 1.5403270
2128.0 1.5888157
2131.8 1.5073825
2135.6 1.3345058
2139.4 1.1867355
2143.2 1.0948573
2147.0 1.0492198
2150.8 1.0131897
2154.6 0.98522812
2158.4 0.96314240
2162.2 0.94196200
2166.0 0.93488306
2169.8 0.91556233
2173.6 0.89877814
2177.4 0.87966692
2181.2 0.86870241
2185.0 0.86565530
2188.8 0.84047979
2192.6 0.84170145
2196.4 0.82039386
2200.2 0.81465822
2204.0 0.81337273
2207.8 0.77945334
2211.6 0.79077142
2215.4 0.78988773
2219.2 0.80110776
2223.0 0.82271057
2226.8 0.83004701
2230.6 0.83251703
2234.4 0.83148080
2238.2 0.83689928
2242.0 0.82513034
2245.8 0.82682234
2249.6 0.83743429
2253.4 0.82473618
2257.2 0.82719183
2261.0 0.81201208
2264.8 0.81657869
2268.6 0.79658055
2272.4 0.78287780
2276.2 0.76854789
2280.0 0.76129371
2283.8 0.74276501
2287.6 0.73498392
2291.4 0.71461219
2295.2 0.70056278
2299.0 0.69748157
2302.8 0.70383626
2306.6 0.69441593
2310.4 0.70901161
2314.2 0.71247983
2318.0 0.71448857
2321.8 0.71416134
2325.6 0.71453255
2329.4 0.72845942
2333.2 0.72067785
2337.0 0.73466456
2340.8 0.73361486
2344.6 0.73048079
2348.4 0.72229558
2352.2 0.72941548
2356.0 0.72403789
2359.8 0.73922342
2363.6 0.75772053
2367.4 0.75950509
2371.2 0.78962976
2375.0 0.79576564
2378.8 0.79517806
2382.6 0.78403616
2386.4 0.78303796
2390.2 0.75396240
2394.0 0.77043998
2397.8 0.76262718
2401.6 0.76095814
2405.4 0.77023959
2409.2 0.79030490
2413.0 0.79082602
2416.8 0.80047405
2420.6 0.80521661
2424.4 0.81121200
2428.2 0.80299687
2432.0 0.80663282
2435.8 0.79438120
2439.6 0.80309498
2443.4 0.79293078
2447.2 0.76914424
2451.0 0.76922053
2454.8 0.77842659
2458.6 0.75767916
2462.4 0.75627702
2466.2 0.75660801
2470.0 0.75592089
2473.8 0.76767856
2477.6 0.76405734
2481.4 0.75086695
2485.2 0.74915540
2489.0 0.76398838
2492.8 0.76230001
2496.6 0.75685191
2500.4 0.77046782
2504.2 0.74843276
2508.0 0.73892218
2511.8 0.72878128
2515.6 0.72152042
2519.4 0.71586102
2523.2 0.70087695
2527.0 0.69787425
2530.8 0.70587271
2534.6 0.71191543
2538.4 0.72083515
2542.2 0.74309027
2546.0 0.71757925
2549.8 0.70736104
2553.6 0.70276284
2557.4 0.69919920
2561.2 0.69084013
2565.0 0.70700306
2568.8 0.70420623
2572.6 0.70897031
2576.4 0.70213223
2580.2 0.70408118
2584.0 0.70425516
2587.8 0.72014862
2591.6 0.72415066
2595.4 0.73617882
2599.2 0.75983196
2603.0 0.79050267
2606.8 0.75296223
2610.6 0.72408724
2614.4 0.72797740
2618.2 0.71654999
2622.0 0.69016296
2625.8 0.69764960
2629.6 0.69941455
2633.4 0.67974782
2637.2 0.67491210
2641.0 0.65969110
2644.8 0.65012950
2648.6 0.66734892
2652.4 0.66523898
2656.2 0.65559733
2660.0 0.66820300
2663.8 0.65122777
2667.6 0.64053673
2671.4 0.64005029
2675.2 0.62906075
2679.0 0.61842227
2682.8 0.60629070
2686.6 0.61370736
2690.4 0.61200422
2694.2 0.59410912
2698.0 0.59912831
2701.8 0.60856920
2705.6 0.61240816
2709.4 0.60062975
2713.2 0.61140853
2717.0 0.62641633
2720.8 0.61444902
2724.6 0.62760115
2728.4 0.60940385
2732.2 0.61063433
2736.0 0.60138911
2739.8 0.60893428
2743.6 0.61230516
2747.4 0.60005850
2751.2 0.61647457
2755.0 0.60588866
2758.8 0.60030907
2762.6 0.60537314
2766.4 0.59206271
2770.2 0.59834510
2774.0 0.59337986
2777.8 0.59711480
2781.6 0.60084563
2785.4 0.59258723
2789.2 0.58730185
2793.0 0.58545387
2796.8 0.58255649
2800.6 0.57882279
2804.4 0.57901001
2808.2 0.58690006
2812.0 0.58584577
2815.8 0.58508819
2819.6 0.57369262
2823.4 0.57566649
2827.2 0.59967756
2831.0 0.67572999
2834.8 0.70175958
2838.6 0.59291035
2842.4 0.57173640
2846.2 0.57146049
2850.0 0.56451076
2853.8 0.58461374
2857.6 0.56811231
2861.4 0.55549043
2865.2 0.55918431
2869.0 0.55271083
2872.8 0.54528469
2876.6 0.53942227
2880.4 0.53262174
2884.2 0.50356317
2888.0 0.51160431
2891.8 0.50189024
2895.6 0.52368242
2899.4 0.52230030
2903.2 0.51658225
2907.0 0.51132447
2910.8 0.50743228
2914.6 0.52028888
2918.4 0.50954545
2922.2 0.51795119
2926.0 0.52571809
2929.8 0.53427958
2933.6 0.55540216
2937.4 0.59767407
2941.2 0.62246472
2945.0 0.55932099
2948.8 0.52257770
2952.6 0.54118890
2956.4 0.54540861
2960.2 0.51685530
2964.0 0.50570029
2967.8 0.50634253
2971.6 0.49735314
2975.4 0.49431723
2979.2 0.48504904
2983.0 0.47091743
2986.8 0.45526743
2990.6 0.45201203
2994.4 0.46568164
2998.2 0.47948781
3002.0 0.48077980
3005.8 0.48606670
3009.6 0.49796006
3013.4 0.49828538
3017.2 0.49512765
3021.0 0.47855535
3024.8 0.48048714
3028.6 0.47790292
3032.4 0.45799905
3036.2 0.46376652
3040.0 0.44814613
3043.8 0.44809535
3047.6 0.44026530
3051.4 0.44978037
3055.2 0.45542800
3059.0 0.44706354
3062.8 0.43295422
3066.6 0.43242356
3070.4 0.43035242
3074.2 0.42521876
3078.0 0.43808168
3081.8 0.42881033
3085.6 0.43975985
3089.4 0.44843680
3093.2 0.47569886
3097.0 0.46829879
3100.8 0.46547776
3104.6 0.48597461
3108.4 0.49270701
3112.2 0.50982320
3116.0 0.54205287
3119.8 0.52611899
3123.6 0.49975628
3127.4 0.49719369
3131.2 0.47490364
3135.0 0.46297202
3138.8 0.45809454
3142.6 0.45036975
3146.4 0.43528688
3150.2 0.41848814
3154.0 0.41356665
3157.8 0.41545036
3161.6 0.42689204
3165.4 0.42341462
3169.2 0.42061532
3173.0 0.42982927
3176.8 0.41494223
3180.6 0.40964824
3184.4 0.41713789
3188.2 0.40753758
3192.0 0.40309089
3195.8 0.40240559
3199.6 0.40172198
3203.4 0.40350199
3207.2 0.40677848
3211.0 0.40486047
3214.8 0.40329543
3218.6 0.42577979
3222.4 0.42315578
3226.2 0.42954084
3230.0 0.42182469
3233.8 0.41160509
3237.6 0.40496039
3241.4 0.42305246
3245.2 0.42273179
3249.0 0.41965416
3252.8 0.43899208
3256.6 0.42728186
3260.4 0.44104236
3264.2 0.46498853
3268.0 0.45690137
3271.8 0.46619809
3275.6 0.47468814
3279.4 0.49406049
3283.2 0.52532887
3287.0 0.53106946
3290.8 0.56040722
3294.6 0.60651308
3298.4 0.62892431
3302.2 0.63154155
3306.0 0.58717722
3309.8 0.57664055
3313.6 0.57081103
3317.4 0.54306316
3321.2 0.51844174
3325.0 0.47475344
3328.8 0.46480745
3332.6 0.44626907
3336.4 0.43721914
3340.2 0.44826409
3344.0 0.43600136
3347.8 0.42854720
3351.6 0.42894688
3355.4 0.41888735
3359.2 0.41589782
3363.0 0.41369829
3366.8 0.38812795
3370.6 0.40137672
3374.4 0.39928395
3378.2 0.40942585
3382.0 0.40051645
3385.8 0.39873147
3389.6 0.41665503
3393.4 0.42264169
3397.2 0.43855509
3401.0 0.43216681
3404.8 0.42883763
3408.6 0.41271359
3412.4 0.43539891
3416.2 0.43632925
3420.0 0.43897679
3423.8 0.43578789
3427.6 0.45214817
3431.4 0.47136080
3435.2 0.46792695
3439.0 0.44869763
3442.8 0.43804696
3446.6 0.42739105
3450.4 0.43032393
3454.2 0.46194711
3458.0 0.44934765
3461.8 0.44381884
3465.6 0.46096990
3469.4 0.45705020
3473.2 0.42322001
3477.0 0.44598189
3480.8 0.46365219
3484.6 0.44365996
3488.4 0.43514472
3492.2 0.44196284
3496.0 0.42541000
3499.8 0.41545504
3503.6 0.41675729
3507.4 0.42997900
3511.2 0.44552305
3515.0 0.44519368
3518.8 0.43623719
3522.6 0.44159988
3526.4 0.42837441
3530.2 0.43542552
3534.0 0.42219117
3537.8 0.44424808
3541.6 0.41805539
3545.4 0.43155250
3549.2 0.41350988
3553.0 0.41730225
3556.8 0.42046472
3560.6 0.43423378
3564.4 0.39598051
3568.2 0.39505753
3572.0 0.37135249
3575.8 0.36659271
3579.6 0.36139598
3583.4 0.37015933
3587.2 0.36887571
3591.0 0.36770093
3594.8 0.36103317
3598.6 0.36643216
3602.4 0.37012565
3606.2 0.36227977
3610.0 0.35005489
3613.8 0.35309955
3617.6 0.35446206
3621.4 0.35253817
3625.2 0.35795295
3629.0 0.36242220
3632.8 0.36887810
3636.6 0.36740452
3640.4 0.36443484
3644.2 0.37144741
3648.0 0.38202438
3651.8 0.38218874
3655.6 0.38561550
3659.4 0.39996722
3663.2 0.42345160
3667.0 0.42533842
3670.8 0.45706502
3674.6 0.46118197
3678.4 0.47650209
3682.2 0.51199245
3686.0 0.53295451
3689.8 0.59614241
3693.6 0.65011817
3697.4 0.62943918
3701.2 0.58700097
3705.0 0.54499823
3708.8 0.51544368
3712.6 0.48971868
3716.4 0.45729125
3720.2 0.44904050
3724.0 0.44449982
3727.8 0.42894053
3731.6 0.40494233
3735.4 0.41694009
3739.2 0.40326035
3743.0 0.39699724
3746.8 0.39021578
3750.6 0.37963885
3754.4 0.37542304
3758.2 0.38510981
3762.0 0.38511425
3765.8 0.45434257
3769.6 0.49656609
3773.4 0.41499496
3777.2 0.36849964
3781.0 0.35867476
3784.8 0.35559431
3788.6 0.34678131
3792.4 0.36926034
3796.2 0.40333155
3800.0 0.49005151
3803.8 0.69026691
3807.6 0.68852949
3811.4 0.46291396
3815.2 0.38962194
3819.0 0.36621717
3822.8 0.35608765
3826.6 0.34762004
3830.4 0.34087524
3834.2 0.34102747
3838.0 0.33854499
3841.8 0.33895481
3845.6 0.33842432
3849.4 0.33283135
3853.2 0.32906142
3857.0 0.32898724
3860.8 0.31634015
3864.6 0.30977082
3868.4 0.32331660
3872.2 0.32034394
3876.0 0.32425758
3879.8 0.31112245
3883.6 0.31359833
3887.4 0.30915797
3891.2 0.31988415
3895.0 0.31420088
3898.8 0.30604652
3902.6 0.31300035
3906.4 0.31098711
3910.2 0.32039797
3914.0 0.32199800
3917.8 0.33483556
3921.6 0.34201002
3925.4 0.33712974
3929.2 0.32732219
3933.0 0.34165761
3936.8 0.32746050
3940.6 0.31928188
3944.4 0.31986028
3948.2 0.33784562
3952.0 0.33146921
3955.8 0.31395510
3959.6 0.31801531
3963.4 0.32088214
3967.2 0.32621118
3971.0 0.32086205
3974.8 0.32384893
3978.6 0.32251963
3982.4 0.32423753
3986.2 0.31234744
3990.0 0.31758294
3993.8 0.32783338
3997.6 0.31201953
4001.4 0.32077709
4005.2 0.32201359
4009.0 0.31959403
4012.8 0.31999347
4016.6 0.32224172
4020.4 0.32008085
4024.2 0.33232856
4028.0 0.31719115
4031.8 0.31046253
4035.6 0.33943444
4039.4 0.31678936
4043.2 0.33146429
4047.0 0.32302955
4050.8 0.31335166
4054.6 0.30885670
4058.4 0.30528915
4062.2 0.31437537
4066.0 0.29788369
4069.8 0.30045888
4073.6 0.30345982
4077.4 0.30011386
4081.2 0.28596598
4085.0 0.29115015
4088.8 0.29811156
4092.6 0.29742032
4096.4 0.28831702
4100.2 0.28931737
4104.0 0.28682369
4107.8 0.28121266
4111.6 0.28676489
4115.4 0.29253438
4119.2 0.29050282
4123.0 0.28335020
4126.8 0.27917081
4130.6 0.27494630
4134.4 0.28442308
4138.2 0.27417246
4142.0 0.29263788
4145.8 0.27577451
4149.6 0.27696890
4153.4 0.27263454
4157.2 0.27225211
4161.0 0.27187046
4164.8 0.27148965
4168.6 0.27764228
4172.4 0.27878773
4176.2 0.28513429
4180.0 0.27811468
4183.8 0.27888203
4187.6 0.26922157
4191.4 0.26884630
4195.2 0.27643889
4199.0 0.28455481
4202.8 0.27968380
4206.6 0.27279967
4210.4 0.28347269
4214.2 0.28795317
4218.0 0.27345002
4221.8 0.27648824
4225.6 0.26550451
4229.4 0.26513708
4233.2 0.27041423
4237.0 0.26590273
4240.8 0.29063195
4244.6 0.27740350
4248.4 0.26978779
4252.2 0.30115765
4256.0 0.29710290
4259.8 0.28363827
4263.6 0.27841032
4267.4 0.26575434
4271.2 0.26534683
4275.0 0.26078722
4278.8 0.26927921
4282.6 0.26007277
4286.4 0.26129580
4290.2 0.25936127
4294.0 0.26143315
4297.8 0.25865266
4301.6 0.26005101
4305.4 0.25905812
4309.2 0.25759527
4313.0 0.26652673
4316.8 0.26254782
4320.6 0.25654456
4324.4 0.25619569
4328.2 0.25584760
4332.0 0.25550020
4335.8 0.25515351
4339.6 0.25480759
4343.4 0.25446233
4347.2 0.25967059
4351.0 0.25377393
4354.8 0.25416645
4358.6 0.25308836
4362.4 0.25420603
4366.2 0.25249040
4370.0 0.25206518
4373.8 0.25448895
4377.6 0.25801766
4381.4 0.25922984
4385.2 0.25679573
4389.0 0.25634059
4392.8 0.25558463
4396.6 0.25204176
4400.4 0.25410256
4404.2 0.25242463
4408.0 0.25192133
4411.8 0.25751415
4415.6 0.26877919
4419.4 0.25557673
4423.2 0.26442441
4427.0 0.25929651
4430.8 0.26729795
4434.6 0.26101798
4438.4 0.26947162
4442.2 0.26515564
4446.0 0.26634863
4449.8 0.27408007
4453.6 0.26741955
4457.4 0.27251455
4461.2 0.28149003
4465.0 0.30305994
4468.8 0.29611352
4472.6 0.29038572
4476.4 0.29195070
4480.2 0.26620495
4484.0 0.26173279
4487.8 0.27390859
4491.6 0.26905176
4495.4 0.25967598
4499.2 0.26107529
4503.0 0.26250172
4506.8 0.26283580
4510.6 0.25819814
4514.4 0.26328495
4518.2 0.26868919
4522.0 0.25214943
4525.8 0.25483507
4529.6 0.25307465
4533.4 0.26118654
4537.2 0.24639620
4541.0 0.24903332
4544.8 0.24835195
4548.6 0.24745907
4552.4 0.24923508
4556.2 0.24873804
4560.0 0.24812773
4563.8 0.25037420
4567.6 0.24632540
4571.4 0.24427278
4575.2 0.23998688
4579.0 0.23979132
4582.8 0.23588288
4586.6 0.24046649
4590.4 0.24098827
4594.2 0.24376522
4598.0 0.24574232
4601.8 0.23638216
4605.6 0.24146499
4609.4 0.24871971
4613.2 0.24582270
4617.0 0.24827693
4620.8 0.25281012
4624.6 0.24867298
4628.4 0.25052142
4632.2 0.24557380
4636.0 0.25792217
4639.8 0.23716287
4643.6 0.22928280
4647.4 0.23276505
4651.2 0.22966264
4655.0 0.23091203
4658.8 0.23124163
4662.6 0.23579241
4666.4 0.24016172
4670.2 0.22926512
4674.0 0.23571958
4677.8 0.24210502
4681.6 0.23319398
4685.4 0.22931220
4689.2 0.22579272
4693.0 0.22550559
4696.8 0.22646935
4700.6 0.23984763
4704.4 0.22852589
4708.2 0.22988245
4712.0 0.22407821
4715.8 0.22464922
4719.6 0.22446465
4723.4 0.22812366
4727.2 0.22583060
4731.0 0.23098971
4734.8 0.23177387
4738.6 0.22652218
4742.4 0.22497313
4746.2 0.22464487
4750.0 0.23113342
4753.8 0.22969957
4757.6 0.22486028
4761.4 0.22323722
4765.2 0.22152708
4769.0 0.22046772
4772.8 0.22230324
4776.6 0.22425537
4780.4 0.23167402
4784.2 0.23486830
4788.0 0.23932248
4791.8 0.24694207
4795.6 0.23707996
4799.4 0.22547266
4803.2 0.22621968
4807.0 0.22389409
4810.8 0.22041333
4814.6 0.22386228
4818.4 0.23053481
4822.2 0.23297188
4826.0 0.22573303
4829.8 0.22750363
4833.6 0.23091854
4837.4 0.23510066
4841.2 0.23867933
4845.0 0.22693032
4848.8 0.22918913
4852.6 0.23345432
4856.4 0.23416387
4860.2 0.22919707
4864.0 0.22880152
4867.8 0.23221041
4871.6 0.23200941
4875.4 0.22949247
4879.2 0.23514031
4883.0 0.23274426
4886.8 0.23604178
4890.6 0.24170318
4894.4 0.23833874
4898.2 0.24528924
4902.0 0.24137148
4905.8 0.25777557
4909.6 0.25969332
4913.4 0.26650283
4917.2 0.27401468
4921.0 0.27291417
4924.8 0.27850008
4928.6 0.29413313
4932.4 0.29577512
4936.2 0.30867094
4940.0 0.32293963
4943.8 0.34276941
4947.6 0.36572978
4951.4 0.39343527
4955.2 0.43159762
4959.0 0.47926530
4962.8 0.53760785
4966.6 0.60635352
4970.4 0.71093029
4974.2 0.83531624
4978.0 0.99198860
4981.8 1.1499943
4985.6 1.3527706
4989.4 1.3902473
4993.2 1.1889317
4997.0 0.98958117
5000.8 0.90033227
5004.6 0.84801096
5008.4 0.73437673
5012.2 0.61954677
5016.0 0.55815315
5019.8 0.50911957
5023.6 0.46428657
5027.4 0.43012390
5031.2 0.40922928
5035.0 0.38316169
5038.8 0.35675278
5042.6 0.33481073
5046.4 0.31276834
5050.2 0.29392192
5054.0 0.28796524
5057.8 0.28205320
5061.6 0.26787391
5065.4 0.26614830
5069.2 0.26115885
5073.0 0.26145777
5076.8 0.26606652
5080.6 0.26532373
5084.4 0.25980136
5088.2 0.25137839
5092.0 0.26393443
5095.8 0.27071851
5099.6 0.27623415
5103.4 0.30420071
5107.2 0.30262828
5111.0 0.28212824
5114.8 0.28497028
5118.6 0.28841326
5122.4 0.28012776
5126.2 0.25852582
5130.0 0.23749711
5133.8 0.23516653
5137.6 0.22921175
5141.4 0.22225726
5145.2 0.22086798
5149.0 0.21471158
5152.8 0.20525491
5156.6 0.20411602
5160.4 0.20511886
5164.2 0.20475993
5168.0 0.19521648
5171.8 0.19339095
5175.6 0.19316578
5179.4 0.19935140
5183.2 0.20720050
5187.0 0.19899400
5190.8 0.19610035
5194.6 0.19552636
5198.4 0.19182013
5202.2 0.19159739
5206.0 0.19137506
5209.8 0.20429498
5213.6 0.19651178
5217.4 0.19791318
5221.2 0.19048978
5225.0 0.19026947
5228.8 0.19373225
5232.6 0.19993766
5236.4 0.19837454
5240.2 0.19370279
5244.0 0.19565181
5247.8 0.19582288
5251.6 0.19436266
5255.4 0.18852164
5259.2 0.18830495
5263.0 0.18808867
5266.8 0.18961298
5270.6 0.18765730
5274.4 0.18744220
5278.2 0.18722752
5282.0 0.19164976
5285.8 0.18679930
5289.6 0.18658577
5293.4 0.18637267
5297.2 0.18893307
5301.0 0.18594755
5304.8 0.18573561
5308.6 0.18552403
5312.4 0.18531284
5316.2 0.19031230
5320.0 0.18600196
5323.8 0.19625127
5327.6 0.18586801
5331.4 0.18585908
5335.2 0.18405385
5339.0 0.18384536
5342.8 0.19696400
5346.6 0.20436302
5350.4 0.19726568
5354.2 0.21192881
5358.0 0.19595174
5361.8 0.22048496
5365.6 0.20754834
5369.4 0.19177538
5373.2 0.21342900
5377.0 0.19881873
5380.8 0.19389835
5384.6 0.19551313
5388.4 0.18933079
5392.2 0.18665227
5396.0 0.18076319
5399.8 0.18056066
5403.6 0.18314944
5407.4 0.19001187
5411.2 0.17995538
5415.0 0.17975438
5418.8 0.17955372
5422.6 0.17935342
5426.4 0.19724849
5430.2 0.18321849
5434.0 0.17875472
5437.8 0.17855591
5441.6 0.18156353
5445.4 0.18033208
5449.2 0.17796147
5453.0 0.17776413
5456.8 0.18280353
5460.6 0.18846875
5464.4 0.19890326
5468.2 0.17697805
5472.0 0.19579345
5475.8 0.17709744
5479.6 0.18543293
5483.4 0.17619769
5487.2 0.18811762
5491.0 0.18316667
5494.8 0.18278813
5498.6 0.18641183
5502.4 0.19509712
5506.2 0.18585958
5510.0 0.17484568
5513.8 0.18661961
5517.6 0.20659433
5521.4 0.17427145
5525.2 0.17408076
5529.0 0.17439020
5532.8 0.17370033
5536.6 0.17351067
5540.4 0.17332131
5544.2 0.19028316
5548.0 0.18534921
5551.8 0.17275536
5555.6 0.17256741
5559.4 0.18181372
5563.2 0.19455473
5567.0 0.17200550
5570.8 0.17343852
5574.6 0.21198472
5578.4 0.18229122
5582.2 0.18070850
5586.0 0.17107578
5589.8 0.19438607
5593.6 0.20774184
5597.4 0.19843574
5601.2 0.21825108
5605.0 0.21365581
5608.8 0.22515634
5612.6 0.19568907
5616.4 0.20303878
5620.2 0.25004217
5624.0 0.22424999
5627.8 0.21519221
5631.6 0.19476700
5635.4 0.18820211
5639.2 0.23262322
5643.0 0.22187476
5646.8 0.21463439
5650.6 0.19990325
5654.4 0.17885423
5658.2 0.20211233
5662.0 0.16743977
5665.8 0.16726139
5669.6 0.16708331
5673.4 0.16690563
5677.2 0.16672823
5681.0 0.16655110
5684.8 0.16637437
5688.6 0.16619788
5692.4 0.16602173
5696.2 0.16584590
5700.0 0.16567042
5703.8 0.16549522
5707.6 0.16532037
5711.4 0.16514578
5715.2 0.16497158
5719.0 0.16479766
5722.8 0.16462404
5726.6 0.16445075
5730.4 0.16427773
5734.2 0.16410509
5738.0 0.16393271
5741.8 0.16376066
5745.6 0.16358894
5749.4 0.16341750
5753.2 0.16324633
5757.0 0.16307552
5760.8 0.16290501
5764.6 0.16273484
5768.4 0.16256490
5772.2 0.16239531
5776.0 0.16222608
5779.8 0.16205707
5783.6 0.16188841
5787.4 0.16172002
5791.2 0.16155195
5795.0 0.16138418
5798.8 0.16121675
5802.6 0.16104962
5806.4 0.16088277
5810.2 0.16071616
5814.0 0.16054991
5817.8 0.16038397
5821.6 0.16021828
5825.4 0.16005294
5829.2 0.15988787
5833.0 0.15972313
5836.8 0.15955864
5840.6 0.15939449
5844.4 0.15923063
5848.2 0.15906706
5852.0 0.15890375
5855.8 0.15874076
5859.6 0.15857808
5863.4 0.15841566
5867.2 0.15825358
5871.0 0.15809174
5874.8 0.15793017
5878.6 0.15776898
5882.4 0.15760814
5886.2 0.15744740
5890.0 0.15728702
5893.8 0.15712699
5897.6 0.15696721
5901.4 0.15680763
5905.2 0.15664841
5909.0 0.15648964
5912.8 0.15633087
5916.6 0.15617256
5920.4 0.15601456
5924.2 0.15585679
5928.0 0.15569931
5931.8 0.15554209
5935.6 0.15538511
5939.4 0.15522857
5943.2 0.15507218
5947.0 0.15491609
5950.8 0.15476024
5954.6 0.15460473
5958.4 0.15444952
5962.2 0.15429455
5966.0 0.15413986
5969.8 0.15398555
5973.6 0.15383148
5977.4 0.15367766
5981.2 0.15352409
5985.0 0.15337083
5988.8 0.15321785
5992.6 0.15306507
5996.4 0.15291262
