300.0 0.0
425.0 0.0000000
429.25 0.0000000
433.5 0.0000000
437.75 0.0000000
442.0 0.0000000
446.25 0.0000000
450.5 0.0000000
454.75 0.0000000
459.0 0.0000000
463.25 0.0000000
467.5 0.0000000
471.75 0.0000000
476.0 0.0000000
480.25 0.0000000
484.5 0.0000000
488.75 0.0000000
493.0 0.0000000
497.25 0.0000000
501.5 0.0000000
505.75 0.0000000
510.0 0.0000000
514.25 0.0000000
518.5 0.0000000
522.75 0.0000000
527.0 0.0000000
531.25 0.0000000
535.5 0.0000000
539.75 0.0000000
544.0 0.0000000
548.25 0.0000000
552.5 0.0000000
556.75 0.0000000
561.0 0.0000000
565.25 0.0000000
569.5 0.0000000
573.75 0.0000000
578.0 0.0000000
582.25 0.0000000
586.5 0.0000000
590.75 0.0000000
595.0 0.0000000
599.25 0.0000000
603.5 0.0000000
607.75 0.0000000
612.0 0.0000000
616.25 0.0000000
620.5 0.0000000
624.75 0.0000000
629.0 0.0000000
633.25 0.0000000
637.5 0.0000000
641.75 0.0000000
646.0 0.0000000
650.25 0.0000000
654.5 0.0000000
658.75 0.0000000
663.0 0.0000000
667.25 0.0000000
671.5 0.0000000
675.75 0.0000000
680.0 0.0000000
684.25 0.0000000
688.5 0.0000000
692.75 0.0000000
697.0 0.0000000
701.25 0.0000000
705.5 0.0000000
709.75 0.0000000
714.0 0.0000000
718.25 0.0000000
722.5 0.0000000
726.75 0.0000000
731.0 0.0000000
735.25 0.0000000
739.5 0.0000000
743.75 0.0000000
748.0 0.0000000
752.25 0.0000000
756.5 0.0000000
760.75 0.0000000
765.0 0.0000000
769.25 0.0000000
773.5 0.0000000
777.75 5.20722708E-04
782.0 3.72429698E-04
786.25 2.63673050E-04
790.5 1.81535419E-04
794.75 1.20307734E-04
799.0 7.75373337E-05
803.25 4.92844774E-05
807.5 3.09545212E-05
811.75 1.91326853E-05
816.0 1.16314513E-05
820.25 6.95176868E-06
824.5 4.08272581E-06
828.75 2.68673582E-04
833.0 1.83063981E-04
837.25 1.23158534E-04
841.5 8.17453547E-05
845.75 5.35368308E-05
850.0 3.79243284E-05
854.25 2.52953578E-05
858.5 1.58635976E-05
862.75 1.05568288E-05
867.0 7.06602577E-06
871.25 4.73167074E-06
875.5 2.43754890E-02
879.75 2.04925500E-02
884.0 1.42585747E-02
888.25 9.69902147E-03
892.5 7.38335215E-03
896.75 5.78982942E-03
901.0 4.64451220E-03
905.25 3.74904997E-03
909.5 2.88062403E-03
913.75 2.03581504E-03
918.0 1.59595371E-03
922.25 1.10006065E-03
926.5 7.64921017E-04
930.75 5.36384585E-04
935.0 3.88564367E-04
939.25 2.93930614E-04
943.5 2.08261336E-04
947.75 1.55497924E-04
952.0 1.16085255E-04
956.25 8.10441561E-05
960.5 5.13631821E-05
964.75 3.49918446E-05
969.0 2.22275339E-05
973.25 1.54402624E-05
977.5 1.04011315E-05
981.75 6.73498607E-06
986.0 4.43677527E-06
990.25 2.99054295E-06
994.5 2.00646241E-06
998.75 1.37823690E-06
1003.0 9.00855241E-07
1007.25 5.87749298E-07
1011.5 3.78522770E-07
1015.75 2.36996868E-07
1020.0 1.64672485E-07
1024.25 1.48291647E-07
1028.5 1.63542765E-07
1032.75 2.12632997E-07
1037.0 11.361186
1041.25 9.1586628
1045.5 8.5144186
1049.75 8.4831200
1054.0 7.9209580
1058.25 6.3208370
1062.5 5.4400449
1066.75 5.0997906
1071.0 4.8650270
1075.25 4.5348830
1079.5 4.1280475
1083.75 3.8555939
1088.0 3.7550697
1092.25 3.7535300
1096.5 3.8027151
1100.75 3.8168781
1105.0 4.0931458
1109.25 4.1449041
1113.5 3.9549711
1117.75 3.5933316
1122.0 3.6059506
1126.25 3.5628543
1130.5 3.6376371
1134.75 3.6895337
1139.0 3.6340201
1143.25 3.4933403
1147.5 3.4371595
1151.75 3.5363650
1156.0 3.5045857
1160.25 3.5531251
1164.5 3.4975171
1168.75 3.5694742
1173.0 3.7632308
1177.25 3.9635792
1181.5 4.2432079
1185.75 4.3100300
1190.0 4.3597035
1194.25 3.9541728
1198.5 3.6823769
1202.75 3.4791000
1207.0 3.3860464
1211.25 3.3623021
1215.5 3.2022285
1219.75 3.1536863
1224.0 3.1269913
1228.25 3.0959947
1232.5 3.1436810
1236.75 3.1057763
1241.0 3.0321369
1245.25 3.1154075
1249.5 3.0540762
1253.75 3.0941436
1258.0 3.1604342
1262.25 3.1993361
1266.5 3.2692800
1270.75 3.2566488
1275.0 3.3518367
1279.25 3.4178734
1283.5 3.4926569
1287.75 3.6160438
1292.0 3.8763475
1296.25 4.2262845
1300.5 4.6273212
1304.75 5.1372962
1309.0 5.7707620
1313.25 6.1382585
1317.5 5.5583038
1321.75 4.7039952
1326.0 4.0552835
1330.25 3.7132776
1334.5 3.5374820
1338.75 3.4334066
1343.0 3.2630410
1347.25 3.2434368
1351.5 3.1381106
1355.75 3.1918788
1360.0 3.1923690
1364.25 3.1731241
1368.5 3.1996150
1372.75 3.1515632
1377.0 3.1909418
1381.25 3.2268829
1385.5 3.2237909
1389.75 3.2845931
1394.0 3.1496372
1398.25 3.1201613
1402.5 3.0717268
1406.75 3.1140554
1411.0 3.1201191
1415.25 3.0679004
1419.5 2.9053838
1423.75 2.8046787
1428.0 2.7585051
1432.25 2.7011244
1436.5 2.6990728
1440.75 2.6853945
1445.0 2.6739461
1449.25 2.7097151
1453.5 2.6948993
1457.75 2.7317643
1462.0 2.7381063
1466.25 2.7268414
1470.5 2.6893578
1474.75 2.7172205
1479.0 2.7232146
1483.25 2.7907012
1487.5 2.7397573
1491.75 2.6897328
1496.0 2.5658338
1500.25 2.5988410
1504.5 2.6052554
1508.75 2.5653212
1513.0 2.6466656
1517.25 2.6664455
1521.5 2.5911818
1525.75 2.5420232
1530.0 2.5404317
1534.25 2.5355451
1538.5 2.5295374
1542.75 2.5568538
1547.0 2.5074353
1551.25 2.4948413
1555.5 2.5220630
1559.75 2.5145788
1564.0 2.5721543
1568.25 2.5564454
1572.5 2.7168448
1576.75 2.7027144
1581.0 2.7254255
1585.25 2.6794913
1589.5 2.6807046
1593.75 2.7007208
1598.0 2.8160436
1602.25 3.0249081
1606.5 3.2135627
1610.75 3.3658004
1615.0 3.4203229
1619.25 3.5940621
1623.5 3.4316633
1627.75 3.1326187
1632.0 2.8607934
1636.25 2.6793694
1640.5 2.5925066
1644.75 2.5044665
1649.0 2.4217613
1653.25 2.3576651
1657.5 2.3367574
1661.75 2.2429705
1666.0 2.2019486
1670.25 2.1788905
1674.5 2.1943505
1678.75 2.1979640
1683.0 2.1417837
1687.25 2.1450427
1691.5 2.1508741
1695.75 2.1633258
1700.0 2.1044002
1704.25 2.1219945
1708.5 2.1660812
1712.75 2.0437622
1717.0 2.0926595
1721.25 2.1009216
1725.5 2.0811455
1729.75 2.0938320
1734.0 2.0557160
1738.25 2.0236497
1742.5 2.0749259
1746.75 2.1537483
1751.0 2.1061659
1755.25 2.1540692
1759.5 2.1310327
1763.75 2.1318660
1768.0 2.1150382
1772.25 2.1373920
1776.5 2.1264651
1780.75 2.1163676
1785.0 2.0443246
1789.25 2.0068195
1793.5 2.0284972
1797.75 2.0529869
1802.0 1.9620330
1806.25 2.0524428
1810.5 1.9769235
1814.75 2.0199354
1819.0 1.9973249
1823.25 2.0337381
1827.5 1.9336916
1831.75 1.9582574
1836.0 1.9523746
1840.25 1.9824109
1844.5 1.8804580
1848.75 1.8986193
1853.0 1.9308165
1857.25 1.8412945
1861.5 1.8717529
1865.75 1.8115324
1870.0 1.7575525
1874.25 1.7518640
1878.5 1.7462052
1882.75 1.7538329
1887.0 1.7606320
1891.25 1.7594073
1895.5 1.7310760
1899.75 1.7183467
1904.0 1.7128602
1908.25 1.7074022
1912.5 1.7249897
1916.75 1.7181978
1921.0 1.7395108
1925.25 1.7460008
1929.5 1.7413296
1933.75 1.7500075
1938.0 1.7621217
1942.25 1.7899361
1946.5 1.8259250
1950.75 1.8076220
1955.0 1.8511924
1959.25 1.8682120
1963.5 1.8796624
1967.75 1.8858383
1972.0 1.8949945
1976.25 1.9145088
1980.5 1.9199340
1984.75 1.8897867
1989.0 1.8689636
1993.25 1.8230804
1997.5 1.8144852
2001.75 1.7755210
2006.0 1.7974470
2010.25 1.7714236
2014.5 1.7561220
2018.75 1.7571117
2023.0 1.7424186
2027.25 1.7426763
2031.5 1.7426766
2035.75 1.7588104
2040.0 1.7960697
2044.25 1.7647060
2048.5 1.8241928
2052.75 1.8651642
2057.0 1.9162354
2061.25 1.9063963
2065.5 1.8482471
2069.75 1.8349977
2074.0 1.8368503
2078.25 1.7912430
2082.5 1.7540991
2086.75 1.7404233
2091.0 1.7299346
2095.25 1.7593099
2099.5 1.7913145
2103.75 1.7946180
2108.0 1.7792640
2112.25 1.7800723
2116.5 1.7652522
2120.75 1.7705618
2125.0 1.7489893
2129.25 1.7382041
2133.5 1.7367352
2137.75 1.7252885
2142.0 1.7001411
2146.25 1.6722918
2150.5 1.6846209
2154.75 1.6869389
2159.0 1.6844382
2163.25 1.6649671
2167.5 1.6488966
2171.75 1.6414692
2176.0 1.6302398
2180.25 1.6208906
2184.5 1.6040293
2188.75 1.5794915
2193.0 1.5845824
2197.25 1.5818402
2201.5 1.5615163
2205.75 1.5179316
2210.0 1.5541637
2214.25 1.5582815
2218.5 1.5460749
2222.75 1.5432999
2227.0 1.5538379
2231.25 1.5224667
2235.5 1.5203463
2239.75 1.4880865
2244.0 1.4622599
2248.25 1.4027030
2252.5 1.3938532
2256.75 1.3891523
2261.0 1.3732284
2265.25 1.4081773
2269.5 1.4263014
2273.75 1.4269937
2278.0 1.3940862
2282.25 1.4060081
2286.5 1.4098545
2290.75 1.4264984
2295.0 1.4243942
2299.25 1.4550248
2303.5 1.4948914
2307.75 1.5056190
2312.0 1.4839517
2316.25 1.5269830
2320.5 1.5449053
2324.75 1.5410017
2329.0 1.5465392
2333.25 1.6066442
2337.5 1.6435457
2341.75 1.6325451
2346.0 1.6610752
2350.25 1.6208103
2354.5 1.6588534
2358.75 1.7131127
2363.0 1.8530955
2367.25 2.0171130
2371.5 2.2730126
2375.75 2.5332639
2380.0 2.6103425
2384.25 2.4740331
2388.5 2.1880753
2392.75 1.9438241
2397.0 1.7915288
2401.25 1.7151321
2405.5 1.6545817
2409.75 1.6073196
2414.0 1.5697321
2418.25 1.5336983
2422.5 1.5206759
2426.75 1.4877912
2431.0 1.4590918
2435.25 1.4266779
2439.5 1.4075319
2443.75 1.4012415
2448.0 1.3591824
2452.25 1.3598547
2456.5 1.3241659
2460.75 1.3136591
2465.0 1.3103439
2469.25 1.2545151
2473.5 1.2715353
2477.75 1.2689255
2482.0 1.2857491
2486.25 1.3191936
2490.5 1.3297251
2494.75 1.3324513
2499.0 1.3295698
2503.25 1.3370079
2507.5 1.3170034
2511.75 1.3185037
2516.0 1.3342164
2520.25 1.3127991
2524.5 1.3155237
2528.75 1.2902253
2533.0 1.2963231
2537.25 1.2634509
2541.5 1.2406158
2545.75 1.2168311
2550.0 1.2042848
2554.25 1.1739439
2558.5 1.1606309
2562.75 1.1274782
2567.0 1.1043528
2571.25 1.0985452
2575.5 1.1075994
2579.75 1.0918365
2584.0 1.1138314
2588.25 1.1183259
2592.5 1.1205266
2596.75 1.1190648
2601.0 1.1187023
2605.25 1.1395483
2609.5 1.1264303
2613.75 1.1473336
2618.0 1.1447417
2622.25 1.1389059
2626.5 1.1252145
2630.75 1.1353704
2635.0 1.1260760
2639.25 1.1487538
2643.5 1.1765391
2647.75 1.1783527
2652.0 1.2240988
2656.25 1.2326168
2660.5 1.2307169
2664.75 1.2125007
2669.0 1.2099903
2673.25 1.1641344
2677.5 1.1886334
2681.75 1.1756508
2686.0 1.1721542
2690.25 1.1855204
2694.5 1.2154535
2698.75 1.2153074
2703.0 1.2291790
2707.25 1.2355043
2711.5 1.2437435
2715.75 1.2302015
2720.0 1.2348253
2724.25 1.2151411
2728.5 1.2275357
2732.75 1.2110801
2737.0 1.1738621
2741.25 1.1730939
2745.5 1.1862416
2749.75 1.1537607
2754.0 1.1507672
2758.25 1.1504145
2762.5 1.1485178
2766.75 1.1655204
2771.0 1.1591690
2775.25 1.1383219
2779.5 1.1348964
2783.75 1.1565230
2788.0 1.1531291
2792.25 1.1440588
2796.5 1.1638000
2800.75 1.1297022
2805.0 1.1145474
2809.25 1.0984662
2813.5 1.0867467
2817.75 1.0774570
2822.0 1.0541574
2826.25 1.0489005
2830.5 1.0601766
2834.75 1.0685025
2839.0 1.0811338
2843.25 1.1137371
2847.5 1.0747545
2851.75 1.0587174
2856.0 1.0511092
2860.25 1.0450604
2864.5 1.0318584
2868.75 1.0552789
2873.0 1.0503881
2877.25 1.0567760
2881.5 1.0458755
2885.75 1.0480711
2890.0 1.0476249
2894.25 1.0705496
2898.5 1.0757790
2902.75 1.0929195
2907.0 1.1272857
2911.25 1.1720123
2915.5 1.1156174
2919.75 1.0721295
2924.0 1.0771828
2928.25 1.0595802
2932.5 1.0198958
2936.75 1.0302895
2941.0 1.0322272
2945.25 1.0025549
2949.5 0.99478185
2953.75 0.97172314
2958.0 0.95702595
2962.25 0.98174793
2966.5 0.97802198
2970.75 0.96323562
2975.0 0.98113608
2979.25 0.95560873
2983.5 0.93933100
2987.75 0.93802989
2992.0 0.92134881
2996.25 0.90520352
3000.5 0.88689572
3004.75 0.89718962
3009.0 0.89414811
3013.25 0.86746919
3017.5 0.87426168
3021.75 0.88749576
3026.0 0.89255017
3030.25 0.87485254
3034.5 0.89001322
3038.75 0.91130900
3043.0 0.89336091
3047.25 0.91193533
3051.5 0.88496411
3055.75 0.88622254
3060.0 0.87228537
3064.25 0.88270563
3068.5 0.88706768
3072.75 0.86881316
3077.0 0.89205694
3081.25 0.87622541
3085.5 0.86764860
3089.75 0.87445873
3094.0 0.85473478
3098.25 0.86330420
3102.5 0.85564649
3106.75 0.86053634
3111.0 0.86541617
3115.25 0.85303277
3119.5 0.84494251
3123.75 0.84180486
3128.0 0.83716303
3132.25 0.83132768
3136.5 0.83112723
3140.75 0.84197932
3145.0 0.83999568
3149.25 0.83844048
3153.5 0.82165194
3157.75 0.82402104
3162.0 0.85791487
3166.25 0.96618348
3170.5 1.0028486
3174.75 0.84683222
3179.0 0.81614327
3183.25 0.81530356
3187.5 0.80494994
3191.75 0.83316213
3196.0 0.80920666
3200.25 0.79080123
3204.5 0.79563117
3208.75 0.78599811
3213.0 0.77502227
3217.25 0.76628053
3221.5 0.75621754
3225.75 0.71458036
3230.0 0.72560656
3234.25 0.71145386
3238.5 0.74195421
3242.75 0.73960739
3247.0 0.73112774
3251.25 0.72330827
3255.5 0.71742922
3259.75 0.73522443
3264.0 0.71966994
3268.25 0.73116475
3272.5 0.74174672
3276.75 0.75343925
3281.0 0.78282523
3285.25 0.84197646
3289.5 0.87645400
3293.75 0.78714550
3298.0 0.73506361
3302.25 0.76085830
3306.5 0.76640439
3310.75 0.72591716
3315.0 0.70989430
3319.25 0.71044147
3323.5 0.69748098
3327.75 0.69287932
3332.0 0.67955160
3336.25 0.65942723
3340.5 0.63719875
3344.75 0.63233161
3349.0 0.65113521
3353.25 0.67011213
3357.5 0.67159063
3361.75 0.67864567
3366.0 0.69491464
3370.25 0.69503260
3374.5 0.69029534
3378.75 0.66687018
3383.0 0.66924101
3387.25 0.66532344
3391.5 0.63730997
3395.75 0.64502871
3400.0 0.62300748
3404.25 0.62264228
3408.5 0.61147374
3412.75 0.62439543
3417.0 0.63193887
3421.25 0.62004238
3425.5 0.60019386
3429.75 0.59917915
3434.0 0.59603256
3438.25 0.58865017
3442.5 0.60617673
3446.75 0.59307468
3451.0 0.60793954
3455.25 0.61965126
3459.5 0.65702182
3463.75 0.64650613
3468.0 0.64231950
3472.25 0.67029959
3476.5 0.67927867
3480.75 0.70255923
3485.0 0.74663746
3489.25 0.72436464
3493.5 0.68776065
3497.75 0.68392855
3502.0 0.65297616
3506.25 0.63628834
3510.5 0.62930620
3514.75 0.61842126
3519.0 0.59744710
3523.25 0.57413799
3527.5 0.56713772
3531.75 0.56947207
3536.0 0.58490038
3540.25 0.57988375
3544.5 0.57580048
3548.75 0.58815938
3553.0 0.56754351
3557.25 0.56006151
3561.5 0.57005668
3565.75 0.55669862
3570.0 0.55038959
3574.25 0.54921985
3578.5 0.54805386
3582.75 0.55024904
3587.0 0.55448300
3591.25 0.55163556
3595.5 0.54927236
3599.75 0.57965213
3604.0 0.57583880
3608.25 0.58428401
3612.5 0.57354927
3616.75 0.55942124
3621.0 0.55016243
3625.25 0.57450449
3629.5 0.57383227
3633.75 0.56942070
3638.0 0.59541559
3642.25 0.57929575
3646.5 0.59770775
3650.75 0.62990385
3655.0 0.61869723
3659.25 0.63103068
3663.5 0.64226317
3667.75 0.66820502
3672.0 0.71020937
3676.25 0.71768242
3680.5 0.75702655
3684.75 0.81898201
3689.0 0.84890622
3693.25 0.85210073
3697.5 0.79192901
3701.75 0.77741110
3706.0 0.76924878
3710.25 0.73156697
3714.5 0.69812548
3718.75 0.63904554
3723.0 0.62541360
3727.25 0.60023600
3731.5 0.58783549
3735.75 0.60245198
3740.0 0.58574492
3744.25 0.57550883
3748.5 0.57582420
3752.75 0.56210458
3757.0 0.55787945
3761.25 0.55471730
3765.5 0.52023268
3769.75 0.53778654
3774.0 0.53477985
3778.25 0.54815620
3782.5 0.53602576
3786.75 0.53343624
3791.0 0.55720592
3795.25 0.56500053
3799.5 0.58605510
3803.75 0.57730317
3808.0 0.57264316
3812.25 0.55090785
3816.5 0.58097422
3820.75 0.58200091
3825.0 0.58531690
3829.25 0.58085155
3833.5 0.60243702
3837.75 0.62780631
3842.0 0.62300557
3846.25 0.59718609
3850.5 0.58279926
3854.75 0.56841636
3859.0 0.57211030
3863.25 0.61393178
3867.5 0.59697235
3871.75 0.58941573
3876.0 0.61197436
3880.25 0.60655415
3884.5 0.56145799
3888.75 0.59144449
3893.0 0.61466032
3897.25 0.58794886
3901.5 0.57646084
3905.75 0.58528727
3910.0 0.56316876
3914.25 0.54979753
3918.5 0.55132818
3922.75 0.56862092
3927.0 0.58897209
3931.25 0.58833241
3935.5 0.57629681
3939.75 0.58317971
3944.0 0.56551915
3948.25 0.57463014
3952.5 0.55697376
3956.75 0.58587164
3961.0 0.55114073
3965.25 0.56874084
3969.5 0.54477733
3973.75 0.54958725
3978.0 0.55356491
3982.25 0.57149971
3986.5 0.52097869
3990.75 0.51958978
3995.0 0.48824862
3999.25 0.48182929
4003.5 0.47484058
4007.75 0.48619294
4012.0 0.48434603
4016.25 0.48264357
4020.5 0.47373483
4024.75 0.48066056
4029.0 0.48534563
4033.25 0.47490138
4037.5 0.45872581
4041.75 0.46256444
4046.0 0.46419787
4050.25 0.46152821
4054.5 0.46846485
4058.75 0.47416028
4063.0 0.48245057
4067.25 0.48036835
4071.5 0.47633234
4075.75 0.48534223
4080.0 0.49900246
4084.25 0.49905762
4088.5 0.50337166
4092.75 0.52193981
4097.0 0.55241048
4101.25 0.55469620
4105.5 0.59588343
4109.75 0.60106117
4114.0 0.62083256
4118.25 0.66686344
4122.5 0.69394875
4126.75 0.77598178
4131.0 0.84597659
4135.25 0.81881291
4139.5 0.76336956
4143.75 0.70852727
4148.0 0.66989756
4152.25 0.63626778
4156.5 0.59395343
4160.75 0.58305782
4165.0 0.57698518
4169.25 0.55661809
4173.5 0.52531636
4177.75 0.54071593
4182.0 0.52281630
4186.25 0.51454037
4190.5 0.50559807
4194.75 0.49174526
4199.0 0.48613814
4203.25 0.49853179
4207.5 0.49838808
4211.75 0.58780259
4216.0 0.64223725
4220.25 0.53657681
4224.5 0.47631806
4228.75 0.46348107
4233.0 0.45936453
4237.25 0.44784740
4241.5 0.47673717
4245.75 0.52057207
4250.0 0.63231426
4254.25 0.89039177
4258.5 0.88789117
4262.75 0.59677529
4267.0 0.50214326
4271.25 0.47184232
4275.5 0.45865831
4279.75 0.44762221
4284.0 0.43881050
4288.25 0.43888012
4292.5 0.43556029
4296.75 0.43596250
4301.0 0.43515578
4305.25 0.42784208
4309.5 0.42287546
4313.75 0.42266005
4318.0 0.40629670
4322.25 0.39774671
4326.5 0.41502234
4330.75 0.41109058
4335.0 0.41599593
4339.25 0.39903265
4343.5 0.40209553
4347.75 0.39629135
4352.0 0.40992630
4356.25 0.40253124
4360.5 0.39197564
4364.75 0.40077084
4369.0 0.39808297
4373.25 0.41001633
4377.5 0.41195044
4381.75 0.42825657
4386.0 0.43731281
4390.25 0.43095466
4394.5 0.41830340
4398.75 0.43650448
4403.0 0.41825241
4407.25 0.40769547
4411.5 0.40832353
4415.75 0.43116647
4420.0 0.42291465
4424.25 0.40046099
4428.5 0.40553099
4432.75 0.40907714
4437.0 0.41575962
4441.25 0.40883300
4445.5 0.41252887
4449.75 0.41072637
4454.0 0.41280460
4458.25 0.39756143
4462.5 0.40411845
4466.75 0.41705203
4471.0 0.39683002
4475.25 0.40786090
4479.5 0.40932581
4483.75 0.40614396
4488.0 0.40654546
4492.25 0.40929523
4496.5 0.40644491
4500.75 0.42188784
4505.0 0.40256688
4509.25 0.39392540
4513.5 0.43057486
4517.75 0.40174609
4522.0 0.42024863
4526.25 0.40944964
4530.5 0.39708108
4534.75 0.39128515
4539.0 0.38666704
4543.25 0.39807406
4547.5 0.37709600
4551.75 0.38025966
4556.0 0.38396063
4560.25 0.37963134
4564.5 0.36164382
4568.75 0.36810750
4573.0 0.37681445
4577.25 0.37584674
4581.5 0.36425200
4585.75 0.36542475
4590.0 0.36218509
4594.25 0.35501161
4598.5 0.36193132
4602.75 0.36912182
4607.0 0.36646798
4611.25 0.35735700
4615.5 0.35199952
4619.75 0.34658793
4624.0 0.35844630
4628.25 0.34544346
4632.5 0.36861911
4636.75 0.34729281
4641.0 0.34871227
4645.25 0.34317198
4649.5 0.34260774
4653.75 0.34204492
4658.0 0.34148350
4662.25 0.34913844
4666.5 0.35049474
4670.75 0.35838783
4675.0 0.34948125
4679.25 0.35036194
4683.5 0.33814493
4687.75 0.33759332
4692.0 0.34704509
4696.25 0.35714939
4700.5 0.35095274
4704.75 0.34223372
4709.0 0.35553962
4713.25 0.36107436
4717.5 0.34280798
4721.75 0.34653574
4726.0 0.33269161
4730.25 0.33215377
4734.5 0.33868599
4738.75 0.33295819
4743.0 0.36383927
4747.25 0.34719837
4751.5 0.33758864
4755.75 0.37675530
4760.0 0.37159726
4764.25 0.35467514
4768.5 0.34805810
4772.75 0.33216015
4777.0 0.33157513
4781.25 0.32580328
4785.5 0.33633590
4789.75 0.32476315
4794.0 0.32621655
4798.25 0.32372820
4802.5 0.32624066
4806.75 0.32269821
4811.0 0.32436991
4815.25 0.32305896
4819.5 0.32116279
4823.75 0.33222410
4828.0 0.32719141
4832.25 0.31963885
4836.5 0.31913328
4840.75 0.31862903
4845.0 0.31812596
4849.25 0.31762409
4853.5 0.31712353
4857.75 0.31662413
4862.0 0.32303375
4866.25 0.31562898
4870.5 0.31604800
4874.75 0.31463867
4879.0 0.31595927
4883.25 0.31375858
4887.5 0.31316212
4891.75 0.31610480
4896.0 0.32041860
4900.25 0.32185435
4904.5 0.31876352
4908.75 0.31813005
4913.0 0.31712371
4917.25 0.31266075
4921.5 0.31514975
4925.75 0.31300184
4930.0 0.31231114
4934.25 0.31917670
4938.5 0.33306846
4942.75 0.31664091
4947.0 0.32753322
4951.25 0.32111365
4955.5 0.33095282
4959.75 0.32310936
4964.0 0.33350384
4968.25 0.32809350
4972.5 0.32950071
4976.75 0.33899441
4981.0 0.33068743
4985.25 0.33691770
4989.5 0.34794202
4993.75 0.37452632
4998.0 0.36586609
5002.25 0.35871485
5006.5 0.36057374
5010.75 0.32870874
5015.0 0.32312012
5019.25 0.33808225
5023.5 0.33201957
5027.75 0.32038403
5032.0 0.32204473
5036.25 0.32373834
5040.5 0.32408446
5044.75 0.31830150
5049.0 0.32450667
5053.25 0.33110061
5057.5 0.31065625
5061.75 0.31390181
5066.0 0.31167069
5070.25 0.32159621
5074.5 0.30332422
5078.75 0.30650932
5083.0 0.30560967
5087.25 0.30445024
5091.5 0.30657429
5095.75 0.30590212
5100.0 0.30509108
5104.25 0.30779234
5108.5 0.30275527
5112.75 0.30017322
5117.0 0.29484847
5121.25 0.29455030
5125.5 0.28969255
5129.75 0.29526398
5134.0 0.29584679
5138.25 0.29919755
5142.5 0.30156550
5146.75 0.29002267
5151.0 0.29620147
5155.25 0.30504161
5159.5 0.30143031
5163.75 0.30438098
5168.0 0.30987883
5172.25 0.30474916
5176.5 0.30695546
5180.75 0.30083567
5185.0 0.31590238
5189.25 0.29042098
5193.5 0.28071782
5197.75 0.28492701
5202.0 0.28107595
5206.25 0.28255144
5210.5 0.28290120
5214.75 0.28841412
5219.0 0.29370311
5223.25 0.28032446
5227.5 0.28816220
5231.75 0.29591271
5236.0 0.28496784
5240.25 0.28017178
5244.5 0.27582026
5248.75 0.27541819
5253.0 0.27654383
5257.25 0.29282576
5261.5 0.27895156
5265.75 0.28055552
5270.0 0.27342132
5274.25 0.27406752
5278.5 0.27379194
5282.75 0.27820393
5287.0 0.27535692
5291.25 0.28159592
5295.5 0.28250021
5299.75 0.27604872
5304.0 0.27411103
5308.25 0.27366132
5312.5 0.28151453
5316.75 0.27971742
5321.0 0.27377480
5325.25 0.27174962
5329.5 0.26961920
5333.75 0.26828155
5338.0 0.27046657
5342.25 0.27279267
5346.5 0.28176650
5350.75 0.28560039
5355.0 0.29096475
5359.25 0.30017507
5363.5 0.28813574
5367.75 0.27398011
5372.0 0.27483913
5376.25 0.27196556
5380.5 0.26769015
5384.75 0.27183095
5389.0 0.27988395
5393.25 0.28279302
5397.5 0.27395806
5401.75 0.27605855
5406.0 0.28015330
5410.25 0.28517732
5414.5 0.28946778
5418.75 0.27517083
5423.0 0.27786154
5427.25 0.28298342
5431.5 0.28379437
5435.75 0.27772689
5440.0 0.27719975
5444.25 0.28128129
5448.5 0.28098947
5452.75 0.27789342
5457.0 0.28468361
5461.25 0.28173456
5465.5 0.28567734
5469.75 0.29247940
5474.0 0.28835905
5478.25 0.29671782
5482.5 0.29192913
5486.75 0.31171638
5491.0 0.31398234
5495.25 0.32216096
5499.5 0.33118585
5503.75 0.32980019
5508.0 0.33649391
5512.25 0.35532275
5516.5 0.35724649
5520.75 0.37276015
5525.0 0.38992637
5529.25 0.41380045
5533.5 0.44144538
5537.75 0.47480777
5542.0 0.52077675
5546.25 0.57819813
5550.5 0.64847690
5554.75 0.73127908
5559.0 0.85726035
5563.25 1.0070829
5567.5 1.1957757
5571.75 1.3860137
5576.0 1.6301401
5580.25 1.6750275
5584.5 1.4322405
5588.75 1.1918998
5593.0 1.0842278
5597.25 1.0210540
5601.5 0.88408858
5605.75 0.74572849
5610.0 0.67172247
5614.25 0.61261314
5618.5 0.55857652
5622.75 0.51739281
5627.0 0.49217984
5631.25 0.46075457
5635.5 0.42892906
5639.75 0.40248358
5644.0 0.37592596
5648.25 0.35321763
5652.5 0.34600428
5656.75 0.33884689
5661.0 0.32176155
5665.25 0.31963825
5669.5 0.31359655
5673.75 0.31390601
5678.0 0.31938899
5682.25 0.31844729
5686.5 0.31177035
5690.75 0.30161524
5695.0 0.31663105
5699.25 0.32471892
5703.5 0.33128315
5707.75 0.36476624
5712.0 0.36282435
5716.25 0.33819416
5720.5 0.34154809
5724.75 0.34562120
5729.0 0.33564043
5733.25 0.30970991
5737.5 0.28447407
5741.75 0.28163922
5746.0 0.27446559
5750.25 0.26609731
5754.5 0.26439354
5758.75 0.25698474
5763.0 0.24562874
5767.25 0.24422866
5771.5 0.24539131
5775.75 0.24492472
5780.0 0.23347394
5784.25 0.23125570
5788.5 0.23095155
5792.75 0.23831122
5797.0 0.24765703
5801.25 0.23781246
5805.5 0.23431918
5809.75 0.23359834
5814.0 0.22913617
5818.25 0.22883593
5822.5 0.22853631
5826.75 0.24392869
5831.0 0.23460066
5835.25 0.23623867
5839.5 0.22734405
5843.75 0.22704752
5848.0 0.23114550
5852.25 0.23851411
5856.5 0.23661457
5860.75 0.23100831
5865.0 0.23329845
5869.25 0.23346822
5873.5 0.23169339
5877.75 0.22469766
5882.0 0.22440664
5886.25 0.22411625
5890.5 0.22589973
5894.75 0.22353731
5899.0 0.22324872
5903.25 0.22296077
5907.5 0.22819403
5911.75 0.22238658
5916.0 0.22210038
5920.25 0.22181480
5924.5 0.22482981
5928.75 0.22124533
5933.0 0.22096151
5937.25 0.22067827
5941.5 0.22039559
5945.75 0.22630928
5950.0 0.22115219
5954.25 0.23330523
5958.5 0.22093019
5962.75 0.22088829
5967.0 0.21871188
5971.25 0.21843328
5975.5 0.23398702
5979.75 0.24274264
5984.0 0.23427950
5988.25 0.25165862
5992.5 0.23265375
5996.75 0.26174545
