300.0 0.0
300.0 0.0000000
303.0 0.0000000
306.0 0.0000000
309.0 0.0000000
312.0 0.0000000
315.0 0.0000000
318.0 0.0000000
321.0 0.0000000
324.0 0.0000000
327.0 0.0000000
330.0 0.0000000
333.0 0.0000000
336.0 0.0000000
339.0 0.0000000
342.0 0.0000000
345.0 0.0000000
348.0 0.0000000
351.0 0.0000000
354.0 0.0000000
357.0 0.0000000
360.0 0.0000000
363.0 0.0000000
366.0 0.0000000
369.0 0.0000000
372.0 0.0000000
375.0 0.0000000
378.0 0.0000000
381.0 0.0000000
384.0 0.0000000
387.0 0.0000000
390.0 0.0000000
393.0 0.0000000
396.0 0.0000000
399.0 0.0000000
402.0 0.0000000
405.0 0.0000000
408.0 0.0000000
411.0 0.0000000
414.0 0.0000000
417.0 0.0000000
420.0 0.0000000
423.0 0.0000000
426.0 0.0000000
429.0 0.0000000
432.0 0.0000000
435.0 0.0000000
438.0 0.0000000
441.0 0.0000000
444.0 0.0000000
447.0 0.0000000
450.0 0.0000000
453.0 0.0000000
456.0 0.0000000
459.0 0.0000000
462.0 0.0000000
465.0 0.0000000
468.0 0.0000000
471.0 0.0000000
474.0 0.0000000
477.0 0.0000000
480.0 0.0000000
483.0 0.0000000
486.0 0.0000000
489.0 0.0000000
492.0 0.0000000
495.0 0.0000000
498.0 0.0000000
501.0 0.0000000
504.0 0.0000000
507.0 0.0000000
510.0 0.0000000
513.0 0.0000000
516.0 0.0000000
519.0 0.0000000
522.0 0.0000000
525.0 0.0000000
528.0 0.0000000
531.0 0.0000000
534.0 0.0000000
537.0 0.0000000
540.0 0.0000000
543.0 0.0000000
546.0 0.0000000
549.0 0.37120631
552.0 0.36002496
555.0 0.34898183
558.0 0.33808592
561.0 0.32731593
564.0 0.31665778
567.0 0.30610436
570.0 0.29568794
573.0 0.28543812
576.0 0.27538633
579.0 0.26552767
582.0 0.25584522
585.0 0.38392437
588.0 0.37302679
591.0 0.36223900
594.0 0.35156566
597.0 0.34101117
600.0 0.36259937
603.0 0.36818919
606.0 0.35640258
609.0 0.37155566
612.0 0.39542478
615.0 0.42746246
618.0 0.98381126
621.0 1.0043744
624.0 0.85393161
627.0 0.71455818
630.0 0.67355686
633.0 0.65845883
636.0 0.66333383
639.0 0.67724776
642.0 0.66307676
645.0 0.60184306
648.0 0.61056548
651.0 0.54904050
654.0 0.50233102
657.0 0.46732762
660.0 0.45310074
663.0 0.46294087
666.0 0.44697836
669.0 0.45915163
672.0 0.47624731
675.0 0.46644095
678.0 0.41903740
681.0 0.40890062
684.0 0.37594235
687.0 0.38225487
690.0 0.38113272
693.0 0.36944011
696.0 0.36878982
699.0 0.38118073
702.0 0.39702910
705.0 0.42892048
708.0 0.44654030
711.0 0.47023690
714.0 0.50415671
717.0 0.55918008
720.0 0.63760054
723.0 0.76475275
726.0 0.95160997
729.0 1.2960801
732.0 4.5030141
735.0 3.6404009
738.0 3.3938963
741.0 3.3909180
744.0 3.1750381
747.0 2.5406461
750.0 2.1926138
753.0 2.0610740
756.0 1.9715004
759.0 1.8426483
762.0 1.6818014
765.0 1.5749488
768.0 1.5379167
771.0 1.5412855
774.0 1.5655141
777.0 1.5753821
780.0 1.6937059
783.0 1.7194633
786.0 1.6447809
789.0 1.4981073
792.0 1.5070949
795.0 1.4927354
798.0 1.5277860
801.0 1.5533334
804.0 1.5336356
807.0 1.4777865
810.0 1.4574649
813.0 1.5030544
816.0 1.4930277
819.0 1.5172238
822.0 1.4969202
825.0 1.5312080
828.0 1.6179965
831.0 1.7079825
834.0 1.8325776
837.0 1.8655809
840.0 1.8912547
843.0 1.7191005
846.0 1.6044279
849.0 1.5191427
852.0 1.4816936
855.0 1.4744484
858.0 1.4072341
861.0 1.3888252
864.0 1.3799549
867.0 1.3691199
870.0 1.3930836
873.0 1.3791137
876.0 1.3491627
879.0 1.3890252
882.0 1.3644230
885.0 1.3850906
888.0 1.4175795
891.0 1.4378643
894.0 1.4721835
897.0 1.4693573
900.0 1.5152369
903.0 1.5480659
906.0 1.5849658
909.0 1.6440803
912.0 1.7657621
915.0 1.9287826
918.0 2.1157496
921.0 2.3532832
924.0 2.6483335
927.0 2.8221490
930.0 2.5601604
933.0 2.1705871
936.0 1.8746156
939.0 1.7195873
942.0 1.6410904
945.0 1.5956215
948.0 1.5191095
951.0 1.5126183
954.0 1.4660375
957.0 1.4937283
960.0 1.4965183
963.0 1.4900327
966.0 1.5050169
969.0 1.4849113
972.0 1.5059829
975.0 1.5254806
978.0 1.5265403
981.0 1.5578908
984.0 1.4963244
987.0 1.4847314
990.0 1.4640472
993.0 1.4866076
996.0 1.4918828
999.0 1.4692458
1002.0 1.3936136
1005.0 1.3474225
1008.0 1.3273100
1011.0 1.3017194
1014.0 1.3027400
1017.0 1.2981291
1020.0 1.2945690
1023.0 1.3138790
1026.0 1.3086687
1029.0 1.3285635
1032.0 1.3336365
1035.0 1.3301235
1038.0 1.3137777
1041.0 1.3293389
1044.0 1.3342183
1047.0 1.3692702
1050.0 1.3462172
1053.0 1.3235368
1056.0 1.2643749
1059.0 1.2824609
1062.0 1.2874454
1065.0 1.2694941
1068.0 1.3115824
1071.0 1.3232235
1074.0 1.2876542
1077.0 1.2649657
1080.0 1.2659050
1083.0 1.2651917
1086.0 1.2639048
1089.0 1.2792770
1092.0 1.2562340
1095.0 1.2515922
1098.0 1.2669283
1101.0 1.2648369
1104.0 1.2954968
1107.0 1.2892679
1110.0 1.3719426
1113.0 1.3665725
1116.0 1.3798295
1119.0 1.3583112
1122.0 1.3606569
1125.0 1.3725542
1128.0 1.4329684
1131.0 1.5411823
1134.0 1.6393453
1137.0 1.7191390
1140.0 1.7491467
1143.0 1.8402578
1146.0 1.7592543
1149.0 1.6079042
1152.0 1.4701612
1155.0 1.3785876
1158.0 1.3354946
1161.0 1.2916825
1164.0 1.2505106
1167.0 1.2188524
1170.0 1.2094653
1173.0 1.1631726
1176.0 1.1441010
1179.0 1.1342911
1182.0 1.1445177
1185.0 1.1485759
1188.0 1.1213294
1191.0 1.1251425
1194.0 1.1303059
1197.0 1.1389593
1200.0 1.1099807
1203.0 1.1213157
1206.0 1.1467026
1209.0 1.0839128
1212.0 1.1118507
1215.0 1.1182468
1218.0 1.1097007
1221.0 1.1184502
1224.0 1.1000322
1227.0 1.0847788
1230.0 1.1142119
1233.0 1.1585523
1236.0 1.1349186
1239.0 1.1627307
1242.0 1.1522682
1245.0 1.1546839
1248.0 1.1475127
1251.0 1.1615976
1254.0 1.1575989
1257.0 1.1540267
1260.0 1.1165947
1263.0 1.0979220
1266.0 1.1116062
1269.0 1.1268672
1272.0 1.0786967
1275.0 1.1302309
1278.0 1.0903982
1281.0 1.1159084
1284.0 1.1051780
1287.0 1.1271126
1290.0 1.0733590
1293.0 1.0887034
1296.0 1.0871298
1299.0 1.1055728
1302.0 1.0503379
1305.0 1.0621158
1308.0 1.0817834
1311.0 1.0332000
1314.0 1.0518857
1317.0 1.0195808
1320.0 0.99068642
1323.0 0.98895681
1326.0 0.98722970
1329.0 0.99301094
1332.0 0.99833024
1335.0 0.99909937
1338.0 0.98444581
1341.0 0.97862661
1344.0 0.97691250
1347.0 0.97520131
1350.0 0.98665696
1353.0 0.98417294
1356.0 0.99779445
1359.0 1.0029310
1362.0 1.0016533
1365.0 1.0080531
1368.0 1.0164437
1371.0 1.0339180
1374.0 1.0561604
1377.0 1.0470083
1380.0 1.0737095
1383.0 1.0850548
1386.0 1.0931820
1389.0 1.0982515
1392.0 1.1050631
1395.0 1.1179324
1398.0 1.1225897
1401.0 1.1064239
1404.0 1.0956725
1407.0 1.0701734
1410.0 1.0665174
1413.0 1.0449697
1416.0 1.0592409
1419.0 1.0452483
1422.0 1.0375456
1425.0 1.0394536
1428.0 1.0320699
1431.0 1.0335263
1434.0 1.0348266
1437.0 1.0457143
1440.0 1.0691981
1443.0 1.0518305
1446.0 1.0886302
1449.0 1.1144494
1452.0 1.1463661
1455.0 1.1418705
1458.0 1.1083834
1461.0 1.1017677
1464.0 1.1042061
1467.0 1.0780790
1470.0 1.0569823
1473.0 1.0499864
1476.0 1.0448920
1479.0 1.0638852
1482.0 1.0845079
1485.0 1.0877751
1488.0 1.0797209
1491.0 1.0814601
1494.0 1.0736914
1497.0 1.0781553
1500.0 1.0662345
1503.0 1.0608640
1506.0 1.0611670
1509.0 1.0553607
1512.0 1.0411447
1515.0 1.0252342
1518.0 1.0339422
1521.0 1.0365115
1524.0 1.0361168
1527.0 1.0252644
1530.0 1.0164793
1533.0 1.0130024
1536.0 1.0071639
1539.0 1.0024693
1542.0 0.99310791
1545.0 0.97896290
1548.0 0.98316616
1551.0 0.98250669
1554.0 0.97090942
1557.0 0.94480377
1560.0 0.96837038
1563.0 0.97194993
1566.0 0.96533972
1569.0 0.96460539
1572.0 0.97219425
1575.0 0.95354497
1578.0 0.95319110
1581.0 0.93391639
1584.0 0.91863954
1587.0 0.88211477
1590.0 0.87743199
1593.0 0.87534928
1596.0 0.86617917
1599.0 0.88910711
1602.0 0.90144259
1605.0 0.90277028
1608.0 0.88281822
1611.0 0.89123905
1614.0 0.89454883
1617.0 0.90598810
1620.0 0.90552640
1623.0 0.92589045
1626.0 0.95217156
1629.0 0.95992064
1632.0 0.94700712
1635.0 0.97539234
1638.0 0.98777246
1641.0 0.98620325
1644.0 0.99067473
1647.0 1.0301369
1650.0 1.0547768
1653.0 1.0486873
1656.0 1.0679983
1659.0 1.0430669
1662.0 1.0685265
1665.0 1.1044825
1668.0 1.1958176
1671.0 1.3028375
1674.0 1.4694439
1677.0 1.6391600
1680.0 1.6905440
1683.0 1.6036929
1686.0 1.4195910
1689.0 1.2622396
1692.0 1.1643696
1695.0 1.1156949
1698.0 1.0772475
1701.0 1.0473877
1704.0 1.0237818
1707.0 1.0011444
1710.0 0.99349850
1713.0 0.97284734
1716.0 0.95489651
1719.0 0.93447834
1722.0 0.92271894
1725.0 0.91937137
1728.0 0.89252651
1731.0 0.89371681
1734.0 0.87098843
1737.0 0.86479634
1740.0 0.86332953
1743.0 0.82722920
1746.0 0.83914232
1749.0 0.83810657
1752.0 0.84991229
1755.0 0.87272972
1758.0 0.88041025
1761.0 0.88292819
1764.0 0.88172799
1767.0 0.88737214
1770.0 0.87479359
1773.0 0.87648779
1776.0 0.88763654
1779.0 0.87407851
1782.0 0.87658250
1785.0 0.86040002
1788.0 0.86514217
1791.0 0.84386075
1794.0 0.82925272
1797.0 0.81398398
1800.0 0.80621213
1803.0 0.78650409
1806.0 0.77817965
1809.0 0.75652826
1812.0 0.74157423
1815.0 0.73823297
1818.0 0.74487871
1821.0 0.73483008
1824.0 0.75019497
1827.0 0.75378430
1830.0 0.75582916
1833.0 0.75540304
1836.0 0.75571597
1839.0 0.77036458
1842.0 0.76205540
1845.0 0.77676415
1848.0 0.77557361
1851.0 0.77218026
1854.0 0.76344895
1857.0 0.77089518
1860.0 0.76513332
1863.0 0.78110087
1866.0 0.80056429
1869.0 0.80236834
1872.0 0.83410865
1875.0 0.84050548
1878.0 0.83980054
1881.0 0.82795042
1884.0 0.82681382
1887.0 0.79603356
1890.0 0.81334996
1893.0 0.80502260
1896.0 0.80318159
1899.0 0.81289834
1902.0 0.83399343
1905.0 0.83446217
1908.0 0.84456050
1911.0 0.84948194
1914.0 0.85572439
1917.0 0.84697711
1920.0 0.85073066
1923.0 0.83772922
1926.0 0.84683806
1929.0 0.83604079
1932.0 0.81088442
1935.0 0.81088841
1938.0 0.82051605
1941.0 0.79857218
1944.0 0.79702002
1947.0 0.79729474
1950.0 0.79649675
1953.0 0.80881089
1956.0 0.80492157
1959.0 0.79095322
1962.0 0.78907800
1965.0 0.80462807
1968.0 0.80277699
1971.0 0.79696757
1974.0 0.81123185
1977.0 0.78796005
1980.0 0.77787745
1983.0 0.76713347
1986.0 0.75942278
1989.0 0.75339919
1992.0 0.73756409
1995.0 0.73433936
1998.0 0.74269056
2001.0 0.74898267
2004.0 0.75830060
2007.0 0.78164440
2010.0 0.75474423
2013.0 0.74393249
2016.0 0.73903275
2019.0 0.73522198
2022.0 0.72637004
2025.0 0.74330074
2028.0 0.74029726
2031.0 0.74524218
2034.0 0.73799181
2037.0 0.73997796
2040.0 0.74009848
2043.0 0.75673753
2046.0 0.76087922
2049.0 0.77345306
2052.0 0.79823750
2055.0 0.83038974
2058.0 0.79088980
2061.0 0.76049775
2064.0 0.76452088
2067.0 0.75245827
2070.0 0.72468990
2073.0 0.73249155
2076.0 0.73428512
2079.0 0.71358037
2082.0 0.70844686
2085.0 0.69241410
2088.0 0.68232358
2091.0 0.70033985
2094.0 0.69807017
2097.0 0.68789804
2100.0 0.70106941
2103.0 0.68320543
2106.0 0.67193669
2109.0 0.67137384
2112.0 0.65979499
2115.0 0.64858627
2118.0 0.63581365
2121.0 0.64354175
2124.0 0.64170629
2127.0 0.62289476
2130.0 0.62810904
2133.0 0.63795793
2136.0 0.64193332
2139.0 0.62953931
2142.0 0.64078838
2145.0 0.65646780
2148.0 0.64387786
2151.0 0.65761048
2154.0 0.63849539
2157.0 0.63973689
2160.0 0.63000423
2163.0 0.63786113
2166.0 0.64134473
2169.0 0.62847096
2172.0 0.64561683
2175.0 0.63448405
2178.0 0.62859517
2181.0 0.63385171
2184.0 0.61987007
2187.0 0.62640208
2190.0 0.62115926
2193.0 0.62502408
2196.0 0.62888420
2199.0 0.62019598
2202.0 0.61462063
2205.0 0.61264312
2208.0 0.60956782
2211.0 0.60561830
2214.0 0.60577142
2217.0 0.61398298
2220.0 0.61283708
2223.0 0.61200178
2226.0 0.60004014
2229.0 0.60206294
2232.0 0.62713152
2235.0 0.70661688
2238.0 0.73378569
2241.0 0.61992639
2244.0 0.59774667
2247.0 0.59741741
2250.0 0.59011185
2253.0 0.61108494
2256.0 0.59379613
2259.0 0.58056444
2262.0 0.58438569
2265.0 0.57758170
2268.0 0.56978327
2271.0 0.56361979
2274.0 0.55647719
2277.0 0.52608222
2280.0 0.53444749
2283.0 0.52426523
2286.0 0.54699284
2289.0 0.54551345
2292.0 0.53950596
2295.0 0.53397995
2298.0 0.52988088
2301.0 0.54327095
2304.0 0.53201854
2307.0 0.54076010
2310.0 0.54883367
2313.0 0.55773586
2316.0 0.57974857
2319.0 0.62383378
2322.0 0.64966804
2325.0 0.58372778
2328.0 0.54534656
2331.0 0.56473309
2334.0 0.56910056
2337.0 0.53927308
2340.0 0.52760124
2343.0 0.52823836
2346.0 0.51882786
2349.0 0.51562887
2352.0 0.50592977
2355.0 0.49115950
2358.0 0.47480759
2361.0 0.47138351
2364.0 0.48560914
2367.0 0.49997562
2370.0 0.50129235
2373.0 0.50677395
2376.0 0.51914251
2379.0 0.51945031
2382.0 0.51612741
2385.0 0.49882221
2388.0 0.50080580
2391.0 0.49808255
2394.0 0.47730982
2397.0 0.48329169
2400.0 0.46698600
2403.0 0.46690547
2406.0 0.45871967
2409.0 0.46860611
2412.0 0.47446221
2415.0 0.46572098
2418.0 0.45099652
2421.0 0.45041752
2424.0 0.44823420
2427.0 0.44286165
2430.0 0.45623186
2433.0 0.44655070
2436.0 0.45792696
2439.0 0.46693563
2442.0 0.49529400
2445.0 0.48756132
2448.0 0.48459673
2451.0 0.50590676
2454.0 0.51288640
2457.0 0.53067362
2460.0 0.56418973
2463.0 0.54757440
2466.0 0.52010757
2469.0 0.51741177
2472.0 0.49418777
2475.0 0.48174495
2478.0 0.47664332
2481.0 0.46857986
2484.0 0.45286223
2487.0 0.43536130
2490.0 0.43021780
2493.0 0.43215379
2496.0 0.44403130
2499.0 0.44039035
2502.0 0.43745509
2505.0 0.44701374
2508.0 0.43150824
2511.0 0.42597997
2514.0 0.43374497
2517.0 0.42373976
2520.0 0.41909400
2523.0 0.41835913
2526.0 0.41762629
2529.0 0.41945454
2532.0 0.42283827
2535.0 0.42082229
2538.0 0.41917354
2541.0 0.44251999
2544.0 0.43976977
2547.0 0.44638228
2550.0 0.43834075
2553.0 0.42769879
2556.0 0.42077249
2559.0 0.43954828
2562.0 0.43919256
2565.0 0.43597263
2568.0 0.45603913
2571.0 0.44385147
2574.0 0.45812219
2577.0 0.48297119
2580.0 0.47454724
2583.0 0.48417851
2586.0 0.49297109
2589.0 0.51306373
2592.0 0.54550743
2595.0 0.55144089
2598.0 0.58187497
2601.0 0.62971562
2604.0 0.65295166
2607.0 0.65563643
2610.0 0.60954928
2613.0 0.59858167
2616.0 0.59250110
2619.0 0.56367117
2622.0 0.53808904
2625.0 0.49272099
2628.0 0.48237512
2631.0 0.46311352
2634.0 0.45369998
2637.0 0.46513876
2640.0 0.45239252
2643.0 0.44463670
2646.0 0.44503003
2649.0 0.43457249
2652.0 0.43145037
2655.0 0.42914814
2658.0 0.40260372
2661.0 0.41632688
2664.0 0.41413647
2667.0 0.42463565
2670.0 0.41537562
2673.0 0.41350499
2676.0 0.43207243
2679.0 0.43826008
2682.0 0.45474026
2685.0 0.44809541
2688.0 0.44462290
2691.0 0.42788547
2694.0 0.45138389
2697.0 0.45232752
2700.0 0.45505121
2703.0 0.45172480
2706.0 0.46866187
2709.0 0.48855394
2712.0 0.48497275
2715.0 0.46502179
2718.0 0.45396301
2721.0 0.44289991
2724.0 0.44591904
2727.0 0.47866675
2730.0 0.46559030
2733.0 0.45984104
2736.0 0.47758996
2739.0 0.47350779
2742.0 0.43843991
2745.0 0.46199983
2748.0 0.48028350
2751.0 0.45955387
2754.0 0.45071369
2757.0 0.45775560
2760.0 0.44059196
2763.0 0.43026289
2766.0 0.43159267
2769.0 0.44526565
2772.0 0.46134230
2775.0 0.46098119
2778.0 0.45168757
2781.0 0.45722046
2784.0 0.44350806
2787.0 0.45078889
2790.0 0.43706888
2793.0 0.45988333
2796.0 0.43275037
2799.0 0.44670287
2802.0 0.42800865
2805.0 0.43191570
2808.0 0.43517050
2811.0 0.44940218
2814.0 0.40979540
2817.0 0.40882307
2820.0 0.38427594
2823.0 0.37933460
2826.0 0.37394169
2829.0 0.38299334
2832.0 0.38164937
2835.0 0.38041815
2838.0 0.37350437
2841.0 0.37907416
2844.0 0.38287935
2847.0 0.37474772
2850.0 0.36208728
2853.0 0.36522171
2856.0 0.36661601
2859.0 0.36461136
2862.0 0.37019652
2865.0 0.37480345
2868.0 0.38146451
2871.0 0.37992534
2874.0 0.37683928
2877.0 0.38407516
2880.0 0.39499587
2883.0 0.39515001
2886.0 0.39867708
2889.0 0.41349843
2892.0 0.43775994
2895.0 0.43969312
2898.0 0.47247180
2901.0 0.47670877
2904.0 0.49252528
2907.0 0.52918833
2910.0 0.55083287
2913.0 0.61611634
2916.0 0.67187428
2919.0 0.65047807
2922.0 0.60659784
2925.0 0.56317103
2928.0 0.53261042
2931.0 0.50600910
2934.0 0.47248477
2937.0 0.46394211
2940.0 0.45923313
2943.0 0.44314116
2946.0 0.41833258
2949.0 0.43071061
2952.0 0.41656324
2955.0 0.41007802
2958.0 0.40305784
2961.0 0.39211807
2964.0 0.38774908
2967.0 0.39773899
2970.0 0.39772865
2973.0 0.46920693
2976.0 0.51279271
2979.0 0.42854008
2982.0 0.38051307
2985.0 0.37035415
2988.0 0.36715981
2991.0 0.35804695
2994.0 0.38124219
2997.0 0.41640362
3000.0 0.50591570
3003.0 0.71258646
3006.0 0.71076685
3009.0 0.47784722
3012.0 0.40217626
3015.0 0.37800363
3018.0 0.36753479
3021.0 0.35878199
3024.0 0.35180792
3027.0 0.35195240
3030.0 0.34937787
3033.0 0.34978822
3036.0 0.34922832
3039.0 0.34344456
3042.0 0.33954230
3045.0 0.33945373
3048.0 0.32639271
3051.0 0.31960332
3054.0 0.33356729
3057.0 0.33048871
3060.0 0.33451456
3063.0 0.32095268
3066.0 0.32349548
3069.0 0.31890383
3072.0 0.32995665
3075.0 0.32408315
3078.0 0.31566134
3081.0 0.32282248
3084.0 0.32073495
3087.0 0.33042940
3090.0 0.33206809
3093.0 0.34529528
3096.0 0.35268176
3099.0 0.34763733
3102.0 0.33751255
3105.0 0.35228229
3108.0 0.33763221
3111.0 0.32918835
3114.0 0.32977358
3117.0 0.34830454
3120.0 0.34171918
3123.0 0.32365260
3126.0 0.32782724
3129.0 0.33077145
3132.0 0.33625349
3135.0 0.33072865
3138.0 0.33379626
3141.0 0.33241507
3144.0 0.33417460
3147.0 0.32190949
3150.0 0.32729441
3153.0 0.33784720
3156.0 0.32153970
3159.0 0.33055362
3162.0 0.33181694
3165.0 0.32931295
3168.0 0.32971379
3171.0 0.33201957
3174.0 0.32978237
3177.0 0.34239021
3180.0 0.32678396
3183.0 0.31984150
3186.0 0.34967735
3189.0 0.32633844
3192.0 0.34144476
3195.0 0.33274537
3198.0 0.32276610
3201.0 0.31812593
3204.0 0.31444132
3207.0 0.32378963
3210.0 0.30679438
3213.0 0.30943680
3216.0 0.31251755
3219.0 0.30906197
3222.0 0.29448301
3225.0 0.29981217
3228.0 0.30697101
3231.0 0.30624971
3234.0 0.29686686
3237.0 0.29788759
3240.0 0.29531091
3243.0 0.28952482
3246.0 0.29523206
3249.0 0.30116260
3252.0 0.29906189
3255.0 0.29168954
3258.0 0.28737834
3261.0 0.28302094
3264.0 0.29276708
3267.0 0.28220710
3270.0 0.30120450
3273.0 0.28383884
3276.0 0.28505951
3279.0 0.28059003
3282.0 0.28018796
3285.0 0.27978680
3288.0 0.27938643
3291.0 0.28570947
3294.0 0.28687960
3297.0 0.29340154
3300.0 0.28616989
3303.0 0.28695089
3306.0 0.27700269
3309.0 0.27660835
3312.0 0.28441173
3315.0 0.29275304
3318.0 0.28773323
3321.0 0.28064266
3324.0 0.29161400
3327.0 0.29621446
3330.0 0.28128695
3333.0 0.28440392
3336.0 0.27309778
3339.0 0.27271190
3342.0 0.27813169
3345.0 0.27348354
3348.0 0.29890913
3351.0 0.28529564
3354.0 0.27745527
3357.0 0.30970776
3360.0 0.30552912
3363.0 0.29167423
3366.0 0.28628996
3369.0 0.27326798
3372.0 0.27284119
3375.0 0.26814514
3378.0 0.27686888
3381.0 0.26739535
3384.0 0.26864523
3387.0 0.26664874
3390.0 0.26877129
3393.0 0.26590526
3396.0 0.26733530
3399.0 0.26630712
3402.0 0.26479593
3405.0 0.27396944
3408.0 0.26987186
3411.0 0.26369381
3414.0 0.26332790
3417.0 0.26296285
3420.0 0.26259848
3423.0 0.26223496
3426.0 0.26187220
3429.0 0.26151016
3432.0 0.26685536
3435.0 0.26078838
3438.0 0.26118463
3441.0 0.26006967
3444.0 0.26121104
3447.0 0.25944108
3450.0 0.25899711
3453.0 0.26148042
3456.0 0.26509896
3459.0 0.26633719
3462.0 0.26382923
3465.0 0.26335454
3468.0 0.26257083
3471.0 0.25892419
3474.0 0.26103428
3477.0 0.25930366
3480.0 0.25877973
3483.0 0.26451775
3486.0 0.27608186
3489.0 0.26251373
3492.0 0.27159438
3495.0 0.26632041
3498.0 0.27453133
3501.0 0.26807439
3504.0 0.27674928
3507.0 0.27230960
3510.0 0.27352765
3513.0 0.28146014
3516.0 0.27461308
3519.0 0.27983788
3522.0 0.28904703
3525.0 0.31118795
3528.0 0.30404738
3531.0 0.29815838
3534.0 0.29975751
3537.0 0.27331626
3540.0 0.26871777
3543.0 0.28121129
3546.0 0.27621791
3549.0 0.26658559
3552.0 0.26801530
3555.0 0.26947278
3558.0 0.26980889
3561.0 0.26504144
3564.0 0.27025625
3567.0 0.27579662
3570.0 0.25881281
3573.0 0.26156282
3576.0 0.25974941
3579.0 0.26806852
3582.0 0.25288212
3585.0 0.25558230
3588.0 0.25487664
3591.0 0.25395396
3594.0 0.25577024
3597.0 0.25525382
3600.0 0.25462121
3603.0 0.25692010
3606.0 0.25275925
3609.0 0.25064680
3612.0 0.24624301
3615.0 0.24603631
3618.0 0.24202015
3621.0 0.24671699
3624.0 0.24724628
3627.0 0.25008926
3630.0 0.25211149
3633.0 0.24250284
3636.0 0.24771130
3639.0 0.25514749
3642.0 0.25216955
3645.0 0.25468099
3648.0 0.25932485
3651.0 0.25507498
3654.0 0.25696483
3657.0 0.25188392
3660.0 0.26454327
3663.0 0.24324526
3666.0 0.23515747
3669.0 0.23872328
3672.0 0.23553587
3675.0 0.23681158
3678.0 0.23714399
3681.0 0.24180521
3684.0 0.24628013
3687.0 0.23510039
3690.0 0.24171346
3693.0 0.24825543
3696.0 0.23911244
3699.0 0.23512661
3702.0 0.23151252
3705.0 0.23121272
3708.0 0.23219551
3711.0 0.24590629
3714.0 0.23429315
3717.0 0.23567851
3720.0 0.22972260
3723.0 0.23030271
3726.0 0.23010817
3729.0 0.23385383
3732.0 0.23149785
3735.0 0.23678102
3738.0 0.23757939
3741.0 0.23219085
3744.0 0.23059779
3747.0 0.23025610
3750.0 0.23690131
3753.0 0.23542638
3756.0 0.23046120
3759.0 0.22879256
3762.0 0.22703476
3765.0 0.22594397
3768.0 0.22781998
3771.0 0.22981539
3774.0 0.23741265
3777.0 0.24068066
3780.0 0.24523960
3783.0 0.25304195
3786.0 0.24293083
3789.0 0.23103194
3792.0 0.23179226
3795.0 0.22940429
3798.0 0.22583288
3801.0 0.22936158
3804.0 0.23619282
3807.0 0.23868448
3810.0 0.23126304
3813.0 0.23307191
3816.0 0.23656525
3819.0 0.24084437
3822.0 0.24450515
3825.0 0.23246431
3828.0 0.23477310
3831.0 0.23913702
3834.0 0.23985864
3837.0 0.23476598
3840.0 0.23435576
3843.0 0.23784231
3846.0 0.23763131
3849.0 0.23504834
3852.0 0.24082774
3855.0 0.23836865
3858.0 0.24174067
3861.0 0.24753352
3864.0 0.24408270
3867.0 0.25119537
3870.0 0.24717805
3873.0 0.26397115
3876.0 0.26592937
3879.0 0.27289665
3882.0 0.28058285
3885.0 0.27945006
3888.0 0.28516379
3891.0 0.30116457
3894.0 0.30283943
3897.0 0.31603667
3900.0 0.33063895
3903.0 0.35093418
3906.0 0.37443367
3909.0 0.40279016
3912.0 0.44185078
3915.0 0.49064070
3918.0 0.55035669
3921.0 0.62071973
3924.0 0.72775924
3927.0 0.85507202
3930.0 1.0154290
3933.0 1.1771442
3936.0 1.3846794
3939.0 1.4230113
3942.0 1.2169265
3945.0 1.0128613
3948.0 0.92149413
3951.0 0.86792535
3954.0 0.75160730
3957.0 0.63407034
3960.0 0.57122600
3963.0 0.52103347
3966.0 0.47514173
3969.0 0.44017154
3972.0 0.41878039
3975.0 0.39209658
3978.0 0.36506453
3981.0 0.34260443
3984.0 0.32004252
3987.0 0.30075184
3990.0 0.29465088
3993.0 0.28859586
3996.0 0.27408224
3999.0 0.27231127
4002.0 0.26720101
4005.0 0.26750156
4008.0 0.27221149
4011.0 0.27144620
4014.0 0.26579121
4017.0 0.25716901
4020.0 0.27000901
4023.0 0.27694380
4026.0 0.28258079
4029.0 0.31118387
4032.0 0.30956933
4035.0 0.28859347
4038.0 0.29149500
4041.0 0.29501110
4044.0 0.28653055
4047.0 0.26442975
4050.0 0.24291615
4053.0 0.24052776
4056.0 0.23443273
4059.0 0.22731550
4062.0 0.22589026
4065.0 0.21958970
4068.0 0.20991418
4071.0 0.20874546
4074.0 0.20976707
4077.0 0.20939602
4080.0 0.19963272
4083.0 0.19776216
4086.0 0.19752817
4089.0 0.20384964
4092.0 0.21187186
4095.0 0.20347653
4098.0 0.20051393
4101.0 0.19992328
4104.0 0.19613004
4107.0 0.19589862
4110.0 0.19566768
4113.0 0.20887350
4116.0 0.20091213
4119.0 0.20234118
4122.0 0.19474809
4125.0 0.19451924
4128.0 0.19805571
4131.0 0.20439582
4134.0 0.20279413
4137.0 0.19801466
4140.0 0.20000340
4143.0 0.20017461
4146.0 0.19867828
4149.0 0.19270407
4152.0 0.19247906
4155.0 0.19225447
4158.0 0.19380905
4161.0 0.19180660
4164.0 0.19158326
4167.0 0.19136038
4170.0 0.19587672
4173.0 0.19091582
4176.0 0.19069417
4179.0 0.19047293
4182.0 0.19308619
4185.0 0.19003165
4188.0 0.18981165
4191.0 0.18959205
4194.0 0.18937284
4197.0 0.19447836
4200.0 0.19007030
4203.0 0.20054023
4206.0 0.18992667
4209.0 0.18991418
4212.0 0.18806624
4215.0 0.18784989
4218.0 0.20125072
4221.0 0.20880711
4224.0 0.20155190
4227.0 0.21652985
4230.0 0.20020238
4233.0 0.22526383
4236.0 0.21204314
4239.0 0.19592516
4242.0 0.21804355
4245.0 0.20311384
4248.0 0.19808374
4251.0 0.19972992
4254.0 0.19341089
4257.0 0.19067135
4260.0 0.18465228
4263.0 0.18444222
4266.0 0.18708344
4269.0 0.19408992
4272.0 0.18381445
4275.0 0.18360600
4278.0 0.18339790
4281.0 0.18319020
4284.0 0.20146464
4287.0 0.18713157
4290.0 0.18256934
4293.0 0.18236320
4296.0 0.18543182
4299.0 0.18417102
4302.0 0.18174687
4305.0 0.18154228
4308.0 0.18668562
4311.0 0.19246793
4314.0 0.20312044
4317.0 0.18072733
4320.0 0.19993798
4323.0 0.18084320
4326.0 0.18935183
4329.0 0.17991842
4332.0 0.19208689
4335.0 0.18702836
4338.0 0.18663873
4341.0 0.19033560
4344.0 0.19920042
4347.0 0.18976545
4350.0 0.17851716
4353.0 0.19053519
4356.0 0.21092555
4359.0 0.17792210
4362.0 0.17772450
4365.0 0.17803749
4368.0 0.17733030
4371.0 0.17713378
4374.0 0.17693758
4377.0 0.19425018
4380.0 0.18921028
4383.0 0.17635123
4386.0 0.17615651
4389.0 0.18559213
4392.0 0.19859470
4395.0 0.17557441
4398.0 0.17703432
4401.0 0.21637619
4404.0 0.18606457
4407.0 0.18444613
4410.0 0.17461137
4413.0 0.19840023
4416.0 0.21202843
4419.0 0.20252708
4422.0 0.22274742
4425.0 0.21805403
4428.0 0.22978762
4431.0 0.19971107
4434.0 0.20720857
4437.0 0.25517324
4440.0 0.22884817
4443.0 0.21960121
4446.0 0.19875439
4449.0 0.19205207
4452.0 0.23737815
4455.0 0.22640644
4458.0 0.21901476
4461.0 0.20397979
4464.0 0.18249868
4467.0 0.20622750
4470.0 0.17084633
4473.0 0.17066166
4476.0 0.17047732
4479.0 0.17029338
4482.0 0.17010973
4485.0 0.16992640
4488.0 0.16974346
4491.0 0.16956079
4494.0 0.16937849
4497.0 0.16919650
4500.0 0.16901489
4503.0 0.16883355
4506.0 0.16865258
4509.0 0.16847195
4512.0 0.16829164
4515.0 0.16811167
4518.0 0.16793199
4521.0 0.16775268
4524.0 0.16757366
4527.0 0.16739500
4530.0 0.16721666
4533.0 0.16703862
4536.0 0.16686097
4539.0 0.16668358
4542.0 0.16650650
4545.0 0.16632976
4548.0 0.16615337
4551.0 0.16597731
4554.0 0.16580151
4557.0 0.16562608
4560.0 0.16545101
4563.0 0.16527618
4566.0 0.16510171
4569.0 0.16492754
4572.0 0.16475369
4575.0 0.16458017
4578.0 0.16440699
4581.0 0.16423412
4584.0 0.16406156
4587.0 0.16388926
4590.0 0.16371731
4593.0 0.16354570
4596.0 0.16337435
4599.0 0.16320336
4602.0 0.16303265
4605.0 0.16286230
4608.0 0.16269222
4611.0 0.16252246
4614.0 0.16235302
4617.0 0.16218390
4620.0 0.16201505
4623.0 0.16184652
4626.0 0.16167833
4629.0 0.16151039
4632.0 0.16134283
4635.0 0.16117550
4638.0 0.16100848
4641.0 0.16084184
4644.0 0.16067554
4647.0 0.16050941
4650.0 0.16034360
4653.0 0.16017817
4656.0 0.16001301
4659.0 0.15984808
4662.0 0.15968348
4665.0 0.15951937
4668.0 0.15935528
4671.0 0.15919167
4674.0 0.15902835
4677.0 0.15886530
4680.0 0.15870254
4683.0 0.15854003
4686.0 0.15837781
4689.0 0.15821606
4692.0 0.15805441
4695.0 0.15789312
4698.0 0.15773207
4701.0 0.15757139
4704.0 0.15741099
4707.0 0.15725088
4710.0 0.15709105
4713.0 0.15693159
4716.0 0.15677239
4719.0 0.15661347
4722.0 0.15645479
4725.0 0.15629645
4728.0 0.15613841
4731.0 0.15598057
4734.0 0.15582308
4737.0 0.15566596
4740.0 0.15550895
4743.0 0.15535237
4746.0 0.15519607
4749.0 0.15504001
4752.0 0.15488426
4755.0 0.15472877
4758.0 0.15457349
4761.0 0.15441868
4764.0 0.15426400
4767.0 0.15410967
4770.0 0.15395561
4773.0 0.15380186
4776.0 0.15364832
4779.0 0.15349518
4782.0 0.15334228
4785.0 0.15318963
4788.0 0.15303721
4791.0 0.15288515
4794.0 0.15273334
4797.0 0.15258178
4800.0 0.15243052
4803.0 0.15227960
4806.0 0.15212885
4809.0 0.15197849
4812.0 0.15182836
4815.0 0.15167852
4818.0 0.15152882
4821.0 0.15137956
4824.0 0.15123045
4827.0 0.15108182
4830.0 0.15093330
4833.0 0.15078503
4836.0 0.15063711
4839.0 0.15048939
4842.0 0.15034209
4845.0 0.15019496
4848.0 0.15004800
4851.0 0.14990146
4854.0 0.14975519
4857.0 0.14960915
4860.0 0.14946333
4863.0 0.14931785
4866.0 0.14917265
4869.0 0.14902762
4872.0 0.14888288
4875.0 0.14873855
4878.0 0.14859436
4881.0 0.14845037
4884.0 0.14830679
4887.0 0.14816336
4890.0 0.14802033
4893.0 0.14787748
4896.0 0.14773484
4899.0 0.14759259
4902.0 0.14745054
4905.0 0.14730875
4908.0 0.14716719
4911.0 0.14702594
4914.0 0.14688498
4917.0 0.14674418
4920.0 0.14660378
4923.0 0.14646350
4926.0 0.14632356
4929.0 0.14618386
4932.0 0.14604443
4935.0 0.14590524
4938.0 0.14576641
4941.0 0.14562772
4944.0 0.14548929
4947.0 0.14535119
4950.0 0.14521325
4953.0 0.14507566
4956.0 0.14493825
4959.0 0.14480111
4962.0 0.14466426
4965.0 0.14452767
4968.0 0.14439124
4971.0 0.14425521
4974.0 0.14411937
4977.0 0.14398374
4980.0 0.14384840
4983.0 0.14371328
4986.0 0.14357848
4989.0 0.14344384
4992.0 0.14330961
4995.0 0.14317551
4998.0 0.14304158
5001.0 0.14290805
5004.0 0.14277476
5007.0 0.14264163
5010.0 0.14250879
5013.0 0.14237621
5016.0 0.14224389
5019.0 0.14211181
5022.0 0.14197993
5025.0 0.14184830
5028.0 0.14171694
5031.0 0.14158586
5034.0 0.14145502
5037.0 0.14132446
5040.0 0.14119403
5043.0 0.14106397
5046.0 0.14093411
5049.0 0.14080448
5052.0 0.14067508
5055.0 0.14054590
5058.0 0.14041707
5061.0 0.14028835
5064.0 0.14015992
5067.0 0.14003174
5070.0 0.13990386
5073.0 0.13977619
5076.0 0.13964869
5079.0 0.13952145
5082.0 0.13939458
5085.0 0.13926782
5088.0 0.13914128
5091.0 0.13901506
5094.0 0.13888910
5097.0 0.13876326
5100.0 0.13863774
5103.0 0.13851242
5106.0 0.13838735
5109.0 0.13826258
5112.0 0.13813795
5115.0 0.13801363
5118.0 0.13788952
5121.0 0.13776563
5124.0 0.13764198
5127.0 0.13751863
5130.0 0.13739540
5133.0 0.13727251
5136.0 0.13714977
5139.0 0.13702729
5142.0 0.13690504
5145.0 0.13678308
5148.0 0.13666129
5151.0 0.13653973
5154.0 0.13641848
5157.0 0.13629736
5160.0 0.13617653
5163.0 0.13605593
5166.0 0.13593550
5169.0 0.13581538
5172.0 0.13569541
5175.0 0.13557579
5178.0 0.13545629
5181.0 0.13533707
5184.0 0.13521807
5187.0 0.13509923
5190.0 0.13498072
5193.0 0.13486238
5196.0 0.13474427
5199.0 0.13462639
5202.0 0.13450874
5205.0 0.13439134
5208.0 0.13427410
5211.0 0.13415720
5214.0 0.13404045
5217.0 0.13392387
5220.0 0.13380761
5223.0 0.13369153
5226.0 0.13357574
5229.0 0.13346006
5232.0 0.13334472
5235.0 0.13322951
5238.0 0.13311459
5241.0 0.13299985
5244.0 0.13288537
5247.0 0.13277110
5250.0 0.13265701
5253.0 0.13254313
5256.0 0.13242958
5259.0 0.13231619
5262.0 0.13220301
5265.0 0.13208994
5268.0 0.13197726
5271.0 0.13186480
5274.0 0.13175249
5277.0 0.13164036
5280.0 0.13152848
5283.0 0.13141687
5286.0 0.13130546
5289.0 0.13119417
5292.0 0.13108322
5295.0 0.13097240
5298.0 0.13086185
5301.0 0.13075149
5304.0 0.13064137
5307.0 0.13053147
5310.0 0.13042182
5313.0 0.13031229
5316.0 0.13020308
5319.0 0.13009401
5322.0 0.12998518
5325.0 0.12987657
5328.0 0.12976816
5331.0 0.12965991
5334.0 0.12955198
5337.0 0.12944418
5340.0 0.12933658
5343.0 0.12922923
5346.0 0.12912212
5349.0 0.12901516
5352.0 0.12890853
5355.0 0.12880197
5358.0 0.12869571
5361.0 0.12858962
5364.0 0.12848374
5367.0 0.12837808
5370.0 0.12827264
5373.0 0.12816735
5376.0 0.12806234
5379.0 0.12795748
5382.0 0.12785293
5385.0 0.12774849
5388.0 0.12764427
5391.0 0.12754031
5394.0 0.12743655
5397.0 0.12733294
5400.0 0.12722959
5403.0 0.12712640
5406.0 0.12702343
5409.0 0.12692066
5412.0 0.12681811
5415.0 0.12671579
5418.0 0.12661368
5421.0 0.12651171
5424.0 0.12641002
5427.0 0.12630846
5430.0 0.12620714
5433.0 0.12610602
5436.0 0.12600511
5439.0 0.12590441
5442.0 0.12580387
5445.0 0.12570362
5448.0 0.12560347
5451.0 0.12550364
5454.0 0.12540394
5457.0 0.12530445
5460.0 0.12520505
5463.0 0.12510598
5466.0 0.12500715
5469.0 0.12490840
5472.0 0.12480997
5475.0 0.12471165
5478.0 0.12461357
5481.0 0.12451569
5484.0 0.12441796
5487.0 0.12432042
5490.0 0.12422317
5493.0 0.12412604
5496.0 0.12402908
5499.0 0.12393246
5502.0 0.12383597
5505.0 0.12373966
5508.0 0.12364346
5511.0 0.12354758
5514.0 0.12345190
5517.0 0.12335633
5520.0 0.12326097
5523.0 0.12316584
5526.0 0.12307098
5529.0 0.12297615
5532.0 0.12288161
5535.0 0.12278731
5538.0 0.12269311
5541.0 0.12259918
5544.0 0.12250538
5547.0 0.12241181
5550.0 0.12231843
5553.0 0.12222525
5556.0 0.12213223
5559.0 0.12203948
5562.0 0.12194682
5565.0 0.12185445
5568.0 0.12176218
5571.0 0.12167012
5574.0 0.12157828
5577.0 0.12148663
5580.0 0.12139516
5583.0 0.12130392
5586.0 0.12121278
5589.0 0.12112194
5592.0 0.12103122
5595.0 0.12094070
5598.0 0.12085033
5601.0 0.12076022
5604.0 0.12067027
5607.0 0.12058054
5610.0 0.12049101
5613.0 0.12040158
5616.0 0.12031243
5619.0 0.12022340
5622.0 0.12013459
5625.0 0.12004595
5628.0 0.11995750
5631.0 0.11986928
5634.0 0.11978115
5637.0 0.11969327
5640.0 0.11960555
5643.0 0.11951811
5646.0 0.11943071
5649.0 0.11934358
5652.0 0.11925662
5655.0 0.11916985
5658.0 0.11908330
5661.0 0.11899684
5664.0 0.11891068
5667.0 0.11882459
5670.0 0.11873871
5673.0 0.11865310
5676.0 0.11856762
5679.0 0.11848231
5682.0 0.11839710
5685.0 0.11831219
5688.0 0.11822747
5691.0 0.11814284
5694.0 0.11805841
5697.0 0.11797429
5700.0 0.11789022
5703.0 0.11780639
5706.0 0.11772273
5709.0 0.11763923
5712.0 0.11755589
5715.0 0.11747278
5718.0 0.11738979
5721.0 0.11730707
5724.0 0.11722445
5727.0 0.11714205
5730.0 0.11705980
5733.0 0.11697774
5736.0 0.11689587
5739.0 0.11681411
5742.0 0.11673262
5745.0 0.11665124
5748.0 0.11657013
5751.0 0.11648914
5754.0 0.11640830
5757.0 0.11632766
5760.0 0.11624720
5763.0 0.11616693
5766.0 0.11608683
5769.0 0.11600688
5772.0 0.11592714
5775.0 0.11584754
5778.0 0.11576810
5781.0 0.11568886
5784.0 0.11560979
5787.0 0.11553092
5790.0 0.11545224
5793.0 0.11537373
5796.0 0.11529530
5799.0 0.11521716
5802.0 0.11513911
5805.0 0.11506133
5808.0 0.11498364
5811.0 0.11490614
5814.0 0.11482881
5817.0 0.11475167
5820.0 0.11467464
5823.0 0.11459786
5826.0 0.11452124
5829.0 0.11444476
5832.0 0.11436842
5835.0 0.11429236
5838.0 0.11421641
5841.0 0.11414063
5844.0 0.11406502
5847.0 0.11398952
5850.0 0.11391427
5853.0 0.11383918
5856.0 0.11376420
5859.0 0.11368948
5862.0 0.11361489
5865.0 0.11354046
5868.0 0.11346619
5871.0 0.11339208
5874.0 0.11331818
5877.0 0.11324444
5880.0 0.11317078
5883.0 0.11309741
5886.0 0.11302411
5889.0 0.11295107
5892.0 0.11287813
5895.0 0.11280534
5898.0 0.11273278
5901.0 0.11266034
5904.0 0.11258809
5907.0 0.11251605
5910.0 0.11244407
5913.0 0.11237236
5916.0 0.11230069
5919.0 0.11222934
5922.0 0.11215807
5925.0 0.11208695
5928.0 0.11201598
5931.0 0.11194523
5934.0 0.11187465
5937.0 0.11180414
5940.0 0.11173387
5943.0 0.11166380
5946.0 0.11159381
5949.0 0.11152396
5952.0 0.11145438
5955.0 0.11138492
5958.0 0.11131560
5961.0 0.11124645
5964.0 0.11117750
5967.0 0.11110862
5970.0 0.11104000
5973.0 0.11097150
5976.0 0.11090314
5979.0 0.11083493
5982.0 0.11076696
5985.0 0.11069907
5988.0 0.11063140
5991.0 0.11056383
5994.0 0.11049648
5997.0 0.11042920
6000.0 0.11036217
