300.0 0.0
335.0 0.0000000
338.35 0.0000000
341.7 0.0000000
345.05 0.0000000
348.4 0.0000000
351.75 0.0000000
355.1 0.0000000
358.45 0.0000000
361.8 0.0000000
365.15 0.0000000
368.5 0.0000000
371.85 0.0000000
375.2 0.0000000
378.55 0.0000000
381.9 0.0000000
385.25 0.0000000
388.6 0.0000000
391.95 0.0000000
395.3 0.0000000
398.65 0.0000000
402.0 0.0000000
405.35 0.0000000
408.7 0.0000000
412.05 0.0000000
415.4 0.0000000
418.75 0.0000000
422.1 0.0000000
425.45 0.0000000
428.8 0.0000000
432.15 0.0000000
435.5 0.0000000
438.85 0.0000000
442.2 0.0000000
445.55 0.0000000
448.9 0.0000000
452.25 0.0000000
455.6 0.0000000
458.95 0.0000000
462.3 0.0000000
465.65 0.0000000
469.0 0.0000000
472.35 0.0000000
475.7 0.0000000
479.05 0.0000000
482.4 0.0000000
485.75 0.0000000
489.1 0.0000000
492.45 0.0000000
495.8 0.0000000
499.15 0.0000000
502.5 0.0000000
505.85 0.0000000
509.2 0.0000000
512.55 0.0000000
515.9 0.0000000
519.25 0.0000000
522.6 0.0000000
525.95 0.0000000
529.3 0.0000000
532.65 0.0000000
536.0 0.0000000
539.35 0.0000000
542.7 0.0000000
546.05 0.0000000
549.4 0.0000000
552.75 0.0000000
556.1 0.0000000
559.45 0.0000000
562.8 0.0000000
566.15 0.0000000
569.5 0.0000000
572.85 0.0000000
576.2 0.0000000
579.55 0.0000000
582.9 0.0000000
586.25 0.0000000
589.6 0.0000000
592.95 0.0000000
596.3 0.0000000
599.65 0.0000000
603.0 0.0000000
606.35 0.0000000
609.7 0.0000000
613.05 6.98086545E-02
616.4 6.65885285E-02
619.75 6.34475425E-02
623.1 6.03953674E-02
626.45 5.75094447E-02
629.8 5.46293259E-02
633.15 5.15715480E-02
636.5 4.83644716E-02
639.85 4.51985635E-02
643.2 4.22100984E-02
646.55 3.93605046E-02
649.9 3.66359316E-02
653.25 7.53721297E-02
656.6 7.20822886E-02
659.95 6.90057054E-02
663.3 6.60044178E-02
666.65 6.26838654E-02
670.0 6.45491779E-02
673.35 6.30076230E-02
676.7 5.85079379E-02
680.05 5.85510060E-02
683.4 5.97307347E-02
686.75 6.17982447E-02
690.1 0.26657099
693.45 0.26976106
696.8 0.22729482
700.15 0.18844859
703.5 0.17596200
706.85 0.17035846
710.2 0.16992663
713.55 0.17173980
716.9 0.16640949
720.25 0.14944862
723.6 0.14998069
726.95 0.13338280
730.3 0.12066191
733.65 0.11096540
737.0 0.10632751
740.35 0.10734000
743.7 0.10237920
747.05 0.10387023
750.4 0.10638381
753.75 0.10285500
757.1 9.11904201E-02
760.45 8.77962187E-02
763.8 7.96205103E-02
767.15 7.98341557E-02
770.5 7.84842446E-02
773.85 7.49894902E-02
777.2 7.37498403E-02
780.55 7.51968697E-02
783.9 7.75206015E-02
787.25 8.25136974E-02
790.6 8.35487992E-02
793.95 8.40925127E-02
797.3 8.51650834E-02
800.65 8.88156220E-02
804.0 9.53719541E-02
807.35 0.10764137
810.7 0.12577169
814.05 0.16048223
817.4 2.3249698
820.75 1.8834200
824.1 1.7594323
827.45 1.7614135
830.8 1.6525590
834.15 1.3249764
837.5 1.1457138
840.85 1.0790749
844.2 1.0341675
847.55 0.96843058
850.9 0.88557380
854.25 0.83087260
857.6 0.81285822
860.95 0.81615227
864.3 0.83051026
867.65 0.83727854
871.0 0.90179962
874.35 0.91716802
877.7 0.87890130
881.05 0.80194944
884.4 0.80818826
887.75 0.80189013
891.1 0.82214916
894.45 0.83734179
897.8 0.82814080
901.15 0.79934394
904.5 0.78968543
907.85 0.81575310
911.2 0.81166333
914.55 0.82618570
917.9 0.81647086
921.25 0.83653522
924.6 0.88538539
927.95 0.93613315
931.3 1.0060301
934.65 1.0257759
938.0 1.0415345
941.35 0.94821161
944.7 0.88633990
948.05 0.84052342
951.4 0.82106322
954.75 0.81829554
958.1 0.78217685
961.45 0.77310729
964.8 0.76931918
968.15 0.76441300
971.5 0.77894145
974.85 0.77226138
978.2 0.75659096
981.55 0.78007323
984.9 0.76735872
988.25 0.78009582
991.6 0.79952800
994.95 0.81211317
998.3 0.83266240
1001.65 0.83222210
1005.0 0.85939562
1008.35 0.87922299
1011.7 0.90141070
1015.05 0.93630099
1018.4 1.0069557
1021.75 1.1013966
1025.1 1.2097714
1028.45 1.3473741
1031.8 1.5183018
1035.15 1.6200683
1038.5 1.4715837
1041.85 1.2492691
1045.2 1.0803106
1048.55 0.99223584
1051.9 0.94814348
1055.25 0.92303658
1058.6 0.87987769
1061.95 0.87721002
1065.3 0.85124987
1068.65 0.86839694
1072.0 0.87108356
1075.35 0.86836427
1078.7 0.87815779
1082.05 0.86746854
1085.4 0.88083041
1088.75 0.89329511
1092.1 0.89497167
1095.45 0.91442490
1098.8 0.87931359
1102.15 0.87351406
1105.5 0.86233956
1108.85 0.87663287
1112.2 0.88074774
1115.55 0.86836833
1118.9 0.82459676
1122.25 0.79816014
1125.6 0.78712332
1128.95 0.77280420
1132.3 0.77426314
1135.65 0.77236903
1139.0 0.77109092
1142.35 0.78344131
1145.7 0.78117639
1149.05 0.79390270
1152.4 0.79778427
1155.75 0.79652715
1159.1 0.78756869
1162.45 0.79773325
1165.8 0.80149698
1169.15 0.82340735
1172.5 0.81038004
1175.85 0.79754508
1179.2 0.76267284
1182.55 0.77436799
1185.9 0.77816308
1189.25 0.76808357
1192.6 0.79434174
1195.95 0.80218840
1199.3 0.78139681
1202.65 0.76838368
1206.0 0.76970637
1209.35 0.77002126
1212.7 0.76998270
1216.05 0.78009850
1219.4 0.76678067
1222.75 0.76467544
1226.1 0.77477902
1229.45 0.77422959
1232.8 0.79374087
1236.15 0.79066175
1239.5 0.84214479
1242.85 0.83962333
1246.2 0.84854764
1249.55 0.83607858
1252.9 0.83828413
1256.25 0.84637946
1259.6 0.88442945
1262.95 0.95207173
1266.3 1.0136151
1269.65 1.0638946
1273.0 1.0834205
1276.35 1.1408561
1279.7 1.0915912
1283.05 0.99854857
1286.4 0.91379672
1289.75 0.85761583
1293.1 0.83151942
1296.45 0.80492646
1299.8 0.77993059
1303.15 0.76082748
1306.5 0.75560212
1309.85 0.72768688
1313.2 0.71674126
1316.55 0.71156853
1319.9 0.71896160
1323.25 0.72248769
1326.6 0.70629901
1329.95 0.70965016
1333.3 0.71385664
1336.65 0.72027522
1340.0 0.70287418
1343.35 0.71098280
1346.7 0.72802788
1350.05 0.68905580
1353.4 0.70772821
1356.75 0.71271306
1360.1 0.70816892
1363.45 0.71465874
1366.8 0.70377791
1370.15 0.69489115
1373.5 0.71463758
1376.85 0.74400043
1380.2 0.72972482
1383.55 0.74852675
1386.9 0.74269956
1390.25 0.74516273
1393.6 0.74143207
1396.95 0.75143683
1400.3 0.74974763
1403.65 0.74832577
1407.0 0.72491217
1410.35 0.71363091
1413.7 0.72337383
1417.05 0.73416179
1420.4 0.70359540
1423.75 0.73806226
1427.1 0.71287000
1430.45 0.73038316
1433.8 0.72418422
1437.15 0.73939431
1440.5 0.70492589
1443.85 0.71580577
1447.2 0.71556920
1450.55 0.72851747
1453.9 0.69288540
1457.25 0.70142603
1460.6 0.71519673
1463.95 0.68382108
1467.3 0.69694293
1470.65 0.67626739
1474.0 0.65780789
1477.35 0.65736079
1480.7 0.65691030
1484.05 0.66145617
1487.4 0.66569954
1490.75 0.66691047
1494.1 0.65781385
1497.45 0.65460402
1500.8 0.65413207
1504.15 0.65365750
1507.5 0.66201222
1510.85 0.66101760
1514.2 0.67084545
1517.55 0.67497861
1520.9 0.67479527
1524.25 0.67978501
1527.6 0.68612462
1530.95 0.69861048
1534.3 0.71434218
1537.65 0.70884615
1541.0 0.72763240
1544.35 0.73603505
1547.7 0.74226445
1551.05 0.74642402
1554.4 0.75177264
1557.75 0.76125228
1561.1 0.76514870
1564.45 0.75484246
1567.8 0.74821007
1571.15 0.73148084
1574.5 0.72966099
1577.85 0.71558183
1581.2 0.72602397
1584.55 0.71709132
1587.9 0.71245754
1591.25 0.71441758
1594.6 0.70998555
1597.95 0.71162885
1601.3 0.71316433
1604.65 0.72131181
1608.0 0.73816687
1611.35 0.72681987
1614.7 0.75291228
1618.05 0.77144605
1621.4 0.79423302
1624.75 0.79180723
1628.1 0.76925218
1631.45 0.76532030
1634.8 0.76767284
1638.15 0.75014955
1641.5 0.73609602
1644.85 0.73184389
1648.2 0.72890782
1651.55 0.74278098
1654.9 0.75781280
1658.25 0.76072890
1661.6 0.75572240
1664.95 0.75756472
1668.3 0.75274116
1671.65 0.75648957
1675.0 0.74873501
1678.35 0.74556851
1681.7 0.74638397
1685.05 0.74289757
1688.4 0.73347771
1691.75 0.72284532
1695.1 0.72956413
1698.45 0.73195571
1701.8 0.73225331
1705.15 0.72515166
1708.5 0.71949989
1711.85 0.71759647
1715.2 0.71401346
1718.55 0.71123332
1721.9 0.70513272
1725.25 0.69562095
1728.6 0.69914001
1731.95 0.69920087
1735.3 0.69146961
1738.65 0.67338371
1742.0 0.69069719
1745.35 0.69376749
1748.7 0.68956113
1752.05 0.68954635
1755.4 0.69548357
1758.75 0.68264288
1762.1 0.68288815
1765.45 0.66956633
1768.8 0.65909123
1772.15 0.63334286
1775.5 0.63043374
1778.85 0.62938762
1782.2 0.62323833
1785.55 0.64019001
1788.9 0.64953136
1792.25 0.65094644
1795.6 0.63700652
1798.95 0.64353210
1802.3 0.64637190
1805.65 0.65509135
1809.0 0.65520966
1812.35 0.67040563
1815.7 0.68990713
1819.05 0.69599634
1822.4 0.68710023
1825.75 0.70817429
1829.1 0.71764642
1832.45 0.71698755
1835.8 0.72072053
1839.15 0.74992913
1842.5 0.76837635
1845.85 0.76444566
1849.2 0.77903533
1852.55 0.76134861
1855.9 0.78044176
1859.25 0.80722880
1862.6 0.87454951
1865.95 0.95343316
1869.3 1.0760499
1872.65 1.2011000
1876.0 1.2395428
1879.35 1.1766098
1882.7 1.0421966
1886.05 0.92726189
1889.4 0.85590279
1892.75 0.82063687
1896.1 0.79285192
1899.45 0.77135468
1902.8 0.75443703
1906.15 0.73821026
1909.5 0.73302299
1912.85 0.71822560
1916.2 0.70540339
1919.55 0.69073975
1922.9 0.68246037
1926.25 0.68039483
1929.6 0.66092491
1932.95 0.66220266
1936.3 0.64574707
1939.65 0.64153725
1943.0 0.64082843
1946.35 0.61439437
1949.7 0.62360883
1953.05 0.62320369
1956.4 0.63235116
1959.75 0.64970523
1963.1 0.65580255
1966.45 0.65805775
1969.8 0.65754104
1973.15 0.66212922
1976.5 0.65311623
1979.85 0.65475327
1983.2 0.66345733
1986.55 0.65369242
1989.9 0.65593374
1993.25 0.64418560
1996.6 0.64809769
1999.95 0.63250709
2003.3 0.62190247
2006.65 0.61078906
2010.0 0.60529035
2013.35 0.59081781
2016.7 0.58488393
2020.05 0.56892049
2023.4 0.55797750
2026.75 0.55576378
2030.1 0.56106883
2033.45 0.55379713
2036.8 0.56567931
2040.15 0.56868881
2043.5 0.57053441
2046.85 0.57051480
2050.2 0.57105219
2053.55 0.58242732
2056.9 0.57644725
2060.25 0.58788007
2063.6 0.58728439
2066.95 0.58501810
2070.3 0.57870173
2073.65 0.58464700
2077.0 0.58057475
2080.35 0.59299380
2083.7 0.60807961
2087.05 0.60975927
2090.4 0.63420111
2093.75 0.63938695
2097.1 0.63917172
2100.45 0.63046813
2103.8 0.62991703
2107.15 0.60676843
2110.5 0.62027502
2113.85 0.61422753
2117.2 0.61312461
2120.55 0.62084651
2123.9 0.63726908
2127.25 0.63793796
2130.6 0.64597160
2133.95 0.65005028
2137.3 0.65514302
2140.65 0.64875793
2144.0 0.65194523
2147.35 0.64228845
2150.7 0.64958107
2154.05 0.64160317
2157.4 0.62259150
2160.75 0.62288791
2164.1 0.63057959
2167.45 0.61400253
2170.8 0.61309481
2174.15 0.61359149
2177.5 0.61326140
2180.85 0.62303030
2184.2 0.62031972
2187.55 0.60983443
2190.9 0.60866702
2194.25 0.62094480
2197.6 0.61979771
2200.95 0.61559093
2204.3 0.62689179
2207.65 0.60918224
2211.0 0.60165673
2214.35 0.59361178
2217.7 0.58790725
2221.05 0.58350307
2224.4 0.57149178
2227.75 0.56924421
2231.1 0.57597083
2234.45 0.58110529
2237.8 0.58859181
2241.15 0.60697532
2244.5 0.58634096
2247.85 0.57819152
2251.2 0.57463133
2254.55 0.57191396
2257.9 0.56527048
2261.25 0.57869321
2264.6 0.57660043
2267.95 0.58069843
2271.3 0.57529205
2274.65 0.57708365
2278.0 0.57742035
2281.35 0.59064955
2284.7 0.59413058
2288.05 0.60420036
2291.4 0.62382007
2294.75 0.64921570
2298.1 0.61858898
2301.45 0.59506273
2304.8 0.59845591
2308.15 0.58925432
2311.5 0.56774014
2314.85 0.57408530
2318.2 0.57572401
2321.55 0.55971599
2324.9 0.55591315
2328.25 0.54355019
2331.6 0.53584355
2334.95 0.55021119
2338.3 0.54864609
2341.65 0.54086572
2345.0 0.55143970
2348.35 0.53760010
2351.7 0.52894050
2355.05 0.52870429
2358.4 0.51978868
2361.75 0.51115727
2365.1 0.50128537
2368.45 0.50757462
2371.8 0.50632215
2375.15 0.49166840
2378.5 0.49597421
2381.85 0.50394344
2385.2 0.50727695
2388.55 0.49767160
2391.9 0.50675613
2395.25 0.51935202
2398.6 0.50958341
2401.95 0.52064723
2405.3 0.50570232
2408.65 0.50687444
2412.0 0.49934888
2415.35 0.50576377
2418.7 0.50871384
2422.05 0.49868605
2425.4 0.51247942
2428.75 0.50382686
2432.1 0.49933320
2435.45 0.50369203
2438.8 0.49276045
2442.15 0.49813336
2445.5 0.49414226
2448.85 0.49739584
2452.2 0.50064737
2455.55 0.49390745
2458.9 0.48964182
2462.25 0.48824003
2465.6 0.48596174
2468.95 0.48298359
2472.3 0.48327619
2475.65 0.48999935
2479.0 0.48925629
2482.35 0.48876029
2485.7 0.47937450
2489.05 0.48115754
2492.4 0.50136566
2495.75 0.56510615
2499.1 0.58703613
2502.45 0.49611795
2505.8 0.47853157
2509.15 0.47843137
2512.5 0.47274172
2515.85 0.48970979
2519.2 0.47601604
2522.55 0.46556598
2525.9 0.46878809
2529.25 0.46348554
2532.6 0.45738071
2535.95 0.45258430
2539.3 0.44699737
2542.65 0.42272258
2546.0 0.42958656
2549.35 0.42154101
2552.7 0.43996024
2556.05 0.43891439
2559.4 0.43422279
2562.75 0.42991555
2566.1 0.42675406
2569.45 0.43768024
2572.8 0.42875358
2576.15 0.43593892
2579.5 0.44258997
2582.85 0.44991323
2586.2 0.46782014
2589.55 0.50355470
2592.9 0.52457494
2596.25 0.47148097
2599.6 0.44061959
2602.95 0.45642713
2606.3 0.46010184
2609.65 0.43612397
2613.0 0.42681825
2616.35 0.42746699
2619.7 0.41998240
2623.05 0.41752246
2626.4 0.40979555
2629.75 0.39795479
2633.1 0.38482428
2636.45 0.38216650
2639.8 0.39382029
2643.15 0.40559500
2646.5 0.40678698
2649.85 0.41136020
2653.2 0.42152759
2656.55 0.42190492
2659.9 0.41933233
2663.25 0.40539429
2666.6 0.40712836
2669.95 0.40503556
2673.3 0.38825905
2676.65 0.39324164
2680.0 0.38008687
2683.35 0.38013369
2686.7 0.37357926
2690.05 0.38174286
2693.4 0.38662687
2696.75 0.37961483
2700.1 0.36771995
2703.45 0.36735478
2706.8 0.36568016
2710.15 0.36140162
2713.5 0.37242004
2716.85 0.36462224
2720.2 0.37401858
2723.55 0.38148567
2726.9 0.40476996
2730.25 0.39856416
2733.6 0.39625326
2736.95 0.41379565
2740.3 0.41962293
2743.65 0.43429813
2747.0 0.46185702
2750.35 0.44838113
2753.7 0.42600903
2757.05 0.42391920
2760.4 0.40500423
2763.75 0.39491642
2767.1 0.39084244
2770.45 0.38433650
2773.8 0.37154695
2777.15 0.35728651
2780.5 0.35316202
2783.85 0.35484815
2787.2 0.36470032
2790.55 0.36180818
2793.9 0.35949403
2797.25 0.36744854
2800.6 0.35479861
2803.95 0.35034731
2807.3 0.35682923
2810.65 0.34869155
2814.0 0.34496051
2817.35 0.34444734
2820.7 0.34393537
2824.05 0.34553251
2827.4 0.34841180
2830.75 0.34684220
2834.1 0.34557402
2837.45 0.36491680
2840.8 0.36274379
2844.15 0.36829409
2847.5 0.36175343
2850.85 0.35306254
2854.2 0.34743482
2857.55 0.36303177
2860.9 0.36283147
2864.25 0.36026382
2867.6 0.37694234
2870.95 0.36696234
2874.3 0.37885758
2877.65 0.39950868
2881.0 0.39264011
2884.35 0.40071028
2887.7 0.40809011
2891.05 0.42483017
2894.4 0.45180780
2897.75 0.45683652
2901.1 0.48216990
2904.45 0.52194309
2907.8 0.54133695
2911.15 0.54369766
2914.5 0.50560421
2917.85 0.49662945
2921.2 0.49170560
2924.55 0.46789506
2927.9 0.44676921
2931.25 0.40920064
2934.6 0.40070611
2937.95 0.38479918
2941.3 0.37706903
2944.65 0.38666934
2948.0 0.37616423
2951.35 0.36980429
2954.7 0.37022039
2958.05 0.36160740
2961.4 0.35909534
2964.75 0.35726440
2968.1 0.33524606
2971.45 0.34675550
2974.8 0.34501284
2978.15 0.35384312
2981.5 0.34620848
2984.85 0.34473035
2988.2 0.36029410
2991.55 0.36553934
2994.9 0.37937352
2998.25 0.37391695
3001.6 0.37110546
3004.95 0.35721835
3008.3 0.37692294
3011.65 0.37779802
3015.0 0.38016039
3018.35 0.37746805
3021.7 0.39171061
3025.05 0.40842974
3028.4 0.40552831
3031.75 0.38893393
3035.1 0.37977076
3038.45 0.37059954
3041.8 0.37321004
3045.15 0.40070829
3048.5 0.38984919
3051.85 0.38512149
3055.2 0.40007579
3058.55 0.39674467
3061.9 0.36744362
3065.25 0.38727444
3068.6 0.40269002
3071.95 0.38539457
3075.3 0.37806433
3078.65 0.38405558
3082.0 0.36973643
3085.35 0.36114758
3088.7 0.36234286
3092.05 0.37390342
3095.4 0.38748771
3098.75 0.38726839
3102.1 0.37954301
3105.45 0.38427511
3108.8 0.37283069
3112.15 0.37903264
3115.5 0.36757535
3118.85 0.38684511
3122.2 0.36409903
3125.55 0.37591815
3128.9 0.36026272
3132.25 0.36362842
3135.6 0.36644611
3138.95 0.37851006
3142.3 0.34522381
3145.65 0.34447703
3149.0 0.32386130
3152.35 0.31976366
3155.7 0.31528342
3159.05 0.32298231
3162.4 0.32191575
3165.75 0.32094371
3169.1 0.31517598
3172.45 0.31994188
3175.8 0.32321998
3179.15 0.31642035
3182.5 0.30579308
3185.85 0.30850318
3189.2 0.30974412
3192.55 0.30811310
3195.9 0.31289631
3199.25 0.31685433
3202.6 0.32255062
3205.95 0.32131395
3209.3 0.31876808
3212.65 0.32495406
3216.0 0.33426070
3219.35 0.33445796
3222.7 0.33751056
3226.05 0.35012761
3229.4 0.37074447
3232.75 0.37245545
3236.1 0.40030065
3239.45 0.40397003
3242.8 0.41745532
3246.15 0.44861829
3249.5 0.46705875
3252.85 0.52251559
3256.2 0.56991392
3259.55 0.55187201
3262.9 0.51474351
3266.25 0.47798511
3269.6 0.45213452
3272.95 0.42963544
3276.3 0.40124822
3279.65 0.39406916
3283.0 0.39014414
3286.35 0.37654504
3289.7 0.35553253
3293.05 0.36612207
3296.4 0.35416347
3299.75 0.34871575
3303.1 0.34281081
3306.45 0.33356917
3309.8 0.32991466
3313.15 0.33847806
3316.5 0.33853272
3319.85 0.39944720
3323.2 0.43663430
3326.55 0.36496258
3329.9 0.32412097
3333.25 0.31552610
3336.6 0.31286249
3339.95 0.30515361
3343.3 0.32498214
3346.65 0.35502005
3350.0 0.43141586
3353.35 0.60776407
3356.7 0.60632294
3360.05 0.40770397
3363.4 0.34320319
3366.75 0.32263362
3370.1 0.31375507
3373.45 0.30633837
3376.8 0.30043787
3380.15 0.30061528
3383.5 0.29846987
3386.85 0.29887396
3390.2 0.29844889
3393.55 0.29355848
3396.9 0.29027468
3400.25 0.29025051
3403.6 0.27913213
3406.95 0.27337417
3410.3 0.28536868
3413.65 0.28278473
3417.0 0.28627977
3420.35 0.27472159
3423.7 0.27694657
3427.05 0.27306333
3430.4 0.28257659
3433.75 0.27759480
3437.1 0.27042800
3440.45 0.27661085
3443.8 0.27486965
3447.15 0.28322664
3450.5 0.28468022
3453.85 0.29607067
3457.2 0.30245596
3460.55 0.29818088
3463.9 0.28954592
3467.25 0.30226809
3470.6 0.28974715
3473.95 0.28254879
3477.3 0.28309900
3480.65 0.29905766
3484.0 0.29345292
3487.35 0.27798489
3490.7 0.28161773
3494.05 0.28419456
3497.4 0.28895295
3500.75 0.28425270
3504.1 0.28693700
3507.45 0.28579718
3510.8 0.28735760
3514.15 0.27685660
3517.5 0.28153437
3520.85 0.29065961
3524.2 0.27667531
3527.55 0.28447816
3530.9 0.28561223
3534.25 0.28350320
3537.6 0.28389460
3540.95 0.28592646
3544.3 0.28404602
3547.65 0.29495311
3551.0 0.28155461
3554.35 0.27561754
3557.7 0.30137658
3561.05 0.28130671
3564.4 0.29437572
3567.75 0.28692150
3571.1 0.27836099
3574.45 0.27440301
3577.8 0.27126798
3581.15 0.27937713
3584.5 0.26475498
3587.85 0.26707759
3591.2 0.26977921
3594.55 0.26683825
3597.9 0.25429103
3601.25 0.25893351
3604.6 0.26515779
3607.95 0.26457611
3611.3 0.25651008
3614.65 0.25743213
3618.0 0.25524503
3621.35 0.25028279
3624.7 0.25525597
3628.05 0.26042369
3631.4 0.25864705
3634.75 0.25230983
3638.1 0.24861881
3641.45 0.24488664
3644.8 0.25335833
3648.15 0.24425711
3651.5 0.26073954
3654.85 0.24574421
3658.2 0.24683851
3661.55 0.24300510
3664.9 0.24269359
3668.25 0.24238265
3671.6 0.24207227
3674.95 0.24758801
3678.3 0.24863929
3681.65 0.25432998
3685.0 0.24809837
3688.35 0.24881260
3691.7 0.24022233
3695.05 0.23991597
3698.4 0.24672079
3701.75 0.25399429
3705.1 0.24967588
3708.45 0.24355909
3711.8 0.25311789
3715.15 0.25714880
3718.5 0.24422577
3721.85 0.24696817
3725.2 0.23718485
3728.55 0.23688424
3731.9 0.24162716
3735.25 0.23762353
3738.6 0.25975284
3741.95 0.24795853
3745.3 0.24117905
3748.65 0.26925340
3752.0 0.26565874
3755.35 0.25364825
3758.7 0.24900159
3762.05 0.23770964
3765.4 0.23737220
3768.75 0.23331991
3772.1 0.24094483
3775.45 0.23273352
3778.8 0.23385447
3782.15 0.23214935
3785.5 0.23403025
3788.85 0.23156726
3792.2 0.23284534
3795.55 0.23198232
3798.9 0.23069820
3802.25 0.23872378
3805.6 0.23518613
3808.95 0.22983408
3812.3 0.22954702
3815.65 0.22926058
3819.0 0.22897464
3822.35 0.22868919
3825.7 0.22840433
3829.05 0.22811994
3832.4 0.23281461
3835.75 0.22755276
3839.1 0.22792967
3842.45 0.22698765
3845.8 0.22801490
3849.15 0.22650069
3852.5 0.22614379
3855.85 0.22834305
3859.2 0.23153432
3862.55 0.23264718
3865.9 0.23048754
3869.25 0.23010379
3872.6 0.22944984
3875.95 0.22629349
3879.3 0.22816817
3882.65 0.22668573
3886.0 0.22625785
3889.35 0.23130552
3892.7 0.24144973
3896.05 0.22961403
3899.4 0.23758808
3902.75 0.23300523
3906.1 0.24022068
3909.45 0.23460157
3912.8 0.24222508
3916.15 0.23837051
3919.5 0.23946804
3922.85 0.24644494
3926.2 0.24048106
3929.55 0.24508834
3932.9 0.25318682
3936.25 0.27261621
3939.6 0.26639515
3942.95 0.26126918
3946.3 0.26270437
3949.65 0.23956233
3953.0 0.23556200
3956.35 0.24654560
3959.7 0.24219878
3963.05 0.23378263
3966.4 0.23506641
3969.75 0.23637480
3973.1 0.23669969
3976.45 0.23254679
3979.8 0.23715225
3983.15 0.24204457
3986.5 0.22716789
3989.85 0.22961058
3993.2 0.22804733
3996.55 0.23538066
3999.9 0.22207388
4003.25 0.22447313
4006.6 0.22388129
4009.95 0.22309864
4013.3 0.22472218
4016.65 0.22429627
4020.0 0.22376810
4023.35 0.22581634
4026.7 0.22218665
4030.05 0.22035688
4033.4 0.21651193
4036.75 0.21635672
4040.1 0.21285115
4043.45 0.21700844
4046.8 0.21750058
4050.15 0.22002834
4053.5 0.22183451
4056.85 0.21340570
4060.2 0.21801566
4063.55 0.22458757
4066.9 0.22199315
4070.25 0.22423109
4073.6 0.22834723
4076.95 0.22463201
4080.3 0.22632347
4083.65 0.22187500
4087.0 0.23305400
4090.35 0.21431673
4093.7 0.20721549
4097.05 0.21038264
4100.4 0.20759825
4103.75 0.20874740
4107.1 0.20906515
4110.45 0.21319965
4113.8 0.21717077
4117.15 0.20733686
4120.5 0.21319401
4123.85 0.21898979
4127.2 0.21094932
4130.55 0.20745720
4133.9 0.20429222
4137.25 0.20405143
4140.6 0.20494260
4143.95 0.21706936
4147.3 0.20684201
4150.65 0.20808911
4154.0 0.20285386
4157.35 0.20338953
4160.7 0.20324114
4164.05 0.20657317
4167.4 0.20451547
4170.75 0.20920679
4174.1 0.20993622
4177.45 0.20519805
4180.8 0.20381339
4184.15 0.20353451
4187.5 0.20943232
4190.85 0.20815198
4194.2 0.20378506
4197.55 0.20233241
4200.9 0.20080054
4204.25 0.19985826
4207.6 0.20154032
4210.95 0.20332837
4214.3 0.21007350
4217.65 0.21298903
4221.0 0.21704763
4224.35 0.22397800
4227.7 0.21505213
4231.05 0.20454144
4234.4 0.20523731
4237.75 0.20314540
4241.1 0.20000488
4244.45 0.20315240
4247.8 0.20922606
4251.15 0.21145645
4254.5 0.20490408
4257.85 0.20652939
4261.2 0.20964782
4264.55 0.21346334
4267.9 0.21673155
4271.25 0.20608084
4274.6 0.20815021
4277.95 0.21204223
4281.3 0.21270512
4284.65 0.20821145
4288.0 0.20787005
4291.35 0.21098529
4294.7 0.21082078
4298.05 0.20855160
4301.4 0.21370238
4304.75 0.21154289
4308.1 0.21455835
4311.45 0.21972322
4314.8 0.21668316
4318.15 0.22302110
4321.5 0.21947764
4324.85 0.23441359
4328.2 0.23617752
4331.55 0.24239087
4334.9 0.24924411
4338.25 0.24826397
4341.6 0.25336662
4344.95 0.26761132
4348.3 0.26912776
4351.65 0.28088525
4355.0 0.29389402
4358.35 0.31196624
4361.7 0.33289093
4365.05 0.35813853
4368.4 0.39290974
4371.75 0.43634066
4375.1 0.48949826
4378.45 0.55213755
4381.8 0.64741707
4385.15 0.76075315
4388.5 0.90351468
4391.85 1.0475137
4395.2 1.2323207
4398.55 1.2665641
4401.9 1.0832467
4405.25 0.90169013
4408.6 0.82043463
4411.95 0.77281904
4415.3 0.66931486
4418.65 0.56470388
4422.0 0.50878602
4425.35 0.46412671
4428.7 0.42328981
4432.05 0.39217529
4435.4 0.37315404
4438.75 0.34941238
4442.1 0.32535565
4445.45 0.30536905
4448.8 0.28528768
4452.15 0.26811850
4455.5 0.26270562
4458.85 0.25733259
4462.2 0.24441542
4465.55 0.24286012
4468.9 0.23832604
4472.25 0.23861764
4475.6 0.24284291
4478.95 0.24218395
4482.3 0.23716182
4485.65 0.22949079
4489.0 0.24097244
4492.35 0.24718559
4495.7 0.25224143
4499.05 0.27780050
4502.4 0.27638602
4505.75 0.25768360
4509.1 0.26029956
4512.45 0.26346484
4515.8 0.25591579
4519.15 0.23619914
4522.5 0.21700323
4525.85 0.21489024
4529.2 0.20946495
4532.55 0.20312515
4535.9 0.20187089
4539.25 0.19625901
4542.6 0.18762934
4545.95 0.18660244
4549.3 0.18753351
4552.65 0.18721952
4556.0 0.17850712
4559.35 0.17685121
4562.7 0.17665863
4566.05 0.18232940
4569.4 0.18952253
4572.75 0.18202989
4576.1 0.17939636
4579.45 0.17888467
4582.8 0.17550701
4586.15 0.17531630
4589.5 0.17512593
4592.85 0.18696274
4596.2 0.17985325
4599.55 0.18114929
4602.9 0.17436759
4606.25 0.17417881
4609.6 0.17736185
4612.95 0.18305637
4616.3 0.18163860
4619.65 0.17737402
4623.0 0.17917190
4626.35 0.17934170
4629.7 0.17801739
4633.05 0.17268021
4636.4 0.17249429
4639.75 0.17230873
4643.1 0.17371778
4646.45 0.17193852
4649.8 0.17175388
4653.15 0.17156959
4656.5 0.17563468
4659.85 0.17120191
4663.2 0.17101854
4666.55 0.17083549
4669.9 0.17319487
4673.25 0.17047028
4676.6 0.17028816
4679.95 0.17010635
4683.3 0.16992483
4686.65 0.17452155
4690.0 0.17058100
4693.35 0.17999336
4696.7 0.17048235
4700.05 0.17048626
4703.4 0.16884227
4706.75 0.16866292
4710.1 0.18071091
4713.45 0.18751258
4716.8 0.18101318
4720.15 0.19448189
4723.5 0.17983270
4726.85 0.20236196
4730.2 0.19050200
4733.55 0.17603678
4736.9 0.19592698
4740.25 0.18252748
4743.6 0.17802267
4746.95 0.17951766
4750.3 0.17385314
4753.65 0.17140543
4757.0 0.16600887
4760.35 0.16583431
4763.7 0.16822352
4767.05 0.17453869
4770.4 0.16531245
4773.75 0.16513911
4777.1 0.16496606
4780.45 0.16479328
4783.8 0.18124796
4787.15 0.16836752
4790.5 0.16427672
4793.85 0.16410515
4797.2 0.16688068
4800.55 0.16576003
4803.9 0.16359204
4807.25 0.16342166
4810.6 0.16806577
4813.95 0.17328593
4817.3 0.18289213
4820.65 0.16274275
4824.0 0.18005678
4827.35 0.16287433
4830.7 0.17055176
4834.05 0.16206847
4837.4 0.17304407
4840.75 0.16850102
4844.1 0.16816394
4847.45 0.17150907
4850.8 0.17951192
4854.15 0.17102361
4857.5 0.16089949
4860.85 0.17174561
4864.2 0.19014081
4867.55 0.16040272
4870.9 0.16023770
4874.25 0.16053304
4877.6 0.15990846
4880.95 0.15974429
4884.3 0.15958035
4887.65 0.17520888
4891.0 0.17067687
4894.35 0.15909030
4897.7 0.15892752
4901.05 0.16745383
4904.4 0.17920011
4907.75 0.15844074
4911.1 0.15977104
4914.45 0.19529225
4917.8 0.16794772
4921.15 0.16650021
4924.5 0.15763496
4927.85 0.17912529
4931.2 0.19144478
4934.55 0.18288039
4937.9 0.20115522
4941.25 0.19693244
4944.6 0.20754595
4947.95 0.18039489
4951.3 0.18718202
4954.65 0.23052916
4958.0 0.20676282
4961.35 0.19842389
4964.7 0.17960157
4968.05 0.17355874
4971.4 0.21453707
4974.75 0.20463711
4978.1 0.19797164
4981.45 0.18439566
4984.8 0.16498983
4988.15 0.18645661
4991.5 0.15447943
4994.85 0.15432444
4998.2 0.15416969
5001.55 0.15401527
5004.9 0.15386111
5008.25 0.15370715
5011.6 0.15355352
5014.95 0.15340006
5018.3 0.15324692
5021.65 0.15309402
5025.0 0.15294141
5028.35 0.15278903
5031.7 0.15263693
5035.05 0.15248507
5038.4 0.15233350
5041.75 0.15218218
5045.1 0.15203108
5048.45 0.15188026
5051.8 0.15172969
5055.15 0.15157939
5058.5 0.15142934
5061.85 0.15127954
5065.2 0.15113004
5068.55 0.15098073
5071.9 0.15083167
5075.25 0.15068287
5078.6 0.15053436
5081.95 0.15038611
5085.3 0.15023805
5088.65 0.15009028
5092.0 0.14994280
5095.35 0.14979552
5098.7 0.14964849
5102.05 0.14950173
5105.4 0.14935520
5108.75 0.14920893
5112.1 0.14906293
5115.45 0.14891720
5118.8 0.14877169
5122.15 0.14862637
5125.5 0.14848135
5128.85 0.14833659
5132.2 0.14819205
5135.55 0.14804778
5138.9 0.14790373
5142.25 0.14775996
5145.6 0.14761640
5148.95 0.14747311
5152.3 0.14733006
5155.65 0.14718728
5159.0 0.14704467
5162.35 0.14690235
5165.7 0.14676028
5169.05 0.14661843
5172.4 0.14647688
5175.75 0.14633550
5179.1 0.14619434
5182.45 0.14605352
5185.8 0.14591299
5189.15 0.14577253
5192.5 0.14563234
5195.85 0.14549248
5199.2 0.14535284
5202.55 0.14521331
5205.9 0.14507407
5209.25 0.14493532
5212.6 0.14479645
5215.95 0.14465803
5219.3 0.14451987
5222.65 0.14438187
5226.0 0.14424410
5229.35 0.14410657
5232.7 0.14396918
5236.05 0.14383227
5239.4 0.14369540
5242.75 0.14355880
5246.1 0.14342235
5249.45 0.14328627
5252.8 0.14315036
5256.15 0.14301470
5259.5 0.14287928
5262.85 0.14274415
5266.2 0.14260928
5269.55 0.14247455
5272.9 0.14234003
5276.25 0.14220580
5279.6 0.14207181
5282.95 0.14193794
5286.3 0.14180435
5289.65 0.14167117
5293.0 0.14153792
5296.35 0.14140511
5299.7 0.14127253
5303.05 0.14114007
5306.4 0.14100792
5309.75 0.14087597
5313.1 0.14074412
5316.45 0.14061274
5319.8 0.14048140
5323.15 0.14035034
5326.5 0.14021952
5329.85 0.14008898
5333.2 0.13995853
5336.55 0.13982852
5339.9 0.13969861
5343.25 0.13956895
5346.6 0.13943937
5349.95 0.13931020
5353.3 0.13918115
5356.65 0.13905233
5360.0 0.13892376
5363.35 0.13879548
5366.7 0.13866727
5370.05 0.13853948
5373.4 0.13841181
5376.75 0.13828436
5380.1 0.13815698
5383.45 0.13803004
5386.8 0.13790318
5390.15 0.13777678
5393.5 0.13765040
5396.85 0.13752417
5400.2 0.13739832
5403.55 0.13727255
5406.9 0.13714720
5410.25 0.13702194
5413.6 0.13689677
5416.95 0.13677202
5420.3 0.13664749
5423.65 0.13652311
5427.0 0.13639890
5430.35 0.13627498
5433.7 0.13615130
5437.05 0.13602769
5440.4 0.13590436
5443.75 0.13578142
5447.1 0.13565853
5450.45 0.13553576
5453.8 0.13541339
5457.15 0.13529110
5460.5 0.13516921
5463.85 0.13504742
5467.2 0.13492572
5470.55 0.13480443
5473.9 0.13468331
5477.25 0.13456236
5480.6 0.13444158
5483.95 0.13432108
5487.3 0.13420081
5490.65 0.13408065
5494.0 0.13396087
5497.35 0.13384114
5500.7 0.13372169
5504.05 0.13360247
5507.4 0.13348345
5510.75 0.13336457
5514.1 0.13324608
5517.45 0.13312764
5520.8 0.13300943
5524.15 0.13289149
5527.5 0.13277362
5530.85 0.13265614
5534.2 0.13253874
5537.55 0.13242155
5540.9 0.13230464
5544.25 0.13218795
5547.6 0.13207130
5550.95 0.13195507
5554.3 0.13183895
5557.65 0.13172300
5561.0 0.13160732
5564.35 0.13149175
5567.7 0.13137652
5571.05 0.13126136
5574.4 0.13114662
5577.75 0.13103193
5581.1 0.13091731
5584.45 0.13080312
5587.8 0.13068913
5591.15 0.13057519
5594.5 0.13046154
5597.85 0.13034809
5601.2 0.13023485
5604.55 0.13012184
5607.9 0.13000892
5611.25 0.12989624
5614.6 0.12978376
5617.95 0.12967154
5621.3 0.12955953
5624.65 0.12944776
5628.0 0.12933603
5631.35 0.12922470
5634.7 0.12911345
5638.05 0.12900242
5641.4 0.12889159
5644.75 0.12878087
5648.1 0.12867054
5651.45 0.12856022
5654.8 0.12845016
5658.15 0.12834032
5661.5 0.12823074
5664.85 0.12812133
5668.2 0.12801200
5671.55 0.12790290
5674.9 0.12779418
5678.25 0.12768550
5681.6 0.12757693
5684.95 0.12746873
5688.3 0.12736075
5691.65 0.12725279
5695.0 0.12714511
5698.35 0.12703761
5701.7 0.12693033
5705.05 0.12682331
5708.4 0.12671635
5711.75 0.12660971
5715.1 0.12650318
5718.45 0.12639686
5721.8 0.12629075
5725.15 0.12618490
5728.5 0.12607907
5731.85 0.12597361
5735.2 0.12586822
5738.55 0.12576304
5741.9 0.12565809
5745.25 0.12555337
5748.6 0.12544881
5751.95 0.12534437
5755.3 0.12524027
5758.65 0.12513623
5762.0 0.12503242
5765.35 0.12492883
5768.7 0.12482533
5772.05 0.12472214
5775.4 0.12461902
5778.75 0.12451628
5782.1 0.12441359
5785.45 0.12431111
5788.8 0.12420885
5792.15 0.12410665
5795.5 0.12400482
5798.85 0.12390306
5802.2 0.12380151
5805.55 0.12370015
5808.9 0.12359899
5812.25 0.12349805
5815.6 0.12339719
5818.95 0.12329669
5822.3 0.12319624
5825.65 0.12309597
5829.0 0.12299594
5832.35 0.12289611
5835.7 0.12279650
5839.05 0.12269694
5842.4 0.12259774
5845.75 0.12249858
5849.1 0.12239967
5852.45 0.12230093
5855.8 0.12220241
5859.15 0.12210408
5862.5 0.12200584
5865.85 0.12190779
5869.2 0.12181007
5872.55 0.12171244
5875.9 0.12161500
5879.25 0.12151760
5882.6 0.12142058
5885.95 0.12132377
5889.3 0.12122702
5892.65 0.12113042
5896.0 0.12103407
5899.35 0.12093792
5902.7 0.12084197
5906.05 0.12074605
5909.4 0.12065051
5912.75 0.12055499
5916.1 0.12045972
5919.45 0.12036461
5922.8 0.12026974
5926.15 0.12017503
5929.5 0.12008054
5932.85 0.11998612
5936.2 0.11989202
5939.55 0.11979798
5942.9 0.11970418
5946.25 0.11961053
5949.6 0.11951707
5952.95 0.11942369
5956.3 0.11933066
5959.65 0.11923769
5963.0 0.11914488
5966.35 0.11905229
5969.7 0.11895991
5973.05 0.11886768
5976.4 0.11877570
5979.75 0.11868376
5983.1 0.11859214
5986.45 0.11850058
5989.8 0.11840924
5993.15 0.11831807
5996.5 0.11822711
5999.85 0.11813620
