300.0 0.0
360.0 0.0000000
363.6 0.0000000
367.2 0.0000000
370.8 0.0000000
374.4 0.0000000
378.0 0.0000000
381.6 0.0000000
385.2 0.0000000
388.8 0.0000000
392.4 0.0000000
396.0 0.0000000
399.6 0.0000000
403.2 0.0000000
406.8 0.0000000
410.4 0.0000000
414.0 0.0000000
417.6 0.0000000
421.2 0.0000000
424.8 0.0000000
428.4 0.0000000
432.0 0.0000000
435.6 0.0000000
439.2 0.0000000
442.8 0.0000000
446.4 0.0000000
450.0 0.0000000
453.6 0.0000000
457.2 0.0000000
460.8 0.0000000
464.4 0.0000000
468.0 0.0000000
471.6 0.0000000
475.2 0.0000000
478.8 0.0000000
482.4 0.0000000
486.0 0.0000000
489.6 0.0000000
493.2 0.0000000
496.8 0.0000000
500.4 0.0000000
504.0 0.0000000
507.6 0.0000000
511.2 0.0000000
514.8 0.0000000
518.4 0.0000000
522.0 0.0000000
525.6 0.0000000
529.2 0.0000000
532.8 0.0000000
536.4 0.0000000
540.0 0.0000000
543.6 0.0000000
547.2 0.0000000
550.8 0.0000000
554.4 0.0000000
558.0 0.0000000
561.6 0.0000000
565.2 0.0000000
568.8 0.0000000
572.4 0.0000000
576.0 0.0000000
579.6 0.0000000
583.2 0.0000000
586.8 0.0000000
590.4 0.0000000
594.0 0.0000000
597.6 0.0000000
601.2 0.0000000
604.8 0.0000000
608.4 0.0000000
612.0 0.0000000
615.6 0.0000000
619.2 0.0000000
622.8 0.0000000
626.4 0.0000000
630.0 0.0000000
633.6 0.0000000
637.2 0.0000000
640.8 0.0000000
644.4 0.0000000
648.0 0.0000000
651.6 0.0000000
655.2 0.0000000
658.8 4.56300192E-02
662.4 4.19635810E-02
666.0 3.83045264E-02
669.6 3.44759449E-02
673.2 3.06793731E-02
676.8 2.71712765E-02
680.4 2.40267292E-02
684.0 2.11653952E-02
687.6 1.85699873E-02
691.2 1.62258856E-02
694.8 1.41190942E-02
698.4 1.22315949E-02
702.0 4.12695147E-02
705.6 3.73688191E-02
709.2 3.37352268E-02
712.8 3.03657353E-02
716.4 2.72490829E-02
720.0 2.67340764E-02
723.6 2.49843467E-02
727.2 2.21987125E-02
730.8 2.11820584E-02
734.4 2.05767006E-02
738.0 2.02440768E-02
741.6 0.24601157
745.2 0.24577491
748.8 0.20441024
752.4 0.16725445
756.0 0.15409544
759.6 0.14718209
763.2 0.14480880
766.8 0.14433333
770.4 0.13791794
774.0 0.12212329
777.6 0.12078038
781.2 0.10610879
784.8 9.50605050E-02
788.4 8.59073400E-02
792.0 7.94687569E-02
795.6 7.60691240E-02
799.2 6.81484193E-02
802.8 6.49000034E-02
806.4 6.24515936E-02
810.0 5.66024669E-02
813.6 4.69276793E-02
817.2 4.21403237E-02
820.8 3.55572142E-02
824.4 3.30846719E-02
828.0 3.00939381E-02
831.6 2.65346449E-02
835.2 2.40206122E-02
838.8 2.24396326E-02
842.4 2.10539997E-02
846.0 2.04224326E-02
849.6 1.90232843E-02
853.2 1.78578366E-02
856.8 1.70075074E-02
860.4 1.66949295E-02
864.0 1.67814791E-02
867.6 1.76769700E-02
871.2 1.92426480E-02
874.8 2.28310898E-02
878.4 3.4567573
882.0 2.7968452
885.6 2.6095653
889.2 2.6093650
892.8 2.4451869
896.4 1.9581673
900.0 1.6912496
903.6 1.5910240
907.2 1.5230510
910.8 1.4245996
914.4 1.3012319
918.0 1.2194772
921.6 1.1916964
925.2 1.1951938
928.8 1.2148767
932.4 1.2234311
936.0 1.3162756
939.6 1.3372581
943.2 1.2800912
946.8 1.1667681
950.4 1.1745981
954.0 1.1642216
957.6 1.1923884
961.2 1.2131650
964.8 1.1986017
968.4 1.1557409
972.0 1.1406188
975.6 1.1770862
979.2 1.1700140
982.8 1.1897643
986.4 1.1746148
990.0 1.2023036
993.6 1.2712749
997.2 1.3428426
1000.8 1.4417231
1004.4 1.4686199
1008.0 1.4897709
1011.6 1.3550111
1015.2 1.2654128
1018.8 1.1988893
1022.4 1.1700534
1026.0 1.1650424
1029.6 1.1126070
1033.2 1.0987134
1036.8 1.0923493
1040.4 1.0844163
1044.0 1.1040487
1047.6 1.0936183
1051.2 1.0704910
1054.8 1.1027579
1058.4 1.0838490
1062.0 1.1008955
1065.6 1.1273582
1069.2 1.1441351
1072.8 1.1721002
1076.4 1.1705019
1080.0 1.2077179
1083.6 1.2345630
1087.2 1.2646810
1090.8 1.3125626
1094.4 1.4104686
1098.0 1.5415139
1101.6 1.6918421
1105.2 1.8827808
1108.8 2.1199560
1112.4 2.2602751
1116.0 2.0515130
1119.6 1.7402383
1123.2 1.5037193
1126.8 1.3800679
1130.4 1.3177381
1134.0 1.2818743
1137.6 1.2210187
1141.2 1.2164074
1144.8 1.1795324
1148.4 1.2024035
1152.0 1.2052387
1155.6 1.2005997
1159.2 1.2132599
1162.8 1.1976275
1166.4 1.2152033
1170.0 1.2315214
1173.6 1.2329590
1177.2 1.2588714
1180.8 1.2096868
1184.4 1.2008718
1188.0 1.1846890
1191.6 1.2034967
1195.2 1.2083184
1198.8 1.1905242
1202.4 1.1297492
1206.0 1.0927939
1209.6 1.0769624
1213.2 1.0566671
1216.8 1.0579621
1220.4 1.0546799
1224.0 1.0522461
1227.6 1.0684048
1231.2 1.0646269
1234.8 1.0812752
1238.4 1.0858670
1242.0 1.0834663
1245.6 1.0706031
1249.2 1.0837384
1252.8 1.0881703
1256.4 1.1172218
1260.0 1.0988655
1263.6 1.0807959
1267.2 1.0329059
1270.8 1.0481066
1274.4 1.0526052
1278.0 1.0383451
1281.6 1.0731992
1285.2 1.0831546
1288.8 1.0544554
1292.4 1.0362831
1296.0 1.0374584
1299.6 1.0372772
1303.2 1.0366234
1306.8 1.0496354
1310.4 1.0311238
1314.0 1.0277051
1317.6 1.0406924
1321.2 1.0393664
1324.8 1.0649600
1328.4 1.0602350
1332.0 1.1286422
1335.6 1.1246396
1339.2 1.1359671
1342.8 1.1186607
1346.4 1.1210002
1350.0 1.1312113
1353.6 1.1814278
1357.2 1.2711016
1360.8 1.3525442
1364.4 1.4188811
1368.0 1.4441575
1371.6 1.5199158
1375.2 1.4535205
1378.8 1.3289349
1382.4 1.2155107
1386.0 1.1401913
1389.6 1.1049286
1393.2 1.0690449
1396.8 1.0353205
1400.4 1.0094507
1404.0 1.0020128
1407.6 0.96419364
1411.2 0.94890684
1414.8 0.94128543
1418.4 0.95028907
1422.0 0.95417494
1425.6 0.93204170
1429.2 0.93571192
1432.8 0.94050694
1436.4 0.94820940
1440.0 0.92457098
1443.6 0.93450230
1447.2 0.95615798
1450.8 0.90427047
1454.4 0.92805672
1458.0 0.93387437
1461.6 0.92721021
1465.2 0.93499535
1468.8 0.92006278
1472.4 0.90776074
1476.0 0.93285686
1479.6 0.97046226
1483.2 0.95113558
1486.8 0.97492319
1490.4 0.96662372
1494.0 0.96912175
1497.6 0.96356940
1501.2 0.97586650
1504.8 0.97297317
1508.4 0.97043347
1512.0 0.93940198
1515.6 0.92412835
1519.2 0.93608576
1522.8 0.94938058
1526.4 0.90921956
1530.0 0.95309788
1533.6 0.91993093
1537.2 0.94188398
1540.8 0.93325210
1544.4 0.95220584
1548.0 0.90720284
1551.6 0.92058492
1555.2 0.91966474
1558.8 0.93568224
1562.4 0.88932794
1566.0 0.89969617
1569.6 0.91675729
1573.2 0.87596679
1576.8 0.89219540
1580.4 0.86516786
1584.0 0.84101033
1587.6 0.83990061
1591.2 0.83879012
1594.8 0.84405899
1598.4 0.84893769
1602.0 0.84994775
1605.6 0.83783072
1609.2 0.83322382
1612.8 0.83210778
1616.4 0.83099163
1620.0 0.84109706
1623.6 0.83932096
1627.2 0.85128248
1630.8 0.85600960
1634.4 0.85526210
1638.0 0.86107045
1641.6 0.86858273
1645.2 0.88386452
1648.8 0.90323430
1652.4 0.89575827
1656.0 0.91896063
1659.6 0.92903137
1663.2 0.93635154
1666.8 0.94105560
1670.4 0.94725484
1674.0 0.95865148
1677.6 0.96301031
1681.2 0.94950104
1684.8 0.94062793
1688.4 0.91908079
1692.0 0.91628206
1695.6 0.89810252
1699.2 0.91070390
1702.8 0.89900362
1706.4 0.89270490
1710.0 0.89467210
1713.6 0.88863879
1717.2 0.89021391
1720.8 0.89165401
1724.4 0.90135735
1728.0 0.92192745
1731.6 0.90727335
1735.2 0.93934679
1738.8 0.96196312
1742.4 0.98985863
1746.0 0.98632008
1749.6 0.95772648
1753.2 0.95233840
1756.8 0.95477390
1760.4 0.93250126
1764.0 0.91456461
1767.6 0.90881932
1771.2 0.90471512
1774.8 0.92146987
1778.4 0.93964630
1782.0 0.94279104
1785.6 0.93612063
1789.2 0.93793815
1792.8 0.93150657
1796.4 0.93568563
1800.0 0.92564160
1803.6 0.92127836
1807.2 0.92183912
1810.8 0.91709030
1814.4 0.90502673
1818.0 0.89148080
1821.6 0.89933842
1825.2 0.90185851
1828.8 0.90179908
1832.4 0.89263320
1836.0 0.88526112
1839.6 0.88250750
1843.2 0.87769306
1846.8 0.87387133
1850.4 0.86597675
1854.0 0.85390353
1857.6 0.85783118
1861.2 0.85751569
1864.8 0.84764969
1868.4 0.82510644
1872.0 0.84594071
1875.6 0.84932113
1879.2 0.84379542
1882.8 0.84340310
1886.4 0.85028899
1890.0 0.83422297
1893.6 0.83415699
1897.2 0.81752717
1900.8 0.80438751
1904.4 0.77262825
1908.0 0.76874775
1911.6 0.76714265
1915.2 0.75932246
1918.8 0.77964330
1922.4 0.79068387
1926.0 0.79207164
1929.6 0.77478343
1933.2 0.78239238
1936.8 0.78551668
1940.4 0.79578227
1944.0 0.79559630
1947.6 0.81371218
1951.2 0.83703828
1954.8 0.84408075
1958.4 0.83295202
1962.0 0.85815090
1965.6 0.86927736
1969.2 0.86812931
1972.8 0.87229902
1976.4 0.90728778
1980.0 0.92923576
1983.6 0.92411560
1987.2 0.94138038
1990.8 0.91964602
1994.4 0.94233948
1998.0 0.97430289
2001.6 1.0551463
2005.2 1.1498740
2008.8 1.2972533
2012.4 1.4474529
2016.0 1.4932086
2019.6 1.4168559
2023.2 1.2545205
2026.8 1.1157478
2030.4 1.0294950
2034.0 0.98670578
2037.6 0.95294118
2041.2 0.92675751
2044.8 0.90609473
2048.4 0.88627815
2052.0 0.87972593
2055.6 0.86165047
2059.2 0.84595793
2062.8 0.82807040
2066.4 0.81784809
2070.0 0.81507766
2073.6 0.79146832
2077.2 0.79271358
2080.8 0.77273822
2084.4 0.76742691
2088.0 0.76630676
2091.6 0.73443669
2095.2 0.74518871
2098.8 0.74444318
2102.4 0.75510573
2106.0 0.77555823
2109.6 0.78256476
2113.2 0.78498405
2116.8 0.78409714
2120.4 0.78929716
2124.0 0.77828658
2127.6 0.77997118
2131.2 0.79007137
2134.8 0.77817923
2138.4 0.78058404
2142.0 0.76634556
2145.6 0.77074134
2149.2 0.75194937
2152.8 0.73909628
2156.4 0.72564799
2160.0 0.71887785
2163.6 0.70145857
2167.2 0.69418585
2170.8 0.67501855
2174.4 0.66181928
2178.0 0.65897983
2181.6 0.66505533
2185.2 0.65622449
2188.8 0.67008919
2192.4 0.67343873
2196.0 0.67540914
2199.6 0.67517126
2203.2 0.67559355
2206.8 0.68883383
2210.4 0.68154693
2214.0 0.69484669
2217.6 0.69392610
2221.2 0.69103324
2224.8 0.68336052
2228.4 0.69016778
2232.0 0.68514979
2235.6 0.69959122
2239.2 0.71716964
2242.8 0.71893173
2246.4 0.74752265
2250.0 0.75340736
2253.6 0.75292665
2257.2 0.74245107
2260.8 0.74157995
2264.4 0.71411479
2268.0 0.72979379
2271.6 0.72246456
2275.2 0.72095430
2278.8 0.72981942
2282.4 0.74890488
2286.0 0.74947190
2289.6 0.75868905
2293.2 0.76325786
2296.8 0.76901501
2300.4 0.76130044
2304.0 0.76482081
2307.6 0.75327617
2311.2 0.76161152
2314.8 0.75204366
2318.4 0.72955263
2322.0 0.72969371
2325.6 0.73849612
2329.2 0.71888024
2332.8 0.71761680
2336.4 0.71799773
2340.0 0.71741199
2343.6 0.72863811
2347.2 0.72526777
2350.8 0.71281242
2354.4 0.71125257
2358.0 0.72540122
2361.6 0.72386390
2365.2 0.71875560
2368.8 0.73175216
2372.4 0.71088839
2376.0 0.70191777
2379.6 0.69234657
2383.2 0.68550980
2386.8 0.68019331
2390.4 0.66601473
2394.0 0.66321981
2397.6 0.67088014
2401.2 0.67668259
2404.8 0.68522078
2408.4 0.70643783
2412.0 0.68224436
2415.6 0.67258751
2419.2 0.66827303
2422.8 0.66494143
2426.4 0.65704823
2430.0 0.67247796
2433.6 0.66987479
2437.2 0.67446387
2440.8 0.66801506
2444.4 0.66992593
2448.0 0.67014772
2451.6 0.68532896
2455.2 0.68919510
2458.8 0.70070100
2462.4 0.72327429
2466.0 0.75253165
2469.6 0.71685350
2473.2 0.68942004
2476.8 0.69318068
2480.4 0.68235523
2484.0 0.65728110
2487.6 0.66446507
2491.2 0.66619992
2494.8 0.64751947
2498.4 0.64296466
2502.0 0.62851459
2505.6 0.61945450
2509.2 0.63591206
2512.8 0.63395196
2516.4 0.62481326
2520.0 0.63687742
2523.6 0.62074679
2527.2 0.61060411
2530.8 0.61018819
2534.4 0.59975809
2538.0 0.58966106
2541.6 0.57813853
2545.2 0.58525616
2548.8 0.58367693
2552.4 0.56665367
2556.0 0.57148474
2559.6 0.58053434
2563.2 0.58424097
2566.8 0.57304782
2570.4 0.58337575
2574.0 0.59774059
2577.6 0.58636522
2581.2 0.59896117
2584.8 0.58163780
2588.4 0.58285564
2592.0 0.57407367
2595.6 0.58131927
2599.2 0.58458054
2602.8 0.57293063
2606.4 0.58864778
2610.0 0.57858205
2613.6 0.57329583
2617.2 0.57817411
2620.8 0.56550276
2624.4 0.57154471
2628.0 0.56684273
2631.6 0.57045174
2635.2 0.57405722
2638.8 0.56620741
2642.4 0.56119740
2646.0 0.55947137
2649.6 0.55674207
2653.2 0.55321294
2656.8 0.55343091
2660.4 0.56101179
2664.0 0.56004328
2667.6 0.55935818
2671.2 0.54850191
2674.8 0.55042738
2678.4 0.57342547
2682.0 0.64619327
2685.6 0.67113125
2689.2 0.56707180
2692.8 0.54685795
2696.4 0.54663140
2700.0 0.54002041
2703.6 0.55928928
2707.2 0.54353940
2710.8 0.53149939
2714.4 0.53506970
2718.0 0.52891088
2721.6 0.52183950
2725.2 0.51626360
2728.8 0.50978893
2732.4 0.48200807
2736.0 0.48973742
2739.6 0.48047033
2743.2 0.50136536
2746.8 0.50007504
2750.4 0.49463266
2754.0 0.48963019
2757.6 0.48593479
2761.2 0.49827906
2764.8 0.48802170
2768.4 0.49610433
2772.0 0.50357610
2775.6 0.51180983
2779.2 0.53207809
2782.8 0.57261139
2786.4 0.59640038
2790.0 0.53593463
2793.6 0.50075936
2797.2 0.51862633
2800.8 0.52270299
2804.4 0.49536946
2808.0 0.48470852
2811.6 0.48535439
2815.2 0.47676727
2818.8 0.47388640
2822.4 0.46503007
2826.0 0.45150965
2829.6 0.43653145
2833.2 0.43343666
2836.8 0.44657186
2840.4 0.45983955
2844.0 0.46110669
2847.6 0.46620557
2851.2 0.47764185
2854.8 0.47798273
2858.4 0.47498235
2862.0 0.45911187
2865.6 0.46099281
2869.2 0.45854089
2872.8 0.43946958
2876.4 0.44503015
2880.0 0.43006635
2883.6 0.43004304
2887.2 0.42255333
2890.8 0.43171102
2894.4 0.43715736
2898.0 0.42915359
2901.6 0.41563371
2905.2 0.41514844
2908.8 0.41318405
2912.4 0.40827882
2916.0 0.42065358
2919.6 0.41177472
2923.2 0.42231351
2926.8 0.43067086
2930.4 0.45687896
2934.0 0.44979730
2937.6 0.44711310
2941.2 0.46682775
2944.8 0.47332165
2948.4 0.48979199
2952.0 0.52078456
2955.6 0.50550425
2959.2 0.48020136
2962.8 0.47776574
2966.4 0.45637202
2970.0 0.44493070
2973.6 0.44026765
2977.2 0.43286735
2980.8 0.41839367
2984.4 0.40226898
2988.0 0.39755991
2991.6 0.39939258
2995.2 0.41041440
2998.8 0.40709335
3002.4 0.40442386
3006.0 0.41330543
3009.6 0.39901224
3013.2 0.39394265
3016.8 0.40116665
3020.4 0.39195490
3024.0 0.38769895
3027.6 0.38706037
3031.2 0.38642341
3034.8 0.38815621
3038.4 0.39132869
3042.0 0.38950408
3045.6 0.38801879
3049.2 0.40967295
3052.8 0.40716949
3056.4 0.41333488
3060.0 0.40593097
3063.6 0.39611697
3067.2 0.38974246
3070.8 0.40717569
3074.4 0.40688807
3078.0 0.40394646
3081.6 0.42258224
3085.2 0.41133076
3088.8 0.42459923
3092.4 0.44767541
3096.0 0.43991169
3099.6 0.44888538
3103.2 0.45708326
3106.8 0.47576109
3110.4 0.50589675
3114.0 0.51145059
3117.6 0.53973162
3121.2 0.58416551
3124.8 0.60578108
3128.4 0.60833222
3132.0 0.56562626
3135.6 0.55550379
3139.2 0.54991502
3142.8 0.52320856
3146.4 0.49951181
3150.0 0.45744106
3153.6 0.44787964
3157.2 0.43003729
3160.8 0.42133698
3164.4 0.43200165
3168.0 0.42020407
3171.6 0.41303989
3175.2 0.41344497
3178.8 0.40376833
3182.4 0.40090588
3186.0 0.39880466
3189.6 0.37417272
3193.2 0.38696352
3196.8 0.38496405
3200.4 0.39476094
3204.0 0.38618881
3207.6 0.38448578
3211.2 0.40178782
3214.8 0.40757993
3218.4 0.42294592
3222.0 0.41680443
3225.6 0.41361284
3229.2 0.39807969
3232.8 0.41998005
3236.4 0.42089686
3240.0 0.42347026
3243.6 0.42041329
3247.2 0.43621626
3250.8 0.45477277
3254.4 0.45148033
3258.0 0.43294656
3261.6 0.42268893
3265.2 0.41242531
3268.8 0.41527417
3272.4 0.44581154
3276.0 0.43367162
3279.6 0.42835489
3283.2 0.44492829
3286.8 0.44116464
3290.4 0.40852845
3294.0 0.43051931
3297.6 0.44759682
3301.2 0.42831582
3304.8 0.42011356
3308.4 0.42671493
3312.0 0.41075119
3315.6 0.40115684
3319.2 0.40243185
3322.8 0.41521716
3326.4 0.43024626
3330.0 0.42994678
3333.6 0.42131534
3337.2 0.42651299
3340.8 0.41375718
3344.4 0.42058575
3348.0 0.40781996
3351.6 0.42914438
3355.2 0.40385944
3358.8 0.41691595
3362.4 0.39950225
3366.0 0.40318328
3369.6 0.40625593
3373.2 0.41957739
3376.8 0.38263133
3380.4 0.38175553
3384.0 0.35886368
3387.6 0.35427877
3391.2 0.34927118
3394.8 0.35775539
3398.4 0.35652962
3402.0 0.35540888
3405.6 0.34897846
3409.2 0.35421175
3412.8 0.35779676
3416.4 0.35022664
3420.0 0.33842236
3423.6 0.34137979
3427.2 0.34271103
3430.8 0.34086481
3434.4 0.34611431
3438.0 0.35044995
3441.6 0.35670698
3445.2 0.35529637
3448.8 0.35243875
3452.4 0.35923490
3456.0 0.36947891
3459.6 0.36965266
3463.2 0.37298185
3466.8 0.38687876
3470.4 0.40961087
3474.0 0.41145235
3477.6 0.44216064
3481.2 0.44616097
3484.8 0.46100020
3488.4 0.49535540
3492.0 0.51565653
3495.6 0.57681602
3499.2 0.62906647
3502.8 0.60908085
3506.4 0.56803727
3510.0 0.52741194
3513.6 0.49883029
3517.2 0.47395271
3520.8 0.44258627
3524.4 0.43461755
3528.0 0.43023917
3531.6 0.41519493
3535.2 0.39198077
3538.8 0.40360981
3542.4 0.39038223
3546.0 0.38433373
3549.6 0.37778288
3553.2 0.36755678
3556.8 0.36348888
3560.4 0.37288174
3564.0 0.37289998
3567.6 0.43994910
3571.2 0.48085290
3574.8 0.40187797
3578.4 0.35686553
3582.0 0.34736371
3585.6 0.34439310
3589.2 0.33587012
3592.8 0.35765502
3596.4 0.39066982
3600.0 0.47468480
3603.6 0.66864645
3607.2 0.66698778
3610.8 0.44844732
3614.4 0.37745953
3618.0 0.35479823
3621.6 0.34499705
3625.2 0.33680531
3628.8 0.33028227
3632.4 0.33044165
3636.0 0.32804805
3639.6 0.32845685
3643.2 0.32795456
3646.8 0.32254615
3650.4 0.31890401
3654.0 0.31884348
3657.6 0.30659723
3661.2 0.30024084
3664.8 0.31338096
3668.4 0.31051058
3672.0 0.31431511
3675.6 0.30159333
3679.2 0.30400401
3682.8 0.29970998
3686.4 0.31011915
3690.0 0.30462000
3693.6 0.29672456
3697.2 0.30347711
3700.8 0.30153552
3704.4 0.31067109
3708.0 0.31223330
3711.6 0.32469273
3715.2 0.33166116
3718.8 0.32693976
3722.4 0.31743947
3726.0 0.33135337
3729.6 0.31759524
3733.2 0.30967352
3736.8 0.31024504
3740.4 0.32770076
3744.0 0.32152668
3747.6 0.30454814
3751.2 0.30849707
3754.8 0.31128851
3758.4 0.31646881
3762.0 0.31128985
3765.6 0.31419805
3769.2 0.31291878
3772.8 0.31459597
3776.4 0.30306947
3780.0 0.30815962
3783.6 0.31811643
3787.2 0.30278122
3790.8 0.31128970
3794.4 0.31249988
3798.0 0.31016192
3801.6 0.31055972
3805.2 0.31275186
3808.8 0.31066471
3812.4 0.32256258
3816.0 0.30788001
3819.6 0.30135864
3823.2 0.32949156
3826.8 0.30751970
3830.4 0.32177556
3834.0 0.31359738
3837.6 0.30421183
3841.2 0.29985756
3844.8 0.29640341
3848.4 0.30523482
3852.0 0.28923184
3855.6 0.29174146
3859.2 0.29466465
3862.8 0.29142484
3866.4 0.27769530
3870.0 0.28273845
3873.6 0.28950775
3877.2 0.28884554
3880.8 0.28001338
3884.4 0.28099370
3888.0 0.27858043
3891.6 0.27313912
3895.2 0.27854055
3898.8 0.28415334
3902.4 0.28218871
3906.0 0.27524927
3909.6 0.27119768
3913.2 0.26710203
3916.8 0.27631688
3920.4 0.26636651
3924.0 0.28431490
3927.6 0.26793930
3931.2 0.26910791
3934.8 0.26490459
3938.4 0.26454100
3942.0 0.26417816
3945.6 0.26381603
3949.2 0.26980290
3952.8 0.27092412
3956.4 0.27709994
3960.0 0.27028623
3963.6 0.27104008
3967.2 0.26165906
3970.8 0.26130205
3974.4 0.26868957
3978.0 0.27658615
3981.6 0.27185959
3985.2 0.26517582
3988.8 0.27555871
3992.4 0.27992234
3996.0 0.26583144
3999.6 0.26879287
4003.2 0.25812238
4006.8 0.25777268
4010.4 0.26291090
4014.0 0.25853211
4017.6 0.28258404
4021.2 0.26972964
4024.8 0.26233220
4028.4 0.29284358
4032.0 0.28890911
4035.6 0.27582371
4039.2 0.27074754
4042.8 0.25844729
4046.4 0.25805831
4050.0 0.25363120
4053.6 0.26189759
4057.2 0.25295070
4060.8 0.25414744
4064.4 0.25227296
4068.0 0.25429541
4071.6 0.25159791
4075.2 0.25296521
4078.8 0.25200641
4082.4 0.25059041
4086.0 0.25928625
4089.6 0.25542256
4093.2 0.24958916
4096.8 0.24925667
4100.4 0.24892493
4104.0 0.24859379
4107.6 0.24826333
4111.2 0.24793358
4114.8 0.24760444
4118.4 0.25267926
4122.0 0.24694817
4125.6 0.24733688
4129.2 0.24629450
4132.8 0.24738890
4136.4 0.24572597
4140.0 0.24531877
4143.6 0.24768437
4147.2 0.25112557
4150.8 0.25231215
4154.4 0.24994977
4158.0 0.24951345
4161.6 0.24878432
4165.2 0.24534227
4168.8 0.24735492
4172.4 0.24572811
4176.0 0.24524470
4179.6 0.25069594
4183.2 0.26166970
4186.8 0.24882302
4190.4 0.25744373
4194.0 0.25245786
4197.6 0.26025513
4201.2 0.25414735
4204.8 0.26238534
4208.4 0.25818962
4212.0 0.25935805
4215.6 0.26689357
4219.2 0.26041445
4222.8 0.26538292
4226.4 0.27413061
4230.0 0.29514423
4233.6 0.28838673
4237.2 0.28281569
4240.8 0.28434721
4244.4 0.25927863
4248.0 0.25492939
4251.6 0.26679552
4255.2 0.26207152
4258.8 0.25294545
4262.4 0.25431499
4266.0 0.25571099
4269.6 0.25604296
4273.2 0.25153151
4276.8 0.25649348
4280.4 0.26176494
4284.0 0.24565761
4287.6 0.24828036
4291.2 0.24657144
4294.8 0.25448126
4298.4 0.24007663
4302.0 0.24265219
4305.6 0.24199431
4309.2 0.24113029
4312.8 0.24286692
4316.4 0.24238861
4320.0 0.24179983
4323.6 0.24399504
4327.2 0.24005535
4330.8 0.23806083
4334.4 0.23388968
4338.0 0.23370484
4341.6 0.22990124
4345.2 0.23437436
4348.8 0.23488864
4352.4 0.23760112
4356.0 0.23953404
4359.6 0.23041593
4363.2 0.23537621
4366.8 0.24245384
4370.4 0.23963563
4374.0 0.24203393
4377.6 0.24645905
4381.2 0.24243167
4384.8 0.24423958
4388.4 0.23942177
4392.0 0.25146681
4395.6 0.23123258
4399.2 0.22355488
4402.8 0.22695553
4406.4 0.22393589
4410.0 0.22515944
4413.6 0.22548619
4417.2 0.22992913
4420.8 0.23419529
4424.4 0.22357468
4428.0 0.22987434
4431.6 0.23610696
4435.2 0.22742203
4438.8 0.22364154
4442.4 0.22021425
4446.0 0.21993932
4449.6 0.22088446
4453.2 0.23393823
4456.8 0.22290061
4460.4 0.22422896
4464.0 0.21857253
4467.6 0.21913454
4471.2 0.21895953
4474.8 0.22253394
4478.4 0.22030210
4482.0 0.22534005
4485.6 0.22611023
4489.2 0.22099189
4492.8 0.21948566
4496.4 0.21917039
4500.0 0.22550593
4503.6 0.22411209
4507.2 0.21939546
4510.8 0.21781678
4514.4 0.21615304
4518.0 0.21512419
4521.6 0.21692014
4525.2 0.21882989
4528.8 0.22607410
4532.4 0.22919631
4536.0 0.23354812
4539.6 0.24098924
4543.2 0.23137002
4546.8 0.22004713
4550.4 0.22078109
4554.0 0.21851625
4557.6 0.21512382
4561.2 0.21849483
4564.8 0.22501233
4568.4 0.22739601
4572.0 0.22033525
4575.6 0.22206837
4579.2 0.22540663
4582.8 0.22949393
4586.4 0.23299234
4590.0 0.22152810
4593.6 0.22373798
4597.2 0.22790666
4600.8 0.22860430
4604.4 0.22376025
4608.0 0.22337890
4611.6 0.22671190
4615.2 0.22652052
4618.8 0.22406794
4622.4 0.22958720
4626.0 0.22725259
4629.6 0.23047721
4633.2 0.23601021
4636.8 0.23272996
4640.4 0.23952197
4644.0 0.23570134
4647.6 0.25172538
4651.2 0.25360349
4654.8 0.26025879
4658.4 0.26760033
4662.0 0.26653114
4665.6 0.27199215
4669.2 0.28726590
4672.8 0.28887558
4676.4 0.30147690
4680.0 0.31541961
4683.6 0.33479461
4687.2 0.35722816
4690.8 0.38429767
4694.4 0.42158240
4698.0 0.46815366
4701.6 0.52515435
4705.2 0.59231979
4708.8 0.69449043
4712.4 0.81601691
4716.0 0.96908939
4719.6 1.1234705
4723.2 1.3215970
4726.8 1.3582379
4730.4 1.1615810
4734.0 0.96683615
4737.6 0.87965655
4741.2 0.82855350
4744.8 0.71754110
4748.4 0.60535592
4752.0 0.54537952
4755.6 0.49747810
4759.2 0.45367941
4762.8 0.42030564
4766.4 0.39989600
4770.0 0.37443045
4773.6 0.34863031
4777.2 0.32719436
4780.8 0.30565944
4784.4 0.28724712
4788.0 0.28143129
4791.6 0.27565888
4795.2 0.26180622
4798.8 0.26012483
4802.4 0.25525334
4806.0 0.25555056
4809.6 0.26006028
4813.2 0.25933933
4816.8 0.25394654
4820.4 0.24571815
4824.0 0.25799656
4827.6 0.26463315
4831.2 0.27003008
4834.8 0.29737431
4838.4 0.29584292
4842.0 0.27580783
4845.6 0.27859160
4849.2 0.28196296
4852.8 0.27386805
4856.4 0.25275370
4860.0 0.23219897
4863.6 0.22992480
4867.2 0.22410703
4870.8 0.21731161
4874.4 0.21595734
4878.0 0.20994183
4881.6 0.20069906
4885.2 0.19958925
4888.8 0.20057367
4892.4 0.20022649
4896.0 0.19089794
4899.6 0.18911637
4903.2 0.18889976
4906.8 0.19495243
4910.4 0.20263214
4914.0 0.19461024
4917.6 0.19178392
4921.2 0.19122615
4924.8 0.18760495
4928.4 0.18739058
4932.0 0.18717663
4935.6 0.19981681
4939.2 0.19220780
4942.8 0.19358210
4946.4 0.18632461
4950.0 0.18611255
4953.6 0.18950318
4957.2 0.19557671
4960.8 0.19405127
4964.4 0.18948482
4968.0 0.19139491
4971.6 0.19156577
4975.2 0.19014075
4978.8 0.18442999
4982.4 0.18422136
4986.0 0.18401311
4989.6 0.18550777
4993.2 0.18359776
4996.8 0.18339065
5000.4 0.18318392
5004.0 0.18751404
5007.6 0.18277155
5011.2 0.18256591
5014.8 0.18236068
5018.4 0.18486927
5022.0 0.18195124
5025.6 0.18174711
5029.2 0.18154331
5032.8 0.18133989
5036.4 0.18623546
5040.0 0.18202071
5043.6 0.19205406
5047.2 0.18189608
5050.8 0.18189056
5054.4 0.18012705
5058.0 0.17992619
5061.6 0.19276857
5065.2 0.20001350
5068.8 0.19307062
5072.4 0.20742558
5076.0 0.19179134
5079.6 0.21580747
5083.2 0.20314884
5086.8 0.18771349
5090.4 0.20891212
5094.0 0.19461443
5097.6 0.18980141
5101.2 0.19138537
5104.8 0.18533675
5108.4 0.18271790
5112.0 0.17695600
5115.6 0.17676081
5119.2 0.17929818
5122.8 0.18601950
5126.4 0.17617732
5130.0 0.17598356
5133.6 0.17579012
5137.2 0.17559703
5140.8 0.19312057
5144.4 0.17938726
5148.0 0.17501979
5151.6 0.17482808
5155.2 0.17777593
5158.8 0.17657316
5162.4 0.17425491
5166.0 0.17406464
5169.6 0.17900215
5173.2 0.18455267
5176.8 0.19477364
5180.4 0.17330655
5184.0 0.19173482
5187.6 0.17342927
5191.2 0.18159512
5194.8 0.17255391
5198.4 0.18423040
5202.0 0.17938472
5205.6 0.17901698
5209.2 0.18256892
5212.8 0.19107834
5216.4 0.18203409
5220.0 0.17124970
5223.6 0.18278450
5227.2 0.20235206
5230.8 0.17069572
5234.4 0.17051172
5238.0 0.17081760
5241.6 0.17014466
5245.2 0.16996166
5248.8 0.16977894
5252.4 0.18639717
5256.0 0.18156691
5259.6 0.16923282
5263.2 0.16905142
5266.8 0.17811224
5270.4 0.19059694
5274.0 0.16850916
5277.6 0.16991577
5281.2 0.20768239
5284.8 0.17859441
5288.4 0.17704661
5292.0 0.16761178
5295.6 0.19045311
5299.2 0.20354193
5302.8 0.19442704
5306.4 0.21384551
5310.0 0.20934632
5313.6 0.22061838
5317.2 0.19174805
5320.8 0.19895291
5324.4 0.24501429
5328.0 0.21974422
5331.6 0.21087174
5335.2 0.19085963
5338.8 0.18442935
5342.4 0.22796354
5346.0 0.21743380
5349.6 0.21034163
5353.2 0.19590817
5356.8 0.17528255
5360.4 0.19807927
5364.0 0.16410115
5367.6 0.16392888
5371.2 0.16375688
5374.8 0.16358526
5378.4 0.16341391
5382.0 0.16324283
5385.6 0.16307212
5389.2 0.16290164
5392.8 0.16273151
5396.4 0.16256166
5400.0 0.16239214
5403.6 0.16222289
5407.2 0.16205396
5410.8 0.16188532
5414.4 0.16171701
5418.0 0.16154899
5421.6 0.16138123
5425.2 0.16121380
5428.8 0.16104664
5432.4 0.16087982
5436.0 0.16071327
5439.6 0.16054700
5443.2 0.16038108
5446.8 0.16021541
5450.4 0.16005002
5454.0 0.15988493
5457.6 0.15972017
5461.2 0.15955570
5464.8 0.15939146
5468.4 0.15922756
5472.0 0.15906399
5475.6 0.15890066
5479.2 0.15873763
5482.8 0.15857488
5486.4 0.15841243
5490.0 0.15825026
5493.6 0.15808840
5497.2 0.15792684
5500.8 0.15776557
5504.4 0.15760450
5508.0 0.15744379
5511.6 0.15728335
5515.2 0.15712319
5518.8 0.15696333
5522.4 0.15680374
5526.0 0.15664446
5529.6 0.15648542
5533.2 0.15632670
5536.8 0.15616827
5540.4 0.15601012
5544.0 0.15585220
5547.6 0.15569459
5551.2 0.15553729
5554.8 0.15538022
5558.4 0.15522347
5562.0 0.15506697
5565.6 0.15491071
5569.2 0.15475483
5572.8 0.15459928
5576.4 0.15444383
5580.0 0.15428869
5583.6 0.15413392
5587.2 0.15397938
5590.8 0.15382503
5594.4 0.15367100
5598.0 0.15351745
5601.6 0.15336387
5605.2 0.15321073
5608.8 0.15305790
5612.4 0.15290527
5616.0 0.15275294
5619.6 0.15260082
5623.2 0.15244894
5626.8 0.15229753
5630.4 0.15214621
5634.0 0.15199520
5637.6 0.15184438
5641.2 0.15169394
5644.8 0.15154375
5648.4 0.15139380
5652.0 0.15124413
5655.6 0.15109481
5659.2 0.15094574
5662.8 0.15079689
5666.4 0.15064827
5670.0 0.15049995
5673.6 0.15035194
5677.2 0.15020406
5680.8 0.15005653
5684.4 0.14990936
5688.0 0.14976226
5691.6 0.14961556
5695.2 0.14946915
5698.8 0.14932291
5702.4 0.14917696
5706.0 0.14903127
5709.6 0.14888574
5713.2 0.14874068
5716.8 0.14859571
5720.4 0.14845106
5724.0 0.14830668
5727.6 0.14816257
5731.2 0.14801866
5734.8 0.14787515
5738.4 0.14773180
5742.0 0.14758871
5745.6 0.14744578
5749.2 0.14730325
5752.8 0.14716090
5756.4 0.14701882
5760.0 0.14687701
5763.6 0.14673549
5767.2 0.14659412
5770.8 0.14645314
5774.4 0.14631236
5778.0 0.14617181
5781.6 0.14603141
5785.2 0.14589144
5788.8 0.14575158
5792.4 0.14561220
5796.0 0.14547288
5799.6 0.14533377
5803.2 0.14519502
5806.8 0.14505644
5810.4 0.14491828
5814.0 0.14478023
5817.6 0.14464234
5821.2 0.14450485
5824.8 0.14436762
5828.4 0.14423059
5832.0 0.14409375
5835.6 0.14395723
5839.2 0.14382097
5842.8 0.14368485
5846.4 0.14354903
5850.0 0.14341359
5853.6 0.14327824
5857.2 0.14314307
5860.8 0.14300831
5864.4 0.14287367
5868.0 0.14273942
5871.6 0.14260533
5875.2 0.14247139
5878.8 0.14233784
5882.4 0.14220449
5886.0 0.14207137
5889.6 0.14193845
5893.2 0.14180581
5896.8 0.14167345
5900.4 0.14154123
5904.0 0.14140940
5907.6 0.14127766
5911.2 0.14114624
5914.8 0.14101505
5918.4 0.14088410
5922.0 0.14075334
5925.6 0.14062297
5929.2 0.14049269
5932.8 0.14036267
5936.4 0.14023294
5940.0 0.14010334
5943.6 0.13997410
5947.2 0.13984500
5950.8 0.13971615
5954.4 0.13958758
5958.0 0.13945925
5961.6 0.13933104
5965.2 0.13920324
5968.8 0.13907559
5972.4 0.13894813
5976.0 0.13882098
5979.6 0.13869396
5983.2 0.13856728
5986.8 0.13844074
5990.4 0.13831459
5994.0 0.13818856
5997.6 0.13806266
