300.0 0.0
315.0 0.0000000
318.15 0.0000000
321.3 0.0000000
324.45 0.0000000
327.6 0.0000000
330.75 0.0000000
333.9 0.0000000
337.05 0.0000000
340.2 0.0000000
343.35 0.0000000
346.5 0.0000000
349.65 0.0000000
352.8 0.0000000
355.95 0.0000000
359.1 0.0000000
362.25 0.0000000
365.4 0.0000000
368.55 0.0000000
371.7 0.0000000
374.85 0.0000000
378.0 0.0000000
381.15 0.0000000
384.3 0.0000000
387.45 0.0000000
390.6 0.0000000
393.75 0.0000000
396.9 0.0000000
400.05 0.0000000
403.2 0.0000000
406.35002 0.0000000
409.50002 0.0000000
412.65 0.0000000
415.8 0.0000000
418.95 0.0000000
422.1 0.0000000
425.25 0.0000000
428.4 0.0000000
431.55 0.0000000
434.7 0.0000000
437.85 0.0000000
441.0 0.0000000
444.15 0.0000000
447.3 0.0000000
450.45 0.0000000
453.6 0.0000000
456.75 0.0000000
459.9 0.0000000
463.05 0.0000000
466.2 0.0000000
469.35 0.0000000
472.5 0.0000000
475.65 0.0000000
478.8 0.0000000
481.95 0.0000000
485.1 0.0000000
488.25 0.0000000
491.4 0.0000000
494.55 0.0000000
497.7 0.0000000
500.85 0.0000000
504.0 0.0000000
507.15 0.0000000
510.3 0.0000000
513.45 0.0000000
516.6 0.0000000
519.75 0.0000000
522.9 0.0000000
526.05 0.0000000
529.2 0.0000000
532.35 0.0000000
535.5 0.0000000
538.65 0.0000000
541.8 0.0000000
544.95 0.0000000
548.1 0.0000000
551.25 0.0000000
554.4 0.0000000
557.55 0.0000000
560.7 0.0000000
563.85 0.0000000
567.0 0.0000000
570.15 0.0000000
573.3 0.0000000
576.45 1.0029573
579.6 0.95998913
582.75 0.91819799
585.9 0.87753350
589.05 0.83803803
592.2 0.79971486
595.35 0.76255751
598.5 0.72657591
601.65 0.69176787
604.8 0.65810299
607.95 0.62556124
611.1 0.59412354
614.25 0.97463638
617.4 0.93539947
620.55 0.89716917
623.7 0.85997939
626.85 0.82383609
630.0 0.86508310
633.15 0.86740804
636.3 0.82906812
639.45 0.85340637
642.6 0.89672011
645.75 0.95699817
648.9 2.6491966
652.05 2.6805327
655.2 2.2586267
658.35 1.8729581
661.5 1.7495400
664.65 1.6948409
667.8 1.6918621
670.95 1.7115585
674.1 1.6603930
677.25 1.4931984
680.4 1.5008460
683.55 1.3370676
686.7 1.2119210
689.85 1.1169242
693.0 1.0727377
696.15 1.0856723
699.3 1.0383043
702.45 1.0564128
705.6 1.0852219
708.75 1.0525948
711.9 0.93641764
715.05 0.90481544
718.2 0.82368070
721.35 0.82918632
724.5 0.81848806
727.65 0.78539598
730.8 0.77606046
733.95 0.79393303
737.1 0.81843692
740.25 0.87504971
743.4 0.90155607
746.55 0.93954194
749.7 0.99680132
752.85 1.0939738
756.0 1.2341709
759.15 1.4644754
762.3 1.8026918
765.45 2.4286170
768.6 12.967040
771.75 10.448945
774.9 9.7100210
778.05 9.6704531
781.2 9.0260162
784.35 7.1998224
787.5 6.1941209
790.65 5.8044453
793.8 5.5351124
796.95 5.1575193
800.1 4.6930447
803.25 4.3816500
806.4 4.2658110
809.55005 4.2624793
812.70005 4.3167429
815.85005 4.3312325
819.00005 4.6430440
822.15 4.7000585
825.3 4.4830842
828.45 4.0717068
831.6 4.0845609
834.75 4.0343323
837.9 4.1175776
841.05 4.1748791
844.2 4.1106539
847.35 3.9501765
850.5 3.8853350
853.65 3.9961362
856.8 3.9589052
859.95 4.0124063
863.1 3.9483116
866.25 4.0282297
869.4 4.2455101
872.55 4.4700942
875.7 4.7839274
878.85 4.8577213
882.0 4.9121571
885.15 4.4538426
888.3 4.1464100
891.45 3.9163065
894.6 3.8103886
897.75 3.7825146
900.9 3.6013441
904.05 3.5456843
907.2 3.5146198
910.35 3.4787474
913.5 3.5312867
916.65 3.4876854
919.8 3.4039991
922.95 3.4964700
926.1 3.4266517
929.25 3.4706156
932.4 3.5439658
935.55 3.5865767
938.7 3.6639597
941.85 3.6487873
945.0 3.7543981
948.15 3.8273137
951.3 3.9099877
954.45 4.0470185
957.6 4.3371763
960.75 4.7274470
963.9 5.1746607
967.05 5.7434363
970.2 6.4499459
973.35 6.8589001
976.5 6.2092438
979.65 5.2535286
982.8 4.5278702
985.95 4.1449499
989.1 3.9477162
992.25 3.8306057
995.4 3.6396189
998.55 3.6168509
1001.7 3.4985321
1004.85 3.5575995
1008.0 3.5572755
1011.15 3.5349708
1014.3 3.5636208
1017.45 3.5092587
1020.6 3.5522575
1023.75 3.5914149
1026.9 3.5871260
1030.05 3.6539230
1033.2 3.5029740
1036.35 3.4693863
1039.5 3.4147422
1042.65 3.4610038
1045.8 3.4669521
1048.95 3.4081554
1052.1 3.2268863
1055.25 3.1143389
1058.4 3.0623844
1061.55 2.9980175
1064.7 2.9950802
1067.85 2.9792483
1071.0 2.9659004
1074.15 3.0049233
1077.3 2.9878490
1080.45 3.0280724
1083.6 3.0344548
1086.75 3.0213299
1089.9 2.9791698
1093.05 3.0094039
1096.2 3.0154135
1099.35 3.0895000
1102.5 3.0324759
1105.65 2.9764960
1108.8 2.8388081
1111.95 2.8747432
1115.1 2.8812566
1118.25 2.8365221
1121.4 2.9258811
1124.55 2.9471624
1127.7 2.8634090
1130.85 2.8085337
1134.0 2.8062265
1137.15 2.8002839
1140.3 2.7931085
1143.45 2.8227272
1146.6 2.7676401
1149.75 2.7532148
1152.9 2.7827282
1156.05 2.7739472
1159.2 2.8369293
1162.35 2.8190775
1165.5 2.9953988
1168.65 2.9792695
1171.8 3.0037525
1174.95 2.9525876
1178.1 2.9533877
1181.25 2.9749012
1184.4 3.1013732
1187.55 3.3308039
1190.7 3.5379059
1193.85 3.7048516
1197.0 3.7642021
1200.15 3.9547145
1203.3 3.7753601
1206.45 3.4457657
1209.6 3.1462235
1212.75 2.9461911
1215.9 2.8501902
1219.05 2.7529297
1222.2 2.6615682
1225.35 2.5906880
1228.5 2.5672827
1231.65 2.4635620
1234.8 2.4178400
1237.95 2.3918667
1241.1 2.4081824
1244.25 2.4114952
1247.4 2.3492246
1250.55 2.3521693
1253.7 2.3579359
1256.85 2.3709581
1260.0 2.3057694
1263.15 2.3244381
1266.3 2.3721125
1269.45 2.2375789
1272.6 2.2905223
1275.75 2.2989762
1278.9 2.2767546
1282.05 2.2900524
1285.2 2.2477970
1288.35 2.2121787
1291.5 2.2676656
1294.65 2.3532250
1297.8 2.3006666
1300.95 2.3524153
1304.1 2.3266883
1307.25 2.3270319
1310.4 2.3081043
1313.55 2.3319371
1316.7 2.3194599
1319.85 2.3078957
1323.0 2.2288041
1326.15 2.1873984
1329.3 2.2105079
1332.45 2.2366724
1335.6 2.1370840
1338.75 2.2350430
1341.9 2.1523099
1345.05 2.1986344
1348.2 2.1735287
1351.35 2.2126527
1354.5 2.1033306
1357.65 2.1295736
1360.8 2.1227024
1363.95 2.1548803
1367.1 2.0436060
1370.25 2.0628891
1373.4 2.0974131
1376.55 1.9997313
1379.7 2.0323701
1382.85 1.9665579
1386.0 1.9075491
1389.15 1.9009694
1392.3 1.8944263
1395.45 1.9022992
1398.6 1.9092721
1401.75 1.9075443
1404.9 1.8764366
1408.05 1.8622521
1411.2 1.8559231
1414.35 1.8496292
1417.5 1.8682996
1420.65 1.8605649
1423.8 1.8832625
1426.95 1.8899080
1430.1 1.8844736
1433.25 1.8934867
1436.4 1.9062154
1439.55 1.9359214
1442.7 1.9744569
1445.85 1.9542820
1449.0 2.0009973
1452.15 2.0190022
1455.3 2.0309844
1458.45 2.0372658
1461.6 2.0467653
1464.75 2.0674489
1467.9 2.0729144
1471.05 2.0399797
1474.2 2.0171225
1477.35 1.9672343
1480.5 1.9575948
1483.65 1.9152025
1486.8 1.9384956
1489.95 1.9100795
1493.1 1.8932340
1496.25 1.8939563
1499.4 1.8777789
1502.55 1.8777177
1505.7 1.8773810
1508.85 1.8944232
1512.0 1.9342113
1515.15 1.9000987
1518.3 1.9638031
1521.45 2.0075576
1524.6 2.0621676
1527.75 2.0512221
1530.9 1.9883109
1534.05 1.9737170
1537.2 1.9753705
1540.35 1.9259945
1543.5 1.8857355
1546.65 1.8707163
1549.8 1.8591287
1552.95 1.8903801
1556.1 1.9244472
1559.25 1.9276751
1562.4 1.9108659
1565.55 1.9114186
1568.7 1.8951933
1571.85 1.9005827
1575.0 1.8771201
1578.15 1.8652422
1581.3 1.8633649
1584.45 1.8507856
1587.6 1.8235170
1590.75 1.7933606
1593.9 1.8062953
1597.05 1.8084946
1600.2 1.8055294
1603.35 1.7843788
1606.5 1.7668797
1609.65 1.7586474
1612.8 1.7463459
1615.9501 1.7360630
1619.1001 1.7177399
1622.2501 1.6912041
1625.4001 1.6963967
1628.5501 1.6932040
1631.7001 1.6711969
1634.8501 1.6243066
1638.0001 1.6628288
1641.15 1.6669859
1644.3 1.6536820
1647.45 1.6504698
1650.6 1.6614947
1653.75 1.6277111
1656.9 1.6252067
1660.05 1.5904903
1663.2 1.5626600
1666.35 1.4987975
1669.5 1.4891274
1672.65 1.4838927
1675.8 1.4666736
1678.95 1.5037872
1682.1 1.5229263
1685.25 1.5234509
1688.4 1.4881103
1691.55 1.5006266
1694.7 1.5045222
1697.85 1.5220728
1701.0 1.5196178
1704.15 1.5520825
1707.3 1.5943900
1710.45 1.6056126
1713.6 1.5822911
1716.75 1.6279536
1719.9 1.6468390
1723.05 1.6424572
1726.2 1.6481388
1729.35 1.7119641
1732.5 1.7510523
1735.65 1.7391021
1738.8 1.7692612
1741.95 1.7261474
1745.1 1.7664322
1748.25 1.8239729
1751.4 1.9727585
1754.55 2.1470900
1757.7 2.4191675
1760.85 2.6958075
1764.0 2.7774773
1767.15 2.6321054
1770.3 2.3275819
1773.45 2.0674968
1776.6 1.9052724
1779.75 1.8237967
1782.9 1.7591906
1786.05 1.7087280
1789.2 1.6685623
1792.35 1.6300588
1795.5 1.6160194
1798.65 1.5808794
1801.8 1.5501952
1804.95 1.5155731
1808.1 1.4950532
1811.25 1.4881921
1814.4 1.4433495
1817.55 1.4438907
1820.7 1.4058287
1823.85 1.3945081
1827.0 1.3908242
1830.15 1.3314093
1833.3 1.3493142
1836.45 1.3463871
1839.6 1.3640785
1842.75 1.3993979
1845.9 1.4104065
1849.05 1.4131349
1852.2 1.4099169
1855.35 1.4176420
1858.5 1.3962717
1861.65 1.3977033
1864.8 1.4141996
1867.95 1.3913412
1871.1 1.3940722
1874.25 1.3671099
1877.4 1.3734177
1880.55 1.3384416
1883.7 1.3141055
1886.85 1.2887694
1890.0 1.2753409
1893.15 1.2430735
1896.3 1.2288424
1899.45 1.1936113
1902.6 1.1690025
1905.75 1.1627291
1908.9 1.1721861
1912.05 1.1553799
1915.2 1.1785288
1918.35 1.1831584
1921.5 1.1853607
1924.65 1.1836889
1927.8 1.1831807
1930.95 1.2051016
1934.1 1.1911042
1937.25 1.2130810
1940.4 1.2102146
1943.55 1.2039202
1946.7 1.1893244
1949.85 1.1999354
1953.0 1.1899905
1956.15 1.2138313
1959.3 1.2430640
1962.45 1.2448540
1965.6 1.2930508
1968.75 1.3019174
1971.9 1.2997801
1975.05 1.2804135
1978.2 1.2776349
1981.35 1.2290932
1984.5 1.2548349
1987.65 1.2410067
1990.8 1.2371938
1993.95 1.2511790
1997.1 1.2826445
2000.25 1.2823653
2003.4 1.2968764
2006.55 1.3034239
2009.7 1.3119895
2012.85 1.2975798
2016.0 1.3023319
2019.15 1.2814493
2022.3 1.2943971
2025.45 1.2769240
2028.6 1.2375656
2031.75 1.2366393
2034.9 1.2503817
2038.05 1.2160307
2041.2 1.2127626
2044.35 1.2122781
2047.5 1.2101674
2050.65 1.2279692
2053.8 1.2211651
2056.95 1.1990930
2060.1 1.1953752
2063.25 1.2180432
2066.4 1.2143586
2069.55 1.2046976
2072.7 1.2253745
2075.85 1.1893656
2079.0 1.1733053
2082.15 1.1562729
2085.3 1.1438347
2088.45 1.1339563
2091.6 1.1093369
2094.75 1.1037073
2097.9 1.1154747
2101.05 1.1241363
2104.2 1.1373259
2107.35 1.1715217
2110.5 1.1304183
2113.65 1.1134543
2116.8 1.1053574
2119.95 1.0989020
2123.1 1.0849268
2126.25 1.1094570
2129.4 1.1042211
2132.55 1.1108420
2135.7 1.0992910
2138.85 1.1015058
2142.0 1.1009443
2145.15 1.1249413
2148.3 1.1303418
2151.45 1.1482561
2154.6 1.1842642
2157.75 1.2311494
2160.9 1.1718123
2164.05 1.1260412
2167.2 1.1312559
2170.35 1.1126786
2173.5 1.0709183
2176.65 1.0817441
2179.8 1.0836908
2182.95 1.0524542
2186.1 1.0442102
2189.25 1.0199239
2192.4 1.0044173
2195.55 1.0302814
2198.7 1.0262897
2201.85 1.0106934
2205.0 1.0293945
2208.15 1.0025326
2211.3 0.98537821
2214.45 0.98393631
2217.6 0.96636349
2220.75 0.94935548
2223.9 0.93008262
2227.05 0.94080496
2230.2 0.93754333
2233.35 0.90949965
2236.5 0.91655105
2239.65 0.93035424
2242.8 0.93558145
2245.95 0.91696095
2249.1 0.93278074
2252.25 0.95502770
2255.4 0.93614817
2258.55 0.95554042
2261.7 0.92721027
2264.85 0.92845958
2268.0 0.91379017
2271.15 0.92463762
2274.3 0.92913824
2277.45 0.90995097
2280.6 0.93422669
2283.75 0.91757959
2286.9 0.90853149
2290.05 0.91559589
2293.2 0.89487904
2296.35 0.90378553
2299.5 0.89570415
2302.65 0.90075797
2305.8 0.90580094
2308.95 0.89277577
2312.1 0.88424551
2315.25 0.88089931
2318.4 0.87597972
2321.55 0.86981231
2324.7 0.86954129
2327.85 0.88083303
2331.0 0.87869626
2334.15 0.87700808
2337.3 0.85938734
2340.45 0.86180544
2343.6 0.89719117
2346.75 1.0103467
2349.9 1.0486155
2353.05 0.88541818
2356.2 0.85327244
2359.35 0.85233629
2362.5 0.84145510
2365.65 0.87088752
2368.8 0.84579015
2371.95 0.82649678
2375.1 0.83148873
2378.25 0.82136637
2381.4 0.80984241
2384.55 0.80065447
2387.7 0.79008752
2390.85 0.74653596
2394.0 0.75800502
2397.15 0.74317133
2400.3 0.77498043
2403.45 0.77247846
2406.6 0.76357198
2409.75 0.75535619
2412.9 0.74916798
2416.05 0.76770055
2419.2 0.75141031
2422.35 0.76336288
2425.5 0.77436101
2428.65 0.78651720
2431.8 0.81714094
2434.95 0.87882900
2438.1 0.91475737
2441.25 0.82149374
2444.4 0.76709062
2447.55 0.79395908
2450.7 0.79969609
2453.85 0.75740266
2457.0 0.74063843
2460.15 0.74116307
2463.3 0.72759688
2466.45 0.72275162
2469.6 0.70880544
2472.75 0.68777221
2475.9 0.66454738
2479.05 0.65943086
2482.2 0.67899871
2485.35 0.69874501
2488.5 0.70024407
2491.65 0.70755708
2494.8 0.72447526
2497.95 0.72455448
2501.1 0.71957266
2504.25 0.69511223
2507.4 0.69754165
2510.55 0.69341695
2513.7 0.66418099
2516.85 0.67218530
2520.0 0.64919841
2523.15 0.64877951
2526.3 0.63710457
2529.45 0.65052968
2532.6 0.65835023
2535.75 0.64591879
2538.9 0.62520546
2542.05 0.62411213
2545.2 0.62079859
2548.35 0.61307395
2551.5 0.63129127
2554.65 0.61761081
2557.8 0.63305438
2560.95 0.64521295
2564.1 0.68408608
2567.25 0.67309880
2570.4 0.66870201
2573.55 0.69779181
2576.7 0.70709926
2579.85 0.73129207
2583.0 0.77712935
2586.15 0.75390464
2589.3 0.71576786
2592.45 0.71174002
2595.6 0.67949116
2598.75 0.66208899
2601.9 0.65478748
2605.05 0.64342630
2608.2 0.62156981
2611.35 0.59728682
2614.5 0.58997202
2617.65 0.59236801
2620.8 0.60838348
2623.95 0.60313261
2627.1 0.59885317
2630.25 0.61167383
2633.4 0.59020191
2636.55 0.58238989
2639.7 0.59275174
2642.85 0.57883090
2646.0 0.57224053
2649.15 0.57099396
2652.3 0.56975144
2655.45 0.57200325
2658.6 0.57637417
2661.75 0.57338405
2664.9 0.57089776
2668.05 0.60244203
2671.2 0.59844744
2674.35 0.60719258
2677.5 0.59600592
2680.65 0.58129454
2683.8 0.57164413
2686.95 0.59690583
2690.1 0.59617662
2693.25 0.59156299
2696.4 0.61853695
2699.55 0.60176039
2702.7 0.62085474
2705.85 0.65426433
2709.0 0.64259171
2712.15 0.65536839
2715.3 0.66700041
2718.45 0.69390649
2721.6 0.73748940
2724.75 0.74521220
2727.9 0.78602624
2731.05 0.85031259
2734.2 0.88133776
2737.35 0.88461041
2740.5 0.82210231
2743.65 0.80699146
2746.8 0.79847920
2749.95 0.75932825
2753.1 0.72458220
2756.25 0.66323090
2759.4 0.64905143
2762.55 0.62289190
2765.7 0.60999376
2768.85 0.62513095
2772.0 0.60776561
2775.15 0.59711593
2778.3 0.59741443
2781.45 0.58315241
2784.6 0.57874143
2787.75 0.57543361
2790.9 0.53963542
2794.05 0.55781752
2797.2 0.55467254
2800.35 0.56851965
2803.5 0.55591238
2806.65 0.55320072
2809.8 0.57782400
2812.95 0.58587962
2816.1 0.60768390
2819.25 0.59858114
2822.4 0.59372175
2825.55 0.57115990
2828.7 0.60230374
2831.85 0.60334027
2835.0 0.60674995
2838.15 0.60209346
2841.3 0.62443972
2844.45 0.65070581
2847.6 0.64570057
2850.75 0.61891240
2853.9 0.60397476
2857.05 0.58904260
2860.2 0.59284383
2863.35 0.63615227
2866.5 0.61855125
2869.65 0.61069411
2872.8 0.63403875
2875.95 0.62839508
2879.1 0.58164918
2882.25 0.61268687
2885.4 0.63670832
2888.55 0.60901183
2891.7 0.59708595
2894.85 0.60620147
2898.0 0.58326697
2901.15 0.56939363
2904.3 0.57095391
2907.45 0.58883655
2910.6 0.60988474
2913.75 0.60919595
2916.9 0.59670770
2920.05 0.60380834
2923.2 0.58549786
2926.35 0.59490514
2929.5 0.57660103
2932.65 0.60649133
2935.8 0.57051373
2938.95 0.58870739
2942.1 0.56387866
2945.25 0.56883311
2948.4 0.57292587
2951.55 0.59146297
2954.7 0.53915447
2957.85 0.53769451
2961.0 0.50524014
2964.15 0.49857658
2967.3 0.49132448
2970.45 0.50304997
2973.6 0.50111824
2976.75 0.49933612
2979.9 0.49009901
2983.05 0.49724346
2986.2 0.50206953
2989.35 0.49124521
2992.5 0.47449353
2995.65 0.47844458
2998.8 0.48011452
3001.95 0.47733387
3005.1 0.48448840
3008.25 0.49035880
3011.4 0.49891216
3014.55 0.49673885
3017.7 0.49254546
3020.85 0.50184190
3024.0 0.51594585
3027.15 0.51598227
3030.3 0.52042186
3033.45 0.53959751
3036.6 0.57107639
3039.75 0.57341659
3042.9 0.61596954
3046.05 0.62129730
3049.2 0.64170909
3052.35 0.68926078
3055.5 0.71722770
3058.65 0.80198121
3061.8 0.87428713
3064.95 0.84618151
3068.1 0.78885436
3071.25 0.73215282
3074.4 0.69220829
3077.55 0.65743309
3080.7 0.61368757
3083.85 0.60240686
3087.0 0.59610981
3090.15 0.57504570
3093.3 0.54268700
3096.45 0.55857450
3099.6 0.54006314
3102.75 0.53149408
3105.9 0.52223742
3109.05 0.50790954
3112.2 0.50209922
3115.35 0.51488042
3118.5 0.51471269
3121.65 0.60703331
3124.8 0.66322410
3127.95 0.55409026
3131.1 0.49184644
3134.25 0.47857323
3137.4 0.47430506
3140.55 0.46239629
3143.7 0.49220645
3146.85 0.53744400
3150.0 0.65278381
3153.15 0.91918230
3156.3 0.91656733
3159.45 0.61602688
3162.6 0.51832324
3165.75 0.48702824
3168.9 0.47340280
3172.05 0.46199524
3175.2 0.45288423
3178.35 0.45293981
3181.5 0.44949746
3184.65 0.44989643
3187.8 0.44904786
3190.95 0.44148493
3194.1 0.43634441
3197.25 0.43610665
3200.4 0.41920784
3203.55 0.41037166
3206.7 0.42818052
3209.85 0.42410919
3213.0 0.42915478
3216.15 0.41164050
3219.3 0.41478559
3222.45 0.40878397
3225.6 0.42283401
3228.7502 0.41519165
3231.9002 0.40429002
3235.0502 0.41334724
3238.2002 0.41056082
3241.3502 0.42285362
3244.5002 0.42483366
3247.6502 0.44163460
3250.8002 0.45095828
3253.9502 0.44438654
3257.1002 0.43132624
3260.2502 0.45007864
3263.4002 0.43124431
3266.5502 0.42034522
3269.7002 0.42097849
3272.8502 0.44451436
3276.0002 0.43599242
3279.15 0.41283050
3282.3 0.41804311
3285.45 0.42168453
3288.6 0.42855865
3291.75 0.42140469
3294.9 0.42520007
3298.05 0.42332816
3301.2 0.42545605
3304.35 0.40973213
3307.5 0.41647613
3310.65 0.42979103
3313.8 0.40893790
3316.95 0.42029154
3320.1 0.42178729
3323.25 0.41849491
3326.4 0.41889495
3329.55 0.42171451
3332.7 0.41876411
3335.85 0.43466103
3339.0 0.41474167
3342.15 0.40582573
3345.3 0.44356808
3348.45 0.41385603
3351.6 0.43290240
3354.75 0.42176476
3357.9 0.40901110
3361.05 0.40302819
3364.2 0.39825881
3367.35 0.40999475
3370.5 0.38837618
3373.65 0.39162207
3376.8 0.39542115
3379.95 0.39095029
3383.1 0.37241477
3386.25 0.37905905
3389.4 0.38801289
3392.55 0.38700432
3395.7 0.37505367
3398.85 0.37624949
3402.0 0.37290224
3405.15 0.36550519
3408.3 0.37261787
3411.45 0.38000897
3414.6 0.37726521
3417.75 0.36787447
3420.9 0.36234817
3424.05 0.35676655
3427.2 0.36896190
3430.35 0.35556674
3433.5 0.37941000
3436.65 0.35744852
3439.8 0.35889858
3442.95 0.35318577
3446.1 0.35259441
3449.25 0.35200456
3452.4 0.35141620
3455.55 0.35928300
3458.7 0.36066788
3461.85 0.36877903
3465.0 0.35960349
3468.15 0.36049893
3471.3 0.34791806
3474.45 0.34734020
3477.6 0.35705429
3480.75 0.36743912
3483.9 0.36105332
3487.05 0.35207295
3490.2 0.36575064
3493.35 0.37143344
3496.5 0.35263264
3499.65 0.35645682
3502.8 0.34220636
3505.95 0.34164318
3509.1 0.34835190
3512.25 0.34245068
3515.4 0.37420136
3518.55 0.35707620
3521.7 0.34718305
3524.85 0.38745168
3528.0 0.38213623
3531.15 0.36472371
3534.3 0.35790896
3537.45 0.34155127
3540.6 0.34094000
3543.75 0.33499560
3546.9 0.34581557
3550.05 0.33390716
3553.2 0.33539197
3556.35 0.33282423
3559.5 0.33539784
3562.65 0.33174664
3565.8 0.33345583
3568.95 0.33209884
3572.1 0.33014038
3575.25 0.34150136
3578.4 0.33631876
3581.55 0.32854638
3584.7 0.32801759
3587.85 0.32749021
3591.0 0.32696411
3594.15 0.32643929
3597.3 0.32591584
3600.45 0.32539365
3603.6 0.33197168
3606.75 0.32435313
3609.9 0.32477486
3613.05 0.32331780
3616.2 0.32466596
3619.35 0.32239586
3622.5 0.32177424
3625.65 0.32478905
3628.8 0.32921243
3631.95 0.33067867
3635.1 0.32749426
3638.25 0.32683465
3641.4 0.32579204
3644.55 0.32119846
3647.7 0.32374680
3650.85 0.32153168
3654.0 0.32081363
3657.15 0.32785738
3660.3 0.34211785
3663.45 0.32523537
3666.6 0.33641440
3669.75 0.32981205
3672.9 0.33990881
3676.05 0.33184436
3679.2 0.34251085
3682.35 0.33694556
3685.5 0.33838186
3688.65 0.34812239
3691.8 0.33958286
3694.95 0.34597173
3698.1 0.35728303
3701.25 0.38457102
3704.4 0.37566882
3707.55 0.36831647
3710.7 0.37021554
3713.85 0.33748978
3717.0 0.33174336
3720.15 0.34709591
3723.3 0.34086284
3726.45 0.32890898
3729.6 0.33060545
3732.75 0.33233562
3735.9 0.33268249
3739.05 0.32673779
3742.2 0.33309901
3745.35 0.33985895
3748.5 0.31886575
3751.65 0.32218894
3754.8 0.31989089
3757.95 0.33006990
3761.1 0.31130868
3764.25 0.31456974
3767.4 0.31363863
3770.55 0.31244096
3773.7 0.31461293
3776.85 0.31391534
3780.0 0.31307527
3783.15 0.31583944
3786.3 0.31066298
3789.45 0.30800590
3792.6 0.30253479
3795.75 0.30222142
3798.9 0.29722986
3802.05 0.30293882
3805.2 0.30352938
3808.35 0.30695966
3811.5 0.30938151
3814.65 0.29753229
3817.8 0.30386370
3820.95 0.31292495
3824.1 0.30921286
3827.25 0.31223217
3830.4 0.31786418
3833.55 0.31259480
3836.7 0.31485036
3839.85 0.30856577
3843.0 0.32401189
3846.15 0.29786924
3849.3 0.28791034
3852.45 0.29222044
3855.6 0.28826398
3858.75 0.28977031
3861.9 0.29012215
3865.05 0.29576880
3868.2 0.30118555
3871.35 0.28745928
3874.5 0.29548958
3877.65 0.30343005
3880.8 0.29220030
3883.95 0.28727582
3887.1 0.28280735
3890.25 0.28238851
3893.4 0.28353605
3896.55 0.30022269
3899.7 0.28599137
3902.85 0.28762919
3906.0 0.28030863
3909.15 0.28096464
3912.3 0.28067565
3915.45 0.28519201
3918.6 0.28226703
3921.75 0.28865597
3924.9 0.28957632
3928.05 0.28295678
3931.2 0.28096423
3934.35 0.28049687
3937.5 0.28853968
3940.65 0.28669125
3943.8 0.28059411
3946.95 0.27851218
3950.1 0.27632254
3953.25 0.27494544
3956.4 0.27717850
3959.55 0.27955607
3962.7 0.28874594
3965.85 0.29266825
3969.0 0.29815871
3972.15 0.30758989
3975.3 0.29524660
3978.45 0.28073540
3981.6 0.28160936
3984.75 0.27865884
3987.9 0.27427214
3991.05 0.27850863
3994.2 0.28675315
3997.35 0.28972724
4000.5 0.28066948
4003.65 0.28281525
4006.8 0.28700393
4009.95 0.29214442
4013.1 0.29653326
4016.25 0.28188121
4019.4 0.28463134
4022.55 0.28987175
4025.7 0.29069614
4028.85 0.28447494
4032.0 0.28392887
4035.15 0.28810328
4038.3 0.28779820
4041.45 0.28462106
4044.6 0.29156938
4047.75 0.28854281
4050.9 0.29257464
4054.05 0.29953453
4057.2 0.29530850
4060.35 0.30386227
4063.5 0.29895192
4066.65 0.31920844
4069.8 0.32152206
4072.95 0.32989010
4076.1 0.33912438
4079.25 0.33769840
4082.4 0.34454522
4085.55 0.36381692
4088.7 0.36577898
4091.85 0.38165522
4095.0 0.39922273
4098.15 0.42365718
4101.3 0.45195121
4104.45 0.48609751
4107.6 0.53314847
4110.75 0.59192169
4113.9 0.66385484
4117.05 0.74860513
4120.2 0.87755316
4123.35 1.0309012
4126.5 1.2240316
4129.65 1.4187357
4132.8 1.6685915
4135.95 1.7145027
4139.1 1.4659641
4142.25 1.2199395
4145.4 1.1097120
4148.55 1.0450321
4151.7 0.90483189
4154.85 0.76321006
4158.0 0.68745530
4161.15 0.62694883
4164.3 0.57163626
4167.45 0.52947897
4170.6 0.50366694
4173.75 0.47149879
4176.9 0.43892238
4180.05 0.41185254
4183.2 0.38466904
4186.35 0.36142540
4189.5 0.35403740
4192.65 0.34670699
4195.8 0.32921878
4198.95 0.32703981
4202.1 0.32085186
4205.25 0.32116216
4208.4 0.32676548
4211.55 0.32579562
4214.7 0.31895834
4217.85 0.30856305
4221.0 0.32391846
4224.15 0.33218598
4227.3 0.33889455
4230.45 0.37313968
4233.6 0.37114602
4236.75 0.34594420
4239.9 0.34936821
4243.05 0.35352775
4246.2 0.34331205
4249.35 0.31678274
4252.5 0.29096499
4255.65 0.28805992
4258.8 0.28071737
4261.95 0.27215326
4265.1 0.27040556
4268.25 0.26282325
4271.4 0.25120449
4274.55 0.24976788
4277.7 0.25095212
4280.85 0.25047022
4284.0 0.23875564
4287.15 0.23648274
4290.3 0.23616728
4293.45 0.24368857
4296.6 0.25324050
4299.75 0.24316941
4302.9 0.23959294
4306.05 0.23885140
4309.2 0.23428451
4312.35 0.23397316
4315.5 0.23366246
4318.65 0.24939546
4321.8 0.23985392
4324.95 0.24152413
4328.1 0.23242621
4331.25 0.23211874
4334.4 0.23630390
4337.55 0.24383245
4340.7 0.24188611
4343.85 0.23615059
4347.0 0.23848735
4350.15 0.23865652
4353.3 0.23683791
4356.45 0.22968267
4359.6 0.22938101
4362.75 0.22908002
4365.9 0.23089878
4369.05 0.22847994
4372.2 0.22818084
4375.35 0.22788240
4378.5 0.23322698
4381.65 0.22728735
4384.8 0.22699074
4387.95 0.22669479
4391.1 0.22977202
4394.25 0.22610469
4397.4 0.22581060
4400.55 0.22551711
4403.7 0.22522423
4406.85 0.23126334
4410.0 0.22598934
4413.15 0.23840398
4416.3 0.22575447
4419.45 0.22570767
4422.6 0.22347982
4425.75 0.22319120
4428.9 0.23907952
4432.05 0.24802133
4435.2 0.23936994
4438.35 0.25712219
4441.5 0.23770054
4444.65 0.26741862
4447.8 0.25168869
4450.95 0.23252471
4454.1 0.25873885
4457.25 0.24098918
4460.4 0.23498848
4463.55 0.23690848
4466.7 0.22938144
4469.85 0.22610116
4473.0 0.21893342
4476.15 0.21865425
4479.3 0.22175485
4482.45 0.23002821
4485.6 0.21782023
4488.75 0.21754341
4491.9 0.21726713
4495.05 0.21699142
4498.2 0.23860522
4501.35 0.22159964
4504.5 0.21616770
4507.65 0.21589431
4510.8 0.21949740
4513.95 0.21797548
4517.1 0.21507733
4520.25 0.21480621
4523.4 0.22086222
4526.55 0.22767246
4529.7 0.24024117
4532.85 0.21372701
4536.0 0.23641373
4539.15 0.21380679
4542.3 0.22383645
4545.45 0.21265669
4548.6 0.22700912
4551.75 0.22100154
4554.9 0.22051187
4558.05 0.22484988
4561.2 0.23529105
4564.35 0.22411709
4567.5 0.21080478
4570.65 0.22496681
4573.8 0.24900913
4576.95 0.21001917
4580.1 0.20975840
4583.25 0.21010031
4586.4 0.20923840
4589.55 0.20897922
4592.7 0.20872054
4595.85 0.22911313
4599.0 0.22313967
4602.15 0.20794773
4605.3 0.20769119
4608.45 0.21878761
4611.6 0.23408560
4614.75 0.20692463
4617.9 0.20861833
4621.05 0.25494623
4624.2 0.21920326
4627.35 0.21726869
4630.5 0.20565747
4633.65 0.23364612
4636.8 0.24966349
4639.95 0.23844521
4643.1 0.26221824
4646.25 0.25666052
4649.4 0.27043721
4652.55 0.23501030
4655.7 0.24380213
4658.85 0.30019951
4662.0 0.26919529
4665.15 0.25828546
4668.3 0.23373689
4671.45 0.22582653
4674.6 0.27908865
4677.75 0.26615572
4680.9 0.25743407
4684.05 0.23973173
4687.2 0.21445881
4690.35 0.24231294
4693.5 0.20071584
4696.65 0.20047396
4699.8 0.20023257
4702.95 0.19999173
4706.1 0.19975136
4709.25 0.19951142
4712.4 0.19927207
4715.55 0.19903308
4718.7 0.19879463
4721.85 0.19855665
4725.0 0.19831918
4728.15 0.19808216
4731.3 0.19784562
4734.45 0.19760957
4737.6 0.19737402
4740.75 0.19713892
4743.9 0.19690429
4747.05 0.19667014
4750.2 0.19643645
4753.35 0.19620325
4756.5 0.19597051
4759.65 0.19573823
4762.8 0.19550645
4765.95 0.19527511
4769.1 0.19504420
4772.25 0.19481379
4775.4 0.19458385
4778.55 0.19435440
4781.7 0.19412534
4784.85 0.19389677
4788.0 0.19366872
4791.15 0.19344106
4794.3 0.19321388
4797.45 0.19298714
4800.6 0.19276087
4803.75 0.19253504
4806.9 0.19230969
4810.05 0.19208482
4813.2 0.19186038
4816.35 0.19163632
4819.5 0.19141276
4822.65 0.19118966
4825.8 0.19096698
4828.95 0.19074477
4832.1 0.19052300
4835.25 0.19030169
4838.4 0.19008079
4841.55 0.18986037
4844.7 0.18964039
4847.85 0.18942083
4851.0 0.18920168
4854.15 0.18898301
4857.3 0.18876480
4860.45 0.18854697
4863.6 0.18832962
4866.75 0.18811269
4869.9 0.18789615
4873.05 0.18768010
4876.2 0.18746451
4879.35 0.18724927
4882.5 0.18703449
4885.65 0.18682019
4888.8 0.18660624
4891.95 0.18639274
4895.1 0.18617970
4898.25 0.18596712
4901.4 0.18575488
4904.55 0.18554309
4907.7 0.18533172
4910.85 0.18512082
4914.0 0.18491031
4917.15 0.18470016
4920.3 0.18449050
4923.45 0.18428129
4926.6 0.18407242
4929.75 0.18386398
4932.9 0.18365601
4936.05 0.18344836
4939.2 0.18324125
4942.35 0.18303448
4945.5 0.18282810
4948.65 0.18262219
4951.8 0.18241665
4954.95 0.18221158
4958.1 0.18200685
4961.25 0.18180256
4964.4 0.18159865
4967.55 0.18139516
4970.7 0.18119211
4973.85 0.18098941
4977.0 0.18078715
4980.15 0.18058528
4983.3 0.18038380
4986.45 0.18018275
4989.6 0.17998211
4992.75 0.17978182
4995.9 0.17958196
4999.05 0.17938253
5002.2 0.17918344
5005.35 0.17898479
5008.5 0.17878649
5011.65 0.17858860
5014.8 0.17839113
5017.95 0.17819403
5021.1 0.17799737
5024.25 0.17780106
5027.4 0.17760515
5030.55 0.17740960
5033.7 0.17721450
5036.85 0.17701975
5040.0 0.17682537
5043.15 0.17663142
5046.3 0.17643784
5049.45 0.17624463
5052.6 0.17605186
5055.75 0.17585942
5058.9 0.17566736
5062.05 0.17547570
5065.2 0.17528440
5068.35 0.17509355
5071.5 0.17490299
5074.65 0.17471288
5077.8 0.17452310
5080.95 0.17433372
5084.1 0.17414473
5087.25 0.17395610
5090.4 0.17376785
5093.55 0.17357998
5096.7 0.17339246
5099.85 0.17320538
5103.0 0.17301857
5106.15 0.17283221
5109.3 0.17264619
5112.45 0.17246056
5115.6 0.17227530
5118.75 0.17209041
5121.9 0.17190585
5125.05 0.17172168
5128.2 0.17153789
5131.35 0.17135446
5134.5 0.17117137
5137.65 0.17098868
5140.8 0.17080636
5143.95 0.17062442
5147.1 0.17044275
5150.25 0.17026155
5153.4 0.17008063
5156.55 0.16990010
5159.7 0.16971993
5162.85 0.16954015
5166.0 0.16936071
5169.15 0.16918159
5172.3 0.16900288
5175.45 0.16882449
5178.6 0.16864644
5181.75 0.16846882
5184.9 0.16829152
5188.05 0.16811456
5191.2 0.16793793
5194.35 0.16776170
5197.5 0.16758582
5200.65 0.16741027
5203.8 0.16723506
5206.95 0.16706020
5210.1 0.16688572
5213.25 0.16671157
5216.4 0.16653775
5219.55 0.16636430
5222.7 0.16619122
5225.85 0.16601843
5229.0 0.16584602
5232.15 0.16567399
5235.3 0.16550225
5238.45 0.16533086
5241.6 0.16515982
5244.75 0.16498911
5247.9 0.16481875
5251.05 0.16464876
5254.2 0.16447908
5257.35 0.16430973
5260.5 0.16414075
5263.65 0.16397208
5266.8 0.16380376
5269.95 0.16363575
5273.1 0.16346811
5276.25 0.16330080
5279.4 0.16313383
5282.55 0.16296719
5285.7 0.16280089
5288.85 0.16263492
5292.0 0.16246927
5295.15 0.16230394
5298.3 0.16213898
5301.45 0.16197434
5304.6 0.16181000
5307.75 0.16164604
5310.9 0.16148239
5314.05 0.16131903
5317.2 0.16115603
5320.35 0.16099335
5323.5 0.16083103
5326.65 0.16066900
5329.8 0.16050731
5332.95 0.16034593
5336.1 0.16018489
5339.25 0.16002414
5342.4 0.15986377
5345.55 0.15970370
5348.7 0.15954395
5351.85 0.15938447
5355.0 0.15922539
5358.15 0.15906659
5361.3 0.15890808
5364.45 0.15874995
5367.6 0.15859213
5370.75 0.15843458
5373.9 0.15827741
5377.05 0.15812053
5380.2 0.15796395
5383.35 0.15780772
5386.5 0.15765178
5389.65 0.15749615
5392.8 0.15734084
5395.95 0.15718585
5399.1 0.15703116
5402.25 0.15687682
5405.4 0.15672271
5408.55 0.15656899
5411.7 0.15641554
5414.85 0.15626240
5418.0 0.15610960
5421.15 0.15595710
5424.3 0.15580493
5427.45 0.15565303
5430.6 0.15550144
5433.75 0.15535016
5436.9 0.15519919
5440.05 0.15504852
5443.2 0.15489815
5446.35 0.15474811
5449.5 0.15459836
5452.65 0.15444893
5455.8 0.15429980
5458.95 0.15415095
5462.1 0.15400240
5465.25 0.15385415
5468.4 0.15370622
5471.55 0.15355860
5474.7 0.15341128
5477.85 0.15326421
5481.0 0.15311749
5484.15 0.15297103
5487.3 0.15282491
5490.45 0.15267907
5493.6 0.15253352
5496.75 0.15238824
5499.9 0.15224333
5503.05 0.15209867
5506.2 0.15195431
5509.35 0.15181021
5512.5 0.15166646
5515.65 0.15152298
5518.8 0.15137978
5521.95 0.15123689
5525.1 0.15109429
5528.25 0.15095195
5531.4 0.15080994
5534.55 0.15066823
5537.7 0.15052681
5540.85 0.15038562
5544.0 0.15024476
5547.15 0.15010421
5550.3 0.14996392
5553.45 0.14982390
5556.6 0.14968419
5559.75 0.14954475
5562.9 0.14940563
5566.05 0.14926676
5569.2 0.14912820
5572.35 0.14898990
5575.5 0.14885190
5578.65 0.14871420
5581.8 0.14857675
5584.95 0.14843960
5588.1 0.14830276
5591.25 0.14816616
5594.4 0.14802983
5597.55 0.14789382
5600.7 0.14775808
5603.85 0.14762263
5607.0 0.14748742
5610.15 0.14735252
5613.3 0.14721790
5616.45 0.14708351
5619.6 0.14694947
5622.75 0.14681567
5625.9 0.14668213
5629.05 0.14654888
5632.2 0.14641593
5635.35 0.14628324
5638.5 0.14615081
5641.65 0.14601868
5644.8 0.14588679
5647.95 0.14575520
5651.1 0.14562388
5654.25 0.14549281
5657.4 0.14536202
5660.55 0.14523153
5663.7 0.14510129
5666.85 0.14497136
5670.0 0.14484163
5673.15 0.14471221
5676.3 0.14458308
5679.45 0.14445417
5682.6 0.14432554
5685.75 0.14419720
5688.9 0.14406911
5692.05 0.14394130
5695.2 0.14381374
5698.35 0.14368644
5701.5 0.14355944
5704.65 0.14343269
5707.8 0.14330620
5710.95 0.14317997
5714.1 0.14305402
5717.25 0.14292833
5720.4 0.14280288
5723.55 0.14267772
5726.7 0.14255282
5729.85 0.14242817
5733.0 0.14230378
5736.15 0.14217965
5739.3 0.14205581
5742.45 0.14193219
5745.6 0.14180885
5748.75 0.14168577
5751.9 0.14156297
5755.05 0.14144041
5758.2 0.14131805
5761.35 0.14119603
5764.5 0.14107424
5767.65 0.14095272
5770.8 0.14083141
5773.95 0.14071040
5777.1 0.14058965
5780.25 0.14046913
5783.4 0.14034887
5786.55 0.14022888
5789.7 0.14010912
5792.85 0.13998963
5796.0 0.13987038
5799.15 0.13975140
5802.3 0.13963266
5805.45 0.13951418
5808.6 0.13939594
5811.75 0.13927798
5814.9 0.13916025
5818.05 0.13904275
5821.2 0.13892552
5824.35 0.13880856
5827.5 0.13869184
5830.65 0.13857538
5833.8 0.13845910
5836.95 0.13834314
5840.1 0.13822740
5843.25 0.13811192
5846.4 0.13799666
5849.55 0.13788165
5852.7 0.13776691
5855.85 0.13765241
5859.0 0.13753814
5862.15 0.13742413
5865.3 0.13731036
5868.45 0.13719682
5871.6 0.13708358
5874.75 0.13697055
5877.9 0.13685772
5881.05 0.13674518
5884.2 0.13663286
5887.35 0.13652080
5890.5 0.13640897
5893.65 0.13629739
5896.8 0.13618603
5899.95 0.13607493
5903.1 0.13596410
5906.25 0.13585345
5909.4 0.13574307
5912.55 0.13563293
5915.7 0.13552304
5918.85 0.13541333
5922.0 0.13530391
5925.15 0.13519473
5928.3 0.13508573
5931.45 0.13497703
5934.6 0.13486855
5937.75 0.13476029
5940.9 0.13465229
5944.05 0.13454451
5947.2 0.13443698
5950.35 0.13432966
5953.5 0.13422258
5956.65 0.13411574
5959.8 0.13400914
5962.95 0.13390276
5966.1 0.13379660
5969.25 0.13369070
5972.4 0.13358502
5975.55 0.13347957
5978.7 0.13337435
5981.85 0.13326938
5985.0 0.13316461
5988.15 0.13306011
5991.3 0.13295582
5994.45 0.13285172
5997.6 0.13274792
