300.0 0.0
350.0 0.0000000
353.5 0.0000000
357.0 0.0000000
360.5 0.0000000
364.0 0.0000000
367.5 0.0000000
371.0 0.0000000
374.5 0.0000000
378.0 0.0000000
381.5 0.0000000
385.0 0.0000000
388.5 0.0000000
392.0 0.0000000
395.5 0.0000000
399.0 0.0000000
402.5 0.0000000
406.0 0.0000000
409.5 0.0000000
413.0 0.0000000
416.5 0.0000000
420.0 0.0000000
423.5 0.0000000
427.0 0.0000000
430.5 0.0000000
434.0 0.0000000
437.5 0.0000000
441.0 0.0000000
444.5 0.0000000
448.0 0.0000000
451.5 0.0000000
455.0 0.0000000
458.5 0.0000000
462.0 0.0000000
465.5 0.0000000
469.0 0.0000000
472.5 0.0000000
476.0 0.0000000
479.5 0.0000000
483.0 0.0000000
486.5 0.0000000
490.0 0.0000000
493.5 0.0000000
497.0 0.0000000
500.5 0.0000000
504.0 0.0000000
507.5 0.0000000
511.0 0.0000000
514.5 0.0000000
518.0 0.0000000
521.5 0.0000000
525.0 0.0000000
528.5 0.0000000
532.0 0.0000000
535.5 0.0000000
539.0 0.0000000
542.5 0.0000000
546.0 0.0000000
549.5 0.0000000
553.0 0.0000000
556.5 0.0000000
560.0 0.0000000
563.5 0.0000000
567.0 0.0000000
570.5 0.0000000
574.0 0.0000000
577.5 0.0000000
581.0 0.0000000
584.5 0.0000000
588.0 0.0000000
591.5 0.0000000
595.0 0.0000000
598.5 0.0000000
602.0 0.0000000
605.5 0.0000000
609.0 0.0000000
612.5 0.0000000
616.0 0.0000000
619.5 0.0000000
623.0 0.0000000
626.5 0.0000000
630.0 0.0000000
633.5 0.0000000
637.0 0.0000000
640.5 0.50504315
644.0 0.46534944
647.5 0.42802310
651.0 0.39293733
654.5 0.35998222
658.0 0.32921025
661.5 0.30118489
665.0 0.27413377
668.5 0.24652110
672.0 0.21896370
675.5 0.19322835
679.0 0.17027096
682.5 0.45142084
686.0 0.41260281
689.5 0.37623173
693.0 0.34227523
696.5 0.31061596
700.0 0.30837804
703.5 0.29179385
707.0 0.26265353
710.5 0.25408047
714.0 0.25038427
717.5 0.25006655
721.0 1.8790450
724.5 1.8735303
728.0 1.5552816
731.5 1.2703503
735.0 1.1685681
738.5 1.1145560
742.0 1.0952015
745.5 1.0904404
749.0 1.0409149
752.5 0.92089802
756.0 0.91034698
759.5 0.79744059
763.0 0.71053177
766.5 0.64355469
770.0 0.60737151
773.5 0.60388529
777.0 0.56709486
780.5 0.56724072
784.0 0.57494760
787.5 0.54738057
791.0 0.47098029
794.5 0.43205932
798.0 0.36914214
801.5 0.34757820
805.0 0.32154924
808.5 0.28866759
812.0 0.26623517
815.5 0.25357684
819.0 0.24277923
822.5 0.24048053
826.0 0.22892426
829.5 0.21982114
833.0 0.21433091
836.5 0.21556771
840.0 0.22219540
843.5 0.24019474
847.0 0.26855156
850.5 0.32755873
854.0 16.891773
857.5 13.600449
861.0 12.628465
864.5 12.566931
868.0 11.720142
871.5 9.3414907
875.0 8.0303421
878.5 7.5193019
882.0 7.1648788
885.5 6.6709929
889.0 6.0656128
892.5 5.6588798
896.0 5.5051455
899.5 5.4967637
903.0 5.5626402
906.5 5.5772214
910.0 5.9743958
913.5 6.0433931
917.0 5.7602868
920.5 5.2279916
924.0 5.2407875
927.5 5.1727190
931.0 5.2757788
934.5 5.3455043
938.0 5.2596650
941.5 5.0508876
945.0 4.9646201
948.5 5.1027780
952.0 5.0518670
955.5 5.1167445
959.0 5.0316987
962.5 5.1301990
966.0 5.4034104
969.5 5.6855831
973.0 6.0808616
976.5 6.1707397
980.0 6.2359524
983.5 5.6505833
987.0 5.2572699
990.5 4.9624505
994.0 4.8252740
997.5 4.7870541
1001.0 4.5550084
1004.5 4.4819107
1008.0 4.4399872
1011.5 4.3920598
1015.0 4.4557614
1018.5 4.3981662
1022.0 4.2901325
1025.5 4.4041257
1029.0 4.3137026
1032.5 4.3665519
1036.0 4.4563065
1039.5 4.5073438
1043.0 4.6020136
1046.5 4.5804048
1050.0 4.7103729
1053.5 4.7992148
1057.0 4.9002051
1060.5 5.0691862
1064.0 5.4296994
1067.5 5.9151053
1071.0 6.4712214
1074.5 7.1787066
1078.0 8.0575304
1081.5 8.5639305
1085.0 7.7487493
1088.5 6.5526896
1092.0 5.6446810
1095.5 5.1646757
1099.0 4.9164233
1102.5 4.7681713
1106.0 4.5281692
1109.5 4.4976010
1113.0 4.3483157
1116.5 4.4195538
1120.0 4.4169898
1123.5 4.3871584
1127.0 4.4205775
1130.5 4.3510504
1134.0 4.4022584
1137.5 4.4486713
1141.0 4.4412603
1144.5 4.5218382
1148.0 4.3330102
1151.5 4.2894726
1155.0 4.2199631
1158.5 4.2751713
1162.0 4.2805653
1165.5 4.2060614
1169.0 3.9805582
1172.5 3.8400016
1176.0 3.7742577
1179.5 3.6932895
1183.0 3.6880443
1186.5 3.6669409
1190.0 3.6489205
1193.5 3.6953270
1197.0 3.6727459
1200.5 3.7205937
1204.0 3.7268465
1207.5 3.7091527
1211.0 3.6558518
1214.5 3.6914051
1218.0 3.6972332
1221.5 3.7865000
1225.0 3.7150776
1228.5 3.6450009
1232.0 3.4749701
1235.5 3.5175297
1239.0 3.5240755
1242.5 3.4679677
1246.0 3.5757895
1249.5 3.6003673
1253.0 3.4966681
1256.5 3.4283082
1260.0 3.4241526
1263.5 3.4155724
1267.0 3.4055021
1270.5 3.4402897
1274.0 3.3718588
1277.5 3.3530066
1281.0 3.3876650
1284.5 3.3757019
1288.0 3.4510522
1291.5 3.4280565
1295.0 3.6411142
1298.5 3.6201708
1302.0 3.6485796
1305.5 3.5851200
1309.0 3.5847874
1312.5 3.6095936
1316.0 3.7616935
1319.5 4.0385256
1323.0 4.2881031
1326.5 4.4888573
1330.0 4.5591578
1333.5 4.7882218
1337.0 4.5694699
1340.5 4.1690984
1344.0 3.8053598
1347.5 3.5621941
1351.0 3.4449408
1354.5 3.3262503
1358.0 3.2147720
1361.5 3.1281035
1365.0 3.0988014
1368.5 2.9719627
1372.0 2.9152000
1375.5 2.8823061
1379.0 2.9003880
1382.5 2.9028063
1386.0 2.8263268
1389.5 2.8283546
1393.0 2.8337791
1396.5 2.8479199
1400.0 2.7681587
1403.5 2.7891092
1407.0 2.8448305
1410.5 2.6820960
1414.0 2.7441418
1417.5 2.7528570
1421.0 2.7248576
1424.5 2.7393820
1428.0 2.6874785
1431.5 2.6435647
1435.0 2.7085187
1438.5 2.8093147
1442.0 2.7452121
1445.5 2.8055804
1449.0 2.7735395
1452.5 2.7725995
1456.0 2.7487161
1459.5 2.7757614
1463.0 2.7595868
1466.5 2.7445190
1470.0 2.6492074
1473.5 2.5987651
1477.0 2.6249881
1480.5 2.6548183
1484.0 2.5354331
1487.5 2.6504254
1491.0 2.5511425
1494.5 2.6048584
1498.0 2.5739415
1501.5 2.6190858
1505.0 2.4885602
1508.5 2.5184793
1512.0 2.5092332
1515.5 2.5461390
1519.0 2.4135940
1522.5 2.4352968
1526.0 2.4749696
1529.5 2.3586769
1533.0 2.3961353
1536.5 2.3175440
1540.0 2.2470388
1543.5 2.2383323
1547.0 2.2296803
1550.5 2.2379997
1554.0 2.2452579
1557.5 2.2422864
1561.0 2.2048011
1564.5 2.1872268
1568.0 2.1788938
1571.5 2.1706123
1575.0 2.1916268
1578.5 2.1816657
1582.0 2.2073860
1585.5 2.2142825
1589.0 2.2070298
1592.5 2.2167003
1596.0 2.2307153
1599.5 2.2645824
1603.0 2.3087509
1606.5 2.2842653
1610.0 2.3379564
1613.5 2.3580775
1617.0 2.3711560
1620.5 2.3775747
1624.0 2.3877468
1627.5 2.4109576
1631.0 2.4164145
1634.5 2.3771243
1638.0 2.3496068
1641.5 2.2906384
1645.0 2.2785654
1648.5 2.2283964
1652.0 2.2546666
1655.5 2.2207999
1659.0 2.2004099
1662.5 2.2004483
1666.0 2.1808624
1669.5 2.1800051
1673.0 2.1788313
1676.5 2.1978245
1680.0 2.2431862
1683.5 2.2028441
1687.0 2.2758954
1690.5 2.3257871
1694.0 2.3882189
1697.5 2.3747158
1701.0 2.3010859
1704.5 2.2834084
1708.0 2.2845368
1711.5 2.2266715
1715.0 2.1793857
1718.5 2.1612947
1722.0 2.1471825
1725.5 2.1825426
1729.0 2.2211318
1732.5 2.2241163
1736.0 2.2039912
1739.5 2.2039011
1743.0 2.1844749
1746.5 2.1899698
1750.0 2.1622303
1753.5 2.1478510
1757.0 2.1449959
1760.5 2.1298299
1764.0 2.0977776
1767.5 2.0624278
1771.0 2.0766430
1774.5 2.0785139
1778.0 2.0744526
1781.5 2.0495090
1785.0 2.0287759
1788.5 2.0186958
1792.0 2.0039539
1795.5 1.9915403
1799.0 1.9699157
1802.5 1.9388913
1806.0 1.9442519
1809.5 1.9400046
1813.0 1.9142114
1816.5 1.8599429
1820.0 1.9034833
1823.5 1.9076730
1827.0 1.8918860
1830.5 1.8876525
1834.0 1.8997020
1837.5 1.8605287
1841.0 1.8571235
1844.5 1.8169241
1848.0 1.7846141
1851.5 1.7111869
1855.0 1.6996577
1858.5 1.6931980
1862.0 1.6730731
1865.5 1.7149223
1869.0 1.7362573
1872.5 1.7363658
1876.0 1.6956104
1879.5 1.7093942
1883.0 1.7133546
1886.5 1.7328608
1890.0 1.7295882
1893.5 1.7660526
1897.0 1.8136957
1900.5 1.8259637
1904.0 1.7989523
1907.5 1.8503664
1911.0 1.8713270
1914.5 1.8658468
1918.0 1.8718001
1921.5 1.9437686
1925.0 1.9876218
1928.5 1.9735351
1932.0 2.0072310
1935.5 1.9578043
1939.0 2.0029721
1942.5 2.0676796
1946.0 2.2357650
1949.5 2.4327095
1953.0 2.7402751
1956.5 3.0528519
1960.0 3.1445355
1963.5 2.9791939
1967.0 2.6338463
1970.5 2.3389482
1974.0 2.1548827
1977.5 2.0622163
1981.0 1.9886677
1984.5 1.9311422
1988.0 1.8852814
1991.5 1.8413227
1995.0 1.8250148
1998.5 1.7848933
2002.0 1.7498221
2005.5 1.7103257
2009.0 1.6867605
2012.5 1.6786145
2016.0 1.6276428
2019.5 1.6278633
2023.0 1.5845735
2026.5 1.5714402
2030.0 1.5669175
2033.5 1.4996263
2037.0 1.5194361
2040.5 1.5157851
2044.0 1.5353440
2047.5 1.5747316
2051.0 1.5867522
2054.5 1.5894549
2058.0 1.5854708
2061.5 1.5937923
2065.0 1.5694085
2068.5 1.5706604
2072.0 1.5888379
2075.5 1.5628037
2079.0 1.5655192
2082.5 1.5348967
2086.0 1.5416347
2089.5 1.5020404
2093.0 1.4744025
2096.5 1.4456563
2100.0 1.4302783
2103.5 1.3937849
2107.0 1.3775274
2110.5 1.3377419
2114.0 1.3098773
2117.5 1.3025663
2121.0 1.3128780
2124.5 1.2937766
2128.0 1.3194158
2131.5 1.3243166
2135.0 1.3264999
2138.5 1.3243486
2142.0 1.3235008
2145.5 1.3477380
2149.0 1.3318048
2152.5 1.3560945
2156.0 1.3526088
2159.5 1.3452948
2163.0 1.3287107
2166.5 1.3402892
2170.0 1.3289086
2173.5 1.3552554
2177.0 1.3876114
2180.5 1.3893273
2184.0 1.4428256
2187.5 1.4524266
2191.0 1.4497507
2194.5 1.4278636
2198.0 1.4244804
2201.5 1.3700871
2205.0 1.3985044
2208.5 1.3828201
2212.0 1.3783000
2215.5 1.3936068
2219.0 1.4283750
2222.5 1.4277859
2226.0 1.4436620
2229.5 1.4506698
2233.0 1.4599215
2236.5 1.4436092
2240.0 1.4486187
2243.5 1.4251181
2247.0 1.4392437
2250.5 1.4195460
2254.0 1.3755316
2257.5 1.3742430
2261.0 1.3892535
2264.5 1.3508345
2268.0 1.3469529
2271.5 1.3461645
2275.0 1.3435717
2278.5 1.3630838
2282.0 1.3552817
2285.5 1.3305414
2289.0 1.3261734
2292.5 1.3510753
2296.0 1.3467436
2299.5 1.3357875
2303.0 1.3584691
2306.5 1.3183119
2310.0 1.3002772
2313.5 1.2811728
2317.0 1.2671651
2320.5 1.2559985
2324.0 1.2285118
2327.5 1.2220619
2331.0 1.2348741
2334.5 1.2442447
2338.0 1.2586235
2341.5 1.2962406
2345.0 1.2505442
2348.5 1.2315645
2352.0 1.2223976
2355.5 1.2150497
2359.0 1.1993917
2362.5 1.2263006
2366.0 1.2203053
2369.5 1.2274138
2373.0 1.2144452
2376.5 1.2166867
2380.0 1.2158620
2383.5 1.2421557
2387.0 1.2479100
2390.5 1.2674766
2394.0 1.3070064
2397.5 1.3585260
2401.0 1.2928364
2404.5 1.2421336
2408.0 1.2476814
2411.5 1.2269915
2415.0 1.1807485
2418.5 1.1924907
2422.0 1.1944432
2425.5 1.1598272
2429.0 1.1505568
2432.5 1.1236169
2436.0 1.1063566
2439.5 1.1346649
2443.0 1.1300892
2446.5 1.1127390
2450.0 1.1331490
2453.5 1.1034060
2457.0 1.0843552
2460.5 1.0825990
2464.0 1.0630982
2467.5 1.0442251
2471.0 1.0228677
2474.5 1.0344995
2478.0 1.0307542
2481.5 0.99976861
2485.0 1.0073655
2488.5 1.0223802
2492.0 1.0279678
2495.5 1.0073557
2499.0 1.0245798
2502.5 1.0488578
2506.0 1.0279686
2509.5 1.0491054
2513.0 1.0178490
2516.5 1.0190686
2520.0 1.0028182
2523.5 1.0145720
2527.0 1.0193599
2530.5 0.99816233
2534.0 1.0246408
2537.5 1.0062352
2541.0 0.99616712
2544.5 1.0037669
2548.0 0.98091245
2551.5 0.99053174
2555.0 0.98153317
2558.5 0.98692906
2562.0 0.99231207
2565.5 0.97790295
2569.0 0.96842122
2572.5 0.96461934
2576.0 0.95909590
2579.5 0.95220882
2583.0 0.95177776
2586.5 0.96400195
2590.0 0.96152866
2593.5 0.95954716
2597.0 0.94013697
2600.5 0.94265127
2604.0 0.98122048
2607.5 1.1048212
2611.0 1.1465104
2614.5 0.96794462
2618.0 0.93267506
2621.5 0.93152446
2625.0 0.91950715
2628.5 0.95154029
2632.0 0.92399353
2635.5 0.90279442
2639.0 0.90812486
2642.5 0.89694911
2646.0 0.88424623
2649.5 0.87409747
2653.0 0.86244649
2656.5 0.81479812
2660.0 0.82720625
2663.5 0.81091142
2667.0 0.84550852
2670.5 0.84266824
2674.0 0.83284354
2677.5 0.82377481
2681.0 0.81691980
2684.5 0.83701974
2688.0 0.81915247
2691.5 0.83207530
2695.0 0.84395474
2698.5 0.85709339
2702.0 0.89035112
2705.5 0.95744371
2709.0 0.99645919
2712.5 0.89475209
2716.0 0.83539176
2719.5 0.86454344
2723.0 0.87068087
2726.5 0.82452977
2730.0 0.80617875
2733.5 0.80664921
2737.0 0.79178584
2740.5 0.78641540
2744.0 0.77114540
2747.5 0.74816978
2751.0 0.72281647
2754.5 0.71716321
2758.0 0.73835367
2761.5 0.75973332
2765.0 0.76127058
2768.5 0.76912737
2772.0 0.78742248
2775.5 0.78741342
2779.0 0.78190517
2782.5 0.75523514
2786.0 0.75778383
2789.5 0.75321287
2793.0 0.72136980
2796.5 0.72997653
2800.0 0.70492977
2803.5 0.70439160
2807.0 0.69163436
2810.5 0.70612556
2814.0 0.71453053
2817.5 0.70095634
2821.0 0.67839891
2824.5 0.67713380
2828.0 0.67346054
2831.5 0.66500372
2835.0 0.68468505
2838.5 0.66977036
2842.0 0.68643945
2845.5 0.69954330
2849.0 0.74160498
2852.5 0.72961080
2856.0 0.72476238
2859.5 0.75620526
2863.0 0.76620537
2866.5 0.79233110
2870.0 0.84189969
2873.5 0.81664765
2877.0 0.77525026
2880.5 0.77080166
2884.0 0.73579490
2887.5 0.71687120
2891.0 0.70888716
2894.5 0.69651043
2898.0 0.67277664
2901.5 0.64642215
2905.0 0.63843566
2908.5 0.64095849
2912.0 0.65821588
2915.5 0.65246403
2919.0 0.64776438
2922.5 0.66156065
2926.0 0.63826865
2929.5 0.62975264
2933.0 0.64088839
2936.5 0.62577015
2940.0 0.61857939
2943.5 0.61716610
2947.0 0.61575764
2950.5 0.61812580
2954.0 0.62278348
2957.5 0.61948717
2961.0 0.61673623
2964.5 0.65074497
2968.0 0.64636248
2971.5 0.65573949
2975.0 0.64359140
2978.5 0.62764025
2982.0 0.61715651
2985.5 0.64436305
2989.0 0.64350945
2992.5 0.63846403
2996.0 0.66750807
2999.5 0.64933687
3003.0 0.66987252
3006.5 0.70584810
3010.0 0.69318479
3013.5 0.70689595
3017.0 0.71936989
3020.5 0.74831313
3024.0 0.79523331
3027.5 0.80348021
3031.0 0.84740078
3034.5 0.91661537
3038.0 0.94996524
3041.5 0.95339811
3045.0 0.88594162
3048.5 0.86957157
3052.0 0.86031443
3055.5 0.81805116
3059.0 0.78054160
3062.5 0.71438229
3066.0 0.69904101
3069.5 0.67080140
3073.0 0.65684754
3076.5 0.67308223
3080.0 0.65432167
3083.5 0.64279425
3087.0 0.64305377
3090.5 0.62764210
3094.0 0.62283498
3097.5 0.61921608
3101.0 0.58063889
3104.5 0.60014552
3108.0 0.59670538
3111.5 0.61154407
3115.0 0.59792632
3118.5 0.59495378
3122.0 0.62137723
3125.5 0.62998110
3129.0 0.65336567
3132.5 0.64351869
3136.0 0.63823521
3139.5 0.61392486
3143.0 0.64734077
3146.5 0.64839494
3150.0 0.65199929
3153.5 0.64693612
3157.0 0.67088526
3160.5 0.69904113
3164.0 0.69360089
3167.5 0.66476506
3171.0 0.64866191
3174.5 0.63256764
3178.0 0.63659227
3181.5 0.68303514
3185.0 0.66407734
3188.5 0.65558308
3192.0 0.68058282
3195.5 0.67446458
3199.0 0.62423611
3202.5 0.65748793
3206.0 0.68320531
3209.5 0.65342849
3213.0 0.64057630
3216.5 0.65029854
3220.0 0.62564087
3223.5 0.61070615
3227.0 0.61232615
3230.5 0.63144958
3234.0 0.65396410
3237.5 0.65316880
3241.0 0.63972384
3244.5 0.64728040
3248.0 0.62759763
3251.5 0.63762647
3255.0 0.61795491
3258.5 0.64993334
3262.0 0.61132658
3265.5 0.63076800
3269.0 0.60411406
3272.5 0.60937041
3276.0 0.61370289
3279.5 0.63350588
3283.0 0.57743049
3286.5 0.57581860
3290.0 0.54101777
3293.5 0.53383768
3297.0 0.52602881
3300.5 0.53853774
3304.0 0.53642517
3307.5 0.53447318
3311.0 0.52454275
3314.5 0.53214538
3318.0 0.53726602
3321.5 0.52563971
3325.0 0.50767356
3328.5 0.51185906
3332.0 0.51360375
3335.5 0.51058757
3339.0 0.51819849
3342.5 0.52443486
3346.0 0.53353947
3349.5 0.53117251
3353.0 0.52664608
3356.5 0.53654307
3360.0 0.55157810
3363.5 0.55157298
3367.0 0.55627447
3370.5 0.57672518
3374.0 0.61032164
3377.5 0.61277413
3381.0 0.65819573
3384.5 0.66383636
3388.0 0.68559176
3391.5 0.73633748
3395.0 0.76615453
3398.5 0.85662270
3402.0 0.93378216
3405.5 0.90369368
3409.0 0.84240484
3412.5 0.78179359
3416.0 0.73908359
3419.5 0.70189941
3423.0 0.65514469
3426.5 0.64305252
3430.0 0.63628185
3433.5 0.61375135
3437.0 0.57917041
3440.5 0.59608060
3444.0 0.57628250
3447.5 0.56709576
3451.0 0.55717689
3454.5 0.54184955
3458.0 0.53561068
3461.5 0.54920363
3465.0 0.54898363
3468.5 0.64740270
3472.0 0.70727766
3475.5 0.59085071
3479.0 0.52443844
3482.5 0.51024789
3486.0 0.50565982
3489.5 0.49292740
3493.0 0.52466720
3496.5 0.57284600
3500.0 0.69573230
3503.5 0.97958624
3507.0 0.97672802
3510.5 0.65641320
3514.0 0.55226403
3517.5 0.51888210
3521.0 0.50432897
3524.5 0.49214062
3528.0 0.48240033
3531.5 0.48242483
3535.0 0.47872397
3538.5 0.47911456
3542.0 0.47817668
3545.5 0.47008964
3549.0 0.46458298
3552.5 0.46429688
3556.0 0.44627407
3559.5 0.43683645
3563.0 0.45576164
3566.5 0.45139629
3570.0 0.45673436
3573.5 0.43806380
3577.0 0.44137987
3580.5 0.43496305
3584.0 0.44988152
3587.5 0.44171956
3591.0 0.43009156
3594.5 0.43969637
3598.0 0.43670213
3601.5 0.44974658
3605.0 0.45182145
3608.5 0.46965742
3612.0 0.47953987
3615.5 0.47251928
3619.0 0.45860088
3622.5 0.47850645
3626.0 0.45845136
3629.5 0.44683433
3633.0 0.44747719
3636.5 0.47246262
3640.0 0.46337366
3643.5 0.43872759
3647.0 0.44423732
3650.5 0.44807690
3654.0 0.45535082
3657.5 0.44771972
3661.0 0.45172206
3664.5 0.44970351
3668.0 0.45193401
3671.5 0.43520269
3675.0 0.44233674
3678.5 0.45644829
3682.0 0.43427321
3685.5 0.44630098
3689.0 0.44785994
3692.5 0.44433498
3696.0 0.44473073
3699.5 0.44769502
3703.0 0.44453397
3706.5 0.46137923
3710.0 0.44020697
3713.5 0.43071580
3717.0 0.47074258
3720.5 0.43918201
3724.0 0.45936444
3727.5 0.44751734
3731.0 0.43395722
3734.5 0.42758211
3738.0 0.42249525
3741.5 0.43491778
3745.0 0.41195887
3748.5 0.41537556
3752.0 0.41937861
3755.5 0.41461071
3759.0 0.39492860
3762.5 0.40194929
3766.0 0.41141805
3769.5 0.41032296
3773.0 0.39762741
3776.5 0.39887038
3780.0 0.39529735
3783.5 0.38743198
3787.0 0.39494690
3790.5 0.40275604
3794.0 0.39982340
3797.5 0.38984716
3801.0 0.38396713
3804.5 0.37802938
3808.0 0.39092761
3811.5 0.37671196
3815.0 0.40194866
3818.5 0.37865955
3822.0 0.38017255
3825.5 0.37409848
3829.0 0.37344950
3832.5 0.37280229
3836.0 0.37215677
3839.5 0.38046497
3843.0 0.38190860
3846.5 0.39047405
3850.0 0.38073596
3853.5 0.38166130
3857.0 0.36831993
3860.5 0.36768633
3864.0 0.37794706
3867.5 0.38891649
3871.0 0.38213488
3874.5 0.37260821
3878.0 0.38706088
3881.5 0.39305171
3885.0 0.37313479
3888.5 0.37715927
3892.0 0.36205998
3895.5 0.36144307
3899.0 0.36851916
3902.5 0.36225528
3906.0 0.39581925
3909.5 0.37768292
3913.0 0.36719763
3916.5 0.40976411
3920.0 0.40411931
3923.5 0.38568297
3927.0 0.37845495
3930.5 0.36113757
3934.0 0.36047068
3937.5 0.35416558
3941.0 0.36558396
3944.5 0.35297480
3948.0 0.35452431
3951.5 0.35179022
3955.0 0.35449049
3958.5 0.35061172
3962.0 0.35239831
3965.5 0.35094455
3969.0 0.34885544
3972.5 0.36084029
3976.0 0.35534438
3979.5 0.34711298
3983.0 0.34653509
3986.5 0.34595874
3990.0 0.34538385
3993.5 0.34481046
3997.0 0.34423855
4000.5 0.34366810
4004.0 0.35059628
4007.5 0.34253153
4011.0 0.34295815
4014.5 0.34140086
4018.0 0.34280571
4021.5 0.34039026
4025.0 0.33971551
4028.5 0.34287983
4032.0 0.34753078
4035.5 0.34905976
4039.0 0.34567970
4042.5 0.34496489
4046.0 0.34384596
4049.5 0.33897969
4053.0 0.34165081
4056.5 0.33929506
4060.0 0.33851930
4063.5 0.34593341
4067.0 0.36096093
4070.5 0.34313038
4074.0 0.35490575
4077.5 0.34792212
4081.0 0.35855439
4084.5 0.35002917
4088.0 0.36126119
4091.5 0.35537261
4095.0 0.35686877
4098.5 0.36712226
4102.0 0.35809800
4105.5 0.36481622
4109.0 0.37672406
4112.5 0.40547585
4116.0 0.39606923
4119.5 0.38829756
4123.0 0.39027950
4126.5 0.35576189
4130.0 0.34968638
4133.5 0.36585051
4137.0 0.35926229
4140.5 0.34664544
4144.0 0.34841561
4147.5 0.35022119
4151.0 0.35056886
4154.5 0.34428710
4158.0 0.35097221
4161.5 0.35807678
4165.0 0.33594131
4168.5 0.33942538
4172.0 0.33698741
4175.5 0.34769300
4179.0 0.32791364
4182.5 0.33133209
4186.0 0.33033487
4189.5 0.32905704
4193.0 0.33132806
4196.5 0.33057699
4200.0 0.32967597
4203.5 0.33257025
4207.0 0.32710344
4210.5 0.32428977
4214.0 0.31851372
4217.5 0.31816816
4221.0 0.31289792
4224.5 0.31889218
4228.0 0.31949824
4231.5 0.32309324
4235.0 0.32562652
4238.5 0.31313989
4242.0 0.31978795
4245.5 0.32930812
4249.0 0.32538593
4252.5 0.32854730
4256.0 0.33445752
4259.5 0.32889727
4263.0 0.33125454
4266.5 0.32462695
4270.0 0.34086075
4273.5 0.31334370
4277.0 0.30285299
4280.5 0.30737215
4284.0 0.30319616
4287.5 0.30476609
4291.0 0.30512166
4294.5 0.31104559
4298.0 0.31672719
4301.5 0.30227837
4305.0 0.31070805
4308.5 0.31904250
4312.0 0.30722055
4315.5 0.30202883
4319.0 0.29731700
4322.5 0.29686284
4326.0 0.29805532
4329.5 0.31558183
4333.0 0.30060849
4336.5 0.30231604
4340.0 0.29460809
4343.5 0.29528397
4347.0 0.29496664
4350.5 0.29969922
4354.0 0.29661182
4357.5 0.30331156
4361.0 0.30426472
4364.5 0.29729587
4368.0 0.29518887
4371.5 0.29468447
4375.0 0.30312034
4378.5 0.30116484
4382.0 0.29474655
4385.5 0.29254642
4389.0 0.29023337
4392.5 0.28877392
4396.0 0.29110619
4399.5 0.29359007
4403.0 0.30322772
4406.5 0.30733302
4410.0 0.31308460
4413.5 0.32297355
4417.0 0.30999914
4420.5 0.29474977
4424.0 0.29565427
4427.5 0.29254362
4431.0 0.28792563
4434.5 0.29236016
4438.0 0.30100143
4441.5 0.30410993
4445.0 0.29458961
4448.5 0.29682881
4452.0 0.30121186
4455.5 0.30659345
4459.0 0.31118578
4462.5 0.29579690
4466.0 0.29866979
4469.5 0.30415550
4473.0 0.30500731
4476.5 0.29846695
4480.0 0.29788116
4483.5 0.30224770
4487.0 0.30191463
4490.5 0.29856884
4494.0 0.30584458
4497.5 0.30265686
4501.0 0.30687281
4504.5 0.31415945
4508.0 0.30971387
4511.5 0.31867138
4515.0 0.31350842
4518.5 0.33473709
4522.0 0.33714902
4525.5 0.34590915
4529.0 0.35557687
4532.5 0.35406682
4536.0 0.36123028
4539.5 0.38141930
4543.0 0.38346025
4546.5 0.40008718
4550.0 0.41848564
4553.5 0.44408059
4557.0 0.47371888
4560.5 0.50948864
4564.0 0.55878055
4567.5 0.62035376
4571.0 0.69571334
4574.5 0.78449845
4578.0 0.91959125
4581.5 1.0802408
4585.0 1.2825621
4588.5 1.4865155
4592.0 1.7482367
4595.5 1.7962660
4599.0 1.5358121
4602.5 1.2780132
4606.0 1.1624913
4609.5 1.0946908
4613.0 0.94778997
4616.5 0.79941213
4620.0 0.72003496
4623.5 0.65663451
4627.0 0.59867889
4630.5 0.55450493
4634.0 0.52745169
4637.5 0.49374473
4641.0 0.45961291
4644.5 0.43124983
4648.0 0.40277001
4651.5 0.37841755
4655.0 0.37066749
4658.5 0.36297834
4662.0 0.34465572
4665.5 0.34236106
4669.0 0.33587000
4672.5 0.33618158
4676.0 0.34203345
4679.5 0.34100488
4683.0 0.33383533
4686.5 0.32294253
4690.0 0.33900028
4693.5 0.34763920
4697.0 0.35464603
4700.5 0.39046761
4704.0 0.38836628
4707.5 0.36198115
4711.0 0.36554974
4714.5 0.36988765
4718.0 0.35918531
4721.5 0.33141664
4725.0 0.30439451
4728.5 0.30134377
4732.0 0.29365140
4735.5 0.28468180
4739.0 0.28284279
4742.5 0.27490127
4746.0 0.26273856
4749.5 0.26122606
4753.0 0.26245463
4756.5 0.26194075
4760.0 0.24968021
4763.5 0.24729396
4767.0 0.24695477
4770.5 0.25480998
4774.0 0.26478788
4777.5 0.25424802
4781.0 0.25049922
4784.5 0.24971457
4788.0 0.24493083
4791.5 0.24459618
4795.0 0.24426226
4798.5 0.26069930
4802.0 0.25071597
4805.5 0.25245246
4809.0 0.24293387
4812.5 0.24260353
4816.0 0.24696860
4819.5 0.25482756
4823.0 0.25278416
4826.5 0.24678113
4830.0 0.24921395
4833.5 0.24938157
4837.0 0.24747220
4840.5 0.23998693
4844.0 0.23966298
4847.5 0.23933978
4851.0 0.24123125
4854.5 0.23869547
4858.0 0.23837438
4861.5 0.23805399
4865.0 0.24362832
4868.5 0.23741524
4872.0 0.23709689
4875.5 0.23677923
4879.0 0.23998474
4882.5 0.23614594
4886.0 0.23583034
4889.5 0.23551542
4893.0 0.23520117
4896.5 0.24149920
4900.0 0.23598337
4903.5 0.24893817
4907.0 0.23572136
4910.5 0.23566416
4914.0 0.23332977
4917.5 0.23302022
4921.0 0.24959946
4924.5 0.25892559
4928.0 0.24988505
4931.5 0.26840770
4935.0 0.24812494
4938.5 0.27913654
4942.0 0.26270816
4945.5 0.24269667
4949.0 0.27004817
4952.5 0.25151393
4956.0 0.24524266
4959.5 0.24723785
4963.0 0.23937434
4966.5 0.23594302
4970.0 0.22845539
4973.5 0.22815621
4977.0 0.23138359
4980.5 0.24000794
4984.0 0.22726254
4987.5 0.22696595
4991.0 0.22666994
4994.5 0.22637458
4998.0 0.24891450
5001.5 0.23116630
5005.0 0.22549221
5008.5 0.22519939
5012.0 0.22895002
5015.5 0.22735487
5019.0 0.22432442
5022.5 0.22403410
5026.0 0.23034249
5029.5 0.23743707
5033.0 0.25053641
5036.5 0.22287858
5040.0 0.24652845
5043.5 0.22294682
5047.0 0.23339745
5050.5 0.22173278
5054.0 0.23668990
5057.5 0.23041844
5061.0 0.22990030
5064.5 0.23441522
5068.0 0.24529247
5071.5 0.23363581
5075.0 0.21975084
5078.5 0.23450616
5082.0 0.25955942
5085.5 0.21891032
5089.0 0.21863133
5092.5 0.21898054
5096.0 0.21807505
5099.5 0.21779782
5103.0 0.21752112
5106.5 0.23876581
5110.0 0.23253313
5113.5 0.21669461
5117.0 0.21642028
5120.5 0.22797568
5124.0 0.24390823
5127.5 0.21560058
5131.0 0.21735831
5134.5 0.26561856
5138.0 0.22837201
5141.5 0.22634923
5145.0 0.21424589
5148.5 0.24339558
5152.0 0.26007301
5155.5 0.24837905
5159.0 0.27313378
5162.5 0.26733622
5166.0 0.28167701
5169.5 0.24476995
5173.0 0.25391883
5176.5 0.31264657
5180.0 0.28034797
5183.5 0.26897770
5187.0 0.24340522
5190.5 0.23516026
5194.0 0.29061466
5197.5 0.27713895
5201.0 0.26804900
5204.5 0.24960892
5208.0 0.22328778
5211.5 0.25228077
5215.0 0.20896600
5218.5 0.20870772
5222.0 0.20844993
5225.5 0.20819275
5229.0 0.20793609
5232.5 0.20767991
5236.0 0.20742436
5239.5 0.20716922
5243.0 0.20691466
5246.5 0.20666060
5250.0 0.20640713
5253.5 0.20615411
5257.0 0.20590164
5260.5 0.20564970
5264.0 0.20539828
5267.5 0.20514740
5271.0 0.20489699
5274.5 0.20464714
5278.0 0.20439778
5281.5 0.20414892
5285.0 0.20390062
5288.5 0.20365277
5292.0 0.20340550
5295.5 0.20315869
5299.0 0.20291238
5302.5 0.20266658
5306.0 0.20242129
5309.5 0.20217656
5313.0 0.20193224
5316.5 0.20168847
5320.0 0.20144525
5323.5 0.20120245
5327.0 0.20096019
5330.5 0.20071840
5334.0 0.20047711
5337.5 0.20023632
5341.0 0.19999604
5344.5 0.19975629
5348.0 0.19951700
5351.5 0.19927815
5355.0 0.19903980
5358.5 0.19880198
5362.0 0.19856463
5365.5 0.19832776
5369.0 0.19809140
5372.5 0.19785552
5376.0 0.19762009
5379.5 0.19738519
5383.0 0.19715077
5386.5 0.19691680
5390.0 0.19668327
5393.5 0.19645026
5397.0 0.19621775
5400.5 0.19598567
5404.0 0.19575410
5407.5 0.19552301
5411.0 0.19529231
5414.5 0.19506216
5418.0 0.19483247
5421.5 0.19460323
5425.0 0.19437446
5428.5 0.19414623
5432.0 0.19391835
5435.5 0.19369097
5439.0 0.19346410
5442.5 0.19323769
5446.0 0.19301170
5449.5 0.19278617
5453.0 0.19256109
5456.5 0.19233654
5460.0 0.19211243
5463.5 0.19188868
5467.0 0.19166549
5470.5 0.19144274
5474.0 0.19122040
5477.5 0.19099852
5481.0 0.19077717
5484.5 0.19055614
5488.0 0.19033572
5491.5 0.19011565
5495.0 0.18989600
5498.5 0.18967687
5502.0 0.18945810
5505.5 0.18923990
5509.0 0.18902205
5512.5 0.18880466
5516.0 0.18858768
5519.5 0.18837118
5523.0 0.18815517
5526.5 0.18793951
5530.0 0.18772434
5533.5 0.18750958
5537.0 0.18729524
5540.5 0.18708140
5544.0 0.18686797
5547.5 0.18665494
5551.0 0.18644238
5554.5 0.18623024
5558.0 0.18601853
5561.5 0.18580727
5565.0 0.18559638
5568.5 0.18538593
5572.0 0.18517597
5575.5 0.18496636
5579.0 0.18475725
5582.5 0.18454853
5586.0 0.18434025
5589.5 0.18413234
5593.0 0.18392493
5596.5 0.18371791
5600.0 0.18351126
5603.5 0.18330508
5607.0 0.18309933
5610.5 0.18289393
5614.0 0.18268906
5617.5 0.18248454
5621.0 0.18228042
5624.5 0.18207671
5628.0 0.18187343
5631.5 0.18167058
5635.0 0.18146808
5638.5 0.18126610
5642.0 0.18106443
5645.5 0.18086325
5649.0 0.18066239
5652.5 0.18046199
5656.0 0.18026203
5659.5 0.18006241
5663.0 0.17986318
5666.5 0.17966445
5670.0 0.17946602
5673.5 0.17926805
5677.0 0.17907046
5680.5 0.17887332
5684.0 0.17867658
5687.5 0.17848016
5691.0 0.17828414
5694.5 0.17808861
5698.0 0.17789339
5701.5 0.17769861
5705.0 0.17750417
5708.5 0.17731017
5712.0 0.17711662
5715.5 0.17692344
5719.0 0.17673053
5722.5 0.17653815
5726.0 0.17634609
5729.5 0.17615443
5733.0 0.17596315
5736.5 0.17577232
5740.0 0.17558183
5743.5 0.17539167
5747.0 0.17520200
5750.5 0.17501265
5754.0 0.17482366
5757.5 0.17463516
5761.0 0.17444699
5764.5 0.17425917
5768.0 0.17407173
5771.5 0.17388469
5775.0 0.17369808
5778.5 0.17351177
5782.0 0.17332588
5785.5 0.17314035
5789.0 0.17295521
5792.5 0.17277043
5796.0 0.17258604
5799.5 0.17240201
5803.0 0.17221838
5806.5 0.17203507
5810.0 0.17185219
5813.5 0.17166971
5817.0 0.17148753
5820.5 0.17130573
5824.0 0.17112429
5827.5 0.17094325
5831.0 0.17076258
5834.5 0.17058228
5838.0 0.17040230
5841.5 0.17022273
5845.0 0.17004351
5848.5 0.16986465
5852.0 0.16968617
5855.5 0.16950798
5859.0 0.16933025
5862.5 0.16915286
5866.0 0.16897583
5869.5 0.16879916
5873.0 0.16862284
5876.5 0.16844685
5880.0 0.16827126
5883.5 0.16809598
5887.0 0.16792110
5890.5 0.16774656
5894.0 0.16757235
5897.5 0.16739859
5901.0 0.16722511
5904.5 0.16705199
5908.0 0.16687921
5911.5 0.16670680
5915.0 0.16653475
5918.5 0.16636303
5922.0 0.16619168
5925.5 0.16602066
5929.0 0.16585000
5932.5 0.16567965
5936.0 0.16550975
5939.5 0.16534013
5943.0 0.16517083
5946.5 0.16500187
5950.0 0.16483334
5953.5 0.16466509
5957.0 0.16449715
5960.5 0.16432962
5964.0 0.16416244
5967.5 0.16399552
5971.0 0.16382901
5974.5 0.16366285
5978.0 0.16349697
5981.5 0.16333149
5985.0 0.16316634
5988.5 0.16300148
5992.0 0.16283700
5995.5 0.16267285
5999.0 0.16250901
