300.0 0.0
330.0 0.0000000
333.3 0.0000000
336.6 0.0000000
339.9 0.0000000
343.2 0.0000000
346.5 0.0000000
349.8 0.0000000
353.1 0.0000000
356.4 0.0000000
359.7 0.0000000
363.0 0.0000000
366.3 0.0000000
369.6 0.0000000
372.9 0.0000000
376.2 0.0000000
379.5 0.0000000
382.8 0.0000000
386.1 0.0000000
389.4 0.0000000
392.7 0.0000000
396.0 0.0000000
399.3 0.0000000
402.6 0.0000000
405.9 0.0000000
409.2 0.0000000
412.5 0.0000000
415.8 0.0000000
419.1 0.0000000
422.4 0.0000000
425.7 0.0000000
429.0 0.0000000
432.3 0.0000000
435.6 0.0000000
438.9 0.0000000
442.2 0.0000000
445.5 0.0000000
448.8 0.0000000
452.1 0.0000000
455.4 0.0000000
458.7 0.0000000
462.0 0.0000000
465.3 0.0000000
468.6 0.0000000
471.9 0.0000000
475.2 0.0000000
478.5 0.0000000
481.8 0.0000000
485.1 0.0000000
488.4 0.0000000
491.7 0.0000000
495.0 0.0000000
498.3 0.0000000
501.6 0.0000000
504.9 0.0000000
508.2 0.0000000
511.5 0.0000000
514.8 0.0000000
518.1 0.0000000
521.4 0.0000000
524.7 0.0000000
528.0 0.0000000
531.3 0.0000000
534.6 0.0000000
537.9 0.0000000
541.2 0.0000000
544.5 0.0000000
547.8 0.0000000
551.1 0.0000000
554.4 0.0000000
557.7 0.0000000
561.0 0.0000000
564.3 0.0000000
567.6 0.0000000
570.9 0.0000000
574.2 0.0000000
577.5 0.0000000
580.8 0.0000000
584.1 0.0000000
587.4 0.0000000
590.7 0.0000000
594.0 0.0000000
597.3 0.0000000
600.6 0.0000000
603.9 0.80848849
607.2 0.76628542
610.5 0.72561932
613.8 0.68646479
617.1 0.64882439
620.4 0.61265141
623.7 0.57812458
627.0 0.54569888
630.3 0.51361138
633.6 0.48034737
636.9 0.44655427
640.2 0.41393074
643.5 0.78022403
646.8 0.74213350
650.1 0.70537817
653.4 0.66990149
656.7 0.63559848
660.0 0.66220987
663.3 0.65868628
666.6 0.62069416
669.9 0.62337643
673.2 0.63453156
676.5 0.65466559
679.8 2.4004004
683.1 2.4147463
686.4 2.0227809
689.7 1.6674666
693.0 1.5482391
696.3 1.4907169
699.6 1.4789611
702.9 1.4868683
706.2 1.4332718
709.5 1.2806478
712.8 1.2788090
716.1 1.1317154
719.4 1.0188799
722.7 0.93260443
726.0 0.88951373
729.3 0.89391088
732.6 0.84879881
735.9 0.85735148
739.2 0.87429923
742.5 0.84176159
745.8 0.74329281
749.1 0.71282721
752.4 0.64398533
755.7 0.64328414
759.0 0.63001317
762.3 0.59974647
765.6 0.58785510
768.9 0.59653503
772.2 0.60995859
775.5 0.64669889
778.8 0.66049504
782.1 0.68498379
785.4 0.72327250
788.7 0.78377366
792.0 0.85965884
795.3 0.97683769
798.6 1.1417466
801.9 1.4581043
805.2 14.799876
808.5 11.921004
811.8 11.073512
815.1 11.023970
818.4 10.285241
821.7 8.2010412
825.0 7.0527234
828.3 6.6064649
831.6 6.2974925
834.9 5.8656440
838.2 5.3353720
841.5 4.9794807
844.8 4.8460197
848.1 4.8404384
851.4 4.9002538
854.7 4.9149003
858.0 5.2668190
861.3 5.3295684
864.6 5.0817175
867.9 4.6137676
871.2 4.6266961
874.5 4.5682015
877.8 4.6608400
881.1 4.7240696
884.4 4.6498022
887.7 4.4667544
891.0 4.3919487
894.3 4.5156837
897.6 4.4721208
900.9 4.5310550
904.2 4.4572091
907.5 4.5459456
910.8 4.7895966
914.1 5.0413380
917.4 5.3935518
920.7 5.4750099
924.0 5.5346165
927.3 5.0166531
930.6 4.6689181
933.9 4.4084549
937.2 4.2879095
940.5 4.2552443
943.8 4.0502038
947.1 3.9864070
950.4 3.9502997
953.7 3.9088192
957.0 3.9666829
960.3 3.9165573
963.6 3.8214667
966.9 3.9241426
970.2 3.8446791
973.5 3.8928938
976.8 3.9740405
980.1 4.0206881
983.4 4.1062870
986.7 4.0881443
990.0 4.2053075
993.3 4.2858024
996.6 4.3771844
999.9 4.5293584
1003.2 4.8527894
1006.5 5.2880383
1009.8 5.7867413
1013.1 6.4210935
1016.4 7.2090659
1019.7 7.6641469
1023.0 6.9364166
1026.3 5.8672600
1029.6 5.0555301
1032.9 4.6268044
1036.2 4.4055243
1039.5 4.2737551
1042.8 4.0596561
1046.1 4.0332556
1049.4 3.9003491
1052.7 3.9652243
1056.0 3.9638934
1059.3 3.9380803
1062.6 3.9690378
1065.9 3.9075518
1069.2 3.9544857
1072.5 3.9971268
1075.8 3.9914110
1079.1 4.0647817
1082.4 3.8959494
1085.7 3.8576982
1089.0 3.7960620
1092.3 3.8466067
1095.6 3.8523390
1098.9 3.7861474
1102.2 3.5839653
1105.5 3.4581881
1108.8 3.3997393
1112.1 3.3275437
1115.4 3.3235507
1118.7 3.3052578
1122.0 3.2897317
1125.3 3.3322930
1128.6 3.3126440
1131.9 3.3565199
1135.2 3.3628778
1138.5 3.3476222
1141.8 3.3002129
1145.1 3.3330059
1148.4 3.3389649
1151.7 3.4202912
1155.0 3.3564689
1158.3 3.2938321
1161.6 3.1408238
1164.9 3.1799364
1168.2 3.1864974
1171.5 3.1363940
1174.8 3.2345531
1178.1 3.2574325
1181.4 3.1642363
1184.7 3.1029854
1188.0 3.0998302
1191.3 3.0926645
1194.6 3.0841427
1197.9 3.1162474
1201.2 3.0548470
1204.5 3.0383463
1207.8 3.0703342
1211.1 3.0600686
1214.4 3.1289604
1217.7 3.1086905
1221.0 3.3025126
1224.3 3.2841232
1227.6 3.3105030
1230.9 3.2535181
1234.2 3.2538080
1237.5 3.2769170
1240.8 3.4156132
1244.1 3.6676333
1247.4 3.8949845
1250.7 4.0780568
1254.0 4.1426554
1257.3 4.3515573
1260.6 4.1534801
1263.9 3.7902160
1267.2 3.4601319
1270.5 3.2395837
1273.8 3.1334863
1277.1 3.0260427
1280.4 2.9251211
1283.7 2.8467419
1287.0 2.8205497
1290.3 2.7058482
1293.6 2.6548986
1296.9 2.6256602
1300.2 2.6428516
1303.5 2.6457710
1306.8 2.5767570
1310.1 2.5792961
1313.4 2.5849311
1316.7 2.5985186
1320.0 2.5264077
1323.3 2.5461955
1326.6 2.5977409
1329.9 2.4497757
1333.2 2.5070934
1336.5 2.5157013
1339.8 2.4907494
1343.1 2.5046613
1346.4 2.4578254
1349.7 2.4182718
1353.0 2.4783089
1356.3 2.5711768
1359.6 2.5131290
1362.9 2.5690250
1366.2 2.5403073
1369.5 2.5400643
1372.8 2.5187941
1376.1 2.5441897
1379.4 2.5299704
1382.7 2.5167565
1386.0 2.4299309
1389.3 2.3842263
1392.6 2.4088497
1395.9 2.4367926
1399.2 2.3277531
1402.5 2.4338889
1405.8 2.3432560
1409.1 2.3931425
1412.4 2.3652771
1415.7 2.4073071
1419.0 2.2878516
1422.3 2.3158772
1425.6 2.3078897
1428.9 2.3423545
1432.2 2.2209086
1435.5 2.2413716
1438.8 2.2783840
1442.1 2.1718011
1445.4 2.2067702
1448.7 2.1348500
1452.0 2.0703471
1455.3 2.0627654
1458.6 2.0552287
1461.9 2.0633335
1465.2 2.0704610
1468.5 2.0681539
1471.8 2.0340033
1475.1 2.0182090
1478.4 2.0109348
1481.7 2.0037036
1485.0 2.0235157
1488.3 2.0147285
1491.6 2.0388937
1494.9 2.0456760
1498.2 2.0393846
1501.5 2.0487294
1504.8 2.0620921
1508.1 2.0938132
1511.4 2.1350713
1514.7 2.1128414
1518.0 2.1629252
1521.3 2.1819632
1524.6 2.1944885
1527.9 2.2008524
1531.2 2.2106917
1534.5 2.2326064
1537.8 2.2380841
1541.1 2.2021093
1544.4 2.1770265
1547.7 2.1227865
1551.0 2.1119914
1554.3 2.0658729
1557.6 2.0906126
1560.9 2.0595884
1564.2 2.0410514
1567.5 2.0414586
1570.8 2.0236547
1574.1 2.0232236
1577.4 2.0224974
1580.7 2.0404925
1584.0 2.0829778
1587.3 2.0458791
1590.6 2.1140981
1593.9 2.1608219
1597.2 2.2192135
1600.5 2.2070498
1603.8 2.1389892
1607.1 2.1229229
1610.4 2.1243367
1613.7 2.0708833
1617.0 2.0272505
1620.3 2.0107634
1623.6 1.9979713
1626.9 2.0312152
1630.2 2.0674746
1633.5 2.0705974
1636.8 2.0522017
1640.1 2.0524566
1643.4 2.0346994
1646.7 2.0401516
1650.0 2.0146379
1653.3 2.0015650
1656.6 1.9992274
1659.9 1.9854114
1663.2 1.9558461
1666.5 1.9231943
1669.8 1.9367577
1673.1 1.9388093
1676.4 1.9353256
1679.7 1.9123546
1683.0 1.8933048
1686.3 1.8841907
1689.6 1.8707209
1692.9 1.8594191
1696.2 1.8395116
1699.5 1.8108176
1702.8 1.8161008
1706.1 1.8124082
1709.4 1.7885816
1712.7 1.7381361
1716.0 1.7790915
1719.3 1.7832733
1722.6 1.7687787
1725.9 1.7650818
1729.2 1.7766105
1732.5 1.7402308
1735.8 1.7372994
1739.1 1.6999413
1742.4 1.6699536
1745.7 1.6014752
1749.0 1.5909138
1752.3 1.5850943
1755.6 1.5664777
1758.9 1.6058886
1762.2 1.6260971
1765.5 1.6264280
1768.8 1.5884758
1772.1 1.6016124
1775.4 1.6055466
1778.7 1.6240505
1782.0 1.6212072
1785.3 1.6556146
1788.6 1.7005112
1791.9 1.7122473
1795.2 1.6871475
1798.5 1.7356009
1801.8 1.7554984
1805.1 1.7505924
1808.4 1.7564129
1811.7 1.8241880
1815.0 1.8655909
1818.3 1.8526140
1821.6 1.8844935
1824.9 1.8383306
1828.2 1.8809875
1831.5 1.9420073
1834.8 2.1001487
1838.1 2.2854421
1841.4 2.5747204
1844.7 2.8687804
1848.0 2.9553132
1851.3 2.8002770
1854.6 2.4759831
1857.9 2.1990380
1861.2 2.0262375
1864.5 1.9393462
1867.8 1.8704132
1871.1 1.8165342
1874.4 1.7736149
1877.7 1.7324734
1881.0 1.7173407
1884.3 1.6797920
1887.6 1.6469868
1890.9 1.6100074
1894.2 1.5880165
1897.5 1.5805382
1900.8 1.5327288
1904.1 1.5331199
1907.4 1.4925277
1910.7 1.4803331
1914.0 1.4762475
1917.3 1.4130168
1920.6 1.4318508
1923.9 1.4285774
1927.2 1.4471800
1930.5 1.4844784
1933.8 1.4959831
1937.1 1.4987041
1940.4 1.4951195
1943.7 1.5031391
1947.0 1.4803110
1950.3 1.4816602
1953.6 1.4989777
1956.9 1.4745824
1960.2 1.4773107
1963.5 1.4485761
1966.8 1.4550974
1970.1 1.4178834
1973.4 1.3919483
1976.7 1.3649606
1980.0 1.3505898
1983.3 1.3162739
1986.6 1.3010627
1989.9 1.2636232
1993.2 1.2374369
1996.5 1.2306632
1999.8 1.2405392
2003.1 1.2226214
2006.4 1.2469841
2009.7 1.2517494
2013.0 1.2539461
2016.3 1.2520449
2019.6 1.2513756
2022.9 1.2744259
2026.2 1.2594913
2029.5 1.2825960
2032.8 1.2794323
2036.1 1.2726460
2039.4 1.2570871
2042.7 1.2681721
2046.0 1.2575327
2049.3 1.2825956
2052.6 1.3133506
2055.9 1.3151082
2059.2 1.3658867
2062.5 1.3751142
2065.8 1.3727189
2069.1 1.3521301
2072.4 1.3490611
2075.7 1.2976767
2079.0 1.3247235
2082.3 1.3099958
2085.6 1.3058423
2088.9 1.3204739
2092.2 1.3535498
2095.5 1.3531234
2098.8 1.3683025
2102.1 1.3750774
2105.4 1.3839803
2108.7 1.3686484
2112.0 1.3735292
2115.3 1.3513758
2118.6 1.3649004
2121.9 1.3463477
2125.2 1.3047262
2128.5 1.3036267
2131.8 1.3179898
2135.1 1.2816615
2138.4 1.2780979
2141.7 1.2774684
2145.0 1.2751261
2148.3 1.2937638
2151.6 1.2864767
2154.9 1.2631085
2158.2 1.2590770
2161.5 1.2828360
2164.8 1.2788392
2168.1 1.2685504
2171.4 1.2902068
2174.7 1.2521801
2178.0 1.2351607
2181.3 1.2171217
2184.6 1.2039217
2187.9 1.1934184
2191.2 1.1674047
2194.5 1.1613779
2197.8 1.1736571
2201.1 1.1826668
2204.4 1.1964384
2207.7 1.2323042
2211.0 1.1889651
2214.3 1.1710212
2217.6 1.1624054
2220.9 1.1555176
2224.2 1.1407245
2227.5 1.1664166
2230.8 1.1608131
2234.1 1.1676741
2237.4 1.1554344
2240.7 1.1576647
2244.0 1.1569772
2247.3 1.1820965
2250.6 1.1876720
2253.9 1.2063944
2257.2 1.2441225
2260.5 1.2932705
2263.8 1.2308377
2267.1 1.1826639
2270.4 1.1880432
2273.7 1.1684380
2277.0 1.1244932
2280.3 1.1357683
2283.6 1.1377201
2286.9 1.1048372
2290.2 1.0960945
2293.5 1.0705156
2296.8 1.0541555
2300.1 1.0812143
2303.4 1.0769396
2306.7 1.0604895
2310.0 1.0800265
2313.3 1.0517606
2316.6 1.0336828
2319.9 1.0320894
2323.2 1.0135775
2326.5 0.99566102
2329.8 0.97537243
2333.1 0.98654062
2336.4 0.98304462
2339.7 0.95356655
2343.0 0.96088594
2346.3 0.97528237
2349.6 0.98068732
2352.9 0.96109617
2356.2 0.97760338
2359.5 1.0008438
2362.8 0.98098469
2366.1 1.0012306
2369.4 0.97147316
2372.7 0.97270966
2376.0 0.95726985
2379.3 0.96856153
2382.6 0.97320408
2385.9 0.95303667
2389.2 0.97838986
2392.5 0.96088547
2395.8 0.95134073
2399.1 0.95866823
2402.4 0.93690872
2405.7 0.94616503
2409.0 0.93763709
2412.3 0.94285965
2415.6 0.94807029
2418.9 0.93437040
2422.2 0.92537671
2425.5 0.92180932
2428.8 0.91659623
2432.1 0.91007853
2435.4 0.90973079
2438.7 0.92147964
2442.0 0.91917986
2445.3 0.91734970
2448.6 0.89885587
2451.9 0.90132231
2455.2 0.93826562
2458.5 1.0565284
2461.8 1.0964710
2465.1 0.92576224
2468.4 0.89209080
2471.7 0.89105105
2475.0 0.87961584
2478.3 0.91032118
2481.6 0.88402754
2484.9 0.86380357
2488.2 0.86896241
2491.5 0.85832614
2494.8 0.84622699
2498.1 0.83657038
2501.4 0.82547450
2504.7 0.77992058
2508.0 0.79185009
2511.3 0.77630287
2514.6 0.80947673
2517.9 0.80681038
2521.2 0.79745597
2524.5 0.78882402
2527.8 0.78231078
2531.1 0.80161119
2534.4 0.78455061
2537.7 0.79697889
2541.0 0.80840927
2544.3 0.82104731
2547.6 0.85296094
2550.9 0.91729456
2554.2 0.95473474
2557.5 0.85734081
2560.8 0.80051309
2564.1 0.82849997
2567.4 0.83443391
2570.7 0.79025376
2574.0 0.77271402
2577.3 0.77321321
2580.6 0.75901312
2583.9 0.75391179
2587.2 0.73931861
2590.5 0.71733558
2593.8 0.69306982
2597.1 0.68769139
2600.4 0.70805454
2603.7 0.72860140
2607.0 0.73012000
2610.3 0.73770016
2613.6 0.75529337
2616.9 0.75533032
2620.2 0.75009173
2623.5 0.72455037
2626.8 0.72703910
2630.1 0.72269672
2633.4 0.69218504
2636.7 0.70048523
2640.0 0.67649043
2643.3 0.67601389
2646.6 0.66380978
2649.9 0.67775780
2653.2 0.68586546
2656.5 0.67287511
2659.8 0.65125930
2663.1 0.65008265
2666.4 0.64659369
2669.7 0.63851106
2673.0 0.65744632
2676.3 0.64316207
2679.6 0.65920675
2682.9 0.67182910
2686.2 0.71226513
2689.5 0.70078534
2692.8 0.69616812
2696.1 0.72641158
2699.4 0.73605925
2702.7 0.76120001
2706.0 0.80886650
2709.3 0.78464925
2712.6 0.74491560
2715.9 0.74068236
2719.2 0.70708287
2722.5 0.68893582
2725.8 0.68130052
2729.1 0.66944236
2732.4 0.64666659
2735.7 0.62136894
2739.0 0.61372566
2742.3 0.61618447
2745.6 0.63280940
2748.9 0.62731361
2752.2 0.62282884
2755.5 0.63612837
2758.8 0.61376494
2762.1 0.60560840
2765.4 0.61635035
2768.7 0.60184306
2772.0 0.59495896
2775.3 0.59363133
2778.6 0.59230804
2781.9 0.59461749
2785.2 0.59912962
2788.5 0.59599000
2791.8 0.59337449
2795.1 0.62612790
2798.4 0.62194371
2801.7 0.63099933
2805.0 0.61934185
2808.3 0.60402304
2811.6 0.59396458
2814.9 0.62018067
2818.2 0.61939108
2821.5 0.61456627
2824.8 0.64255619
2828.1 0.62509614
2831.4 0.64489806
2834.7 0.67956698
2838.0 0.66740906
2841.3 0.68064475
2844.6 0.69269037
2847.9 0.72059655
2851.2 0.76581728
2854.5 0.77379799
2857.8 0.81613678
2861.1 0.88284177
2864.4 0.91500837
2867.7 0.91836047
2871.0 0.85342526
2874.3 0.83769733
2877.6 0.82882035
2880.9 0.78814298
2884.2 0.75204158
2887.5 0.68833160
2890.8 0.67358267
2894.1 0.64640296
2897.4 0.63298726
2900.7 0.64866364
2904.0 0.63061416
2907.3 0.61953425
2910.6 0.61981422
2913.9 0.60498840
2917.2 0.60038352
2920.5 0.59692353
2923.8 0.55976182
2927.1 0.57859457
2930.4 0.57530522
2933.7 0.58963954
2937.0 0.57653677
2940.3 0.57369757
2943.6 0.59920502
2946.9 0.60753030
2950.2 0.63011092
2953.5 0.62064332
2956.8 0.61557627
2960.1 0.59215647
2963.4 0.62441635
2966.7 0.62546206
2970.0 0.62896782
2973.3 0.62411219
2976.6 0.64724606
2979.9 0.67444056
2983.2 0.66922230
2986.5 0.64142913
2989.8 0.62591970
2993.1 0.61041731
2996.4 0.61432874
2999.7 0.65917701
3003.0 0.64091015
3006.3 0.63274062
3009.6 0.65689868
3012.9 0.65102249
3016.2 0.60256654
3019.5 0.63469219
3022.8 0.65954715
3026.1 0.63082933
3029.4 0.61844897
3032.7 0.62786299
3036.0 0.60408247
3039.3 0.58968818
3042.6 0.59127825
3045.9 0.60977089
3049.2 0.63153994
3052.5 0.63079935
3055.8 0.61784148
3059.1 0.62516659
3062.4 0.60618234
3065.7 0.61589551
3069.0 0.59692001
3072.3 0.62783670
3075.6 0.59056765
3078.9 0.60937494
3082.2 0.58364975
3085.5 0.58875299
3088.8 0.59296399
3092.1 0.61212361
3095.4 0.55796438
3098.7 0.55643016
3102.0 0.52282304
3105.3 0.51590598
3108.6 0.50838059
3111.9 0.52049148
3115.2 0.51847124
3118.5 0.51660603
3121.8 0.50702846
3125.1 0.51439846
3128.4 0.51936966
3131.7 0.50815153
3135.0 0.49080327
3138.3 0.49486986
3141.6 0.49657688
3144.9 0.49368080
3148.2 0.50106001
3151.5 0.50711071
3154.8 0.51593536
3158.1 0.51366723
3161.4 0.50931048
3164.7 0.51890254
3168.0 0.53346455
3171.3 0.53348088
3174.6 0.53804958
3177.9 0.55785257
3181.2 0.59037298
3184.5 0.59276885
3187.8 0.63673270
3191.1 0.64221472
3194.4 0.66328764
3197.7 0.71241039
3201.0 0.74128753
3204.3 0.82885176
3207.6 0.90354508
3210.9 0.87446493
3214.2 0.81519002
3217.5 0.75656617
3220.8 0.71526206
3224.1 0.67930251
3227.4 0.63407737
3230.7 0.62239796
3234.0 0.61586833
3237.3 0.59408337
3240.6 0.56063205
3243.9 0.57702291
3247.2 0.55787897
3250.5 0.54900640
3253.8 0.53942436
3257.1 0.52460515
3260.4 0.51858431
3263.7 0.53176516
3267.0 0.53157204
3270.3 0.62689316
3273.6 0.68489677
3276.9 0.57217538
3280.2 0.50788105
3283.5 0.49415684
3286.8 0.48973152
3290.1 0.47741786
3293.4 0.50817770
3296.7 0.55486268
3300.0 0.67391604
3303.3 0.94890380
3306.6 0.94616973
3309.9 0.63589948
3313.2 0.53502452
3316.5 0.50270295
3319.8 0.48862123
3323.1 0.47682980
3326.4 0.46740931
3329.7 0.46744990
3333.0 0.46388060
3336.3 0.46427572
3339.6 0.46338350
3342.9 0.45556286
3346.2 0.45024240
3349.5 0.44998103
3352.8 0.43252927
3356.1 0.42339733
3359.4 0.44175589
3362.7 0.43754005
3366.0 0.44272989
3369.3 0.42464668
3372.6 0.42787614
3375.9 0.42167041
3379.2 0.43614820
3382.5 0.42825028
3385.8 0.41699126
3389.1 0.42631829
3392.4 0.42342979
3395.7 0.43609285
3399.0 0.43811980
3402.3 0.45543051
3405.6 0.46502954
3408.9 0.45823708
3412.2 0.44475454
3415.5 0.46407491
3418.8 0.44463977
3422.1 0.43338746
3425.4 0.43402568
3428.7 0.45827550
3432.0 0.44947457
3435.3 0.42558208
3438.6 0.43094125
3441.9 0.43468046
3445.2 0.44175166
3448.5 0.43436301
3451.8 0.43826050
3455.1 0.43631661
3458.4 0.43849522
3461.7 0.42227542
3465.0 0.42921168
3468.3 0.44291916
3471.6 0.42141521
3474.9 0.43310103
3478.2 0.43462816
3481.5 0.43122146
3484.8 0.43161958
3488.1 0.43451062
3491.4 0.43145666
3494.7 0.44782090
3498.0 0.42728466
3501.3 0.41808560
3504.6 0.45695338
3507.9 0.42633101
3511.2 0.44593719
3514.5 0.43445027
3517.8 0.42129955
3521.1 0.41512364
3524.4 0.41019806
3527.7 0.42227244
3531.0 0.39999378
3534.3 0.40332398
3537.6 0.40722373
3540.9 0.40260673
3544.2 0.38350648
3547.5 0.39033642
3550.8 0.39954409
3554.1 0.39849311
3557.4 0.38617566
3560.7 0.38739488
3564.0 0.38393652
3567.3 0.37630889
3570.6 0.38361996
3573.9 0.39121720
3577.2 0.38838056
3580.5 0.37870148
3583.8 0.37300107
3587.1 0.36724409
3590.4 0.37978598
3593.7 0.36598665
3597.0 0.39051676
3600.3 0.36790121
3603.6 0.36938247
3606.9 0.36349174
3610.2 0.36287215
3613.5 0.36225420
3616.8 0.36163783
3620.1 0.36972231
3623.4 0.37113631
3626.7 0.37947154
3630.0 0.37001890
3633.3 0.37092921
3636.6 0.35797369
3639.9 0.35736847
3643.2 0.36735219
3646.5 0.37802532
3649.8 0.37144455
3653.1 0.36219507
3656.4 0.37625492
3659.7 0.38208973
3663.0 0.36273891
3666.3 0.36666194
3669.6 0.35199326
3672.9 0.35140371
3676.2 0.35829365
3679.5 0.35221383
3682.8 0.38485855
3686.1 0.36723506
3689.4 0.35705015
3692.7 0.39845172
3696.0 0.39297408
3699.3 0.37505698
3702.6 0.36803862
3705.9 0.35120791
3709.2 0.35056934
3712.5 0.34444728
3715.8 0.35556242
3719.1 0.34330863
3722.4 0.34482548
3725.7 0.34217584
3729.0 0.34481204
3732.3 0.34104875
3735.6 0.34279624
3738.9 0.34139168
3742.2 0.33936891
3745.5 0.35103765
3748.8 0.34570071
3752.1 0.33770213
3755.4 0.33714920
3758.7 0.33659783
3762.0 0.33604783
3765.3 0.33549917
3768.6 0.33495194
3771.9 0.33440608
3775.2 0.34115690
3778.5 0.33331844
3781.8 0.33374268
3785.1 0.33223629
3788.4 0.33361259
3791.7 0.33127090
3795.0 0.33062321
3798.3 0.33371186
3801.6 0.33824760
3804.9 0.33974496
3808.2 0.33646414
3811.5 0.33577743
3814.8 0.33469731
3818.1 0.32996932
3821.4 0.33257833
3824.7 0.33029398
3828.0 0.32954758
3831.3 0.33677411
3834.6 0.35141313
3837.9 0.33406308
3841.2 0.34553638
3844.5 0.33874610
3847.8 0.34910715
3851.1 0.34081548
3854.4 0.35176110
3857.7 0.34603646
3861.0 0.34750238
3864.3 0.35749611
3867.6 0.34871757
3870.9 0.35526907
3874.2 0.36687478
3877.5 0.39488515
3880.8 0.38573420
3884.1 0.37817508
3887.4 0.38011518
3890.7 0.34650540
3894.0 0.34059674
3897.3 0.35634986
3900.6 0.34994167
3903.9 0.33766079
3907.2 0.33939373
3910.5 0.34116122
3913.8 0.34150860
3917.1 0.33539769
3920.4 0.34191886
3923.7 0.34884897
3927.0 0.32729220
3930.3 0.33069488
3933.6 0.32832786
3936.9 0.33876684
3940.2 0.31950334
3943.5 0.32284215
3946.8 0.32187852
3950.1 0.32064140
3953.4 0.32286233
3956.7 0.32213846
3960.0 0.32126841
3963.3 0.32409692
3966.6 0.31877726
3969.9 0.31604299
3973.2 0.31042147
3976.5 0.31009230
3979.8 0.30496326
3983.1 0.31081319
3986.4 0.31141147
3989.7 0.31492317
3993.0 0.31740010
3996.3 0.30523637
3999.6 0.31172413
4002.9 0.32101202
4006.2 0.31719634
4009.5 0.32028586
4012.8 0.32605529
4016.1 0.32064241
4019.4 0.32294831
4022.7 0.31649449
4026.0 0.33232957
4029.3 0.30550852
4032.6 0.29528719
4035.9 0.29970059
4039.2 0.29563582
4042.5 0.29717362
4045.8 0.29752740
4049.1 0.30331102
4052.4 0.30885860
4055.7 0.29477572
4059.0 0.30300328
4062.3 0.31113839
4065.6 0.29961631
4068.9 0.29455996
4072.2 0.28997144
4075.5 0.28953522
4078.8 0.29070505
4082.1 0.30780649
4085.4 0.29320887
4088.7 0.29488119
4092.0 0.28736943
4095.3 0.28803533
4098.6 0.28773245
4101.9 0.29235563
4105.2 0.28935057
4108.5 0.29589304
4111.8 0.29682967
4115.1 0.29003772
4118.4 0.28798875
4121.7 0.28750315
4125.0 0.29574016
4128.3 0.29383895
4131.6 0.28758329
4134.9 0.28544304
4138.2 0.28319255
4141.5 0.28177485
4144.8 0.28405699
4148.1 0.28648713
4151.4 0.29589826
4154.7 0.29991102
4158.0 0.30553052
4161.3 0.31518787
4164.6 0.30253294
4167.9 0.28765726
4171.2 0.28854635
4174.5 0.28551683
4177.8 0.28101596
4181.1 0.28535035
4184.4 0.29379094
4187.7 0.29683149
4191.0 0.28754532
4194.3 0.28973731
4197.6 0.29402208
4200.9 0.29928175
4204.2 0.30377117
4207.5 0.28875524
4210.8 0.29156610
4214.1 0.29692775
4217.4 0.29776576
4220.7 0.29138696
4224.0 0.29082137
4227.3 0.29509076
4230.6 0.29477194
4233.9 0.29151157
4237.2 0.29862171
4240.5 0.29551560
4243.8 0.29963845
4247.1 0.30675983
4250.4 0.30242541
4253.7 0.31117874
4257.0 0.30614367
4260.3 0.32688057
4263.6 0.32924283
4266.9 0.33780468
4270.2 0.34725320
4273.5 0.34578574
4276.8 0.35278913
4280.1 0.37251416
4283.4 0.37451527
4286.7 0.39076254
4290.0 0.40874076
4293.3 0.43374872
4296.6 0.46270707
4299.9 0.49765569
4303.2 0.54581410
4306.5 0.60597098
4309.8 0.67959744
4313.1 0.76634175
4316.4 0.89832640
4319.7 1.0552828
4323.0 1.2529551
4326.3 1.4522302
4329.6 1.7079500
4332.9 1.7549081
4336.2 1.5004816
4339.5 1.2486389
4342.8 1.1357951
4346.1 1.0695733
4349.4 0.92606187
4352.7 0.78110141
4356.0 0.70355654
4359.3 0.64161998
4362.6 0.58500135
4365.9 0.54184747
4369.2 0.51542217
4372.5 0.48249355
4375.8 0.44914851
4379.1 0.42143959
4382.4 0.39361548
4385.7 0.36982387
4389.0 0.36225703
4392.3 0.35474941
4395.6 0.33684886
4398.9 0.33461276
4402.2 0.32827505
4405.5 0.32858607
4408.8 0.33431232
4412.1 0.33331349
4415.4 0.32631207
4418.7 0.31567094
4422.0 0.33137357
4425.3 0.33982477
4428.6 0.34668085
4431.9 0.38170534
4435.2 0.37965852
4438.5 0.35387185
4441.8 0.35736740
4445.1 0.36161518
4448.4 0.35115901
4451.7 0.32401708
4455.0 0.29760402
4458.3 0.29462698
4461.6 0.28711155
4464.9 0.27834702
4468.2 0.27655429
4471.5 0.26879445
4474.8 0.25690678
4478.1 0.25543272
4481.4 0.25663894
4484.7 0.25614128
4488.0 0.24415682
4491.3 0.24182793
4494.6 0.24150079
4497.9 0.24918726
4501.2 0.25894982
4504.5 0.24864702
4507.8 0.24498539
4511.1 0.24422260
4514.4 0.23954852
4517.7 0.23922572
4521.0 0.23890358
4524.3 0.25498474
4527.6 0.24522479
4530.9 0.24692783
4534.2 0.23762198
4537.5 0.23730324
4540.8 0.24157742
4544.1 0.24926940
4547.4 0.24727510
4550.7 0.24140735
4554.0 0.24379165
4557.3 0.24396013
4560.6 0.24209666
4563.9 0.23477826
4567.2 0.23446564
4570.5 0.23415372
4573.8 0.23600847
4577.1 0.23353186
4580.4 0.23322192
4583.7 0.23291267
4587.0 0.23837093
4590.3 0.23229612
4593.6 0.23198877
4596.9 0.23168215
4600.2 0.23482285
4603.5 0.23107079
4606.8 0.23076610
4610.1 0.23046204
4613.4 0.23015864
4616.7 0.23632585
4620.0 0.23093230
4623.3 0.24361415
4626.6 0.23068410
4629.9 0.23063219
4633.2 0.22835170
4636.5 0.22805277
4639.8 0.24428286
4643.1 0.25341481
4646.4 0.24457102
4649.7 0.26270434
4653.0 0.24285680
4656.3 0.27321476
4659.6 0.25713941
4662.9 0.23755625
4666.2 0.26433304
4669.5 0.24619532
4672.8 0.24006082
4676.1 0.24201807
4679.4 0.23432462
4682.7 0.23096967
4686.0 0.22364372
4689.3 0.22335471
4692.6 0.22651805
4695.9 0.23496510
4699.2 0.22249128
4702.5 0.22220474
4705.8 0.22191873
4709.1 0.22163336
4712.4 0.24370536
4715.7 0.22633244
4719.0 0.22078073
4722.3 0.22049777
4725.6 0.22417389
4728.9 0.22261578
4732.2 0.21965221
4735.5 0.21937165
4738.8 0.22555254
4742.1 0.23250350
4745.4 0.24533482
4748.7 0.21825483
4752.0 0.24141814
4755.3 0.21832898
4758.6 0.22856696
4761.9 0.21714734
4765.2 0.23179896
4768.5 0.22566089
4771.8 0.22515716
4775.1 0.22958276
4778.4 0.24023971
4781.7 0.22882697
4785.0 0.21523133
4788.3 0.22968696
4791.6 0.25422955
4794.9 0.21441866
4798.2 0.21414891
4801.5 0.21449447
4804.8 0.21361104
4808.1 0.21334295
4811.4 0.21307540
4814.7 0.23388967
4818.0 0.22778797
4821.3 0.21227612
4824.6 0.21201080
4827.9 0.22333440
4831.2 0.23894647
4834.5 0.21121806
4837.8 0.21294349
4841.1 0.26022768
4844.4 0.22374067
4847.7 0.22176249
4851.0 0.20990776
4854.3 0.23847103
4857.6 0.25481510
4860.9 0.24336146
4864.2 0.26762035
4867.5 0.26194400
4870.8 0.27599990
4874.1 0.23984049
4877.4 0.24880907
4880.7 0.30635986
4884.0 0.27471507
4887.3 0.26357737
4890.6 0.23852207
4893.9 0.23044616
4897.2 0.28479335
4900.5 0.27159181
4903.8 0.26268792
4907.1 0.24462047
4910.4 0.21882877
4913.7 0.24724662
4917.0 0.20479937
4920.3 0.20454940
4923.6 0.20429994
4926.9 0.20405105
4930.2 0.20380266
4933.5 0.20355470
4936.8 0.20330736
4940.1 0.20306040
4943.4 0.20281401
4946.7 0.20256811
4950.0 0.20232272
4953.3 0.20207785
4956.6 0.20183346
4959.9 0.20158955
4963.2 0.20134617
4966.5 0.20110328
4969.8 0.20086089
4973.1 0.20061900
4976.4 0.20037758
4979.7 0.20013666
4983.0 0.19989625
4986.3 0.19965628
4989.6 0.19941686
4992.9 0.19917791
4996.2 0.19893938
4999.5 0.19870140
5002.8 0.19846387
5006.1 0.19822688
5009.4 0.19799033
5012.7 0.19775425
5016.0 0.19751871
5019.3 0.19728360
5022.6 0.19704898
5025.9 0.19681482
5029.2 0.19658113
5032.5 0.19634794
5035.8 0.19611521
5039.1 0.19588301
5042.4 0.19565125
5045.7 0.19541988
5049.0 0.19518903
5052.3 0.19495869
5055.6 0.19472875
5058.9 0.19449931
5062.2 0.19427034
5065.5 0.19404183
5068.8 0.19381379
5072.1 0.19358622
5075.4 0.19335911
5078.7 0.19313245
5082.0 0.19290620
5085.3 0.19268046
5088.6 0.19245520
5091.9 0.19223034
5095.2 0.19200598
5098.5 0.19178206
5101.8 0.19155854
5105.1 0.19133551
5108.4 0.19111298
5111.7 0.19089083
5115.0 0.19066915
5118.3 0.19044799
5121.6 0.19022717
5124.9 0.19000682
5128.2 0.18978694
5131.5 0.18956754
5134.8 0.18934853
5138.1 0.18912998
5141.4 0.18891183
5144.7 0.18869421
5148.0 0.18847696
5151.3 0.18826011
5154.6 0.18804377
5157.9 0.18782790
5161.2 0.18761237
5164.5 0.18739730
5167.8 0.18718272
5171.1 0.18696849
5174.4 0.18675479
5177.7 0.18654147
5181.0 0.18632855
5184.3 0.18611610
5187.6 0.18590404
5190.9 0.18569249
5194.2 0.18548128
5197.5 0.18527053
5200.8 0.18506019
5204.1 0.18485026
5207.4 0.18464082
5210.7 0.18443172
5214.0 0.18422310
5217.3 0.18401486
5220.6 0.18380705
5223.9 0.18359967
5227.2 0.18339273
5230.5 0.18318614
5233.8 0.18298002
5237.1 0.18277432
5240.4 0.18256898
5243.7 0.18236414
5247.0 0.18215962
5250.3 0.18195552
5253.6 0.18175188
5256.9 0.18154863
5260.2 0.18134582
5263.5 0.18114339
5266.8 0.18094137
5270.1 0.18073973
5273.4 0.18053855
5276.7 0.18033771
5280.0 0.18013731
5283.3 0.17993732
5286.6 0.17973773
5289.9 0.17953852
5293.2 0.17933974
5296.5 0.17914134
5299.8 0.17894334
5303.1 0.17874575
5306.4 0.17854853
5309.7 0.17835175
5313.0 0.17815530
5316.3 0.17795934
5319.6 0.17776367
5322.9 0.17756847
5326.2 0.17737363
5329.5 0.17717917
5332.8 0.17698514
5336.1 0.17679149
5339.4 0.17659819
5342.7 0.17640536
5346.0 0.17621282
5349.3 0.17602071
5352.6 0.17582899
5355.9 0.17563766
5359.2 0.17544675
5362.5 0.17525616
5365.8 0.17506595
5369.1 0.17487615
5372.4 0.17468673
5375.7 0.17449771
5379.0 0.17430902
5382.3 0.17412074
5385.6 0.17393288
5388.9 0.17374538
5392.2 0.17355816
5395.5 0.17337146
5398.8 0.17318502
5402.1 0.17299899
5405.4 0.17281336
5408.7 0.17262812
5412.0 0.17244321
5415.3 0.17225866
5418.6 0.17207453
5421.9 0.17189072
5425.2 0.17170727
5428.5 0.17152427
5431.8 0.17134161
5435.1 0.17115930
5438.4 0.17097734
5441.7 0.17079577
5445.0 0.17061459
5448.3 0.17043373
5451.6 0.17025323
5454.9 0.17007309
5458.2 0.16989337
5461.5 0.16971397
5464.8 0.16953491
5468.1 0.16935624
5471.4 0.16917796
5474.7 0.16899997
5478.0 0.16882239
5481.3 0.16864520
5484.6 0.16846831
5487.9 0.16829178
5491.2 0.16811562
5494.5 0.16793978
5497.8 0.16776435
5501.1 0.16758926
5504.4 0.16741449
5507.7 0.16724010
5511.0 0.16706607
5514.3 0.16689236
5517.6 0.16671900
5520.9 0.16654599
5524.2 0.16637336
5527.5 0.16620107
5530.8 0.16602913
5534.1 0.16585752
5537.4 0.16568628
5540.7 0.16551538
5544.0 0.16534480
5547.3 0.16517456
5550.6 0.16500472
5553.9 0.16483520
5557.2 0.16466598
5560.5 0.16449717
5563.8 0.16432866
5567.1 0.16416049
5570.4 0.16399266
5573.7 0.16382517
5577.0 0.16365805
5580.3 0.16349123
5583.6 0.16332476
5586.9 0.16315864
5590.2 0.16299284
5593.5 0.16282733
5596.8 0.16266227
5600.1 0.16249748
5603.4 0.16233301
5606.7 0.16216886
5610.0 0.16200510
5613.3 0.16184163
5616.6 0.16167846
5619.9 0.16151568
5623.2 0.16135325
5626.5 0.16119106
5629.8 0.16102929
5633.1 0.16086781
5636.4 0.16070665
5639.7 0.16054586
5643.0 0.16038536
5646.3 0.16022518
5649.6 0.16006534
5652.9 0.15990581
5656.2 0.15974660
5659.5 0.15958776
5662.8 0.15942916
5666.1 0.15927096
5669.4 0.15911302
5672.7 0.15895544
5676.0 0.15879819
5679.3 0.15864125
5682.6 0.15848467
5685.9 0.15832832
5689.2 0.15817235
5692.5 0.15801667
5695.8 0.15786132
5699.1 0.15770628
5702.4 0.15755154
5705.7 0.15739717
5709.0 0.15724307
5712.3 0.15708932
5715.6 0.15693587
5718.9 0.15678272
5722.2 0.15662988
5725.5 0.15647733
5728.8 0.15632515
5732.1 0.15617326
5735.4 0.15602168
5738.7 0.15587038
5742.0 0.15571943
5745.3 0.15556873
5748.6 0.15541841
5751.9 0.15526839
5755.2 0.15511863
5758.5 0.15496919
5761.8 0.15482010
5765.1 0.15467128
5768.4 0.15452278
5771.7 0.15437452
5775.0 0.15422668
5778.3 0.15407906
5781.6 0.15393175
5784.9 0.15378478
5788.2 0.15363808
5791.5 0.15349168
5794.8 0.15334560
5798.1 0.15319982
5801.4 0.15305437
5804.7 0.15290914
5808.0 0.15276426
5811.3 0.15261970
5814.6 0.15247540
5817.9 0.15233140
5821.2 0.15218769
5824.5 0.15204427
5827.8 0.15190120
5831.1 0.15175839
5834.4 0.15161587
5837.7 0.15147363
5841.0 0.15133169
5844.3 0.15119009
5847.6 0.15104872
5850.9 0.15090768
5854.2 0.15076695
5857.5 0.15062648
5860.8 0.15048626
5864.1 0.15034640
5867.4 0.15020682
5870.7 0.15006754
5874.0 0.14992848
5877.3 0.14978977
5880.6 0.14965135
5883.9 0.14951314
5887.2 0.14937530
5890.5 0.14923775
5893.8 0.14910041
5897.1 0.14896341
5900.4 0.14882670
5903.7 0.14869027
5907.0 0.14855410
5910.3 0.14841825
5913.6 0.14828263
5916.9 0.14814734
5920.2 0.14801231
5923.5 0.14787754
5926.8 0.14774308
5930.1 0.14760891
5933.4 0.14747502
5936.7 0.14734143
5940.0 0.14720805
5943.3 0.14707500
5946.6 0.14694224
5949.9 0.14680971
5953.2 0.14667748
5956.5 0.14654553
5959.8 0.14641383
5963.1 0.14628246
5966.4 0.14615132
5969.7 0.14602046
5973.0 0.14588991
5976.3 0.14575961
5979.6 0.14562957
5982.9 0.14549980
5986.2 0.14537035
5989.5 0.14524114
5992.8 0.14511219
5996.1 0.14498352
5999.4 0.14485514
