300.0 0.0
445.0 0.0000000
449.45 0.0000000
453.9 0.0000000
458.35 0.0000000
462.8 0.0000000
467.25 0.0000000
471.7 0.0000000
476.15 0.0000000
480.6 0.0000000
485.05 0.0000000
489.5 0.0000000
493.95 0.0000000
498.4 0.0000000
502.85 0.0000000
507.3 0.0000000
511.75 0.0000000
516.2 0.0000000
520.65 0.0000000
525.1 0.0000000
529.55 0.0000000
534.0 0.0000000
538.45 0.0000000
542.9 0.0000000
547.35 0.0000000
551.8 0.0000000
556.25 0.0000000
560.7 0.0000000
565.15 0.0000000
569.6 0.0000000
574.04995 0.0000000
578.49995 0.0000000
582.94995 0.0000000
587.39995 0.0000000
591.84995 0.0000000
596.29995 0.0000000
600.74995 0.0000000
605.19995 0.0000000
609.64995 0.0000000
614.09995 0.0000000
618.54995 0.0000000
622.99995 0.0000000
627.44995 0.0000000
631.89995 0.0000000
636.34995 0.0000000
640.79995 0.0000000
645.24995 0.0000000
649.69995 0.0000000
654.14995 0.0000000
658.59995 0.0000000
663.04995 0.0000000
667.49995 0.0000000
671.94995 0.0000000
676.39995 0.0000000
680.84995 0.0000000
685.29995 0.0000000
689.74995 0.0000000
694.19995 0.0000000
698.64995 0.0000000
703.09995 0.0000000
707.54995 0.0000000
711.99995 0.0000000
716.44995 0.0000000
720.89995 0.0000000
725.34995 0.0000000
729.79995 0.0000000
734.24995 0.0000000
738.69995 0.0000000
743.14995 0.0000000
747.59995 0.0000000
752.04995 0.0000000
756.49995 0.0000000
760.94995 0.0000000
765.39995 0.0000000
769.84995 0.0000000
774.29995 0.0000000
778.74995 0.0000000
783.19995 0.0000000
787.64995 0.0000000
792.09995 0.0000000
796.54995 0.0000000
800.99995 0.0000000
805.44995 0.0000000
809.89995 0.0000000
814.34995 7.46080923E-06
818.79995 4.39327914E-06
823.25 2.53824192E-06
827.7 1.43781278E-06
832.15 7.98198698E-07
836.6 4.34006665E-07
841.05 2.30922637E-07
845.5 1.20195068E-07
849.95 6.11584809E-08
854.4 3.03906802E-08
858.85 1.47463934E-08
863.3 6.97854441E-09
867.75 2.58450837E-06
872.2 1.50891105E-06
876.65 8.64886431E-07
881.1 4.86656006E-07
885.55 2.68599081E-07
890.0 1.59436155E-07
894.45 8.86068250E-08
898.9 4.60054714E-08
903.35 2.51868340E-08
907.8 1.37837128E-08
912.25 7.49415285E-09
916.7 1.29653211E-03
921.15 1.00236211E-03
925.6 6.39309408E-04
930.05 3.97642230E-04
934.5 2.75947707E-04
938.95 1.96610228E-04
943.4 1.42946694E-04
947.85 1.04224113E-04
952.3 7.20856478E-05
956.75 4.57276656E-05
961.2 3.20499130E-05
965.65 1.96851688E-05
970.1 1.21584035E-05
974.55 7.54083885E-06
979.0 4.81524648E-06
983.45 3.19880519E-06
987.9 1.98125167E-06
992.35 1.28853048E-06
996.8 8.34367370E-07
1001.25 5.02945568E-07
1005.7 2.74156548E-07
1010.15 1.59394318E-07
1014.6 8.09084071E-08
1019.05 4.71147921E-08
1023.5 3.30681438E-08
1027.95 2.75533676E-08
1032.4 2.59733817E-08
1036.85 2.62275179E-08
1041.3 2.84259833E-08
1045.75 3.21513163E-08
1050.2 3.44322473E-08
1054.65 3.73155622E-08
1059.1 4.11903791E-08
1063.55 4.70580233E-08
1068.0 5.52938566E-08
1072.45 6.83731400E-08
1076.9 8.77516939E-08
1081.35 1.23327396E-07
1085.8 6.6950665
1090.25 5.4059300
1094.7 5.0337791
1099.15 5.0233197
1103.6 4.6979036
1108.05 3.7547910
1112.5 3.2366347
1116.95 3.0389166
1121.4 2.9034908
1125.85 2.7106090
1130.3 2.4711816
1134.75 2.3115625
1139.2 2.2546732
1143.6499 2.2570975
1148.0999 2.2900457
1152.5499 2.3019481
1156.9999 2.4721498
1161.4499 2.5070283
1165.8999 2.3955700
1170.3499 2.1796186
1174.7999 2.1903694
1179.2499 2.1672232
1183.6999 2.2157960
1188.1499 2.2505147
1192.5999 2.2196929
1197.0499 2.1366751
1201.4999 2.1051569
1205.9499 2.1688240
1210.3999 2.1522024
1214.8499 2.1849067
1219.2999 2.1535425
1223.7499 2.2007170
1228.1999 2.3231897
1232.6499 2.4500272
1237.0999 2.6262326
1241.5499 2.6709821
1245.9999 2.7051780
1250.4499 2.4566250
1254.8999 2.2906158
1259.3499 2.1668453
1263.7999 2.1114821
1268.2499 2.0992355
1272.6999 2.0017195
1277.1499 1.9737506
1281.5999 1.9593858
1286.0499 1.9422693
1290.4999 1.9745158
1294.9499 1.9529969
1299.3999 1.9089135
1303.8499 1.9636089
1308.2999 1.9271671
1312.7499 1.9546829
1317.1999 1.9988292
1321.6499 2.0257168
1326.0999 2.0723243
1330.5499 2.0666187
1334.9999 2.1293790
1339.4499 2.1737204
1343.8999 2.2237101
1348.3499 2.3047700
1352.7999 2.4733481
1357.2499 2.6995232
1361.6999 2.9588358
1366.1499 3.2884085
1370.5999 3.6977832
1375.0499 3.9373851
1379.4999 3.5690820
1383.9499 3.0236387
1388.3999 2.6093383
1392.8499 2.3917174
1397.2999 2.2808015
1401.7499 2.2159321
1406.1999 2.1080899
1410.6499 2.0975137
1415.0999 2.0314112
1419.5499 2.0682528
1423.9999 2.0705957
1428.4499 2.0601177
1432.8999 2.0793266
1437.3499 2.0500696
1441.7999 2.0776703
1446.2499 2.1030703
1450.6999 2.1030405
1455.1499 2.1447189
1459.5999 2.0585191
1464.0499 2.0411487
1468.4999 2.0113199
1472.9499 2.0409083
1477.3999 2.0467491
1481.8499 2.0143218
1486.2999 1.9093381
1490.7499 1.8448117
1495.1999 1.8160596
1499.6499 1.7798613
1504.0999 1.7800789
1508.5499 1.7726120
1512.9999 1.7665948
1517.4499 1.7917798
1521.8999 1.7835202
1526.3499 1.8094693
1530.7999 1.8152175
1535.2499 1.8092842
1539.6999 1.7859194
1544.1499 1.8059366
1548.5999 1.8114314
1553.0499 1.8578634
1557.4999 1.8254542
1561.9499 1.7935954
1566.3999 1.7123731
1570.8499 1.7358103
1575.2999 1.7415010
1579.7499 1.7161844
1584.1999 1.7720195
1588.6499 1.7866820
1593.0999 1.7376240
1597.5499 1.7060001
1601.9999 1.7062659
1606.4499 1.7043095
1610.8999 1.7015880
1615.3499 1.7212886
1619.7999 1.6893133
1624.2499 1.6821097
1628.6999 1.7017533
1633.1499 1.6979834
1637.5999 1.7381645
1642.05 1.7288392
1646.5 1.8386769
1650.95 1.8304656
1655.4 1.8472043
1659.85 1.8174003
1664.3 1.8195461
1668.75 1.8344594
1673.2 1.9141705
1677.65 2.0576177
1682.1 2.1875041
1686.55 2.2927592
1691.0 2.3315446
1695.45 2.4517000
1699.9 2.3425550
1704.35 2.1399062
1708.8 1.9555738
1713.25 1.8328179
1717.7 1.7746146
1722.15 1.7155190
1726.6 1.6599928
1731.05 1.6171494
1735.5 1.6038860
1739.95 1.5412173
1744.4 1.5146964
1748.85 1.5004764
1753.3 1.5127687
1757.75 1.5169008
1762.2 1.4797213
1766.65 1.4835608
1771.1 1.4891794
1775.55 1.4993882
1780.0 1.4600848
1784.45 1.4738361
1788.9 1.5060260
1793.35 1.4224545
1797.8 1.4579899
1802.25 1.4652491
1806.7 1.4529384
1811.15 1.4632800
1815.6 1.4380940
1820.05 1.4170847
1824.5 1.4544441
1828.95 1.5111969
1833.4 1.4792721
1837.85 1.5144055
1842.3 1.4996773
1846.75 1.5017247
1851.2 1.4913144
1855.65 1.5085288
1860.1 1.5022557
1864.55 1.4965492
1869.0 1.4469773
1873.45 1.4217725
1877.9 1.4384800
1882.35 1.4572073
1886.8 1.3939435
1891.25 1.4595255
1895.7 1.4071163
1900.15 1.4390478
1904.6 1.4242367
1909.05 1.4515169
1913.5 1.3813571
1917.95 1.4001619
1922.4 1.3972024
1926.85 1.4199588
1931.3 1.3481231
1935.75 1.3623412
1940.2 1.3866574
1944.65 1.3235173
1949.1 1.3465776
1953.55 1.3043783
1958.0 1.2665973
1962.45 1.2635765
1966.9 1.2605658
1971.35 1.2671435
1975.8 1.2731272
1980.25 1.2733079
1984.7 1.2538486
1989.15 1.2456616
1993.6 1.2427100
1998.05 1.2397687
2002.5 1.2535634
2006.95 1.2496444
2011.4 1.2661706
2015.85 1.2719195
2020.3 1.2695348
2024.75 1.2768812
2029.2 1.2867423
2033.65 1.3080872
2038.1 1.3354390
2042.55 1.3230889
2047.0 1.3560375
2051.45 1.3695680
2055.9 1.3790269
2060.35 1.3846228
2064.8 1.3924110
2069.25 1.4078220
2073.7 1.4128828
2078.15 1.3917481
2082.6 1.3774475
2087.05 1.3446364
2091.5 1.3392942
2095.95 1.3115060
2100.4 1.3286819
2104.85 1.3104076
2109.3 1.3000382
2113.75 1.3017181
2118.2 1.2917690
2122.65 1.2928922
2127.1 1.2938216
2131.55 1.3067335
2136.0 1.3353661
2140.45 1.3129772
2144.9 1.3581945
2149.35 1.3896749
2153.8 1.4287248
2158.25 1.4223788
2162.7 1.3799485
2167.15 1.3710020
2171.6 1.3733288
2176.05 1.3401464
2180.5 1.3132505
2184.95 1.3038954
2189.4 1.2969124
2193.85 1.3198212
2198.3 1.3447304
2202.75 1.3481079
2207.2 1.3374606
2211.65 1.3389519
2216.1 1.3286779
2220.55 1.3335470
2225.0 1.3181579
2229.45 1.3108803
2233.9 1.3106192
2238.35 1.3028191
2242.8 1.2846524
2247.25 1.2644155
2251.7 1.2745473
2256.15 1.2771086
2260.6 1.2760191
2265.05 1.2620602
2269.5 1.2506598
2273.95 1.2458007
2278.4 1.2380451
2282.8498 1.2317044
2287.2998 1.2196405
2291.7498 1.2017176
2296.1998 1.2063259
2300.6498 1.2049685
2305.0998 1.1902058
2309.5498 1.1576812
2313.9998 1.1860247
2318.4498 1.1898766
2322.8998 1.1812575
2327.3498 1.1798353
2331.7998 1.1885920
2336.2498 1.1652784
2340.6998 1.1643357
2345.1498 1.1402935
2349.5998 1.1211531
2354.0498 1.0761102
2358.4998 1.0699362
2362.9498 1.0669383
2367.3998 1.0553095
2371.8498 1.0827824
2376.2998 1.0973392
2380.7498 1.0984908
2385.1998 1.0737612
2389.6498 1.0835491
2394.0998 1.0871187
2398.5498 1.1005628
2402.9998 1.0995464
2407.4498 1.1238098
2411.8998 1.1552340
2416.3498 1.1641592
2420.7998 1.1480299
2425.2498 1.1819602
2429.6998 1.1964781
2434.1498 1.1940960
2438.5998 1.1990287
2443.0498 1.2462922
2447.4998 1.2755942
2451.9498 1.2677268
2456.3998 1.2905610
2460.8498 1.2599382
2465.2998 1.2901856
2469.7498 1.3330799
2474.1998 1.4427575
2478.6498 1.5712680
2483.0998 1.7715172
2487.5498 1.9753619
2491.9998 2.0365052
2496.4498 1.9311432
2500.8998 1.7088004
2505.3498 1.5188169
2509.7998 1.4005244
2514.2498 1.3414733
2518.6998 1.2947606
2523.1498 1.2584023
2527.5998 1.2295835
2532.0498 1.2019507
2536.4998 1.1923313
2540.9498 1.1671184
2545.3998 1.1451638
2549.8498 1.1202685
2554.2998 1.1057696
2558.7498 1.1013592
2563.1998 1.0688149
2567.6498 1.0698559
2572.0998 1.0422752
2576.5498 1.0344965
2580.9998 1.0323750
2585.4498 0.98885584
2589.8998 1.0027431
2594.3498 1.0011537
2598.7998 1.0149007
2603.2498 1.0417843
2607.6998 1.0505877
2612.1498 1.0532275
2616.5998 1.0514332
2621.0498 1.0577999
2625.4998 1.0424489
2629.9498 1.0441114
2634.3998 1.0570328
2638.8498 1.0405349
2643.2998 1.0431637
2647.7498 1.0235617
2652.1998 1.0288584
2656.6498 1.0032150
2661.0998 0.98552036
2665.5498 0.96705377
2669.9998 0.95750421
2674.4498 0.93379039
2678.8998 0.92360431
2683.3498 0.89761335
2687.7998 0.87958431
2692.2498 0.87533712
2696.6998 0.88293183
2701.1498 0.87074023
2705.5998 0.88866156
2710.0498 0.89262795
2714.4998 0.89476442
2718.9498 0.89397579
2723.3998 0.89406335
2727.8498 0.91110629
2732.2998 0.90099579
2736.7498 0.91809875
2741.1998 0.91640574
2745.6498 0.91211230
2750.0998 0.90151948
2754.5498 0.91003120
2758.9998 0.90295166
2763.4498 0.92151272
2767.8998 0.94418633
2772.3498 0.94602585
2776.7998 0.98315042
2781.2498 0.99039090
2785.6998 0.98926193
2790.1498 0.97501004
2794.5998 0.97337985
2799.0498 0.93686372
2803.4998 0.95695913
2807.9498 0.94688082
2812.3998 0.94443649
2816.8498 0.95558089
2821.2998 0.98009121
2825.7498 0.98035538
2830.1998 0.99193043
2834.6498 0.99742091
2839.0998 1.0044599
2843.5498 0.99390548
2847.9998 0.99802333
2852.4498 0.98248935
2856.8998 0.99288863
2861.3498 0.97995031
2865.7998 0.95019430
2870.2498 0.94993043
2874.6998 0.96093816
2879.1498 0.93497622
2883.5998 0.93289810
2888.0498 0.93295920
2892.4998 0.93176639
2896.9498 0.94590968
2901.3998 0.94110131
2905.8498 0.92451519
2910.2998 0.92207026
2914.7498 0.93998408
2919.1998 0.93756616
2923.6498 0.93052840
2928.0998 0.94692683
2932.5498 0.91951412
2936.9998 0.90750420
2941.4498 0.89472991
2945.8998 0.88549978
2950.3498 0.87824219
2954.7998 0.85955495
2959.2498 0.85557038
2963.6998 0.86507213
2968.1498 0.87217170
2972.5998 0.88279063
2977.0498 0.90972912
2981.4998 0.87819219
2985.9498 0.86538744
2990.3998 0.85946524
2994.8498 0.85481310
2999.2998 0.84430408
3003.7498 0.86376238
3008.1998 0.86005223
3012.6498 0.86557657
3017.0998 0.85693806
3021.5498 0.85902691
3025.9998 0.85895008
3030.4498 0.87804037
3034.8998 0.88262445
3039.3498 0.89698613
3043.7998 0.92549872
3048.2498 0.96253777
3052.6998 0.91652483
3057.1498 0.88108760
3061.5998 0.88553071
3066.0498 0.87134504
3070.4998 0.83898413
3074.9498 0.84780961
3079.3998 0.84967917
3083.8498 0.82552081
3088.2998 0.81938404
3092.7498 0.80064791
3097.1998 0.78879070
3101.6498 0.80942470
3106.0998 0.80660915
3110.5498 0.79466641
3114.9998 0.80969012
3119.4498 0.78887188
3123.8998 0.77567780
3128.3498 0.77484602
3132.7998 0.76130438
3137.2498 0.74819648
3141.6998 0.73329163
3146.1498 0.74203223
3150.5998 0.73974484
3155.0498 0.71789366
3159.4998 0.72373682
3163.9498 0.73491669
3168.3998 0.73932743
3172.8498 0.72488791
3177.2998 0.73767310
3181.7498 0.75555205
3186.1998 0.74089450
3190.6498 0.75652593
3195.0998 0.73437089
3199.5498 0.73563433
3203.9998 0.72428095
3208.4498 0.73315054
3212.8998 0.73699123
3217.3498 0.72203791
3221.7998 0.74157292
3226.2498 0.72862548
3230.6998 0.72170448
3235.1498 0.72758079
3239.5998 0.71137655
3244.0498 0.71871674
3248.4998 0.71254712
3252.9498 0.71682566
3257.3998 0.72109747
3261.8498 0.71098262
3266.2998 0.70444041
3270.7498 0.70202416
3275.1998 0.69835144
3279.65 0.69367963
3284.1 0.69370818
3288.55 0.70296353
3293.0 0.70150405
3297.45 0.70040107
3301.9 0.68656796
3306.35 0.68873894
3310.8 0.71726722
3315.25 0.80800939
3319.7 0.83890319
3324.15 0.70858711
3328.6 0.68309504
3333.05 0.68257880
3337.5 0.67409414
3341.95 0.69790977
3346.4 0.67802674
3350.85 0.66278392
3355.3 0.66701156
3359.75 0.65911275
3364.2 0.65008283
3368.65 0.64292210
3373.1 0.63464785
3377.55 0.59986365
3382.0 0.60928106
3386.45 0.59755480
3390.9 0.62333649
3395.35 0.62152809
3399.8 0.61456299
3404.25 0.60814899
3408.7 0.60336292
3413.15 0.61848938
3417.6 0.60556138
3422.05 0.61539227
3426.5 0.62445951
3430.95 0.63446611
3435.4 0.65938061
3439.85 0.70938528
3444.3 0.73862141
3448.75 0.66352618
3453.2 0.61978048
3457.65 0.64169157
3462.1 0.64653194
3466.55 0.61253089
3471.0 0.59916085
3475.45 0.59977227
3479.9 0.58897740
3484.35 0.58523685
3488.8 0.57412183
3493.25 0.55725735
3497.7 0.53860545
3502.15 0.53462279
3506.6 0.55065572
3511.05 0.56684262
3515.5 0.56823164
3519.95 0.57434058
3524.4 0.58825141
3528.85 0.58849347
3533.3 0.58462322
3537.75 0.56491971
3542.2 0.56706411
3546.65 0.56387943
3551.1 0.54026598
3555.55 0.54693943
3560.0 0.52839226
3564.45 0.52820748
3568.9 0.51885515
3573.35 0.52994418
3577.8 0.53647238
3582.25 0.52649629
3586.7 0.50976121
3591.15 0.50901783
3595.6 0.50646228
3600.05 0.50030500
3604.5 0.51532024
3608.95 0.50429803
3613.4 0.51705652
3617.85 0.52713794
3622.3 0.55905682
3626.75 0.55023450
3631.2 0.54679561
3635.65 0.57074392
3640.1 0.57852000
3644.55 0.59848219
3649.0 0.63617373
3653.45 0.61733460
3657.9 0.58627015
3662.35 0.58313376
3666.8 0.55686688
3671.25 0.54275566
3675.7 0.53691876
3680.15 0.52774829
3684.6 0.50996166
3689.05 0.49017340
3693.5 0.48430285
3697.95 0.48640248
3702.4 0.49968925
3706.85 0.49551111
3711.3 0.49212855
3715.75 0.50280029
3720.2 0.48528114
3724.65 0.47898665
3729.1 0.48763946
3733.55 0.47631460
3738.0 0.47101703
3742.45 0.47011608
3746.9 0.46921775
3751.35 0.47119695
3755.8 0.47492290
3760.25 0.47258377
3764.7 0.47065809
3769.15 0.49679390
3773.6 0.49362895
3778.05 0.50097293
3782.5 0.49187118
3786.95 0.47985479
3791.4 0.47201061
3795.85 0.49299648
3800.3 0.49252123
3804.75 0.48883510
3809.2 0.51125604
3813.65 0.49751639
3818.1 0.51343399
3822.55 0.54120058
3827.0 0.53167999
3831.45 0.54238850
3835.9 0.55215460
3840.35 0.57457262
3844.8 0.61081380
3849.25 0.61736470
3853.7 0.65133953
3858.15 0.70478600
3862.6 0.73068303
3867.05 0.73357826
3871.5 0.68191099
3875.95 0.66954225
3880.4 0.66264296
3884.85 0.63030708
3889.3 0.60161227
3893.75 0.55080765
3898.2 0.53916317
3902.65 0.51755846
3907.1 0.50696445
3911.55 0.51967067
3916.0 0.50535691
3920.45 0.49662128
3924.9 0.49698892
3929.35 0.48524061
3933.8 0.48168543
3938.25 0.47904655
3942.7 0.44935158
3947.15 0.46460199
3951.6 0.46209198
3956.05 0.47373977
3960.5 0.46334344
3964.95 0.46119174
3969.4 0.48183259
3973.85 0.48866430
3978.3 0.50696886
3982.75 0.49949104
3987.2 0.49555114
3991.65 0.47683033
3996.1 0.50294685
4000.55 0.50392854
4005.0 0.50689304
4009.45 0.50311840
4013.9 0.52191067
4018.35 0.54398835
4022.8 0.53992695
4027.25 0.51764464
4031.7 0.50526571
4036.15 0.49288544
4040.6 0.49617815
4045.05 0.53254485
4049.5 0.51792675
4053.95 0.51146239
4058.4 0.53113252
4062.85 0.52652228
4067.3 0.48746309
4071.75 0.51358891
4076.2 0.53384322
4080.65 0.51073420
4085.1 0.50084323
4089.55 0.50860125
4094.0 0.48946667
4098.45 0.47792903
4102.9 0.47934335
4107.35 0.49446440
4111.8 0.51225054
4116.25 0.51178300
4120.7 0.50140017
4125.15 0.50747621
4129.6 0.49219298
4134.05 0.50020856
4138.5 0.48492205
4142.95 0.51016891
4147.4 0.48000768
4151.85 0.49542055
4156.3 0.47462702
4160.75 0.47889876
4165.2 0.48244640
4169.65 0.49816114
4174.1 0.45419973
4178.55 0.45306495
4183.0 0.42580789
4187.45 0.42027980
4191.9 0.41425294
4196.35 0.42422733
4200.8 0.42268604
4205.25 0.42127010
4209.7 0.41356260
4214.15 0.41967782
4218.6 0.42383826
4223.05 0.41478565
4227.5 0.40072337
4231.95 0.40414271
4236.4 0.40563598
4240.85 0.40336871
4245.3 0.40949771
4249.75 0.41454339
4254.2 0.42185950
4258.65 0.42010653
4263.1 0.41664386
4267.55 0.42459288
4272.0 0.43661323
4276.45 0.43673128
4280.9 0.44057679
4285.35 0.45690131
4289.8 0.48365185
4294.25 0.48572996
4298.7 0.52187878
4303.15 0.52649653
4307.6 0.54390073
4312.05 0.58431929
4316.5 0.60814732
4320.95 0.68014383
4325.4 0.74160957
4329.85 0.71790874
4334.3 0.66940171
4338.75 0.62140661
4343.2 0.58761764
4347.65 0.55820447
4352.1 0.52116185
4356.55 0.51168019
4361.0 0.50642848
4365.45 0.48862672
4369.9 0.46121889
4374.35 0.47481170
4378.8 0.45916346
4383.25 0.45196360
4387.7 0.44417602
4392.15 0.43207130
4396.6 0.42720893
4401.05 0.43816605
4405.5 0.43810540
4409.95 0.51678210
4414.4 0.56472403
4418.85 0.47188628
4423.3 0.41895470
4427.75 0.40772414
4432.2 0.40416259
4436.65 0.39408770
4441.1 0.41957137
4445.55 0.45821738
4450.0 0.55665660
4454.45 0.78396934
4458.9 0.78188187
4463.35 0.52560019
4467.8 0.44231895
4472.25 0.41568828
4476.7 0.40413186
4481.15 0.39446479
4485.6 0.38675523
4490.05 0.38687229
4494.5 0.38400099
4498.95 0.38441068
4503.4 0.38375422
4507.85 0.37735826
4512.3 0.37303081
4516.75 0.37289375
4521.2 0.35850796
4525.65 0.35101330
4530.1 0.36631083
4534.55 0.36289167
4539.0 0.36727351
4543.45 0.35234645
4547.9 0.35510066
4552.35 0.35002375
4556.8 0.36211726
4561.2496 0.35563418
4565.6996 0.34635645
4570.1496 0.35417712
4574.5996 0.35185036
4579.0496 0.36244780
4583.4996 0.36420763
4587.9496 0.37867603
4592.3996 0.38673681
4596.8496 0.38116616
4601.2996 0.37002701
4605.7496 0.38618010
4610.1996 0.37008262
4614.6496 0.36079049
4619.0996 0.36139518
4623.5496 0.38166440
4627.9996 0.37441045
4632.4496 0.35457972
4636.8996 0.35911706
4641.3496 0.36230588
4645.7996 0.36827359
4650.2496 0.36218640
4654.6996 0.36550930
4659.1496 0.36396062
4663.5996 0.36585072
4668.0496 0.35238799
4672.4996 0.35824728
4676.9496 0.36976153
4681.3996 0.35187885
4685.8496 0.36170766
4690.2996 0.36305436
4694.7496 0.36027935
4699.1996 0.36068255
4703.6496 0.36316937
4708.0996 0.36068717
4712.5496 0.37444010
4716.9996 0.35733831
4721.4496 0.34971285
4725.8996 0.38229823
4730.3496 0.35674766
4734.7996 0.37322569
4739.2496 0.36368164
4743.6996 0.35274071
4748.1496 0.34763637
4752.5996 0.34357715
4757.0496 0.35375795
4761.4996 0.33515781
4765.9496 0.33801240
4770.3996 0.34134534
4774.8496 0.33753908
4779.2996 0.32158643
4783.7496 0.32737526
4788.1996 0.33516076
4792.6496 0.33434185
4797.0996 0.32406795
4801.5496 0.32515186
4805.9996 0.32230929
4810.4496 0.31596482
4814.8996 0.32216331
4819.3496 0.32860437
4823.7996 0.32628205
4828.2496 0.31820935
4832.6996 0.31347725
4837.1496 0.30869573
4841.5996 0.31929672
4846.0496 0.30775166
4850.4996 0.32843858
4854.9496 0.30947456
4859.3996 0.31077719
4863.8496 0.30587667
4868.2996 0.30541068
4872.7496 0.30494577
4877.1996 0.30448192
4881.6496 0.31134480
4886.0996 0.31259179
4890.5496 0.31966960
4894.9996 0.31176254
4899.4496 0.31258544
4903.8996 0.30172157
4908.3496 0.30126518
4912.7996 0.30973661
4917.2496 0.31879237
4921.6996 0.31329826
4926.1496 0.30555072
4930.5996 0.31746775
4935.0496 0.32244769
4939.4996 0.30617127
4943.9496 0.30953681
4948.3996 0.29720554
4952.8496 0.29675964
4957.2996 0.30263096
4961.7496 0.29754746
4966.1996 0.32518199
4970.6496 0.31034502
4975.0996 0.30179015
4979.5496 0.33684230
4983.9996 0.33226892
4988.4496 0.31717417
4992.8996 0.31129241
4997.3496 0.29710773
5001.7996 0.29661828
5006.2496 0.29148814
5010.6996 0.30094561
5015.1496 0.29062355
5019.5996 0.29195720
5024.0496 0.28976291
5028.4996 0.29204473
5032.9496 0.28890613
5037.3996 0.29043540
5041.8496 0.28929403
5046.2996 0.28762826
5050.7496 0.29756784
5055.1996 0.29309282
5059.6496 0.28635922
5064.0996 0.28593805
5068.5496 0.28551790
5072.9996 0.28509867
5077.4496 0.28468034
5081.8996 0.28426307
5086.3496 0.28384662
5090.7996 0.28962454
5095.2496 0.28301662
5099.6996 0.28342336
5104.1496 0.28219035
5108.5996 0.28340563
5113.0496 0.28146231
5117.4996 0.28095776
5121.9496 0.28362858
5126.3996 0.28753027
5130.8496 0.28884986
5135.2996 0.28610682
5139.7496 0.28556898
5144.1996 0.28469625
5148.6496 0.28071970
5153.0996 0.28298476
5157.5496 0.28108606
5161.9996 0.28049570
5166.4496 0.28669238
5170.8996 0.29920205
5175.3496 0.28447503
5179.7996 0.29429197
5184.2496 0.28855440
5188.6996 0.29742733
5193.1496 0.29040894
5197.5996 0.29978293
5202.0496 0.29495057
5206.4996 0.29624662
5210.9496 0.30481407
5215.3996 0.29737568
5219.8496 0.30300987
5224.2996 0.31295723
5228.7496 0.33690342
5233.1996 0.32914725
5237.6496 0.32274705
5242.0996 0.32445300
5246.5496 0.29581055
5250.9996 0.29081115
5255.4496 0.30430844
5259.8996 0.29888201
5264.3496 0.28843722
5268.7996 0.28996193
5273.2496 0.29151651
5277.6996 0.29185787
5282.1496 0.28667900
5286.5996 0.29229730
5291.0496 0.29826692
5295.4996 0.27987820
5299.9496 0.28283066
5304.3996 0.28084862
5308.8496 0.28982168
5313.2996 0.27338240
5317.7496 0.27628073
5322.1996 0.27549729
5326.6496 0.27447948
5331.0996 0.27642190
5335.5496 0.27584326
5339.9996 0.27513915
5344.4496 0.27760270
5348.8996 0.27308664
5353.3496 0.27078432
5357.7996 0.26600710
5362.2496 0.26576418
5366.6996 0.26140678
5371.1496 0.26646030
5375.5996 0.26701236
5380.0496 0.27006286
5384.4996 0.27222675
5388.9496 0.26183236
5393.3996 0.26743650
5397.8496 0.27544484
5402.2996 0.27221024
5406.7496 0.27490139
5411.1996 0.27989373
5415.6496 0.27528691
5420.0996 0.27730653
5424.5496 0.27180389
5428.9996 0.28544393
5433.4496 0.26244441
5437.8996 0.25370014
5442.3496 0.25752872
5446.7996 0.25407213
5451.2496 0.25543007
5455.6996 0.25577047
5460.1496 0.26077935
5464.5996 0.26558661
5469.0496 0.25351256
5473.4996 0.26062515
5477.9496 0.26766014
5482.3996 0.25778437
5486.8496 0.25346953
5491.2996 0.24955602
5495.7496 0.24921545
5500.1996 0.25025728
5504.6496 0.26501617
5509.0996 0.25248295
5513.5496 0.25395826
5517.9996 0.24752325
5522.4496 0.24813113
5526.8996 0.24790442
5531.3496 0.25192243
5535.7996 0.24936724
5540.2496 0.25504068
5544.6996 0.25588313
5549.1496 0.25006229
5553.5996 0.24832965
5558.0496 0.24794477
5562.4996 0.25508314
5566.9496 0.25347775
5571.3996 0.24811503
5575.8496 0.24630190
5580.2996 0.24439304
5584.7496 0.24320242
5589.1996 0.24520521
5593.6496 0.24733625
5598.0996 0.25549555
5602.5496 0.25899515
5606.9996 0.26388332
5611.4496 0.27226064
5615.8996 0.26136413
5620.3496 0.24854583
5624.7996 0.24934720
5629.2496 0.24676199
5633.6996 0.24290425
5638.1496 0.24668339
5642.5996 0.25401378
5647.0496 0.25667650
5651.4996 0.24867928
5655.9496 0.25060791
5660.3996 0.25434738
5664.8496 0.25893122
5669.2996 0.26284972
5673.7496 0.24988919
5678.1996 0.25235459
5682.6496 0.25702861
5687.0996 0.25778750
5691.5496 0.25229782
5695.9996 0.25184068
5700.4496 0.25557083
5704.8996 0.25532764
5709.3496 0.25253603
5713.7996 0.25872880
5718.2496 0.25607049
5722.6996 0.25967631
5727.1496 0.26588193
5731.5996 0.26215860
5736.0496 0.26978081
5740.4996 0.26544937
5744.9496 0.28346580
5749.3996 0.28555056
5753.8496 0.29301330
5758.2996 0.30124706
5762.7496 0.30001190
5767.1996 0.30612677
5771.6496 0.32328346
5776.0996 0.32506093
5780.5496 0.33920529
5784.9996 0.35485587
5789.4496 0.37661403
5793.8996 0.40180805
5798.3496 0.43221074
5802.7996 0.47409496
5807.2496 0.52641267
5811.6996 0.59044582
5816.1496 0.66589314
5820.5996 0.78067428
5825.0496 0.91718745
5829.4996 1.0891262
5833.9496 1.2625006
5838.3996 1.4849935
5842.8496 1.5260087
5847.2996 1.3049276
5851.7496 1.0860394
5856.1996 0.98801082
5860.6496 0.93051875
5865.0996 0.80576307
5869.5496 0.67971587
5873.9996 0.61231041
5878.4496 0.55847412
5882.8996 0.50925398
5887.3496 0.47174463
5891.7996 0.44879216
5896.2496 0.42017081
5900.6996 0.39117980
5905.1496 0.36709103
5909.5996 0.34289607
5914.0496 0.32220864
5918.4996 0.31565362
5922.9496 0.30914858
5927.3996 0.29358393
5931.8496 0.29166964
5936.2996 0.28617916
5940.7496 0.28648415
5945.1996 0.29151112
5949.6496 0.29067442
5954.0996 0.28460214
5958.5496 0.27535349
5962.9996 0.28908449
5967.4496 0.29649186
5971.8996 0.30250904
5976.3496 0.33310983
5980.7996 0.33136222
5985.2496 0.30889174
5989.6996 0.31197926
5994.1496 0.31572413
5998.5996 0.30663043
