300.0 0.0
345.0 0.0000000
348.45 0.0000000
351.9 0.0000000
355.35 0.0000000
358.8 0.0000000
362.25 0.0000000
365.7 0.0000000
369.15 0.0000000
372.6 0.0000000
376.05 0.0000000
379.5 0.0000000
382.95 0.0000000
386.4 0.0000000
389.85 0.0000000
393.3 0.0000000
396.75 0.0000000
400.2 0.0000000
403.65 0.0000000
407.1 0.0000000
410.55 0.0000000
414.0 0.0000000
417.45 0.0000000
420.9 0.0000000
424.35 0.0000000
427.8 0.0000000
431.25 0.0000000
434.7 0.0000000
438.15 0.0000000
441.6 0.0000000
445.05 0.0000000
448.5 0.0000000
451.95 0.0000000
455.4 0.0000000
458.85 0.0000000
462.3 0.0000000
465.75 0.0000000
469.2 0.0000000
472.65 0.0000000
476.1 0.0000000
479.55 0.0000000
483.0 0.0000000
486.45 0.0000000
489.9 0.0000000
493.35 0.0000000
496.8 0.0000000
500.25 0.0000000
503.7 0.0000000
507.15 0.0000000
510.6 0.0000000
514.05 0.0000000
517.5 0.0000000
520.95 0.0000000
524.4 0.0000000
527.85 0.0000000
531.3 0.0000000
534.75 0.0000000
538.2 0.0000000
541.65 0.0000000
545.1 0.0000000
548.55 0.0000000
552.0 0.0000000
555.45 0.0000000
558.9 0.0000000
562.35 0.0000000
565.8 0.0000000
569.25 0.0000000
572.7 0.0000000
576.15 0.0000000
579.6 0.0000000
583.05 0.0000000
586.5 0.0000000
589.95 0.0000000
593.4 0.0000000
596.85 0.0000000
600.3 0.0000000
603.75 0.0000000
607.2 0.0000000
610.65 0.0000000
614.1 0.0000000
617.55 0.0000000
621.0 0.0000000
624.45 0.0000000
627.9 0.0000000
631.35 4.37298305E-02
634.8 4.11023572E-02
638.25 3.84219661E-02
641.7 3.58475409E-02
645.15 3.34152691E-02
648.6 3.10873762E-02
652.05 2.88633630E-02
655.5 2.67409161E-02
658.95 2.47466639E-02
662.4 2.28904150E-02
665.85 2.10282356E-02
669.3 1.90699007E-02
672.75 4.60979901E-02
676.2 4.27645631E-02
679.65 3.96748967E-02
683.1 3.67348231E-02
686.55 3.39333788E-02
690.0 3.42986360E-02
693.45 3.30477878E-02
696.9 3.02978065E-02
700.35 2.98562925E-02
703.8 2.99762096E-02
707.25 3.05069275E-02
710.7 0.18825430
714.15 0.18982093
717.6 0.15934622
721.05 0.13161115
724.5 0.12241621
727.95 0.11805376
731.4 0.11728358
734.85 0.11805250
738.3 0.11391634
741.75 0.10187817
745.2 0.10180928
748.65 9.01568756E-02
752.1 8.12052637E-02
755.55 7.43479133E-02
759.0 7.09175318E-02
762.45 7.12613612E-02
765.9 6.76449239E-02
769.35 6.83009923E-02
772.8 6.96155801E-02
776.25 6.69643953E-02
779.7 5.90913706E-02
783.15 5.68756834E-02
786.6 5.14291972E-02
790.05 5.08126616E-02
793.5 4.83245738E-02
796.95 4.40784171E-02
800.4 4.11658734E-02
803.85 3.98586243E-02
807.3 3.88639830E-02
810.75 3.92140746E-02
814.2 3.80353518E-02
817.65 3.72220241E-02
821.1 3.69957127E-02
824.55 3.79410386E-02
828.0 3.98911685E-02
831.45 4.40034643E-02
834.9 5.02197444E-02
838.35 6.25471249E-02
841.8 2.0370424
845.25 1.6508468
848.7 1.5427918
852.15 1.5451481
855.6 1.4502354
859.05 1.1632175
862.5 1.0062338
865.95 0.94807595
869.4 0.90897024
872.85 0.85151768
876.3 0.77895916
879.75 0.73111898
883.2 0.71553558
886.65 0.71870178
890.1 0.73161495
893.55 0.73784775
897.0 0.79499507
900.45 0.80883527
903.9 0.77536553
907.35 0.70773011
910.8 0.71348840
914.25 0.70817608
917.7 0.72632027
921.15 0.73999751
924.6 0.73211706
928.05 0.70690012
931.5 0.69859475
934.95 0.72189748
938.4 0.71851772
941.85 0.73161620
945.3 0.72325104
948.75 0.74126625
952.2 0.78480774
955.65 0.83005804
959.1 0.89232010
962.55 0.91012305
966.0 0.92439657
969.45 0.84183323
972.9 0.78714776
976.35 0.74668956
979.8 0.72962582
983.25 0.72738814
986.7 0.69549274
990.15 0.68763530
993.6 0.68447065
997.05 0.68030763
1000.5 0.69344234
1003.95 0.68769693
1007.4 0.67393881
1010.85 0.69505692
1014.3 0.68392473
1017.75 0.69547570
1021.2 0.71300226
1024.65 0.72442961
1028.1 0.74296838
1031.55 0.74278247
1035.0 0.76724780
1038.45 0.78516513
1041.9 0.80519903
1045.35 0.83659244
1048.8 0.89996582
1052.25 0.98463601
1055.7 1.0818104
1059.15 1.2051773
1062.6 1.3584234
1066.05 1.4498532
1069.5 1.3173115
1072.95 1.1185921
1076.4 0.96755546
1079.85 0.88890016
1083.3 0.84961551
1086.75 0.82732606
1090.2 0.78884006
1093.65 0.78664422
1097.1 0.76355350
1100.55 0.77912569
1104.0 0.78172743
1107.45 0.77947688
1110.9 0.78845841
1114.35 0.77904820
1117.8 0.79123712
1121.25 0.80262464
1124.7 0.80432111
1128.15 0.82199681
1131.6 0.79061913
1135.05 0.78558695
1138.5 0.77571630
1141.95 0.78875488
1145.4 0.79263788
1148.85 0.78167427
1152.3 0.74244004
1155.75 0.71879864
1159.2 0.70901734
1162.65 0.69627345
1166.1 0.69774181
1169.55 0.69618756
1173.0 0.69518703
1176.45 0.70647496
1179.9 0.70458442
1183.35 0.71621639
1186.8 0.71987170
1190.25 0.71888971
1193.7 0.71095437
1197.15 0.72028118
1200.6 0.72383046
1204.05 0.74377197
1207.5 0.73215568
1210.95 0.72070742
1214.4 0.68933570
1217.85 0.70004833
1221.3 0.70362133
1224.75 0.69464684
1228.2 0.71853799
1231.65 0.72578001
1235.1 0.70710856
1238.55 0.69546932
1242.0 0.69680279
1245.45 0.69722342
1248.9 0.69732338
1252.35 0.70662081
1255.8 0.69469041
1259.25 0.69291490
1262.7 0.70220345
1266.15 0.70183784
1269.6 0.71965981
1273.05 0.71700186
1276.5 0.76383030
1279.95 0.76168400
1283.4 0.76992136
1286.85 0.75874645
1290.3 0.76088625
1293.75 0.76837319
1297.2 0.80306095
1300.65 0.86463481
1304.1 0.92069024
1307.55 0.96653181
1311.0 0.98444444
1314.45 1.0368150
1317.9 0.99221617
1321.35 0.90780163
1324.8 0.83089554
1328.25 0.77994579
1331.7 0.75634223
1335.15 0.73227841
1338.6 0.70965892
1342.05 0.69239372
1345.5 0.68775403
1348.95 0.66252857
1352.4 0.65274262
1355.85 0.64820915
1359.3 0.65512210
1362.75 0.65851343
1366.2 0.64393151
1369.65 0.64715999
1373.1 0.65116942
1376.55 0.65719831
1380.0 0.64149022
1383.45 0.64906067
1386.9 0.66479450
1390.35 0.62937051
1393.8 0.64659232
1397.25 0.65131348
1400.7 0.64732593
1404.15 0.65342391
1407.6 0.64363790
1411.05 0.63567024
1414.5 0.65389705
1417.95 0.68093359
1421.4 0.66803306
1424.85 0.68541402
1428.3 0.68024462
1431.75 0.68266672
1435.2 0.67941332
1438.65 0.68874717
1442.1 0.68736351
1445.55 0.68622357
1449.0 0.66491079
1452.45 0.65471768
1455.9 0.66381198
1459.35 0.67386913
1462.8 0.64596307
1466.25 0.67776346
1469.7 0.65477997
1473.15 0.67101955
1476.6 0.66547602
1480.05 0.67960703
1483.5 0.64807171
1486.95 0.65822184
1490.4 0.65815121
1493.85 0.67020929
1497.3 0.63757008
1500.75 0.64557070
1504.2 0.65838897
1507.65 0.62964255
1511.1 0.64186382
1514.55 0.62295663
1518.0 0.60608226
1521.45 0.60579967
1524.9 0.60551316
1528.35 0.60983229
1531.8 0.61387372
1535.25 0.61511922
1538.7 0.60685539
1542.15 0.60401946
1545.6 0.60370868
1549.05 0.60339457
1552.5 0.61123180
1555.95 0.61043769
1559.4 0.61963910
1562.85 0.62358242
1566.3 0.62353802
1569.75 0.62827420
1573.2 0.63425934
1576.65 0.64592916
1580.1 0.66060448
1583.55 0.65565032
1587.0 0.67315805
1590.45 0.68106383
1593.9 0.68696070
1597.35 0.69094318
1600.8 0.69602746
1604.25 0.70493841
1607.7 0.70868105
1611.15 0.69926739
1614.6 0.69325364
1618.05 0.67787981
1621.5 0.67631930
1624.95 0.66339231
1628.4 0.67319703
1631.85 0.66503644
1635.3 0.66085982
1638.75 0.66279846
1642.2 0.65880609
1645.65 0.66044998
1649.1 0.66199392
1652.55 0.66967642
1656.0 0.68544698
1659.45 0.67502987
1662.9 0.69938636
1666.35 0.71672833
1669.8 0.73802811
1673.25 0.73590195
1676.7 0.71506310
1680.15 0.71153104
1683.6 0.71384078
1687.05 0.69766551
1690.5 0.68471181
1693.95 0.68087190
1697.4 0.67825466
1700.85 0.69127995
1704.3 0.70538753
1707.75 0.70821977
1711.2 0.70367551
1714.65 0.70550740
1718.1 0.70113057
1721.55 0.70473731
1725.0 0.69762683
1728.45 0.69478917
1731.9 0.69566154
1735.35 0.69252348
1738.8 0.68385190
1742.25 0.67404640
1745.7 0.68041974
1749.15 0.68275815
1752.6 0.68314326
1756.05 0.67662406
1759.5 0.67145544
1762.95 0.66978323
1766.4 0.66654217
1769.85 0.66404921
1773.3 0.65845448
1776.75 0.64967173
1780.2 0.65305769
1783.65 0.65321362
1787.1 0.64608842
1790.55 0.62928408
1794.0 0.64556038
1797.45 0.64852679
1800.9 0.64469051
1804.35 0.64477205
1807.8 0.65041965
1811.25 0.63850462
1814.7 0.63882732
1818.15 0.62645620
1821.6 0.61674500
1825.05 0.59273648
1828.5 0.59009868
1831.95 0.58920377
1835.4 0.58353031
1838.85 0.59948707
1842.3 0.60832059
1845.75 0.60973179
1849.2 0.59675825
1852.65 0.60295576
1856.1 0.60570079
1859.55 0.61395675
1863.0 0.61415237
1866.45 0.62848258
1869.9 0.64685309
1873.35 0.65265143
1876.8 0.64439690
1880.25 0.66425109
1883.7 0.67322659
1887.15 0.67269880
1890.6 0.67629170
1894.05 0.70379353
1897.5 0.72120154
1900.95 0.71760714
1904.4 0.73139912
1907.85 0.71488768
1911.3 0.73291147
1914.75 0.75816584
1918.2 0.82150126
1921.65 0.89571583
1925.1 1.0110399
1928.55 1.1286798
1932.0 1.1649534
1935.45 1.1059479
1938.9 0.97973108
1942.35 0.87179524
1945.8 0.80480587
1949.25 0.77174199
1952.7 0.74570554
1956.15 0.72557682
1959.6 0.70975113
1963.05 0.69457120
1966.5 0.68977535
1969.95 0.67593366
1973.4 0.66394746
1976.85 0.65022469
1980.3 0.64250875
1983.75 0.64064139
1987.2 0.62238383
1990.65 0.62366176
1994.1 0.60823643
1997.55 0.60434294
2001.0 0.60374677
2004.45 0.57891065
2007.9 0.58766198
2011.35 0.58734894
2014.8 0.59603959
2018.25 0.61246842
2021.7 0.61828786
2025.15 0.62048560
2028.6 0.62006962
2032.05 0.62446797
2035.5 0.61603779
2038.95 0.61765230
2042.4 0.62593400
2045.85 0.61679101
2049.3 0.61897546
2052.75 0.60795736
2056.2 0.61171770
2059.65 0.59706867
2063.1 0.58712333
2066.55 0.57669514
2070.0 0.57156634
2073.45 0.55796129
2076.9 0.55241770
2080.35 0.53739899
2083.8 0.52711946
2087.25 0.52508497
2090.7 0.53015429
2094.15 0.52333939
2097.6 0.53462541
2101.05 0.53752685
2104.5 0.53932858
2107.95 0.53936726
2111.4 0.53993219
2114.85 0.55074525
2118.3 0.54514766
2121.75 0.55601776
2125.2 0.55551213
2128.65 0.55342585
2132.1 0.54750711
2135.55 0.55318880
2139.0 0.54939193
2142.45 0.56120133
2145.9 0.57553703
2149.35 0.57718533
2152.8 0.60038233
2156.25 0.60535264
2159.7 0.60520959
2163.15 0.59702826
2166.6 0.59656596
2170.05 0.57470018
2173.5 0.58755112
2176.95 0.58188009
2180.4 0.58089250
2183.85 0.58826607
2187.3 0.60388589
2190.75 0.60457867
2194.2 0.61225152
2197.65 0.61617708
2201.1 0.62106431
2204.55 0.61507046
2208.0 0.61815143
2211.45 0.60905337
2214.9 0.61602724
2218.35 0.60851920
2221.8 0.59054363
2225.25 0.59088045
2228.7 0.59823310
2232.15 0.58256090
2235.6 0.58175391
2239.05 0.58227932
2242.5 0.58202004
2245.95 0.59134591
2249.4 0.58882731
2252.85 0.57892752
2256.3 0.57787210
2259.75 0.58958244
2263.2 0.58854675
2266.65 0.58460504
2270.1 0.59539080
2273.55 0.57862318
2277.0 0.57152635
2280.45 0.56393468
2283.9 0.55856514
2287.35 0.55443001
2290.8 0.54306525
2294.25 0.54097724
2297.7 0.54741788
2301.15 0.55234623
2304.6 0.55951118
2308.05 0.57703662
2311.5 0.55746847
2314.95 0.54976791
2318.4 0.54642981
2321.85 0.54389262
2325.3 0.53762072
2328.75 0.55043381
2332.2 0.54848993
2335.65 0.55243510
2339.1 0.54733807
2342.55 0.54908901
2346.0 0.54945564
2349.45 0.56209117
2352.9 0.56545120
2356.35 0.57508272
2359.8 0.59380627
2363.25 0.61803120
2366.7 0.58892423
2370.15 0.56657284
2373.6 0.56985021
2377.05 0.56113434
2380.5 0.54069096
2383.95 0.54677820
2387.4 0.54838336
2390.85 0.53317857
2394.3 0.52959859
2397.75 0.51786244
2401.2 0.51056081
2404.65 0.52429241
2408.1 0.52284259
2411.55 0.51546901
2415.0 0.52558798
2418.45 0.51243746
2421.9 0.50422275
2425.35 0.50403708
2428.8 0.49557611
2432.25 0.48738474
2435.7 0.47800902
2439.15 0.48404366
2442.6 0.48288643
2446.05 0.46894705
2449.5 0.47309011
2452.95 0.48072836
2456.4 0.48394516
2459.85 0.47481766
2463.3 0.48352164
2466.75 0.49557745
2470.2 0.48629254
2473.65 0.49688801
2477.1 0.48266119
2480.55 0.48381603
2484.0 0.47666821
2487.45 0.48282751
2490.9 0.48567969
2494.35 0.47614107
2497.8 0.48934677
2501.25 0.48111999
2504.7 0.47686377
2508.15 0.48106143
2511.6 0.47065523
2515.05 0.47582158
2518.5 0.47204325
2521.95 0.47518557
2525.4 0.47832617
2528.85 0.47192052
2532.3 0.46787819
2535.75 0.46657181
2539.2 0.46442765
2542.65 0.46161407
2546.1 0.46192628
2549.55 0.46838540
2553.0 0.46770787
2556.45 0.46726638
2559.9 0.45832530
2563.35 0.46006200
2566.8 0.47941738
2570.25 0.54040480
2573.7 0.56141496
2577.15 0.47449744
2580.6 0.45770878
2584.05 0.45764428
2587.5 0.45223260
2590.95 0.46849635
2594.4 0.45542660
2597.85 0.44545868
2601.3 0.44857180
2604.75 0.44352767
2608.2 0.43771508
2611.65 0.43315378
2615.1 0.42783514
2618.55 0.40462783
2622.0 0.41122523
2625.45 0.40355021
2628.9 0.42121106
2632.35 0.42023736
2635.8 0.41577262
2639.25 0.41167527
2642.7 0.40867451
2646.15 0.41916496
2649.6 0.41064253
2653.05 0.41755131
2656.5 0.42394909
2659.95 0.43099159
2663.4 0.44817403
2666.85 0.48243880
2670.3 0.50260955
2673.75 0.45176741
2677.2 0.42222315
2680.65 0.43739828
2684.1 0.44094762
2687.55 0.41799417
2691.0 0.40910086
2694.45 0.40974823
2697.9 0.40259898
2701.35 0.40026566
2704.8 0.39288247
2708.25 0.38155401
2711.7 0.36898726
2715.15 0.36646137
2718.6 0.37765941
2722.05 0.38897470
2725.5 0.39014158
2728.95 0.39455163
2732.4 0.40432808
2735.85 0.40471447
2739.3 0.40227088
2742.75 0.38892332
2746.2 0.39061037
2749.65 0.38862568
2753.1 0.37255105
2756.55 0.37735453
2760.0 0.36475283
2763.45 0.36481932
2766.9 0.35855010
2770.35 0.36640677
2773.8 0.37111640
2777.25 0.36440691
2780.7 0.35300913
2784.15 0.35267910
2787.6 0.35109177
2791.05 0.34700400
2794.5 0.35760412
2797.95 0.35013670
2801.4 0.35918039
2804.85 0.36637214
2808.3 0.38875619
2811.75 0.38281769
2815.2 0.38061979
2818.65 0.39749253
2822.1 0.40311301
2825.55 0.41723430
2829.0 0.44373533
2832.45 0.43081239
2835.9 0.40933973
2839.35 0.40735444
2842.8 0.38920024
2846.25 0.37952709
2849.7 0.37563264
2853.15 0.36940029
2856.6 0.35712743
2860.05 0.34343928
2863.5 0.33949322
2866.95 0.34113270
2870.4 0.35062322
2873.85 0.34786162
2877.3 0.34565538
2880.75 0.35332271
2884.2 0.34117755
2887.65 0.33691528
2891.1 0.34316707
2894.55 0.33535889
2898.0 0.33178827
2901.45 0.33131233
2904.9 0.33083743
2908.35 0.33239135
2911.8 0.33517882
2915.25 0.33368644
2918.7 0.33248383
2922.15 0.35111237
2925.6 0.34903979
2929.05 0.35439885
2932.5 0.34812307
2935.95 0.33977726
2939.4 0.33437866
2942.85 0.34940749
2946.3 0.34923273
2949.75 0.34677914
2953.2 0.36285195
2956.65 0.35326308
2960.1 0.36473286
2963.55 0.38463360
2967.0 0.37803996
2970.45 0.38582954
2973.9 0.39295515
2977.35 0.40909493
2980.8 0.43509525
2984.25 0.43995997
2987.7 0.46438068
2991.15 0.50271153
2994.6 0.52141678
2998.05 0.52371657
3001.5 0.48704720
3004.95 0.47842544
3008.4 0.47370544
3011.85 0.45078868
3015.3 0.43045622
3018.75 0.39427871
3022.2 0.38611278
3025.65 0.37080321
3029.1 0.36337185
3032.55 0.37264147
3036.0 0.36253497
3039.45 0.35642266
3042.9 0.35684079
3046.35 0.34855580
3049.8 0.34615099
3053.25 0.34440243
3056.7 0.32319215
3060.15 0.33430365
3063.6 0.33263934
3067.05 0.34116906
3070.5 0.33382359
3073.95 0.33241397
3077.4 0.34743795
3080.85 0.35251254
3084.3 0.36587077
3087.75 0.36062521
3091.2 0.35793027
3094.65 0.34455213
3098.1 0.36357489
3101.55 0.36443576
3105.0 0.36673149
3108.45 0.36415097
3111.9 0.37790832
3115.35 0.39405635
3118.8 0.39127484
3122.25 0.37528083
3125.7 0.36645585
3129.15 0.35762241
3132.6 0.36015776
3136.05 0.38671175
3139.5 0.37624881
3142.95 0.37170270
3146.4 0.38615322
3149.85 0.38295510
3153.3 0.35468829
3156.75 0.37384728
3160.2 0.38874567
3163.65 0.37206554
3167.1 0.36500484
3170.55 0.37080550
3174.0 0.35699606
3177.45 0.34871837
3180.9 0.34988785
3184.35 0.36106676
3187.8 0.37420094
3191.25 0.37400538
3194.7 0.36656040
3198.15 0.37114665
3201.6 0.36010873
3205.05 0.36611480
3208.5 0.35506320
3211.95 0.37369302
3215.4 0.35173526
3218.85 0.36316851
3222.3 0.34805885
3225.75 0.35132542
3229.2 0.35406274
3232.65 0.36573446
3236.1 0.33358571
3239.55 0.33287811
3243.0 0.31296962
3246.45 0.30902272
3249.9 0.30470565
3253.35 0.31215927
3256.8 0.31114137
3260.25 0.31021470
3263.7 0.30465236
3267.15 0.30927193
3270.6 0.31245354
3274.05 0.30589300
3277.5 0.29563138
3280.95 0.29826358
3284.4 0.29947555
3287.85 0.29791072
3291.3 0.30254787
3294.75 0.30638736
3298.2 0.31190807
3301.65 0.31072474
3305.1 0.30827519
3308.55 0.31427017
3312.0 0.32328376
3315.45 0.32348743
3318.9 0.32645291
3322.35 0.33867010
3325.8 0.35862651
3329.25 0.36029583
3332.7 0.38724732
3336.15 0.39081243
3339.6 0.40387434
3343.05 0.43404049
3346.5 0.45189950
3349.95 0.50557613
3353.4 0.55145937
3356.85 0.53402245
3360.3 0.49811414
3363.75 0.46256122
3367.2 0.43756163
3370.65 0.41580379
3374.1 0.38834539
3377.55 0.38141185
3381.0 0.37762734
3384.45 0.36447853
3387.9 0.34415245
3391.35 0.35441652
3394.8 0.34285325
3398.25 0.33759230
3401.7 0.33188826
3405.15 0.32295328
3408.6 0.31942707
3412.05 0.32773060
3415.5 0.32779580
3418.95 0.38679281
3422.4 0.42281756
3425.85 0.35342696
3429.3 0.31388792
3432.75 0.30557573
3436.2 0.30300733
3439.65 0.29555219
3443.1 0.31476843
3446.55 0.34387493
3450.0 0.41788781
3453.45 0.58872771
3456.9 0.58735317
3460.35 0.39496273
3463.8 0.33248976
3467.25 0.31257364
3470.7 0.30398294
3474.15 0.29680794
3477.6 0.29110149
3481.05 0.29128391
3484.5 0.28921548
3487.95 0.28961742
3491.4 0.28921586
3494.85 0.28448689
3498.3 0.28131458
3501.75 0.28130114
3505.2 0.27053517
3508.65 0.26496392
3512.1 0.27659917
3515.55 0.27410427
3519.0 0.27750182
3522.45 0.26630735
3525.9 0.26847360
3529.35 0.26471838
3532.8 0.27395046
3536.25 0.26913011
3539.7 0.26219097
3543.15 0.26819476
3546.6 0.26651576
3550.05 0.27462822
3553.5 0.27604717
3556.95 0.28710207
3560.4 0.29330400
3563.85 0.28916818
3567.3 0.28080380
3570.75 0.29315180
3574.2 0.28101805
3577.65 0.27404583
3581.1 0.27458879
3584.55 0.29007754
3588.0 0.28465065
3591.45 0.26965570
3594.9 0.27318889
3598.35 0.27569780
3601.8 0.28032327
3605.25 0.27577263
3608.7 0.27838612
3612.15 0.27728948
3615.6 0.27881271
3619.05 0.26863283
3622.5 0.27318066
3625.95 0.28204447
3629.4 0.26848346
3632.85 0.27606440
3636.3 0.27717397
3639.75 0.27513626
3643.2 0.27552509
3646.65 0.27750605
3650.1 0.27568996
3653.55 0.28628546
3657.0 0.27328953
3660.45 0.26753539
3663.9 0.29254851
3667.35 0.27307531
3670.8 0.28577110
3674.25 0.27854368
3677.7 0.27024180
3681.15 0.26640773
3684.6 0.26337242
3688.05 0.27125418
3691.5 0.25706533
3694.95 0.25932866
3698.4 0.26196018
3701.85 0.25911263
3705.3 0.24693644
3708.75 0.25145257
3712.2 0.25750509
3715.65 0.25694820
3719.1 0.24912250
3722.55 0.25002578
3726.0 0.24790932
3729.45 0.24309723
3732.9 0.24793530
3736.35 0.25296265
3739.8 0.25124466
3743.25 0.24509633
3746.7 0.24151826
3750.15 0.23789999
3753.6 0.24613750
3757.05 0.23730291
3760.5 0.25332376
3763.95 0.23876223
3767.4 0.23983270
3770.85 0.23611523
3774.3 0.23581970
3777.75 0.23552467
3781.2 0.23523015
3784.65 0.24059723
3788.1 0.24162605
3791.55 0.24716362
3795.0 0.24111483
3798.45 0.24181615
3801.9 0.23347440
3805.35 0.23318358
3808.8 0.23980454
3812.25 0.24688144
3815.7 0.24269116
3819.15 0.23675245
3822.6 0.24605136
3826.05 0.24997707
3829.5 0.23742139
3832.95 0.24009442
3836.4 0.23059012
3839.85 0.23030455
3843.3 0.23492257
3846.75 0.23103674
3850.2 0.25255996
3853.65 0.24109922
3857.1 0.23451404
3860.55 0.26182011
3864.0 0.25833213
3867.45 0.24665995
3870.9 0.24214822
3874.35 0.23117368
3877.8 0.23085213
3881.25 0.22691755
3884.7 0.23433994
3888.15 0.22636014
3891.6 0.22745682
3895.05 0.22580472
3898.5 0.22764064
3901.95 0.22525124
3905.4 0.22650082
3908.85 0.22566766
3912.3 0.22442476
3915.75 0.23223858
3919.2 0.22880343
3922.65 0.22360286
3926.1 0.22332977
3929.55 0.22305727
3933.0 0.22278522
3936.45 0.22251366
3939.9 0.22224261
3943.35 0.22197199
3946.8 0.22654635
3950.25 0.22143224
3953.7 0.22180508
3957.15 0.22089443
3960.6 0.22190015
3964.05 0.22043253
3967.5 0.22009116
3970.95 0.22223760
3974.4 0.22534963
3977.85 0.22643887
3981.3 0.22434290
3984.75 0.22397541
3988.2 0.22334486
3991.65 0.22027843
3995.1 0.22210921
3998.55 0.22067204
4002.0 0.22026137
4005.45 0.22518128
4008.9 0.23506312
4012.35 0.22354642
4015.8 0.23131585
4019.25 0.22685999
4022.7 0.23389128
4026.15 0.22842623
4029.6 0.23585528
4033.05 0.23210816
4036.5 0.23318298
4039.95 0.23998302
4043.4 0.23418163
4046.85 0.23867440
4050.3 0.24656738
4053.75 0.26549566
4057.2 0.25944382
4060.65 0.25445816
4064.1 0.25586253
4067.55 0.23332922
4071.0 0.22943887
4074.45 0.24014312
4077.9 0.23591521
4081.35 0.22772326
4084.8 0.22897959
4088.25 0.23025995
4091.7 0.23058231
4095.15 0.22654246
4098.6 0.23103487
4102.05 0.23580693
4105.5 0.22131924
4108.95 0.22370468
4112.4 0.22218725
4115.85 0.22933787
4119.3 0.21637811
4122.75 0.21872132
4126.2 0.21815008
4129.65 0.21739286
4133.1 0.21898030
4136.55 0.21857075
4140.0 0.21806146
4143.45 0.22006291
4146.9 0.21653104
4150.35 0.21475315
4153.8 0.21101114
4157.25 0.21086508
4160.7 0.20745355
4164.15 0.21151061
4167.6 0.21199545
4171.05 0.21446447
4174.5 0.21623023
4177.95 0.20801941
4181.4 0.21251817
4184.85 0.21892968
4188.3 0.21640582
4191.75 0.21859272
4195.2 0.22261071
4198.65 0.21899410
4202.1 0.22064839
4205.55 0.21631666
4209.0 0.22722106
4212.45 0.20895772
4215.9 0.20203887
4219.35 0.20513175
4222.8 0.20242169
4226.25 0.20354699
4229.7 0.20386165
4233.15 0.20789815
4236.6 0.21177554
4240.05 0.20219068
4243.5 0.20790735
4246.95 0.21356441
4250.4 0.20572796
4253.85 0.20232700
4257.3 0.19924493
4260.75 0.19901474
4264.2 0.19988857
4267.65 0.21172117
4271.1 0.20175049
4274.55 0.20297158
4278.0 0.19786966
4281.45 0.19839673
4284.9 0.19825654
4288.35 0.20151147
4291.8 0.19950879
4295.25 0.20408992
4298.7 0.20480618
4302.15 0.20018837
4305.6 0.19884203
4309.05 0.19857448
4312.5 0.20433320
4315.95 0.20308863
4319.4 0.19883244
4322.85 0.19741955
4326.3 0.19592930
4329.75 0.19501427
4333.2 0.19665998
4336.65 0.19840917
4340.1 0.20499572
4343.55 0.20784540
4347.0 0.21181071
4350.45 0.21857874
4353.9 0.20987271
4357.35 0.19961959
4360.8 0.20030317
4364.25 0.19826591
4367.7 0.19520514
4371.15 0.19828151
4374.6 0.20421402
4378.05 0.20639552
4381.5 0.20000438
4384.95 0.20159523
4388.4 0.20464362
4391.85 0.20837261
4395.3 0.21156749
4398.75 0.20117494
4402.2 0.20319946
4405.65 0.20700340
4409.1 0.20765503
4412.55 0.20327246
4416.0 0.20294352
4419.45 0.20598936
4422.9 0.20583315
4426.35 0.20362204
4429.8 0.20865555
4433.25 0.20655148
4436.7 0.20950024
4440.15 0.21454793
4443.6 0.21158400
4447.05 0.21777739
4450.5 0.21432179
4453.95 0.22891174
4457.4 0.23063913
4460.85 0.23671179
4464.3 0.24340957
4467.75 0.24245746
4471.2 0.24744600
4474.65 0.26136327
4478.1 0.26284978
4481.55 0.27433875
4485.0 0.28705037
4488.45 0.30470809
4491.9 0.32515272
4495.35 0.34982067
4498.8 0.38379225
4502.25 0.42622417
4505.7 0.47815925
4509.15 0.53935862
4512.6 0.63244593
4516.05 0.74317646
4519.5 0.88265765
4522.95 1.0233536
4526.4 1.2039229
4529.85 1.2374023
4533.3 1.0583273
4536.75 0.88096511
4540.2 0.80159366
4543.65 0.75508690
4547.1 0.65397078
4550.55 0.55176920
4554.0 0.49714211
4557.45 0.45351404
4560.9 0.41361928
4564.35 0.38322324
4567.8 0.36464351
4571.25 0.34145021
4574.7 0.31794798
4578.15 0.29842240
4581.6 0.27880338
4585.05 0.26202968
4588.5 0.25674483
4591.95 0.25149867
4595.4 0.23887907
4598.85 0.23736371
4602.3 0.23293684
4605.75 0.23322646
4609.2 0.23736091
4612.65 0.23672149
4616.1 0.23181719
4619.55 0.22432339
4623.0 0.23555112
4626.45 0.24162921
4629.9 0.24657620
4633.35 0.27156654
4636.8 0.27018905
4640.25 0.25191081
4643.7 0.25447309
4647.15 0.25757250
4650.6 0.25019717
4654.05 0.23092552
4657.5 0.21216226
4660.95 0.21010044
4664.4 0.20480001
4667.85 0.19860521
4671.3 0.19738263
4674.75 0.19189917
4678.2 0.18346472
4681.65 0.18246406
4685.1 0.18337797
4688.55 0.18307443
4692.0 0.17455821
4695.45 0.17294222
4698.9 0.17275715
4702.35 0.17830604
4705.8 0.18534394
4709.25 0.17801982
4712.7 0.17544761
4716.15 0.17495045
4719.6 0.17165029
4723.05 0.17146698
4726.5 0.17128395
4729.95 0.18286452
4733.4 0.17591409
4736.85 0.17718506
4740.3 0.17055492
4743.75 0.17037342
4747.2 0.17349012
4750.65 0.17906365
4754.1 0.17768006
4757.55 0.17351161
4761.0 0.17527357
4764.45 0.17544287
4767.9 0.17415054
4771.35 0.16893236
4774.8 0.16875359
4778.25 0.16857508
4781.7 0.16995671
4785.15 0.16821903
4788.6 0.16804144
4792.05 0.16786416
4795.5 0.17184457
4798.95 0.16751045
4802.4 0.16733406
4805.85 0.16715795
4809.3 0.16946959
4812.75 0.16680659
4816.2 0.16663137
4819.65 0.16645642
4823.1 0.16628177
4826.55 0.17078300
4830.0 0.16692983
4833.45 0.17614385
4836.9 0.16683921
4840.35 0.16684598
4843.8 0.16524002
4847.25 0.16506740
4850.7 0.17686167
4854.15 0.18352170
4857.6 0.17716375
4861.05 0.19034937
4864.5 0.17601453
4867.95 0.19806895
4871.4 0.18646383
4874.85 0.17230822
4878.3 0.19178049
4881.75 0.17866768
4885.2 0.17426114
4888.65 0.17572761
4892.1 0.17018563
4895.55 0.16779247
4899.0 0.16251244
4902.45 0.16234435
4905.9 0.16468611
4909.35 0.17087142
4912.8 0.16184181
4916.25 0.16167487
4919.7 0.16150822
4923.15 0.16134183
4926.6 0.17745489
4930.05 0.16484682
4933.5 0.16084428
4936.95 0.16067903
4940.4 0.16339938
4943.85 0.16230485
4947.3 0.16018477
4950.75 0.16002065
4954.2 0.16457087
4957.65 0.16968532
4961.1 0.17909493
4964.55 0.15936655
4968.0 0.17632435
4971.45 0.15950075
4974.9 0.16702193
4978.35 0.15871687
4981.8 0.16946831
4985.25 0.16502190
4988.7 0.16469450
4992.15 0.16797341
4995.6 0.17581415
4999.05 0.16750348
5002.5 0.15759036
5005.95 0.16821618
5009.4 0.18623641
5012.85 0.15711154
5016.3 0.15695249
5019.75 0.15724435
5023.2 0.15663512
5026.65 0.15647687
5030.1 0.15631881
5033.55 0.17163073
5037.0 0.16719401
5040.45 0.15584640
5043.9 0.15568943
5047.35 0.16404469
5050.8 0.17555468
5054.25 0.15522012
5057.7 0.15652589
5061.15 0.19132869
5064.6 0.16454178
5068.05 0.16312625
5071.5 0.15444311
5074.95 0.17550111
5078.4 0.18757434
5081.85 0.17918593
5085.3 0.19709474
5088.75 0.19296026
5092.2 0.20336293
5095.65 0.17676188
5099.1 0.18341523
5102.55 0.22589363
5106.0 0.20260839
5109.45 0.19444010
5112.9 0.17599843
5116.35 0.17007953
5119.8 0.21023966
5123.25 0.20054115
5126.7 0.19401214
5130.15 0.18071049
5133.6 0.16169502
5137.05 0.18273596
5140.5 0.15139922
5143.95 0.15124968
5147.4 0.15110035
5150.85 0.15095136
5154.3 0.15080257
5157.75 0.15065400
5161.2 0.15050575
5164.65 0.15035766
5168.1 0.15020987
5171.55 0.15006229
5175.0 0.14991501
5178.45 0.14976794
5181.9 0.14962113
5185.35 0.14947455
5188.8 0.14932826
5192.25 0.14918219
5195.7 0.14903633
5199.15 0.14889075
5202.6 0.14874539
5206.05 0.14860031
5209.5 0.14845544
5212.95 0.14831083
5216.4 0.14816648
5219.85 0.14802234
5223.3 0.14787842
5226.75 0.14773475
5230.2 0.14759137
5233.65 0.14744821
5237.1 0.14730524
5240.55 0.14716257
5244.0 0.14702015
5247.45 0.14687791
5250.9 0.14673595
5254.35 0.14659420
5257.8 0.14645271
5261.25 0.14631143
5264.7 0.14617045
5268.15 0.14602968
5271.6 0.14588915
5275.05 0.14574879
5278.5 0.14560872
5281.95 0.14546888
5285.4 0.14532927
5288.85 0.14518991
5292.3 0.14505076
5295.75 0.14491189
5299.2 0.14477320
5302.65 0.14463477
5306.1 0.14449659
5309.55 0.14435863
5313.0 0.14422087
5316.45 0.14408335
5319.9 0.14394611
5323.35 0.14380904
5326.8 0.14367227
5330.25 0.14353564
5333.7 0.14339925
5337.15 0.14326319
5340.6 0.14312740
5344.05 0.14299166
5347.5 0.14285620
5350.95 0.14272104
5354.4 0.14258608
5357.85 0.14245123
5361.3 0.14231667
5364.75 0.14218259
5368.2 0.14204834
5371.65 0.14191456
5375.1 0.14178103
5378.55 0.14164765
5382.0 0.14151450
5385.45 0.14138155
5388.9 0.14124873
5392.35 0.14111640
5395.8 0.14098409
5399.25 0.14085203
5402.7 0.14072011
5406.15 0.14058857
5409.6 0.14045718
5413.05 0.14032602
5416.5 0.14019507
5419.95 0.14006446
5423.4 0.13993406
5426.85 0.13980378
5430.3 0.13967372
5433.75 0.13954392
5437.2 0.13941438
5440.65 0.13928492
5444.1 0.13915575
5447.55 0.13902695
5451.0 0.13889809
5454.45 0.13876967
5457.9 0.13864146
5461.35 0.13851337
5464.8 0.13838553
5468.25 0.13825792
5471.7 0.13813038
5475.15 0.13800335
5478.6 0.13787630
5482.05 0.13774957
5485.5 0.13762303
5488.95 0.13749675
5492.4 0.13737059
5495.85 0.13724481
5499.3 0.13711916
5502.75 0.13699372
5506.2 0.13686837
5509.65 0.13674341
5513.1 0.13661857
5516.55 0.13649395
5520.0 0.13636957
5523.45 0.13624546
5526.9 0.13612141
5530.35 0.13599777
5533.8 0.13587424
5537.25 0.13575095
5540.7 0.13562770
5544.15 0.13550487
5547.6 0.13538212
5551.05 0.13525981
5554.5 0.13513753
5557.95 0.13501535
5561.4 0.13489357
5564.85 0.13477187
5568.3 0.13465059
5571.75 0.13452937
5575.2 0.13440822
5578.65 0.13428749
5582.1 0.13416699
5585.55 0.13404660
5589.0 0.13392636
5592.45 0.13380642
5595.9 0.13368672
5599.35 0.13356708
5602.8 0.13344771
5606.25 0.13332872
5609.7 0.13320976
5613.15 0.13309091
5616.6 0.13297248
5620.05 0.13285410
5623.5 0.13273610
5626.95 0.13261820
5630.4 0.13250037
5633.85 0.13238296
5637.3 0.13226570
5640.75 0.13214861
5644.2 0.13203168
5647.65 0.13191500
5651.1 0.13179858
5654.55 0.13168222
5658.0 0.13156626
5661.45 0.13145033
5664.9 0.13133466
5668.35 0.13121922
5671.8 0.13110399
5675.25 0.13098887
5678.7 0.13087416
5682.15 0.13075945
5685.6 0.13064498
5689.05 0.13053077
5692.5 0.13041663
5695.95 0.13030286
5699.4 0.13018914
5702.85 0.13007565
5706.3 0.12996243
5709.75 0.12984940
5713.2 0.12973644
5716.65 0.12962388
5720.1 0.12951140
5723.55 0.12939911
5727.0 0.12928706
5730.45 0.12917510
5733.9 0.12906350
5737.35 0.12895195
5740.8 0.12884080
5744.25 0.12872972
5747.7 0.12861869
5751.15 0.12850806
5754.6 0.12839764
5758.05 0.12828727
5761.5 0.12817715
5764.95 0.12806724
5768.4 0.12795755
5771.85 0.12784807
5775.3 0.12773867
5778.75 0.12762949
5782.2 0.12752053
5785.65 0.12741180
5789.1 0.12730329
5792.55 0.12719499
5796.0 0.12708671
5799.45 0.12697884
5802.9 0.12687106
5806.35 0.12676348
5809.8 0.12665609
5813.25 0.12654881
5816.7 0.12644188
5820.15 0.12633498
5823.6 0.12622832
5827.05 0.12612188
5830.5 0.12601568
5833.95 0.12590967
5837.4 0.12580371
5840.85 0.12569797
5844.3 0.12559262
5847.75 0.12548730
5851.2 0.12538207
5854.65 0.12527719
5858.1 0.12517254
5861.55 0.12506790
5865.0 0.12496353
5868.45 0.12485934
5871.9 0.12475535
5875.35 0.12465162
5878.8 0.12454794
5882.25 0.12444459
5885.7 0.12434132
5889.15 0.12423826
5892.6 0.12413540
5896.05 0.12403279
5899.5 0.12393019
5902.95 0.12382797
5906.4 0.12372579
5909.85 0.12362385
5913.3 0.12352210
5916.75 0.12342057
5920.2 0.12331922
5923.65 0.12321796
5927.1 0.12311703
5930.55 0.12301616
5934.0 0.12291553
5937.45 0.12281509
5940.9 0.12271472
5944.35 0.12261467
5947.8 0.12251469
5951.25 0.12241507
5954.7 0.12231550
5958.15 0.12221614
5961.6 0.12211698
5965.05 0.12201790
5968.5 0.12191916
5971.95 0.12182046
5975.4 0.12172199
5978.85 0.12162369
5982.3 0.12152562
5985.75 0.12142772
5989.2 0.12132990
5992.65 0.12123244
5996.1 0.12113503
5999.55 0.12103780
