300.0 0.0
345.0 0.0000000
348.45 0.0000000
351.9 0.0000000
355.35 0.0000000
358.8 0.0000000
362.25 0.0000000
365.7 0.0000000
369.15 0.0000000
372.6 0.0000000
376.05 0.0000000
379.5 0.0000000
382.95 0.0000000
386.4 0.0000000
389.85 0.0000000
393.3 0.0000000
396.75 0.0000000
400.2 0.0000000
403.65 0.0000000
407.1 0.0000000
410.55 0.0000000
414.0 0.0000000
417.45 0.0000000
420.9 0.0000000
424.35 0.0000000
427.8 0.0000000
431.25 0.0000000
434.7 0.0000000
438.15 0.0000000
441.6 0.0000000
445.05 0.0000000
448.5 0.0000000
451.95 0.0000000
455.4 0.0000000
458.85 0.0000000
462.3 0.0000000
465.75 0.0000000
469.2 0.0000000
472.65 0.0000000
476.1 0.0000000
479.55 0.0000000
483.0 0.0000000
486.45 0.0000000
489.9 0.0000000
493.35 0.0000000
496.8 0.0000000
500.25 0.0000000
503.7 0.0000000
507.15 0.0000000
510.6 0.0000000
514.05 0.0000000
517.5 0.0000000
520.95 0.0000000
524.4 0.0000000
527.85 0.0000000
531.3 0.0000000
534.75 0.0000000
538.2 0.0000000
541.65 0.0000000
545.1 0.0000000
548.55 0.0000000
552.0 0.0000000
555.45 0.0000000
558.9 0.0000000
562.35 0.0000000
565.8 0.0000000
569.25 0.0000000
572.7 0.0000000
576.15 0.0000000
579.6 0.0000000
583.05 0.0000000
586.5 0.0000000
589.95 0.0000000
593.4 0.0000000
596.85 0.0000000
600.3 0.0000000
603.75 0.0000000
607.2 0.0000000
610.65 0.0000000
614.1 0.0000000
617.55 0.0000000
621.0 0.0000000
624.45 0.0000000
627.9 0.0000000
631.35 9.97506455E-02
634.8 9.34287906E-02
638.25 8.70333388E-02
641.7 8.09232667E-02
645.15 7.51763061E-02
648.6 6.97037429E-02
652.05 6.45016581E-02
655.5 5.95615916E-02
658.95 5.49400076E-02
662.4 5.06546907E-02
665.85 4.63849232E-02
669.3 4.19318862E-02
672.75 0.10104480
676.2 9.34471488E-02
679.65 8.64290670E-02
683.1 7.97803476E-02
686.55 7.34738931E-02
690.0 7.40427971E-02
693.45 7.11312443E-02
696.9 6.50209188E-02
700.35 6.38872012E-02
703.8 6.39591441E-02
707.25 6.49059415E-02
710.7 0.39939332
714.15 0.40158921
717.6 0.33618149
721.05 0.27690363
724.5 0.25685668
727.95 0.24703461
731.4 0.24476606
734.85 0.24571699
738.3 0.23648529
741.75 0.21094301
745.2 0.21025647
748.65 0.18571490
752.1 0.16685151
755.55 0.15237747
759.0 0.14498453
762.45 0.14532691
765.9 0.13761422
769.35 0.13861077
772.8 0.14093813
776.25 0.13524707
779.7 0.11906333
783.15 0.11432957
786.6 0.10314063
790.05 0.10166839
793.5 9.64685977E-02
796.95 8.77922103E-02
800.4 8.18064064E-02
803.85 7.90315196E-02
807.3 7.68884718E-02
810.75 7.74105042E-02
814.2 7.49196112E-02
817.65 7.31590167E-02
821.1 7.25579932E-02
824.55 7.42535591E-02
828.0 7.79052600E-02
831.45 8.57560784E-02
834.9 9.76671502E-02
838.35 0.12139010
841.8 3.9453545
845.25 3.1908677
848.7 2.9760029
852.15 2.9745827
855.6 2.7863169
859.05 2.2304728
862.5 1.9256834
865.95 1.8108610
869.4 1.7328286
872.85 1.6201963
876.3 1.4793286
879.75 1.3858621
883.2 1.3537835
886.65 1.3572527
890.1 1.3790960
893.55 1.3882979
897.0 1.4931120
900.45 1.5163661
903.9 1.4510236
907.35 1.3220981
910.8 1.3305001
914.25 1.3182847
917.7 1.3497089
921.15 1.3727525
924.6 1.3558090
928.05 1.3068811
931.5 1.2893454
934.95 1.3301220
938.4 1.3216896
941.85 1.3435545
945.3 1.3260108
948.75 1.3568261
952.2 1.4341959
955.65 1.5144476
959.1 1.6254443
962.55 1.6552428
966.0 1.6785518
969.45 1.5262372
972.9 1.4248735
976.35 1.3495494
979.8 1.3166854
983.25 1.3106468
986.7 1.2512788
990.15 1.2352817
993.6 1.2277594
997.05 1.2184809
1000.5 1.2401742
1003.95 1.2280976
1007.4 1.2017764
1010.85 1.2376423
1014.3 1.2160707
1017.75 1.2348440
1021.2 1.2641677
1024.65 1.2826190
1028.1 1.3136004
1031.55 1.3114440
1035.0 1.3527670
1038.45 1.3824562
1041.9 1.4157951
1045.35 1.4689990
1048.8 1.5781480
1052.25 1.7243099
1055.7 1.8919605
1059.15 2.1049268
1062.6 2.3694620
1066.05 2.5256350
1069.5 2.2917686
1072.95 1.9435376
1076.4 1.6789567
1079.85 1.5405023
1083.3 1.4705534
1086.75 1.4301699
1090.2 1.3619328
1093.65 1.3564512
1097.1 1.3150051
1100.55 1.3401732
1104.0 1.3430047
1107.45 1.3375098
1110.9 1.3512871
1114.35 1.3335557
1117.8 1.3528026
1121.25 1.3706430
1124.7 1.3719189
1128.15 1.4004227
1131.6 1.3453934
1135.05 1.3352797
1138.5 1.3169816
1141.95 1.3375827
1145.4 1.3426353
1148.85 1.3225628
1152.3 1.2547643
1155.75 1.2134476
1159.2 1.1956015
1162.65 1.1728103
1166.1 1.1739887
1169.55 1.1700901
1173.0 1.1671354
1176.45 1.1848013
1179.9 1.1803576
1183.35 1.1985584
1186.8 1.2033918
1190.25 1.2004764
1193.7 1.1859739
1197.15 1.2002732
1200.6 1.2049302
1204.05 1.2368420
1207.5 1.2162695
1210.95 1.1960238
1214.4 1.1427950
1217.85 1.1593773
1221.3 1.1641184
1224.75 1.1481171
1228.2 1.1864184
1231.65 1.1971865
1235.1 1.1652354
1238.55 1.1449291
1242.0 1.1460034
1245.45 1.1455804
1248.9 1.1446368
1252.35 1.1587815
1255.8 1.1381269
1259.25 1.1341374
1262.7 1.1482520
1266.15 1.1465727
1269.6 1.1745859
1273.05 1.1691566
1276.5 1.2443601
1279.95 1.2397183
1283.4 1.2519747
1286.85 1.2326757
1290.3 1.2350290
1293.75 1.2460532
1297.2 1.3011336
1300.65 1.3996425
1304.1 1.4890558
1307.55 1.5618110
1311.0 1.5893530
1314.45 1.6724343
1317.9 1.5990973
1321.35 1.4617797
1324.8 1.3367859
1328.25 1.2537359
1331.7 1.2147535
1335.15 1.1751028
1338.6 1.1378397
1342.05 1.1092211
1345.5 1.1008632
1348.95 1.0590200
1352.4 1.0419431
1355.85 1.0332917
1359.3 1.0428915
1362.75 1.0468726
1366.2 1.0223138
1369.65 1.0260648
1373.1 1.0310483
1376.55 1.0392170
1380.0 1.0130429
1383.45 1.0236562
1386.9 1.0471051
1390.35 0.99002540
1393.8 1.0158054
1397.25 1.0219109
1400.7 1.0143597
1404.15 1.0226170
1407.6 1.0060312
1411.05 0.99233037
1414.5 1.0195098
1417.95 1.0603448
1421.4 1.0389714
1424.85 1.0646938
1428.3 1.0553719
1431.75 1.0578417
1435.2 1.0515267
1438.65 1.0646896
1442.1 1.0612787
1445.55 1.0582561
1449.0 1.0241734
1452.45 1.0072838
1455.9 1.0200777
1459.35 1.0343239
1462.8 0.99033940
1466.25 1.0378925
1469.7 1.0015442
1473.15 1.0252104
1476.6 1.0155834
1480.05 1.0359746
1483.5 0.98678988
1486.95 1.0011213
1490.4 0.99989742
1493.85 1.0170864
1497.3 0.96648580
1500.75 0.97753847
1504.2 0.99585783
1507.65 0.95134062
1511.1 0.96875572
1514.55 0.93920630
1518.0 0.91278553
1521.45 0.91138661
1524.9 0.90998822
1528.35 0.91551065
1531.8 0.92060858
1535.25 0.92151088
1538.7 0.90818441
1542.15 0.90300328
1545.6 0.90160769
1549.05 0.90021336
1552.5 0.91097438
1555.95 0.90886569
1559.4 0.92163163
1562.85 0.92656267
1566.3 0.92556792
1569.75 0.93166775
1573.2 0.93960929
1576.65 0.95595157
1580.1 0.97670889
1583.55 0.96843499
1587.0 0.99332607
1590.45 1.0040169
1593.9 1.0117326
1597.35 1.0166198
1600.8 1.0231209
1604.25 1.0352331
1607.7 1.0397429
1611.15 1.0249637
1614.6 1.0151945
1618.05 0.99175388
1621.5 0.98854977
1624.95 0.96875679
1628.4 0.98216844
1631.85 0.96937191
1635.3 0.96240419
1638.75 0.96434969
1642.2 0.95767283
1645.65 0.95919722
1649.1 0.96057659
1652.55 0.97085643
1656.0 0.99283582
1659.45 0.97688174
1662.9 1.0112375
1666.35 1.0354029
1669.8 1.0652419
1673.25 1.0612491
1676.7 1.0303049
1680.15 1.0243318
1683.6 1.0267751
1687.05 1.0026516
1690.5 0.98319805
1693.95 0.97685605
1697.4 0.97228056
1700.85 0.99012029
1704.3 1.0094819
1707.75 1.0126917
1711.2 1.0053601
1714.65 1.0071458
1718.1 1.0000752
1721.55 1.0043975
1725.0 0.99345404
1728.45 0.98861068
1731.9 0.98905253
1735.35 0.98379928
1738.8 0.97070277
1742.25 0.95602131
1745.7 0.96429455
1749.15 0.96684378
1752.6 0.96662772
1756.05 0.95665294
1759.5 0.94860399
1762.95 0.94550627
1766.4 0.94020253
1769.85 0.93596435
1773.3 0.92736632
1776.75 0.91429746
1780.2 0.91836298
1783.65 0.91788614
1787.1 0.90718859
1790.55 0.88292903
1794.0 0.90508777
1797.45 0.90856904
1800.9 0.90252382
1804.35 0.90197068
1807.8 0.90920085
1811.25 0.89189065
1814.7 0.89169008
1818.15 0.87378603
1821.6 0.85961735
1825.05 0.82555842
1828.5 0.82129401
1831.95 0.81946182
1835.4 0.81099278
1838.85 0.83257818
1842.3 0.84424883
1845.75 0.84561139
1849.2 0.82703859
1852.65 0.83504415
1856.1 0.83826196
1859.55 0.84909904
1863.0 0.84878343
1866.45 0.86799097
1869.9 0.89275086
1873.35 0.90013915
1876.8 0.88815063
1880.25 0.91489547
1883.7 0.92663276
1887.15 0.92528480
1890.6 0.92960453
1894.05 0.96676302
1897.5 0.99001837
1900.95 0.98443294
1904.4 1.0026926
1907.85 0.97941428
1911.3 1.0034513
1914.75 1.0373526
1918.2 1.1232822
1921.65 1.2239685
1925.1 1.3806667
1928.55 1.5403270
1932.0 1.5888157
1935.45 1.5073825
1938.9 1.3345058
1942.35 1.1867355
1945.8 1.0948573
1949.25 1.0492198
1952.7 1.0131897
1956.15 0.98522812
1959.6 0.96314240
1963.05 0.94196200
1966.5 0.93488306
1969.95 0.91556233
1973.4 0.89877814
1976.85 0.87966692
1980.3 0.86870241
1983.75 0.86565530
1987.2 0.84047979
1990.65 0.84170145
1994.1 0.82039386
1997.55 0.81465822
2001.0 0.81337273
2004.45 0.77945334
2007.9 0.79077142
2011.35 0.78988773
2014.8 0.80110776
2018.25 0.82271057
2021.7 0.83004701
2025.15 0.83251703
2028.6 0.83148080
2032.05 0.83689928
2035.5 0.82513034
2038.95 0.82682234
2042.4 0.83743429
2045.85 0.82473618
2049.3 0.82719183
2052.75 0.81201208
2056.2 0.81657869
2059.65 0.79658055
2063.1 0.78287780
2066.55 0.76854789
2070.0 0.76129371
2073.45 0.74276501
2076.9 0.73498392
2080.35 0.71461219
2083.8 0.70056278
2087.25 0.69748157
2090.7 0.70383626
2094.15 0.69441593
2097.6 0.70901161
2101.05 0.71247983
2104.5 0.71448857
2107.95 0.71416134
2111.4 0.71453255
2114.85 0.72845942
2118.3 0.72067785
2121.75 0.73466456
2125.2 0.73361486
2128.65 0.73048079
2132.1 0.72229558
2135.55 0.72941548
2139.0 0.72403789
2142.45 0.73922342
2145.9 0.75772053
2149.35 0.75950509
2152.8 0.78962976
2156.25 0.79576564
2159.7 0.79517806
2163.15 0.78403616
2166.6 0.78303796
2170.05 0.75396240
2173.5 0.77043998
2176.95 0.76262718
2180.4 0.76095814
2183.85 0.77023959
2187.3 0.79030490
2190.75 0.79082602
2194.2 0.80047405
2197.65 0.80521661
2201.1 0.81121200
2204.55 0.80299687
2208.0 0.80663282
2211.45 0.79438120
2214.9 0.80309498
2218.35 0.79293078
2221.8 0.76914424
2225.25 0.76922053
2228.7 0.77842659
2232.15 0.75767916
2235.6 0.75627702
2239.05 0.75660801
2242.5 0.75592089
2245.95 0.76767856
2249.4 0.76405734
2252.85 0.75086695
2256.3 0.74915540
2259.75 0.76398838
2263.2 0.76230001
2266.65 0.75685191
2270.1 0.77046782
2273.55 0.74843276
2277.0 0.73892218
2280.45 0.72878128
2283.9 0.72152042
2287.35 0.71586102
2290.8 0.70087695
2294.25 0.69787425
2297.7 0.70587271
2301.15 0.71191543
2304.6 0.72083515
2308.05 0.74309027
2311.5 0.71757925
2314.95 0.70736104
2318.4 0.70276284
2321.85 0.69919920
2325.3 0.69084013
2328.75 0.70700306
2332.2 0.70420623
2335.65 0.70897031
2339.1 0.70213223
2342.55 0.70408118
2346.0 0.70425516
2349.45 0.72014862
2352.9 0.72415066
2356.35 0.73617882
2359.8 0.75983196
2363.25 0.79050267
2366.7 0.75296223
2370.15 0.72408724
2373.6 0.72797740
2377.05 0.71654999
2380.5 0.69016296
2383.95 0.69764960
2387.4 0.69941455
2390.85 0.67974782
2394.3 0.67491210
2397.75 0.65969110
2401.2 0.65012950
2404.65 0.66734892
2408.1 0.66523898
2411.55 0.65559733
2415.0 0.66820300
2418.45 0.65122777
2421.9 0.64053673
2425.35 0.64005029
2428.8 0.62906075
2432.25 0.61842227
2435.7 0.60629070
2439.15 0.61370736
2442.6 0.61200422
2446.05 0.59410912
2449.5 0.59912831
2452.95 0.60856920
2456.4 0.61240816
2459.85 0.60062975
2463.3 0.61140853
2466.75 0.62641633
2470.2 0.61444902
2473.65 0.62760115
2477.1 0.60940385
2480.55 0.61063433
2484.0 0.60138911
2487.45 0.60893428
2490.9 0.61230516
2494.35 0.60005850
2497.8 0.61647457
2501.25 0.60588866
2504.7 0.60030907
2508.15 0.60537314
2511.6 0.59206271
2515.05 0.59834510
2518.5 0.59337986
2521.95 0.59711480
2525.4 0.60084563
2528.85 0.59258723
2532.3 0.58730185
2535.75 0.58545387
2539.2 0.58255649
2542.65 0.57882279
2546.1 0.57901001
2549.55 0.58690006
2553.0 0.58584577
2556.45 0.58508819
2559.9 0.57369262
2563.35 0.57566649
2566.8 0.59967756
2570.25 0.67572999
2573.7 0.70175958
2577.15 0.59291035
2580.6 0.57173640
2584.05 0.57146049
2587.5 0.56451076
2590.95 0.58461374
2594.4 0.56811231
2597.85 0.55549043
2601.3 0.55918431
2604.75 0.55271083
2608.2 0.54528469
2611.65 0.53942227
2615.1 0.53262174
2618.55 0.50356317
2622.0 0.51160431
2625.45 0.50189024
2628.9 0.52368242
2632.35 0.52230030
2635.8 0.51658225
2639.25 0.51132447
2642.7 0.50743228
2646.15 0.52028888
2649.6 0.50954545
2653.05 0.51795119
2656.5 0.52571809
2659.95 0.53427958
2663.4 0.55540216
2666.85 0.59767407
2670.3 0.62246472
2673.75 0.55932099
2677.2 0.52257770
2680.65 0.54118890
2684.1 0.54540861
2687.55 0.51685530
2691.0 0.50570029
2694.45 0.50634253
2697.9 0.49735314
2701.35 0.49431723
2704.8 0.48504904
2708.25 0.47091743
2711.7 0.45526743
2715.15 0.45201203
2718.6 0.46568164
2722.05 0.47948781
2725.5 0.48077980
2728.95 0.48606670
2732.4 0.49796006
2735.85 0.49828538
2739.3 0.49512765
2742.75 0.47855535
2746.2 0.48048714
2749.65 0.47790292
2753.1 0.45799905
2756.55 0.46376652
2760.0 0.44814613
2763.45 0.44809535
2766.9 0.44026530
2770.35 0.44978037
2773.8 0.45542800
2777.25 0.44706354
2780.7 0.43295422
2784.15 0.43242356
2787.6 0.43035242
2791.05 0.42521876
2794.5 0.43808168
2797.95 0.42881033
2801.4 0.43975985
2804.85 0.44843680
2808.3 0.47569886
2811.75 0.46829879
2815.2 0.46547776
2818.65 0.48597461
2822.1 0.49270701
2825.55 0.50982320
2829.0 0.54205287
2832.45 0.52611899
2835.9 0.49975628
2839.35 0.49719369
2842.8 0.47490364
2846.25 0.46297202
2849.7 0.45809454
2853.15 0.45036975
2856.6 0.43528688
2860.05 0.41848814
2863.5 0.41356665
2866.95 0.41545036
2870.4 0.42689204
2873.85 0.42341462
2877.3 0.42061532
2880.75 0.42982927
2884.2 0.41494223
2887.65 0.40964824
2891.1 0.41713789
2894.55 0.40753758
2898.0 0.40309089
2901.45 0.40240559
2904.9 0.40172198
2908.35 0.40350199
2911.8 0.40677848
2915.25 0.40486047
2918.7 0.40329543
2922.15 0.42577979
2925.6 0.42315578
2929.05 0.42954084
2932.5 0.42182469
2935.95 0.41160509
2939.4 0.40496039
2942.85 0.42305246
2946.3 0.42273179
2949.75 0.41965416
2953.2 0.43899208
2956.65 0.42728186
2960.1 0.44104236
2963.55 0.46498853
2967.0 0.45690137
2970.45 0.46619809
2973.9 0.47468814
2977.35 0.49406049
2980.8 0.52532887
2984.25 0.53106946
2987.7 0.56040722
2991.15 0.60651308
2994.6 0.62892431
2998.05 0.63154155
3001.5 0.58717722
3004.95 0.57664055
3008.4 0.57081103
3011.85 0.54306316
3015.3 0.51844174
3018.75 0.47475344
3022.2 0.46480745
3025.65 0.44626907
3029.1 0.43721914
3032.55 0.44826409
3036.0 0.43600136
3039.45 0.42854720
3042.9 0.42894688
3046.35 0.41888735
3049.8 0.41589782
3053.25 0.41369829
3056.7 0.38812795
3060.15 0.40137672
3063.6 0.39928395
3067.05 0.40942585
3070.5 0.40051645
3073.95 0.39873147
3077.4 0.41665503
3080.85 0.42264169
3084.3 0.43855509
3087.75 0.43216681
3091.2 0.42883763
3094.65 0.41271359
3098.1 0.43539891
3101.55 0.43632925
3105.0 0.43897679
3108.45 0.43578789
3111.9 0.45214817
3115.35 0.47136080
3118.8 0.46792695
3122.25 0.44869763
3125.7 0.43804696
3129.15 0.42739105
3132.6 0.43032393
3136.05 0.46194711
3139.5 0.44934765
3142.95 0.44381884
3146.4 0.46096990
3149.85 0.45705020
3153.3 0.42322001
3156.75 0.44598189
3160.2 0.46365219
3163.65 0.44365996
3167.1 0.43514472
3170.55 0.44196284
3174.0 0.42541000
3177.45 0.41545504
3180.9 0.41675729
3184.35 0.42997900
3187.8 0.44552305
3191.25 0.44519368
3194.7 0.43623719
3198.15 0.44159988
3201.6 0.42837441
3205.05 0.43542552
3208.5 0.42219117
3211.95 0.44424808
3215.4 0.41805539
3218.85 0.43155250
3222.3 0.41350988
3225.75 0.41730225
3229.2 0.42046472
3232.65 0.43423378
3236.1 0.39598051
3239.55 0.39505753
3243.0 0.37135249
3246.45 0.36659271
3249.9 0.36139598
3253.35 0.37015933
3256.8 0.36887571
3260.25 0.36770093
3263.7 0.36103317
3267.15 0.36643216
3270.6 0.37012565
3274.05 0.36227977
3277.5 0.35005489
3280.95 0.35309955
3284.4 0.35446206
3287.85 0.35253817
3291.3 0.35795295
3294.75 0.36242220
3298.2 0.36887810
3301.65 0.36740452
3305.1 0.36443484
3308.55 0.37144741
3312.0 0.38202438
3315.45 0.38218874
3318.9 0.38561550
3322.35 0.39996722
3325.8 0.42345160
3329.25 0.42533842
3332.7 0.45706502
3336.15 0.46118197
3339.6 0.47650209
3343.05 0.51199245
3346.5 0.53295451
3349.95 0.59614241
3353.4 0.65011817
3356.85 0.62943918
3360.3 0.58700097
3363.75 0.54499823
3367.2 0.51544368
3370.65 0.48971868
3374.1 0.45729125
3377.55 0.44904050
3381.0 0.44449982
3384.45 0.42894053
3387.9 0.40494233
3391.35 0.41694009
3394.8 0.40326035
3398.25 0.39699724
3401.7 0.39021578
3405.15 0.37963885
3408.6 0.37542304
3412.05 0.38510981
3415.5 0.38511425
3418.95 0.45434257
3422.4 0.49656609
3425.85 0.41499496
3429.3 0.36849964
3432.75 0.35867476
3436.2 0.35559431
3439.65 0.34678131
3443.1 0.36926034
3446.55 0.40333155
3450.0 0.49005151
3453.45 0.69026691
3456.9 0.68852949
3460.35 0.46291396
3463.8 0.38962194
3467.25 0.36621717
3470.7 0.35608765
3474.15 0.34762004
3477.6 0.34087524
3481.05 0.34102747
3484.5 0.33854499
3487.95 0.33895481
3491.4 0.33842432
3494.85 0.33283135
3498.3 0.32906142
3501.75 0.32898724
3505.2 0.31634015
3508.65 0.30977082
3512.1 0.32331660
3515.55 0.32034394
3519.0 0.32425758
3522.45 0.31112245
3525.9 0.31359833
3529.35 0.30915797
3532.8 0.31988415
3536.25 0.31420088
3539.7 0.30604652
3543.15 0.31300035
3546.6 0.31098711
3550.05 0.32039797
3553.5 0.32199800
3556.95 0.33483556
3560.4 0.34201002
3563.85 0.33712974
3567.3 0.32732219
3570.75 0.34165761
3574.2 0.32746050
3577.65 0.31928188
3581.1 0.31986028
3584.55 0.33784562
3588.0 0.33146921
3591.45 0.31395510
3594.9 0.31801531
3598.35 0.32088214
3601.8 0.32621118
3605.25 0.32086205
3608.7 0.32384893
3612.15 0.32251963
3615.6 0.32423753
3619.05 0.31234744
3622.5 0.31758294
3625.95 0.32783338
3629.4 0.31201953
3632.85 0.32077709
3636.3 0.32201359
3639.75 0.31959403
3643.2 0.31999347
3646.65 0.32224172
3650.1 0.32008085
3653.55 0.33232856
3657.0 0.31719115
3660.45 0.31046253
3663.9 0.33943444
3667.35 0.31678936
3670.8 0.33146429
3674.25 0.32302955
3677.7 0.31335166
3681.15 0.30885670
3684.6 0.30528915
3688.05 0.31437537
3691.5 0.29788369
3694.95 0.30045888
3698.4 0.30345982
3701.85 0.30011386
3705.3 0.28596598
3708.75 0.29115015
3712.2 0.29811156
3715.65 0.29742032
3719.1 0.28831702
3722.55 0.28931737
3726.0 0.28682369
3729.45 0.28121266
3732.9 0.28676489
3736.35 0.29253438
3739.8 0.29050282
3743.25 0.28335020
3746.7 0.27917081
3750.15 0.27494630
3753.6 0.28442308
3757.05 0.27417246
3760.5 0.29263788
3763.95 0.27577451
3767.4 0.27696890
3770.85 0.27263454
3774.3 0.27225211
3777.75 0.27187046
3781.2 0.27148965
3784.65 0.27764228
3788.1 0.27878773
3791.55 0.28513429
3795.0 0.27811468
3798.45 0.27888203
3801.9 0.26922157
3805.35 0.26884630
3808.8 0.27643889
3812.25 0.28455481
3815.7 0.27968380
3819.15 0.27279967
3822.6 0.28347269
3826.05 0.28795317
3829.5 0.27345002
3832.95 0.27648824
3836.4 0.26550451
3839.85 0.26513708
3843.3 0.27041423
3846.75 0.26590273
3850.2 0.29063195
3853.65 0.27740350
3857.1 0.26978779
3860.55 0.30115765
3864.0 0.29710290
3867.45 0.28363827
3870.9 0.27841032
3874.35 0.26575434
3877.8 0.26534683
3881.25 0.26078722
3884.7 0.26927921
3888.15 0.26007277
3891.6 0.26129580
3895.05 0.25936127
3898.5 0.26143315
3901.95 0.25865266
3905.4 0.26005101
3908.85 0.25905812
3912.3 0.25759527
3915.75 0.26652673
3919.2 0.26254782
3922.65 0.25654456
3926.1 0.25619569
3929.55 0.25584760
3933.0 0.25550020
3936.45 0.25515351
3939.9 0.25480759
3943.35 0.25446233
3946.8 0.25967059
3950.25 0.25377393
3953.7 0.25416645
3957.15 0.25308836
3960.6 0.25420603
3964.05 0.25249040
3967.5 0.25206518
3970.95 0.25448895
3974.4 0.25801766
3977.85 0.25922984
3981.3 0.25679573
3984.75 0.25634059
3988.2 0.25558463
3991.65 0.25204176
3995.1 0.25410256
3998.55 0.25242463
4002.0 0.25192133
4005.45 0.25751415
4008.9 0.26877919
4012.35 0.25557673
4015.8 0.26442441
4019.25 0.25929651
4022.7 0.26729795
4026.15 0.26101798
4029.6 0.26947162
4033.05 0.26515564
4036.5 0.26634863
4039.95 0.27408007
4043.4 0.26741955
4046.85 0.27251455
4050.3 0.28149003
4053.75 0.30305994
4057.2 0.29611352
4060.65 0.29038572
4064.1 0.29195070
4067.55 0.26620495
4071.0 0.26173279
4074.45 0.27390859
4077.9 0.26905176
4081.35 0.25967598
4084.8 0.26107529
4088.25 0.26250172
4091.7 0.26283580
4095.15 0.25819814
4098.6 0.26328495
4102.05 0.26868919
4105.5 0.25214943
4108.95 0.25483507
4112.4 0.25307465
4115.85 0.26118654
4119.3 0.24639620
4122.75 0.24903332
4126.2 0.24835195
4129.65 0.24745907
4133.1 0.24923508
4136.55 0.24873804
4140.0 0.24812773
4143.45 0.25037420
4146.9 0.24632540
4150.35 0.24427278
4153.8 0.23998688
4157.25 0.23979132
4160.7 0.23588288
4164.15 0.24046649
4167.6 0.24098827
4171.05 0.24376522
4174.5 0.24574232
4177.95 0.23638216
4181.4 0.24146499
4184.85 0.24871971
4188.3 0.24582270
4191.75 0.24827693
4195.2 0.25281012
4198.65 0.24867298
4202.1 0.25052142
4205.55 0.24557380
4209.0 0.25792217
4212.45 0.23716287
4215.9 0.22928280
4219.35 0.23276505
4222.8 0.22966264
4226.25 0.23091203
4229.7 0.23124163
4233.15 0.23579241
4236.6 0.24016172
4240.05 0.22926512
4243.5 0.23571958
4246.95 0.24210502
4250.4 0.23319398
4253.85 0.22931220
4257.3 0.22579272
4260.75 0.22550559
4264.2 0.22646935
4267.65 0.23984763
4271.1 0.22852589
4274.55 0.22988245
4278.0 0.22407821
4281.45 0.22464922
4284.9 0.22446465
4288.35 0.22812366
4291.8 0.22583060
4295.25 0.23098971
4298.7 0.23177387
4302.15 0.22652218
4305.6 0.22497313
4309.05 0.22464487
4312.5 0.23113342
4315.95 0.22969957
4319.4 0.22486028
4322.85 0.22323722
4326.3 0.22152708
4329.75 0.22046772
4333.2 0.22230324
4336.65 0.22425537
4340.1 0.23167402
4343.55 0.23486830
4347.0 0.23932248
4350.45 0.24694207
4353.9 0.23707996
4357.35 0.22547266
4360.8 0.22621968
4364.25 0.22389409
4367.7 0.22041333
4371.15 0.22386228
4374.6 0.23053481
4378.05 0.23297188
4381.5 0.22573303
4384.95 0.22750363
4388.4 0.23091854
4391.85 0.23510066
4395.3 0.23867933
4398.75 0.22693032
4402.2 0.22918913
4405.65 0.23345432
4409.1 0.23416387
4412.55 0.22919707
4416.0 0.22880152
4419.45 0.23221041
4422.9 0.23200941
4426.35 0.22949247
4429.8 0.23514031
4433.25 0.23274426
4436.7 0.23604178
4440.15 0.24170318
4443.6 0.23833874
4447.05 0.24528924
4450.5 0.24137148
4453.95 0.25777557
4457.4 0.25969332
4460.85 0.26650283
4464.3 0.27401468
4467.75 0.27291417
4471.2 0.27850008
4474.65 0.29413313
4478.1 0.29577512
4481.55 0.30867094
4485.0 0.32293963
4488.45 0.34276941
4491.9 0.36572978
4495.35 0.39343527
4498.8 0.43159762
4502.25 0.47926530
4505.7 0.53760785
4509.15 0.60635352
4512.6 0.71093029
4516.05 0.83531624
4519.5 0.99198860
4522.95 1.1499943
4526.4 1.3527706
4529.85 1.3902473
4533.3 1.1889317
4536.75 0.98958117
4540.2 0.90033227
4543.65 0.84801096
4547.1 0.73437673
4550.55 0.61954677
4554.0 0.55815315
4557.45 0.50911957
4560.9 0.46428657
4564.35 0.43012390
4567.8 0.40922928
4571.25 0.38316169
4574.7 0.35675278
4578.15 0.33481073
4581.6 0.31276834
4585.05 0.29392192
4588.5 0.28796524
4591.95 0.28205320
4595.4 0.26787391
4598.85 0.26614830
4602.3 0.26115885
4605.75 0.26145777
4609.2 0.26606652
4612.65 0.26532373
4616.1 0.25980136
4619.55 0.25137839
4623.0 0.26393443
4626.45 0.27071851
4629.9 0.27623415
4633.35 0.30420071
4636.8 0.30262828
4640.25 0.28212824
4643.7 0.28497028
4647.15 0.28841326
4650.6 0.28012776
4654.05 0.25852582
4657.5 0.23749711
4660.95 0.23516653
4664.4 0.22921175
4667.85 0.22225726
4671.3 0.22086798
4674.75 0.21471158
4678.2 0.20525491
4681.65 0.20411602
4685.1 0.20511886
4688.55 0.20475993
4692.0 0.19521648
4695.45 0.19339095
4698.9 0.19316578
4702.35 0.19935140
4705.8 0.20720050
4709.25 0.19899400
4712.7 0.19610035
4716.15 0.19552636
4719.6 0.19182013
4723.05 0.19159739
4726.5 0.19137506
4729.95 0.20429498
4733.4 0.19651178
4736.85 0.19791318
4740.3 0.19048978
4743.75 0.19026947
4747.2 0.19373225
4750.65 0.19993766
4754.1 0.19837454
4757.55 0.19370279
4761.0 0.19565181
4764.45 0.19582288
4767.9 0.19436266
4771.35 0.18852164
4774.8 0.18830495
4778.25 0.18808867
4781.7 0.18961298
4785.15 0.18765730
4788.6 0.18744220
4792.05 0.18722752
4795.5 0.19164976
4798.95 0.18679930
4802.4 0.18658577
4805.85 0.18637267
4809.3 0.18893307
4812.75 0.18594755
4816.2 0.18573561
4819.65 0.18552403
4823.1 0.18531284
4826.55 0.19031230
4830.0 0.18600196
4833.45 0.19625127
4836.9 0.18586801
4840.35 0.18585908
4843.8 0.18405385
4847.25 0.18384536
4850.7 0.19696400
4854.15 0.20436302
4857.6 0.19726568
4861.05 0.21192881
4864.5 0.19595174
4867.95 0.22048496
4871.4 0.20754834
4874.85 0.19177538
4878.3 0.21342900
4881.75 0.19881873
4885.2 0.19389835
4888.65 0.19551313
4892.1 0.18933079
4895.55 0.18665227
4899.0 0.18076319
4902.45 0.18056066
4905.9 0.18314944
4909.35 0.19001187
4912.8 0.17995538
4916.25 0.17975438
4919.7 0.17955372
4923.15 0.17935342
4926.6 0.19724849
4930.05 0.18321849
4933.5 0.17875472
4936.95 0.17855591
4940.4 0.18156353
4943.85 0.18033208
4947.3 0.17796147
4950.75 0.17776413
4954.2 0.18280353
4957.65 0.18846875
4961.1 0.19890326
4964.55 0.17697805
4968.0 0.19579345
4971.45 0.17709744
4974.9 0.18543293
4978.35 0.17619769
4981.8 0.18811762
4985.25 0.18316667
4988.7 0.18278813
4992.15 0.18641183
4995.6 0.19509712
4999.05 0.18585958
5002.5 0.17484568
5005.95 0.18661961
5009.4 0.20659433
5012.85 0.17427145
5016.3 0.17408076
5019.75 0.17439020
5023.2 0.17370033
5026.65 0.17351067
5030.1 0.17332131
5033.55 0.19028316
5037.0 0.18534921
5040.45 0.17275536
5043.9 0.17256741
5047.35 0.18181372
5050.8 0.19455473
5054.25 0.17200550
5057.7 0.17343852
5061.15 0.21198472
5064.6 0.18229122
5068.05 0.18070850
5071.5 0.17107578
5074.95 0.19438607
5078.4 0.20774184
5081.85 0.19843574
5085.3 0.21825108
5088.75 0.21365581
5092.2 0.22515634
5095.65 0.19568907
5099.1 0.20303878
5102.55 0.25004217
5106.0 0.22424999
5109.45 0.21519221
5112.9 0.19476700
5116.35 0.18820211
5119.8 0.23262322
5123.25 0.22187476
5126.7 0.21463439
5130.15 0.19990325
5133.6 0.17885423
5137.05 0.20211233
5140.5 0.16743977
5143.95 0.16726139
5147.4 0.16708331
5150.85 0.16690563
5154.3 0.16672823
5157.75 0.16655110
5161.2 0.16637437
5164.65 0.16619788
5168.1 0.16602173
5171.55 0.16584590
5175.0 0.16567042
5178.45 0.16549522
5181.9 0.16532037
5185.35 0.16514578
5188.8 0.16497158
5192.25 0.16479766
5195.7 0.16462404
5199.15 0.16445075
5202.6 0.16427773
5206.05 0.16410509
5209.5 0.16393271
5212.95 0.16376066
5216.4 0.16358894
5219.85 0.16341750
5223.3 0.16324633
5226.75 0.16307552
5230.2 0.16290501
5233.65 0.16273484
5237.1 0.16256490
5240.55 0.16239531
5244.0 0.16222608
5247.45 0.16205707
5250.9 0.16188841
5254.35 0.16172002
5257.8 0.16155195
5261.25 0.16138418
5264.7 0.16121675
5268.15 0.16104962
5271.6 0.16088277
5275.05 0.16071616
5278.5 0.16054991
5281.95 0.16038397
5285.4 0.16021828
5288.85 0.16005294
5292.3 0.15988787
5295.75 0.15972313
5299.2 0.15955864
5302.65 0.15939449
5306.1 0.15923063
5309.55 0.15906706
5313.0 0.15890375
5316.45 0.15874076
5319.9 0.15857808
5323.35 0.15841566
5326.8 0.15825358
5330.25 0.15809174
5333.7 0.15793017
5337.15 0.15776898
5340.6 0.15760814
5344.05 0.15744740
5347.5 0.15728702
5350.95 0.15712699
5354.4 0.15696721
5357.85 0.15680763
5361.3 0.15664841
5364.75 0.15648964
5368.2 0.15633087
5371.65 0.15617256
5375.1 0.15601456
5378.55 0.15585679
5382.0 0.15569931
5385.45 0.15554209
5388.9 0.15538511
5392.35 0.15522857
5395.8 0.15507218
5399.25 0.15491609
5402.7 0.15476024
5406.15 0.15460473
5409.6 0.15444952
5413.05 0.15429455
5416.5 0.15413986
5419.95 0.15398555
5423.4 0.15383148
5426.85 0.15367766
5430.3 0.15352409
5433.75 0.15337083
5437.2 0.15321785
5440.65 0.15306507
5444.1 0.15291262
5447.55 0.15276054
5451.0 0.15260854
5454.45 0.15245698
5457.9 0.15230569
5461.35 0.15215459
5464.8 0.15200382
5468.25 0.15185331
5471.7 0.15170296
5475.15 0.15155309
5478.6 0.15140332
5482.05 0.15125391
5485.5 0.15110475
5488.95 0.15095589
5492.4 0.15080722
5495.85 0.15065895
5499.3 0.15051089
5502.75 0.15036309
5506.2 0.15021548
5509.65 0.15006825
5513.1 0.14992124
5516.55 0.14977448
5520.0 0.14962800
5523.45 0.14948185
5526.9 0.14933585
5530.35 0.14919025
5533.8 0.14904486
5537.25 0.14889970
5540.7 0.14875472
5544.15 0.14861016
5547.6 0.14846574
5551.05 0.14832179
5554.5 0.14817795
5557.95 0.14803430
5561.4 0.14789103
5564.85 0.14774793
5568.3 0.14760527
5571.75 0.14746274
5575.2 0.14732037
5578.65 0.14717843
5582.1 0.14703673
5585.55 0.14689526
5589.0 0.14675398
5592.45 0.14661305
5595.9 0.14647236
5599.35 0.14633185
5602.8 0.14619163
5606.25 0.14605179
5609.7 0.14591210
5613.15 0.14577258
5616.6 0.14563346
5620.05 0.14549449
5623.5 0.14535590
5626.95 0.14521749
5630.4 0.14507924
5633.85 0.14494140
5637.3 0.14480376
5640.75 0.14466637
5644.2 0.14452919
5647.65 0.14439228
5651.1 0.14425568
5654.55 0.14411923
5658.0 0.14398316
5661.45 0.14384721
5664.9 0.14371158
5668.35 0.14357620
5671.8 0.14344107
5675.25 0.14330615
5678.7 0.14317159
5682.15 0.14303717
5685.6 0.14290299
5689.05 0.14276913
5692.5 0.14263542
5695.95 0.14250205
5699.4 0.14236884
5702.85 0.14223590
5706.3 0.14210325
5709.75 0.14197084
5713.2 0.14183858
5716.65 0.14170671
5720.1 0.14157501
5723.55 0.14144352
5727.0 0.14131233
5730.45 0.14118131
5733.9 0.14105064
5737.35 0.14092009
5740.8 0.14078994
5744.25 0.14065994
5747.7 0.14053006
5751.15 0.14040060
5754.6 0.14027138
5758.05 0.14014229
5761.5 0.14001347
5764.95 0.13988492
5768.4 0.13975661
5771.85 0.13962853
5775.3 0.13950065
5778.75 0.13937299
5782.2 0.13924560
5785.65 0.13911848
5789.1 0.13899161
5792.55 0.13886499
5796.0 0.13873850
5799.45 0.13861237
5802.9 0.13848642
5806.35 0.13836069
5809.8 0.13823521
5813.25 0.13810991
5816.7 0.13798496
5820.15 0.13786010
5823.6 0.13773553
5827.05 0.13761121
5830.5 0.13748717
5833.95 0.13736334
5837.4 0.13723966
5840.85 0.13711622
5844.3 0.13699317
5847.75 0.13687021
5851.2 0.13674745
5854.65 0.13662502
5858.1 0.13650282
5861.55 0.13638075
5865.0 0.13625896
5868.45 0.13613740
5871.9 0.13601606
5875.35 0.13589501
5878.8 0.13577409
5882.25 0.13565350
5885.7 0.13553308
5889.15 0.13541287
5892.6 0.13529292
5896.05 0.13517323
5899.5 0.13505365
5902.95 0.13493443
5906.4 0.13481532
5909.85 0.13469648
5913.3 0.13457787
5916.75 0.13445953
5920.2 0.13434136
5923.65 0.13422339
5927.1 0.13410573
5930.55 0.13398820
5934.0 0.13387094
5937.45 0.13375393
5940.9 0.13363704
5944.35 0.13352047
5947.8 0.13340405
5951.25 0.13328797
5954.7 0.13317201
5958.15 0.13305628
5961.6 0.13294080
5965.05 0.13282545
5968.5 0.13271046
5971.95 0.13259558
5975.4 0.13248095
5978.85 0.13236654
5982.3 0.13225235
5985.75 0.13213840
5989.2 0.13202460
5992.65 0.13191113
5996.1 0.13179781
5999.55 0.13168466
