300.0 0.0
450.0 0.0000000
454.5 0.0000000
459.0 0.0000000
463.5 0.0000000
468.0 0.0000000
472.5 0.0000000
477.0 0.0000000
481.5 0.0000000
486.0 0.0000000
490.5 0.0000000
495.0 0.0000000
499.5 0.0000000
504.0 0.0000000
508.5 0.0000000
513.0 0.0000000
517.5 0.0000000
522.0 0.0000000
526.5 0.0000000
531.0 0.0000000
535.5 0.0000000
540.0 0.0000000
544.5 0.0000000
549.0 0.0000000
553.5 0.0000000
558.0 0.0000000
562.5 0.0000000
567.0 0.0000000
571.5 0.0000000
576.0 0.0000000
580.5 0.0000000
585.0 0.0000000
589.5 0.0000000
594.0 0.0000000
598.5 0.0000000
603.0 0.0000000
607.5 0.0000000
612.0 0.0000000
616.5 0.0000000
621.0 0.0000000
625.5 0.0000000
630.0 0.0000000
634.5 0.0000000
639.0 0.0000000
643.5 0.0000000
648.0 0.0000000
652.5 0.0000000
657.0 0.0000000
661.5 0.0000000
666.0 0.0000000
670.5 0.0000000
675.0 0.0000000
679.5 0.0000000
684.0 0.0000000
688.5 0.0000000
693.0 0.0000000
697.5 0.0000000
702.0 0.0000000
706.5 0.0000000
711.0 0.0000000
715.5 0.0000000
720.0 0.0000000
724.5 0.0000000
729.0 0.0000000
733.5 0.0000000
738.0 0.0000000
742.5 0.0000000
747.0 0.0000000
751.5 0.0000000
756.0 0.0000000
760.5 0.0000000
765.0 0.0000000
769.5 0.0000000
774.0 0.0000000
778.5 0.0000000
783.0 0.0000000
787.5 0.0000000
792.0 0.0000000
796.5 0.0000000
801.0 0.0000000
805.5 0.0000000
810.0 0.0000000
814.5 0.0000000
819.0 0.0000000
823.5 2.08413621E-06
828.0 1.17246009E-06
832.5 6.46093895E-07
837.0 3.48520928E-07
841.5 1.83867215E-07
846.0 9.48427328E-08
850.5 4.77939146E-08
855.0 2.35070772E-08
859.5 1.12825598E-08
864.0 5.27742783E-09
868.5 2.40113707E-09
873.0 1.06426579E-09
877.5 6.63035507E-07
882.0 3.69508456E-07
886.5 2.01892021E-07
891.0 1.08098497E-07
895.5 5.66790099E-08
900.0 3.19026512E-08
904.5 1.67792962E-08
909.0 8.23277979E-09
913.5 4.25074775E-09
918.0 2.17910268E-09
922.5 1.11514731E-09
927.0 5.54548984E-04
931.5 4.17999807E-04
936.0 2.59754655E-04
940.5 1.57251619E-04
945.0 1.06145693E-04
949.5 7.34872010E-05
954.0 5.18602537E-05
958.5 3.66738459E-05
963.0 2.45750325E-05
967.5 1.50900005E-05
972.0 1.02288714E-05
976.5 6.06789672E-06
981.0 3.61647244E-06
985.5 2.16204921E-06
990.0 1.32896866E-06
994.5 8.48989885E-07
999.0 5.05055198E-07
1003.5 3.15107599E-07
1008.0 1.95532124E-07
1012.5 1.09216423E-07
1017.0 5.36071134E-08
1021.5 3.28066179E-08
1026.0 2.39797373E-08
1030.5 2.23447945E-08
1035.0 2.13264375E-08
1039.5 2.10583071E-08
1044.0 2.21099068E-08
1048.5 2.35777993E-08
1053.0 2.52516656E-08
1057.5 2.80626136E-08
1062.0 3.00666301E-08
1066.5 3.25984075E-08
1071.0 3.59988803E-08
1075.5 4.11445313E-08
1080.0 4.83659122E-08
1084.5 5.98315069E-08
1089.0 7.68212303E-08
1093.5 1.08010099E-07
1098.0 5.8659406
1102.5 4.7383819
1107.0 4.4139657
1111.5 4.4065599
1116.0 4.1227379
1120.5 3.2963901
1125.0 2.8426049
1129.5 2.6699944
1134.0 2.5519917
1138.5 2.3833733
1143.0 2.1736755
1147.5 2.0340390
1152.0 1.9847236
1156.5 1.9875951
1161.0 2.0173523
1165.5 2.0285807
1170.0 2.1793611
1174.5 2.2109070
1179.0 2.1133690
1183.5 1.9235404
1188.0 1.9337118
1192.5 1.9139477
1197.0 1.9575253
1201.5 1.9888841
1206.0 1.9623177
1210.5 1.8895695
1215.0 1.8623259
1219.5 1.9192922
1224.0 1.9052182
1228.5 1.9348108
1233.0 1.9076638
1237.5 1.9500881
1242.0 2.0592809
1246.5 2.1724098
1251.0 2.3293939
1255.5 2.3698385
1260.0 2.4009359
1264.5 2.1810203
1269.0 2.0342684
1273.5 1.9249442
1278.0 1.8763382
1282.5 1.8660244
1287.0 1.7798809
1291.5 1.7555399
1296.0 1.7432846
1300.5 1.7285694
1305.0 1.7577865
1309.5 1.7391393
1314.0 1.7003785
1318.5 1.7496051
1323.0 1.7176287
1327.5 1.7426505
1332.0 1.7825141
1336.5 1.8070012
1341.0 1.8490946
1345.5 1.8445172
1350.0 1.9010584
1354.5 1.9411790
1359.0 1.9863635
1363.5 2.0593307
1368.0 2.2105527
1372.5 2.4133434
1377.0 2.6458712
1381.5 2.9413629
1386.0 3.3084040
1390.5 3.5236971
1395.0 3.1949203
1399.5 2.7073579
1404.0 2.3369944
1408.5 2.1426342
1413.0 2.0437880
1417.5 1.9861600
1422.0 1.8899738
1426.5 1.8809605
1431.0 1.8221339
1435.5 1.8556370
1440.0 1.8581934
1444.5 1.8492399
1449.0 1.8669337
1453.5 1.8411078
1458.0 1.8663415
1462.5 1.8896066
1467.0 1.8900263
1471.5 1.9279358
1476.0 1.8508811
1480.5 1.8356889
1485.0 1.8092800
1489.5 1.8363174
1494.0 1.8419931
1498.5 1.8132210
1503.0 1.7191062
1507.5 1.6613814
1512.0 1.6358528
1516.5 1.6036021
1521.0 1.6041516
1525.5 1.5977730
1530.0 1.5926964
1534.5 1.6157525
1539.0 1.6086515
1543.5 1.6324064
1548.0 1.6379411
1552.5 1.6329335
1557.0 1.6121862
1561.5 1.6305979
1566.0 1.6359004
1570.5 1.6781814
1575.0 1.6492469
1579.5 1.6207958
1584.0 1.5477147
1588.5 1.5692167
1593.0 1.5746793
1597.5 1.5520995
1602.0 1.6029162
1606.5 1.6165006
1611.0 1.5724262
1615.5 1.5441124
1620.0 1.5446550
1624.5 1.5431840
1629.0 1.5410180
1633.5 1.5591599
1638.0 1.5304894
1642.5 1.5242532
1647.0 1.5423459
1651.5 1.5392191
1656.0 1.5759388
1660.5 1.5677764
1665.0 1.6676911
1669.5 1.6605500
1674.0 1.6760428
1678.5 1.6493019
1683.0 1.6515496
1687.5 1.6653874
1692.0 1.7380649
1696.5 1.8686492
1701.0 1.9869612
1705.5 2.0829360
1710.0 2.1185460
1714.5 2.2281160
1719.0 2.1292961
1723.5 1.9454341
1728.0 1.7781610
1732.5 1.6668289
1737.0 1.6141731
1741.5 1.5606862
1746.0 1.5104276
1750.5 1.4716926
1755.0 1.4598676
1759.5 1.4032142
1764.0 1.3794475
1768.5 1.3668712
1773.0 1.3784442
1777.5 1.3825835
1782.0 1.3490592
1786.5 1.3529220
1791.0 1.3584073
1795.5 1.3680819
1800.0 1.3325715
1804.5 1.3454744
1809.0 1.3752192
1813.5 1.2992429
1818.0 1.3320440
1822.5 1.3390194
1827.0 1.3281082
1831.5 1.3379005
1836.0 1.3152046
1840.5 1.2963163
1845.0 1.3308240
1849.5 1.3830968
1854.0 1.3542130
1858.5 1.3867171
1863.0 1.3735666
1867.5 1.3757768
1872.0 1.3665702
1876.5 1.3826777
1881.0 1.3772578
1885.5 1.3723533
1890.0 1.3272101
1894.5 1.3043993
1899.0 1.3200374
1903.5 1.3375350
1908.0 1.2797639
1912.5 1.3402841
1917.0 1.2924539
1921.5 1.3220859
1926.0 1.3087766
1930.5 1.3341473
1935.0 1.2699472
1939.5 1.2875241
1944.0 1.2850894
1948.5 1.3063101
1953.0 1.2404979
1957.5 1.2538565
1962.0 1.2765158
1966.5 1.2186563
1971.0 1.2401583
1975.5 1.2015529
1980.0 1.1670008
1984.5 1.1644660
1989.0 1.1619384
1993.5 1.1682485
1998.0 1.1740123
2002.5 1.1744248
2007.0 1.1567175
2011.5 1.1494031
2016.0 1.1469164
2020.5 1.1444370
2025.0 1.1574074
2029.5 1.1540238
2034.0 1.1695224
2038.5 1.1750692
2043.0 1.1731014
2047.5 1.1801254
2052.0 1.1894755
2056.5 1.2094461
2061.0 1.2349783
2065.5 1.2237971
2070.0 1.2545176
2074.5 1.2672812
2079.0 1.2762802
2083.5 1.2817055
2088.0 1.2891616
2092.5 1.3036783
2097.0 1.3086127
2101.5 1.2892811
2106.0 1.2762733
2110.5 1.2461050
2115.0 1.2413855
2119.5 1.2158540
2124.0 1.2320045
2128.5 1.2152830
2133.0 1.2058866
2137.5 1.2076646
2142.0 1.1986516
2146.5 1.1999100
2151.0 1.2009883
2155.5 1.2131906
2160.0 1.2399940
2164.5 1.2194202
2169.0 1.2616379
2173.5 1.2911072
2178.0 1.3276192
2182.5 1.3219523
2187.0 1.2827400
2191.5 1.2746435
2196.0 1.2770262
2200.5 1.2463835
2205.0 1.2215773
2209.5 1.2130808
2214.0 1.2067878
2218.5 1.2283109
2223.0 1.2517023
2227.5 1.2550551
2232.0 1.2453493
2236.5 1.2469436
2241.0 1.2375791
2245.5 1.2423178
2250.0 1.2281815
2254.5 1.2215989
2259.0 1.2215527
2263.5 1.2144783
2268.0 1.1977351
2272.5 1.1790556
2277.0 1.1886921
2281.5 1.1912692
2286.0 1.1904405
2290.5 1.1776023
2295.0 1.1671472
2299.5 1.1627934
2304.0 1.1557335
2308.5 1.1499916
2313.0 1.1389029
2317.5 1.1223381
2322.0 1.1268135
2326.5 1.1257164
2331.0 1.1120926
2335.5 1.0818652
2340.0 1.1085186
2344.5 1.1122845
2349.0 1.1043917
2353.5 1.1032251
2358.0 1.1115769
2362.5 1.0899340
2367.0 1.0892113
2371.5 1.0668756
2376.0 1.0491196
2380.5 1.0071161
2385.0 1.0014818
2389.5 0.99881870
2394.0 0.98807335
2398.5 1.0139397
2403.0 1.0277164
2407.5 1.0289400
2412.0 1.0059172
2416.5 1.0152285
2421.0 1.0187149
2425.5 1.0314560
2430.0 1.0306457
2434.5 1.0535337
2439.0 1.0831411
2443.5 1.0916582
2448.0 1.0766797
2452.5 1.1086514
2457.0 1.1224203
2461.5 1.1203361
2466.0 1.1251146
2470.5 1.1696203
2475.0 1.1972785
2479.5 1.1900517
2484.0 1.2116463
2488.5 1.1830512
2493.0 1.2116110
2497.5 1.2520560
2502.0 1.3552431
2506.5 1.4761492
2511.0 1.6644901
2515.5 1.8562577
2520.0 1.9139587
2524.5 1.8151675
2529.0 1.6063814
2533.5 1.4279649
2538.0 1.3169138
2542.5 1.2615463
2547.0 1.2177687
2551.5 1.1837196
2556.0 1.1567544
2560.5 1.1308978
2565.0 1.1219850
2569.5 1.0983942
2574.0 1.0778637
2578.5 1.0545597
2583.0 1.0410372
2587.5 1.0370101
2592.0 1.0064882
2596.5 1.0075892
2601.0 0.98173082
2605.5 0.97451979
2610.0 0.97263634
2614.5 0.93174553
2619.0 0.94494176
2623.5 0.94355428
2628.0 0.95662212
2632.5 0.98207611
2637.0 0.99048954
2641.5 0.99309307
2646.0 0.99151510
2650.5 0.99763340
2655.0 0.98326755
2659.5 0.98494768
2664.0 0.99725008
2668.5 0.98179597
2673.0 0.98438710
2677.5 0.96599782
2682.0 0.97110516
2686.5 0.94700646
2691.0 0.93040651
2695.5 0.91307336
2700.0 0.90415651
2704.5 0.88186055
2709.0 0.87233633
2713.5 0.84788036
2718.0 0.83094037
2722.5 0.82701755
2727.0 0.83428282
2731.5 0.82285130
2736.0 0.83987695
2740.5 0.84371543
2745.0 0.84582466
2749.5 0.84516871
2754.0 0.84534061
2758.5 0.86154538
2763.0 0.85207409
2767.5 0.86833906
2772.0 0.86682791
2776.5 0.86285627
2781.0 0.85292351
2785.5 0.86106509
2790.0 0.85445404
2794.5 0.87210733
2799.0 0.89365631
2803.5 0.89548838
2808.0 0.93072391
2812.5 0.93767267
2817.0 0.93669796
2821.5 0.92329568
2826.0 0.92184407
2830.5 0.88734961
2835.0 0.90647274
2839.5 0.89701480
2844.0 0.89478719
2848.5 0.90543449
2853.0 0.92874944
2857.5 0.92909026
2862.0 0.94015121
2866.5 0.94544667
2871.0 0.95221061
2875.5 0.94229585
2880.0 0.94629049
2884.5 0.93165070
2889.0 0.94160146
2893.5 0.92941970
2898.0 0.90128314
2902.5 0.90111786
2907.0 0.91164541
2911.5 0.88709825
2916.0 0.88520914
2920.5 0.88534951
2925.0 0.88429952
2929.5 0.89780509
2934.0 0.89332348
2938.5 0.87766004
2943.0 0.87541908
2947.5 0.89250785
2952.0 0.89029294
2956.5 0.88369006
2961.0 0.89934421
2965.5 0.87338752
2970.0 0.86205733
2974.5 0.84999871
2979.0 0.84130514
2983.5 0.83448386
2988.0 0.81679994
2992.5 0.81308526
2997.0 0.82218742
3001.5 0.82900774
3006.0 0.83917451
3010.5 0.86485738
3015.0 0.83494842
3019.5 0.82284540
3024.0 0.81728482
3028.5 0.81293088
3033.0 0.80300558
3037.5 0.82158226
3042.0 0.81812298
3046.5 0.82344794
3051.0 0.81529886
3055.5 0.81735510
3060.0 0.81735075
3064.5 0.83558643
3069.0 0.84001929
3073.5 0.85375869
3078.0 0.88097024
3082.5 0.91630316
3087.0 0.87257242
3091.5 0.83890355
3096.0 0.84320313
3100.5 0.82976335
3105.0 0.79901183
3109.5 0.80748242
3114.0 0.80932862
3118.5 0.78638095
3123.0 0.78059804
3127.5 0.76280993
3132.0 0.75157326
3136.5 0.77129513
3141.0 0.76867330
3145.5 0.75735223
3150.0 0.77173150
3154.5 0.75194854
3159.0 0.73942995
3163.5 0.73869485
3168.0 0.72584164
3172.5 0.71339989
3177.0 0.69924241
3181.5 0.70763195
3186.0 0.70550501
3190.5 0.68471783
3195.0 0.69034386
3199.5 0.70106149
3204.0 0.70532268
3208.5 0.69159979
3213.0 0.70385122
3217.5 0.72096479
3222.0 0.70703149
3226.5 0.72200269
3231.0 0.70091099
3235.5 0.70216930
3240.0 0.69138378
3244.5 0.69990236
3249.0 0.70362091
3253.5 0.68939549
3258.0 0.70809937
3262.5 0.69578725
3267.0 0.68922853
3271.5 0.69489104
3276.0 0.67946422
3280.5 0.68652487
3285.0 0.68068063
3289.5 0.68481714
3294.0 0.68894762
3298.5 0.67933238
3303.0 0.67312938
3307.5 0.67086828
3312.0 0.66740590
3316.5 0.66298795
3321.0 0.66306198
3325.5 0.67195570
3330.0 0.67060757
3334.5 0.66960001
3339.0 0.65642101
3343.5 0.65854239
3348.0 0.68586743
3352.5 0.77269053
3357.0 0.80228931
3361.5 0.67770737
3366.0 0.65337092
3370.5 0.65292174
3375.0 0.64484966
3379.5 0.66767746
3384.0 0.64869964
3388.5 0.63415897
3393.0 0.63824695
3397.5 0.63073117
3402.0 0.62213171
3406.5 0.61531991
3411.0 0.60744131
3415.5 0.57418638
3420.0 0.58323932
3424.5 0.57205200
3429.0 0.59677261
3433.5 0.59508044
3438.0 0.58845013
3442.5 0.58234674
3447.0 0.57780129
3451.5 0.59232533
3456.0 0.57998174
3460.5 0.58943546
3465.0 0.59815872
3469.5 0.60778290
3474.0 0.63169003
3478.5 0.67963815
3483.0 0.70769334
3487.5 0.63578290
3492.0 0.59390384
3496.5 0.61493891
3501.0 0.61961651
3505.5 0.58706778
3510.0 0.57428950
3514.5 0.57491142
3519.0 0.56459910
3523.5 0.56104821
3528.0 0.55042660
3532.5 0.53429127
3537.0 0.51643986
3541.5 0.51265258
3546.0 0.52805895
3550.5 0.54361480
3555.0 0.54498011
3559.5 0.55087245
3564.0 0.56424904
3568.5 0.56451535
3573.0 0.56083661
3577.5 0.54196733
3582.0 0.54405719
3586.5 0.54103410
3591.0 0.51840824
3595.5 0.52484286
3600.0 0.50707507
3604.5 0.50692767
3609.0 0.49798152
3613.5 0.50865430
3618.0 0.51495045
3622.5 0.50540411
3627.0 0.48936799
3631.5 0.48868284
3636.0 0.48625761
3640.5 0.48037374
3645.0 0.49481934
3649.5 0.48426357
3654.0 0.49654362
3658.5 0.50625408
3663.0 0.53693902
3667.5 0.52849591
3672.0 0.52522272
3676.5 0.54825723
3681.0 0.55575830
3685.5 0.57496756
3690.0 0.61121243
3694.5 0.59314579
3699.0 0.56333005
3703.5 0.56034768
3708.0 0.53513694
3712.5 0.52160525
3717.0 0.51602435
3721.5 0.50723875
3726.0 0.49017033
3730.5 0.47117594
3735.0 0.46555838
3739.5 0.46760231
3744.0 0.48040169
3748.5 0.47641072
3753.0 0.47318414
3757.5 0.48347124
3762.0 0.46665075
3766.5 0.46062273
3771.0 0.46896887
3775.5 0.45810217
3780.0 0.45303130
3784.5 0.45218882
3789.0 0.45134872
3793.5 0.45327660
3798.0 0.45688492
3802.5 0.45465860
3807.0 0.45282978
3811.5 0.47800061
3816.0 0.47498024
3820.5 0.48207191
3825.0 0.47333816
3829.5 0.46179852
3834.0 0.45427305
3838.5 0.47449479
3843.0 0.47406176
3847.5 0.47053799
3852.0 0.49214491
3856.5 0.47894338
3861.0 0.49429193
3865.5 0.52104986
3870.0 0.51190966
3874.5 0.52224642
3879.0 0.53167671
3883.5 0.55329114
3888.0 0.58821952
3892.5 0.59455794
3897.0 0.62730896
3901.5 0.67881745
3906.0 0.70379531
3910.5 0.70661896
3915.0 0.65688306
3919.5 0.64500016
3924.0 0.63838518
3928.5 0.60726285
3933.0 0.57964557
3937.5 0.53072190
3942.0 0.51952738
3946.5 0.49873373
3951.0 0.48854876
3955.5 0.50081766
3960.0 0.48704669
3964.5 0.47865066
3969.0 0.47902802
3973.5 0.46772671
3978.0 0.46432203
3982.5 0.46180031
3987.0 0.43319502
3991.5 0.44791836
3996.0 0.44551957
4000.5 0.45677122
4005.0 0.44676828
4009.5 0.44471446
4014.0 0.46463966
4018.5 0.47124964
4023.0 0.48892471
4027.5 0.48173547
4032.0 0.47795784
4036.5 0.45992300
4041.0 0.48513591
4045.5 0.48610529
4050.0 0.48898736
4054.5 0.48536831
4059.0 0.50352067
4063.5 0.52484435
4068.0 0.52094966
4072.5 0.49947327
4077.0 0.48755100
4081.5 0.47562632
4086.0 0.47882533
4090.5 0.51394331
4095.0 0.49985826
4099.5 0.49364161
4104.0 0.51264924
4108.5 0.50822204
4113.0 0.47054142
4117.5 0.49578232
4122.0 0.51535726
4126.5 0.49307021
4131.0 0.48354265
4135.5 0.49105427
4140.0 0.47260058
4144.5 0.46148074
4149.0 0.46286657
4153.5 0.47748867
4158.0 0.49468574
4162.5 0.49425566
4167.0 0.48424932
4171.5 0.49013871
4176.0 0.47539809
4180.5 0.48316097
4185.0 0.46841547
4189.5 0.49282405
4194.0 0.46370801
4198.5 0.47861788
4203.0 0.45854908
4207.5 0.46269569
4212.0 0.46614304
4216.5 0.48134699
4221.0 0.43888789
4225.5 0.43780977
4230.0 0.41148770
4234.5 0.40616250
4239.0 0.40035477
4243.5 0.41001162
4248.0 0.40853894
4252.5 0.40718725
4257.0 0.39975390
4261.5 0.40568170
4266.0 0.40972024
4270.5 0.40098566
4275.0 0.38740706
4279.5 0.39072874
4284.0 0.39218846
4288.5 0.39001223
4293.0 0.39595434
4297.5 0.40084937
4302.0 0.40794030
4306.5 0.40626153
4311.0 0.40292916
4315.5 0.41063303
4320.0 0.42227507
4324.5 0.42240611
4329.0 0.42614251
4333.5 0.44194975
4338.0 0.46784347
4342.5 0.46987230
4347.0 0.50486088
4351.5 0.50934815
4356.0 0.52620620
4360.5 0.56533200
4365.0 0.58840871
4369.5 0.65809423
4374.0 0.71759522
4378.5 0.69468892
4383.0 0.64777601
4387.5 0.60135466
4392.0 0.56867802
4396.5 0.54023367
4401.0 0.50440305
4405.5 0.49524525
4410.0 0.49018100
4414.5 0.47296843
4419.0 0.44645596
4423.5 0.45963117
4428.0 0.44450009
4432.5 0.43754676
4437.0 0.43002385
4441.5 0.41832057
4446.0 0.41362855
4450.5 0.42425328
4455.0 0.42421046
4459.5 0.50041056
4464.0 0.54685408
4468.5 0.45697108
4473.0 0.40572760
4477.5 0.39486626
4482.0 0.39143151
4486.5 0.38168806
4491.0 0.40638489
4495.5 0.44383264
4500.0 0.53920132
4504.5 0.75941396
4509.0 0.75741947
4513.5 0.50917459
4518.0 0.42851153
4522.5 0.40272680
4527.0 0.39154488
4531.5 0.38219267
4536.0 0.37473655
4540.5 0.37486342
4545.0 0.37209460
4549.5 0.37250495
4554.0 0.37188208
4558.5 0.36569706
4563.0 0.36151621
4567.5 0.36139622
4572.0 0.34746629
4576.5 0.34021449
4581.0 0.35505393
4585.5 0.35175228
4590.0 0.35601208
4594.5 0.34155470
4599.0 0.34423661
4603.5 0.33932686
4608.0 0.35106304
4612.5 0.34478983
4617.0 0.33580667
4621.5 0.34340104
4626.0 0.34115684
4630.5 0.35144433
4635.0 0.35316291
4639.5 0.36720514
4644.0 0.37503460
4648.5 0.36964515
4653.0 0.35885495
4657.5 0.37453309
4662.0 0.35893330
4666.5 0.34993297
4671.0 0.35053134
4675.5 0.37020373
4680.0 0.36317986
4684.5 0.34395552
4689.0 0.34836864
4693.5 0.35147381
4698.0 0.35727501
4702.5 0.35138136
4707.0 0.35461691
4711.5 0.35312611
4716.0 0.35497174
4720.5 0.34192064
4725.0 0.34761739
4729.5 0.35880178
4734.0 0.34146035
4738.5 0.35100970
4743.0 0.35232812
4747.5 0.34964648
4752.0 0.35004923
4756.5 0.35247421
4761.0 0.35007650
4765.5 0.36343661
4770.0 0.34684861
4774.5 0.33945796
4779.0 0.37109977
4783.5 0.34630877
4788.0 0.36231628
4792.5 0.35306251
4797.0 0.34245199
4801.5 0.33750731
4806.0 0.33357698
4810.5 0.34347236
4815.0 0.32542333
4819.5 0.32820541
4824.0 0.33145210
4828.5 0.32776648
4833.0 0.31228554
4837.5 0.31791693
4842.0 0.32548770
4846.5 0.32470256
4851.0 0.31473473
4855.5 0.31579721
4860.0 0.31304616
4864.5 0.30689356
4869.0 0.31292379
4873.5 0.31918997
4878.0 0.31694397
4882.5 0.30911180
4887.0 0.30452436
4891.5 0.29988861
4896.0 0.31019661
4900.5 0.29898971
4905.0 0.31909740
4909.5 0.30068189
4914.0 0.30195665
4918.5 0.29720423
4923.0 0.29676041
4927.5 0.29631761
4932.0 0.29587579
4936.5 0.30255380
4941.0 0.30377471
4945.5 0.31066218
4950.0 0.30298695
4954.5 0.30379575
4959.0 0.29324609
4963.5 0.29281121
4968.0 0.30105385
4972.5 0.30986491
4977.0 0.30453366
4981.5 0.29701161
4986.0 0.30860469
4990.5 0.31345481
4995.0 0.29764104
4999.5 0.30092165
5004.0 0.28894198
5008.5 0.28851688
5013.0 0.29423371
5017.5 0.28929964
5022.0 0.31617731
5026.5 0.30175993
5031.0 0.29345018
5035.5 0.32754311
5040.0 0.32310525
5044.5 0.30843565
5049.0 0.30272463
5053.5 0.28893861
5058.0 0.28847083
5062.5 0.28348967
5067.0 0.29269597
5071.5 0.28266487
5076.0 0.28397003
5080.5 0.28184375
5085.0 0.28407121
5089.5 0.28102621
5094.0 0.28252169
5098.5 0.28141931
5103.0 0.27980670
5107.5 0.28948408
5112.0 0.28513858
5116.5 0.27859551
5121.0 0.27819347
5125.5 0.27779242
5130.0 0.27739218
5134.5 0.27699283
5139.0 0.27659443
5143.5 0.27619684
5148.0 0.28182673
5152.5 0.27540430
5157.0 0.27580765
5161.5 0.27461526
5166.0 0.27580544
5170.5 0.27392170
5175.0 0.27343807
5179.5 0.27604491
5184.0 0.27984983
5188.5 0.28114179
5193.0 0.27847943
5197.5 0.27796340
5202.0 0.27712137
5206.5 0.27325794
5211.0 0.27547014
5215.5 0.27362919
5220.0 0.27306175
5224.5 0.27910161
5229.0 0.29128784
5233.5 0.27695769
5238.0 0.28652284
5242.5 0.28094414
5247.0 0.28959069
5251.5 0.28276467
5256.0 0.29189959
5260.5 0.28720182
5265.0 0.28847134
5269.5 0.29682168
5274.0 0.28958586
5278.5 0.29508016
5283.0 0.30477509
5287.5 0.32810375
5292.0 0.32055846
5296.5 0.31433341
5301.0 0.31600302
5305.5 0.28811395
5310.0 0.28325191
5314.5 0.29640594
5319.0 0.29112786
5323.5 0.28096125
5328.0 0.28245363
5332.5 0.28397521
5337.0 0.28431493
5341.5 0.27927703
5346.0 0.28475749
5350.5 0.29058045
5355.0 0.27267247
5359.5 0.27555585
5364.0 0.27363169
5368.5 0.28238124
5373.0 0.26637068
5377.5 0.26920140
5382.0 0.26844475
5386.5 0.26745963
5391.0 0.26935908
5395.5 0.26880190
5400.0 0.26812240
5404.5 0.27052981
5409.0 0.26613539
5413.5 0.26389816
5418.0 0.25924882
5422.5 0.25901845
5427.0 0.25477791
5431.5 0.25970960
5436.0 0.26025406
5440.5 0.26323378
5445.0 0.26534939
5449.5 0.25522378
5454.0 0.26069281
5458.5 0.26850569
5463.0 0.26535901
5467.5 0.26798889
5472.0 0.27286229
5476.5 0.26837763
5481.0 0.27035308
5485.5 0.26499474
5490.0 0.27829972
5494.5 0.25588199
5499.0 0.24736224
5503.5 0.25110117
5508.0 0.24773672
5512.5 0.24906670
5517.0 0.24940452
5521.5 0.25429472
5526.0 0.25898856
5530.5 0.24722028
5535.0 0.25416231
5539.5 0.26102898
5544.0 0.25140375
5548.5 0.24720150
5553.0 0.24339044
5557.5 0.24306394
5562.0 0.24408574
5566.5 0.25848666
5571.0 0.24626797
5575.5 0.24771266
5580.0 0.24144150
5584.5 0.24204001
5589.0 0.24182446
5593.5 0.24574953
5598.0 0.24326254
5602.5 0.24880281
5607.0 0.24963032
5611.5 0.24395731
5616.0 0.24227248
5620.5 0.24190249
5625.0 0.24887256
5629.5 0.24731186
5634.0 0.24208505
5638.5 0.24032141
5643.0 0.23846430
5647.5 0.23730788
5652.0 0.23926750
5656.5 0.24135238
5661.0 0.24931984
5665.5 0.25274050
5670.0 0.25751635
5674.5 0.26569748
5679.0 0.25506932
5683.5 0.24256510
5688.0 0.24335259
5692.5 0.24083488
5697.0 0.23707502
5701.5 0.24076879
5706.0 0.24792884
5710.5 0.25053328
5715.0 0.24273279
5719.5 0.24462067
5724.0 0.24827623
5728.5 0.25275618
5733.0 0.25658682
5737.5 0.24394041
5742.0 0.24635248
5746.5 0.25092074
5751.0 0.25166702
5755.5 0.24631302
5760.0 0.24587202
5764.5 0.24951915
5769.0 0.24928708
5773.5 0.24656682
5778.0 0.25261861
5782.5 0.25002843
5787.0 0.25355458
5791.5 0.25961944
5796.0 0.25598928
5800.5 0.26343769
5805.0 0.25921360
5809.5 0.27681267
5814.0 0.27885437
5818.5 0.28614816
5823.0 0.29419520
5827.5 0.29299513
5832.0 0.29897326
5836.5 0.31573564
5841.0 0.31747827
5845.5 0.33129960
5850.0 0.34659263
5854.5 0.36785182
5859.0 0.39246783
5863.5 0.42217255
5868.0 0.46309358
5872.5 0.51420790
5877.0 0.57676840
5881.5 0.65048140
5886.0 0.76262170
5890.5 0.89599645
5895.0 1.0639846
5899.5 1.2333820
5904.0 1.4507730
5908.5 1.4908735
5913.0 1.2749087
5917.5 1.0610774
5922.0 0.96532154
5926.5 0.90916812
5931.0 0.78729087
5935.5 0.66414684
5940.0 0.59829736
5944.5 0.54570413
5949.0 0.49761942
5953.5 0.46097633
5958.0 0.43855655
5962.5 0.41059619
5967.0 0.38227347
5971.5 0.35874033
5976.0 0.33510244
5980.5 0.31489146
5985.0 0.30849141
5989.5 0.30214000
5994.0 0.28693387
5998.5 0.28506857
