300.0 0.0
405.00002 0.0000000
409.05002 0.0000000
413.1 0.0000000
417.15 0.0000000
421.2 0.0000000
425.25 0.0000000
429.3 0.0000000
433.35 0.0000000
437.4 0.0000000
441.45 0.0000000
445.5 0.0000000
449.55 0.0000000
453.6 0.0000000
457.65 0.0000000
461.7 0.0000000
465.75 0.0000000
469.8 0.0000000
473.85 0.0000000
477.9 0.0000000
481.95 0.0000000
486.0 0.0000000
490.05 0.0000000
494.1 0.0000000
498.15 0.0000000
502.2 0.0000000
506.25 0.0000000
510.3 0.0000000
514.35 0.0000000
518.4 0.0000000
522.45005 0.0000000
526.50005 0.0000000
530.55005 0.0000000
534.60005 0.0000000
538.65005 0.0000000
542.70005 0.0000000
546.75005 0.0000000
550.80005 0.0000000
554.85005 0.0000000
558.90005 0.0000000
562.95005 0.0000000
567.00005 0.0000000
571.05005 0.0000000
575.10005 0.0000000
579.15005 0.0000000
583.20005 0.0000000
587.25005 0.0000000
591.30005 0.0000000
595.35005 0.0000000
599.40005 0.0000000
603.45005 0.0000000
607.50005 0.0000000
611.55005 0.0000000
615.60005 0.0000000
619.65005 0.0000000
623.70005 0.0000000
627.75005 0.0000000
631.80005 0.0000000
635.85005 0.0000000
639.90005 0.0000000
643.95005 0.0000000
648.00005 0.0000000
652.05005 0.0000000
656.10005 0.0000000
660.15005 0.0000000
664.20005 0.0000000
668.25005 0.0000000
672.30005 0.0000000
676.35005 0.0000000
680.40005 0.0000000
684.45005 0.0000000
688.50005 0.0000000
692.55005 0.0000000
696.60005 0.0000000
700.65005 0.0000000
704.70005 0.0000000
708.75005 0.0000000
712.80005 0.0000000
716.85005 0.0000000
720.90005 0.0000000
724.95005 0.0000000
729.00005 0.0000000
733.05005 0.0000000
737.10005 0.0000000
741.15005 2.71274679E-04
745.20005 2.15523600E-04
749.25005 1.69860010E-04
753.30005 1.32792848E-04
757.35005 1.02949271E-04
761.40005 7.91180937E-05
765.45005 6.02803157E-05
769.50005 4.55087938E-05
773.55005 3.40395090E-05
777.60005 2.52088175E-05
781.65005 1.85441895E-05
785.70005 1.35312130E-05
789.75005 2.61491805E-04
793.80005 2.04794749E-04
797.85005 1.56622191E-04
801.90005 1.18398355E-04
805.95005 8.91008822E-05
810.00005 7.28439045E-05
814.05005 5.63254034E-05
818.10005 4.11171168E-05
822.15 3.20014951E-05
826.2 2.51659712E-05
830.25 1.98889229E-05
834.3 7.79441744E-03
838.35 7.05827959E-03
842.4 5.29884407E-03
846.45 3.89794400E-03
850.5 3.21470085E-03
854.55 2.73621851E-03
858.6 2.38858070E-03
862.65 2.10242998E-03
866.7 1.76541274E-03
870.75 1.36733043E-03
874.8 1.17708766E-03
878.85 8.93066754E-04
882.9 6.85565465E-04
886.95 5.31942118E-04
891.0 4.27534833E-04
895.05 3.59947648E-04
899.1 2.84519338E-04
903.15 2.37686327E-04
907.2 1.99192335E-04
911.25 1.56529408E-04
915.3 1.12027592E-04
919.35 8.64858594E-05
923.4 6.24350723E-05
927.45 4.94636733E-05
931.5 3.81378741E-05
935.55 2.83572317E-05
939.6 2.15356376E-05
943.65 1.67979015E-05
947.7 1.30891585E-05
951.75 1.04846531E-05
955.8 8.02318664E-06
959.85 6.15254203E-06
963.9 4.75790284E-06
967.95 3.77108290E-06
972.0 3.04211244E-06
976.05 2.55510554E-06
980.1 2.20419383E-06
984.15 2.05901233E-06
988.2 0.92150337
992.25 0.74862510
996.3 0.70131993
1000.35 0.70408142
1004.4 0.66241181
1008.45 0.53257132
1012.5 0.46178070
1016.55 0.43610674
1020.6 0.41908532
1024.65 0.39350009
1028.7 0.36079016
1032.75 0.33939826
1036.8 0.33291215
1040.8501 0.33513081
1044.9001 0.34190714
1048.9501 0.34557915
1053.0001 0.37315637
1057.0501 0.38047600
1061.1001 0.36551470
1065.1501 0.33434325
1069.2001 0.33777946
1073.2501 0.33596933
1077.3001 0.34529769
1081.3501 0.35252979
1085.4001 0.34949332
1089.4501 0.33814615
1093.5001 0.33485174
1097.5501 0.34671792
1101.6001 0.34578574
1105.6501 0.35279047
1109.7001 0.34944555
1113.7501 0.35885099
1117.8001 0.38067037
1121.8501 0.40339786
1125.9001 0.43448931
1129.9501 0.44400331
1134.0001 0.45182127
1138.0501 0.41224071
1142.1001 0.38618219
1146.1501 0.36701307
1150.2001 0.35928744
1154.2501 0.35884172
1158.3001 0.34373119
1162.3501 0.34046209
1166.4001 0.33950388
1170.4501 0.33804089
1174.5001 0.34517831
1178.5501 0.34292105
1182.6001 0.33664843
1186.6501 0.34780082
1190.7001 0.34282109
1194.7501 0.34920922
1198.8001 0.35861981
1202.8501 0.36498457
1206.9001 0.37495467
1210.9501 0.37548772
1215.0001 0.38849977
1219.0501 0.39822868
1223.1001 0.40905958
1227.1501 0.42570114
1231.2001 0.45869049
1235.2501 0.50265294
1239.3001 0.55314350
1243.3501 0.61720252
1247.4001 0.69678313
1251.4501 0.74484879
1255.5001 0.67781293
1259.5501 0.57645625
1263.6001 0.49938968
1267.6501 0.45949599
1271.7001 0.43985781
1275.7501 0.42896658
1279.8001 0.40962717
1283.8501 0.40909809
1287.9001 0.39768010
1291.9501 0.40639037
1296.0001 0.40834633
1300.0501 0.40776563
1304.1001 0.41306296
1308.1501 0.40872213
1312.2001 0.41571277
1316.2501 0.42229730
1320.3001 0.42378995
1324.3501 0.43371391
1328.4001 0.41774273
1332.4501 0.41566232
1336.5001 0.41100848
1340.5501 0.41849256
1344.6001 0.42112881
1348.6501 0.41586953
1352.7001 0.39553088
1356.7501 0.38345167
1360.8001 0.37874016
1364.8501 0.37242791
1368.9001 0.37370738
1372.9501 0.37336585
1377.0001 0.37331727
1381.0501 0.37987286
1385.1001 0.37934670
1389.1501 0.38610572
1393.2001 0.38857302
1397.2501 0.38853717
1401.3001 0.38473502
1405.3501 0.39027303
1409.4001 0.39268735
1413.4501 0.40400860
1417.5001 0.39819124
1421.5501 0.39244795
1425.6001 0.37582490
1429.6501 0.38213062
1433.7001 0.38454673
1437.7501 0.38009951
1441.8001 0.39364427
1445.8501 0.39808595
1449.9001 0.38830498
1453.9501 0.38236424
1458.0001 0.38354707
1462.0501 0.38422677
1466.1001 0.38472837
1470.1501 0.39030856
1474.2001 0.38415986
1478.2501 0.38361618
1482.3001 0.38920105
1486.3501 0.38943869
1490.4001 0.39977723
1494.4501 0.39874688
1498.5001 0.42526326
1502.5501 0.42453840
1506.6001 0.42960310
1510.6501 0.42383224
1514.7001 0.42549148
1518.7501 0.43014497
1522.8001 0.45004958
1526.8501 0.48507783
1530.9001 0.51707870
1534.9501 0.54340196
1539.0001 0.55405921
1543.0501 0.58414942
1547.1001 0.55960816
1551.1501 0.51253283
1555.2001 0.46959993
1559.2501 0.44125998
1563.3001 0.42834589
1567.3501 0.41514209
1571.4001 0.40272817
1575.4501 0.39332825
1579.5001 0.39108661
1583.5501 0.37736797
1587.6001 0.37240851
1591.6501 0.37042964
1595.7001 0.37499210
1599.7501 0.37754574
1603.8001 0.36978233
1607.8501 0.37223378
1611.9001 0.37513885
1615.9501 0.37921426
1620.0001 0.37073591
1624.0501 0.37570137
1628.1001 0.38541096
1632.1501 0.36544192
1636.2001 0.37602311
1640.25 0.37935206
1644.3 0.37760711
1648.35 0.38174507
1652.4 0.37659785
1656.45 0.37249684
1660.5 0.38375232
1664.55 0.40021545
1668.6 0.39321604
1672.65 0.40404221
1676.7 0.40158421
1680.75 0.40360296
1684.8 0.40226346
1688.85 0.40837955
1692.9 0.40814534
1696.95 0.40805188
1701.0 0.39594156
1705.05 0.39042413
1709.1 0.39640510
1713.15 0.40297517
1717.2 0.38682628
1721.25 0.40643317
1725.3 0.39319286
1729.35 0.40349841
1733.4 0.40071219
1737.45 0.40977785
1741.5 0.39129221
1745.55 0.39795598
1749.6 0.39844641
1753.65 0.40628764
1757.7 0.38701406
1761.75 0.39238811
1765.8 0.40070501
1769.85 0.38371047
1773.9 0.39166719
1777.95 0.38062209
1782.0 0.37078902
1786.05 0.37109125
1790.1 0.37138888
1794.15 0.37451288
1798.2 0.37747118
1802.25 0.37871268
1806.3 0.37409222
1810.35 0.37280768
1814.4 0.37307760
1818.45 0.37334353
1822.5 0.37865674
1826.55 0.37862673
1830.6 0.38480124
1834.65 0.38771859
1838.7 0.38815787
1842.75 0.39157513
1846.8 0.39577687
1850.85 0.40353730
1854.9 0.41319326
1858.95 0.41057682
1863.0 0.42203385
1867.05 0.42748803
1871.1 0.43168929
1875.15 0.43469322
1879.2 0.43839499
1883.25 0.44451538
1887.3 0.44738409
1891.35 0.44194177
1895.4 0.43863523
1899.45 0.42938936
1903.5 0.42887977
1907.55 0.42115033
1911.6 0.42784807
1915.65 0.42312768
1919.7 0.42093158
1923.75 0.42262763
1927.8 0.42053878
1931.85 0.42204463
1935.9 0.42348725
1939.95 0.42886144
1944.0 0.43942985
1948.05 0.43321171
1952.1 0.44931811
1956.15 0.46094471
1960.2 0.47514084
1964.25 0.47426721
1968.3 0.46131617
1972.35 0.45951292
1976.4 0.46147966
1980.45 0.45148554
1984.5 0.44355553
1988.55 0.44151673
1992.6 0.44026509
1996.65 0.44917247
2000.7 0.45879939
2004.75 0.46110204
2008.8 0.45859933
2012.85 0.46024874
2016.9 0.45784482
2020.95 0.46065220
2025.0 0.45645046
2029.05 0.45503673
2033.1 0.45604989
2037.15 0.45443115
2041.2 0.44917235
2045.25 0.44315577
2049.3 0.44777265
2053.35 0.44973803
2057.4 0.45041722
2061.45 0.44653863
2065.5 0.44354308
2069.55 0.44285136
2073.6 0.44111830
2077.6502 0.43987522
2081.7002 0.43657115
2085.7502 0.43114328
2089.8002 0.43378672
2093.8502 0.43428504
2097.9002 0.42993745
2101.9502 0.41913313
2106.0002 0.43036041
2110.0502 0.43272492
2114.1002 0.43054882
2118.1502 0.43098566
2122.2002 0.43514520
2126.2502 0.42755005
2130.3002 0.42814118
2134.3502 0.42021680
2138.4002 0.41406268
2142.4502 0.39828891
2146.5002 0.39685866
2150.5502 0.39659730
2154.6002 0.39311451
2158.6502 0.40420857
2162.7002 0.41051295
2166.7502 0.41181338
2170.8002 0.40339035
2174.8502 0.40792152
2178.9002 0.41012117
2182.9502 0.41605720
2187.0002 0.41653472
2191.0502 0.42660585
2195.1002 0.43943650
2199.1502 0.44373861
2203.2002 0.43848383
2207.2502 0.45236114
2211.3002 0.45884454
2215.3502 0.45885432
2219.4002 0.46167567
2223.4502 0.48083434
2227.5002 0.49312010
2231.5502 0.49105197
2235.6002 0.50088537
2239.6502 0.48996320
2243.7002 0.50271028
2247.7502 0.52043867
2251.8002 0.56435388
2255.8502 0.61581498
2259.9002 0.69563836
2263.9502 0.77717721
2268.0002 0.80276883
2272.0502 0.76269013
2276.1002 0.67616177
2280.1502 0.60212582
2284.2002 0.55627739
2288.2502 0.53382498
2292.3002 0.51620156
2296.3502 0.50264263
2300.4002 0.49204496
2304.4502 0.48187771
2308.5002 0.47890368
2312.5502 0.46963832
2316.6002 0.46164820
2320.6502 0.45243654
2324.7002 0.44739243
2328.7502 0.44641519
2332.8002 0.43400577
2336.8502 0.43520945
2340.9002 0.42474905
2344.9502 0.42233106
2349.0002 0.42221442
2353.0502 0.40513256
2357.1002 0.41154703
2361.1502 0.41161683
2365.2002 0.41799992
2369.2502 0.42982098
2373.3002 0.43420646
2377.3502 0.43605173
2381.4002 0.43605998
2385.4502 0.43945512
2389.5002 0.43381959
2393.5502 0.43525341
2397.6002 0.44138941
2401.6502 0.43523684
2405.7002 0.43707311
2409.7502 0.42958176
2413.8002 0.43252838
2417.8502 0.42245239
2421.9002 0.41569212
2425.9502 0.40857971
2430.0002 0.40521351
2434.0502 0.39582863
2438.1002 0.39215285
2442.1502 0.38174075
2446.2002 0.37468255
2450.2502 0.37347859
2454.3002 0.37732792
2458.3502 0.37271771
2462.4002 0.38100001
2466.4502 0.38331276
2470.5002 0.38484272
2474.5502 0.38511494
2478.6002 0.38576236
2482.6502 0.39373606
2486.7002 0.38997948
2490.7502 0.39800468
2494.8002 0.39789093
2498.8502 0.39664331
2502.9002 0.39264446
2506.9502 0.39696431
2511.0002 0.39448231
2515.0502 0.40320909
2519.1002 0.41376171
2523.1502 0.41519952
2527.2002 0.43214861
2531.2502 0.43598971
2535.3002 0.43614960
2539.3502 0.43051222
2543.4002 0.43043655
2547.4502 0.41490743
2551.5002 0.42443752
2555.5502 0.42058998
2559.6002 0.42012420
2563.6502 0.42570764
2567.7002 0.43726739
2571.7502 0.43802503
2575.8002 0.44384265
2579.8502 0.44694787
2583.9002 0.45075360
2587.9502 0.44666106
2592.0002 0.44915652
2596.0502 0.44279942
2600.1002 0.44812536
2604.1502 0.44291571
2608.2002 0.43007576
2612.2502 0.43056449
2616.3002 0.43616799
2620.3502 0.42498004
2624.4002 0.42462879
2628.4502 0.42524952
2632.5002 0.42529657
2636.5502 0.43235078
2640.6002 0.43074712
2644.6502 0.42373821
2648.7002 0.42319784
2652.7502 0.43201011
2656.8002 0.43148622
2660.8502 0.42882928
2664.9002 0.43697765
2668.9502 0.42490062
2673.0002 0.41991499
2677.0502 0.41455936
2681.1002 0.41083181
2685.1502 0.40800765
2689.2002 0.39985660
2693.2502 0.39853004
2697.3002 0.40348753
2701.3502 0.40733430
2705.4002 0.41283458
2709.4502 0.42598814
2713.5002 0.41175681
2717.5502 0.40627977
2721.6002 0.40402207
2725.6502 0.40235353
2729.7002 0.39791846
2733.7502 0.40761080
2737.8002 0.40637901
2741.8502 0.40951052
2745.9002 0.40593815
2749.9502 0.40744293
2754.0002 0.40792069
2758.0502 0.41751134
2762.1002 0.42021796
2766.1502 0.42758921
2770.2002 0.44173053
2774.2502 0.45997983
2778.3002 0.43853357
2782.3502 0.42209819
2786.4002 0.42474872
2790.4502 0.41845745
2794.5002 0.40340930
2798.5502 0.40814993
2802.6002 0.40954703
2806.6502 0.39838445
2810.7002 0.39590076
2814.7502 0.38731381
2818.8002 0.38203627
2822.8502 0.39249873
2826.9002 0.39160007
2830.9502 0.38626114
2835.0002 0.39403048
2839.0502 0.38435322
2843.1002 0.37836984
2847.1502 0.37840822
2851.2002 0.37223035
2855.2502 0.36624867
2859.3002 0.35937041
2863.3502 0.36407629
2867.4002 0.36337391
2871.4502 0.35304731
2875.5002 0.35633022
2879.5502 0.36224926
2883.6002 0.36483997
2887.6502 0.35812184
2891.7002 0.36485237
2895.7502 0.37411880
2899.8002 0.36727536
2903.8502 0.37544662
2907.9002 0.36486065
2911.9502 0.36589712
2916.0002 0.36065242
2920.0502 0.36547524
2924.1002 0.36779711
2928.1502 0.36073312
2932.2002 0.37090158
2936.2502 0.36482629
2940.3002 0.36175752
2944.3502 0.36510137
2948.4002 0.35735935
2952.4502 0.36143899
2956.5002 0.35872412
2960.5502 0.36126819
2964.6002 0.36381245
2968.6502 0.35909453
2972.7002 0.35617089
2976.7502 0.35532799
2980.8002 0.35384580
2984.8502 0.35185128
2988.9002 0.35223830
2992.9502 0.35731429
2997.0002 0.35694751
3001.0502 0.35676020
3005.1002 0.35008004
3009.1502 0.35155299
3013.2002 0.36649579
3017.2502 0.41328955
3021.3002 0.42953512
3025.3502 0.36318475
3029.4002 0.35047844
3033.4502 0.35057276
3037.5002 0.34656873
3041.5502 0.35917896
3045.6002 0.34930068
3049.6502 0.34179395
3053.7002 0.34432167
3057.7502 0.34058702
3061.8002 0.33625853
3065.8502 0.33288783
3069.9002 0.32893157
3073.9502 0.31121317
3078.0002 0.31641313
3082.0502 0.31063053
3086.1002 0.32435301
3090.1502 0.32373074
3094.2002 0.32041705
3098.2502 0.31738368
3102.3002 0.31519321
3106.3502 0.32341000
3110.4002 0.31695759
3114.4502 0.32241488
3118.5002 0.32748145
3122.5502 0.33304968
3126.6002 0.34646052
3130.6502 0.37309170
3134.7002 0.38883910
3138.7502 0.34963864
3142.8002 0.32689741
3146.8502 0.33877468
3150.9002 0.34165278
3154.9502 0.32398999
3159.0002 0.31721598
3163.0502 0.31783679
3167.1002 0.31240791
3171.1502 0.31071302
3175.2002 0.30509496
3179.2502 0.29640767
3183.3002 0.28675115
3187.3502 0.28489318
3191.4002 0.29370663
3195.4502 0.30261743
3199.5002 0.30363610
3203.5502 0.30718037
3207.6002 0.31490618
3211.6502 0.31532139
3215.7002 0.31353086
3219.7502 0.30323696
3223.8002 0.30466190
3227.8502 0.30322269
3231.9002 0.29078448
3235.9502 0.29463875
3240.0002 0.28490067
3244.0502 0.28505373
3248.1002 0.28025433
3252.1502 0.28649637
3256.2002 0.29028100
3260.2502 0.28513303
3264.3002 0.27631140
3268.3502 0.27614948
3272.4002 0.27500230
3276.4502 0.27189478
3280.5 0.28029761
3284.55 0.27453926
3288.6 0.28172734
3292.65 0.28746691
3296.7 0.30513468
3300.75 0.30057636
3304.8 0.29895252
3308.85 0.31231111
3312.9 0.31683442
3316.95 0.32804427
3321.0 0.34899798
3325.05 0.33894813
3329.1 0.32216221
3333.15 0.32070711
3337.2 0.30651674
3341.25 0.29899806
3345.3 0.29602829
3349.35 0.29121304
3353.4 0.28163093
3357.45 0.27092567
3361.5 0.26790068
3365.55 0.26928267
3369.6 0.27686483
3373.65 0.27477372
3377.7 0.27311978
3381.75 0.27926874
3385.8 0.26975644
3389.85 0.26647237
3393.9 0.27150437
3397.95 0.26541194
3402.0 0.26267010
3406.05 0.26237708
3410.1 0.26208457
3414.15 0.26339924
3418.2 0.26569226
3422.25 0.26459303
3426.3 0.26372248
3430.35 0.27858600
3434.4 0.27702850
3438.45 0.28136992
3442.5 0.27647367
3446.55 0.26992968
3450.6 0.26572335
3454.65 0.27775240
3458.7 0.27769938
3462.75 0.27583325
3466.8 0.28870666
3470.85 0.28116342
3474.9 0.29038113
3478.95 0.30631849
3483.0 0.30115905
3487.05 0.30745777
3491.1 0.31323081
3495.15 0.32619470
3499.2 0.34703079
3503.25 0.35101640
3507.3 0.37061125
3511.35 0.40132225
3515.4 0.41637921
3519.45 0.41834018
3523.5 0.38916451
3527.55 0.38238874
3531.6 0.37872809
3535.65 0.36051238
3539.7 0.34435302
3543.75 0.31550449
3547.8 0.30906051
3551.85 0.29689273
3555.9 0.29102734
3559.95 0.29853812
3564.0 0.29052559
3568.05 0.28570989
3572.1 0.28612757
3576.15 0.27956474
3580.2 0.27771559
3584.25 0.27639183
3588.3 0.25944412
3592.35 0.26844040
3596.4 0.26717985
3600.45 0.27410874
3604.5 0.26828289
3608.55 0.26722544
3612.6 0.27938172
3616.65 0.28354186
3620.7 0.29436895
3624.75 0.29022956
3628.8 0.28814101
3632.85 0.27744848
3636.9 0.29284763
3640.95 0.29362229
3645.0 0.29555345
3649.05 0.29355463
3653.1 0.30472863
3657.15 0.31783682
3661.2 0.31567961
3665.25 0.30285826
3669.3 0.29581690
3673.35 0.28876457
3677.4 0.29089054
3681.45 0.31242192
3685.5 0.30405092
3689.55 0.30045798
3693.6 0.31222251
3697.65 0.30971956
3701.7 0.28693500
3705.75 0.30251482
3709.8 0.31465411
3713.85 0.30123296
3717.9 0.29559463
3721.95 0.30037147
3726.0 0.28926128
3730.05 0.28262839
3734.1 0.28365055
3738.15 0.29278970
3742.2 0.30351943
3746.25 0.30343974
3750.3 0.29747668
3754.35 0.30127662
3758.4 0.29239222
3762.45 0.29734552
3766.5 0.28844401
3770.55 0.30365628
3774.6 0.28588700
3778.65 0.29525524
3782.7 0.28304327
3786.75 0.28577232
3790.8 0.28807196
3794.85 0.29764366
3798.9 0.27154878
3802.95 0.27104104
3807.0 0.25489494
3811.05 0.25174358
3815.1 0.24828881
3819.15 0.25442585
3823.2 0.25365943
3827.25 0.25296682
3831.3 0.24849260
3835.35 0.25232303
3839.4 0.25498170
3843.45 0.24968934
3847.5 0.24137247
3851.55 0.24358131
3855.6 0.24463092
3859.65 0.24341205
3863.7 0.24726111
3867.75 0.25045982
3871.8 0.25503463
3875.85 0.25412852
3879.9 0.25218600
3883.95 0.25715211
3888.0 0.26459104
3892.05 0.26482129
3896.1 0.26731285
3900.15 0.27738297
3904.2 0.29379794
3908.25 0.29523566
3912.3 0.31739563
3916.35 0.32039344
3920.4 0.33117995
3924.45 0.35600024
3928.5 0.37073529
3932.55 0.41486847
3936.6 0.45262545
3940.65 0.43841594
3944.7 0.40903160
3948.75 0.37992525
3952.8 0.35947520
3956.85 0.34167919
3960.9 0.31918943
3964.95 0.31356284
3969.0 0.31052291
3973.05 0.29977936
3977.1 0.28312621
3981.15 0.29163679
3985.2 0.28218606
3989.25 0.27791923
3993.3 0.27328545
3997.35 0.26598832
4001.4 0.26314351
4005.45 0.27004480
4009.5 0.27015924
4013.55 0.31885430
4017.6 0.34862953
4021.65 0.29147944
4025.7 0.25892836
4029.75 0.25212765
4033.8 0.25006402
4037.85 0.24396552
4041.9 0.25988510
4045.95 0.28397918
4050.0 0.34517655
4054.05 0.48639759
4058.1 0.48536828
4062.15 0.32645491
4066.2 0.27487805
4070.25 0.25846916
4074.3 0.25142008
4078.35 0.24553895
4082.4 0.24087030
4086.45 0.24107327
4090.5 0.23941295
4094.55 0.23979720
4098.6 0.23951611
4102.65 0.23565021
4106.7 0.23307225
4110.75 0.23311082
4114.8 0.22423688
4118.85 0.21966565
4122.9 0.22936031
4126.95 0.22733957
4131.0 0.23020598
4135.05 0.22096595
4139.1 0.22281015
4143.15 0.21973969
4147.2 0.22745070
4151.2504 0.22349516
4155.3004 0.21777800
4159.3504 0.22281110
4163.4004 0.22146213
4167.4504 0.22825046
4171.5004 0.22947717
4175.5504 0.23871626
4179.6004 0.24392308
4183.6504 0.24053295
4187.7004 0.23362325
4191.7504 0.24394637
4195.8004 0.23389697
4199.8504 0.22814026
4203.9004 0.22863868
4207.9504 0.24158452
4212.0004 0.23711282
4216.0504 0.22466743
4220.1004 0.22765699
4224.1504 0.22979392
4228.2004 0.23369615
4232.2504 0.22994846
4236.3004 0.23217404
4240.3504 0.23130555
4244.4004 0.23262243
4248.4504 0.22417356
4252.5004 0.22801389
4256.5504 0.23545872
4260.6004 0.22418188
4264.6504 0.23055729
4268.7004 0.23152946
4272.7504 0.22987241
4276.8004 0.23024230
4280.8504 0.23194298
4284.9004 0.23047000
4288.9504 0.23937416
4293.0004 0.22855212
4297.0504 0.22378330
4301.1004 0.24475315
4305.1504 0.22850551
4309.2004 0.23917520
4313.2504 0.23317105
4317.3004 0.22626485
4321.3504 0.22309741
4325.4004 0.22059768
4329.4504 0.22724266
4333.5004 0.21539697
4337.5504 0.21733473
4341.6004 0.21958169
4345.6504 0.21723589
4349.7004 0.20706666
4353.7504 0.21089332
4357.8004 0.21601020
4361.8504 0.21558349
4365.9004 0.20905672
4369.9504 0.20985396
4374.0004 0.20811635
4378.0504 0.20411466
4382.1004 0.20821558
4386.1504 0.21247691
4390.2004 0.21107294
4394.2504 0.20594570
4398.3004 0.20297657
4402.3504 0.19997250
4406.4004 0.20693471
4410.4504 0.19954376
4414.5004 0.21305437
4418.5504 0.20084421
4422.6004 0.20178145
4426.6504 0.19868991
4430.7004 0.19847718
4434.7504 0.19826479
4438.8004 0.19805264
4442.8504 0.20260799
4446.9004 0.20351100
4450.9504 0.20821247
4455.0004 0.20315331
4459.0504 0.20378068
4463.1004 0.19678614
4467.1504 0.19657604
4471.2004 0.20219356
4475.2504 0.20819747
4479.3004 0.20470002
4483.3504 0.19972630
4487.4004 0.20760757
4491.4504 0.21095708
4495.5004 0.20039651
4499.5504 0.20268825
4503.6004 0.19469880
4507.6504 0.19449168
4511.7004 0.19842620
4515.7504 0.19517802
4519.8004 0.21339776
4523.8504 0.20374946
4527.9004 0.19821873
4531.9504 0.22133693
4536.0004 0.21842596
4540.0504 0.20859273
4544.1004 0.20481251
4548.1504 0.19556361
4552.2004 0.19532499
4556.2504 0.19202876
4560.3004 0.19834372
4564.3504 0.19162229
4568.4004 0.19258338
4572.4504 0.19121699
4576.5004 0.19280432
4580.5504 0.19081278
4584.6004 0.19190368
4588.6504 0.19122991
4592.7004 0.19020864
4596.7504 0.19686413
4600.8004 0.19398467
4604.8504 0.18960717
4608.9004 0.18940717
4612.9504 0.18920754
4617.0004 0.18900812
4621.0504 0.18880902
4625.1004 0.18861024
4629.1504 0.18841167
4633.2004 0.19232608
4637.2504 0.18801542
4641.3004 0.18836291
4645.3504 0.18762027
4649.4004 0.18850534
4653.4504 0.18728916
4657.5004 0.18702960
4661.5504 0.18888430
4665.6004 0.19156037
4669.6504 0.19251749
4673.7004 0.19076636
4677.7504 0.19048458
4681.8004 0.18997896
4685.8504 0.18740074
4689.9004 0.18898861
4693.9504 0.18779583
4698.0004 0.18747634
4702.0504 0.19169451
4706.1004 0.20013870
4710.1504 0.19036335
4714.2004 0.19701080
4718.2504 0.19324636
4722.3004 0.19926737
4726.3504 0.19464207
4730.4004 0.20100401
4734.4504 0.19784170
4738.5004 0.19878905
4742.5504 0.20461817
4746.6004 0.19970292
4750.6504 0.20356601
4754.7004 0.21033072
4758.7504 0.22651246
4762.8004 0.22138357
4766.8504 0.21716298
4770.9004 0.21839529
4774.9504 0.19919240
4779.0004 0.19590144
4783.0504 0.20507257
4787.1004 0.20149304
4791.1504 0.19452617
4795.2004 0.19562931
4799.2504 0.19675325
4803.3004 0.19705874
4807.3504 0.19363570
4811.4004 0.19750558
4815.4504 0.20161565
4819.5004 0.18925728
4823.5504 0.19132604
4827.6004 0.19005691
4831.6504 0.19620301
4835.7004 0.18514353
4839.7504 0.18717654
4843.8004 0.18671566
4847.8504 0.18609537
4851.9004 0.18748225
4855.9504 0.18715948
4860.0004 0.18675113
4864.0504 0.18849318
4868.1004 0.18549547
4872.1504 0.18399961
4876.2004 0.18082015
4880.2504 0.18072161
4884.3004 0.17782392
4888.3504 0.18132815
4892.4004 0.18177046
4896.4504 0.18391435
4900.5004 0.18545566
4904.5504 0.17843947
4908.6004 0.18232502
4912.6504 0.18785292
4916.7004 0.18571424
4920.7504 0.18761815
4924.8004 0.19109441
4928.8504 0.18801692
4932.9004 0.18946451
4936.9504 0.18577167
4941.0004 0.19516431
4945.0504 0.17950331
4949.1004 0.17358454
4953.1504 0.17626700
4957.2004 0.17396306
4961.2504 0.17495504
4965.3004 0.17525037
4969.3504 0.17874572
4973.4004 0.18210515
4977.4504 0.17388771
4981.5004 0.17882936
4985.5504 0.18372108
4989.6004 0.17700455
4993.6504 0.17410284
4997.7004 0.17147473
5001.7504 0.17130055
5005.8004 0.17207669
5009.8504 0.18228833
5013.9004 0.17372790
5017.9504 0.17480366
5022.0004 0.17043337
5026.0504 0.17091098
5030.1004 0.17081380
5034.1504 0.17364213
5038.2004 0.17194009
5042.2504 0.17591234
5046.3004 0.17655392
5050.3504 0.17259674
5054.4004 0.17145939
5058.4504 0.17125204
5062.5004 0.17624241
5066.5504 0.17519274
5070.6004 0.17154448
5074.6504 0.17034855
5078.7004 0.16908552
5082.7504 0.16831857
5086.8004 0.16976188
5090.8504 0.17129487
5094.9004 0.17700507
5098.9504 0.17948973
5103.0004 0.18293855
5107.0504 0.18880925
5111.1004 0.18131311
5115.1504 0.17247821
5119.2004 0.17309189
5123.2504 0.17135413
5127.3004 0.16873115
5131.3504 0.17141297
5135.4004 0.17656492
5139.4504 0.17847459
5143.5004 0.17297079
5147.5504 0.17436951
5151.6004 0.17702945
5155.6504 0.18027887
5159.7004 0.18306692
5163.7504 0.17409709
5167.8004 0.17587200
5171.8504 0.17918769
5175.9004 0.17977509
5179.9504 0.17600372
5184.0004 0.17574167
5188.0504 0.17840229
5192.1004 0.17829001
5196.1504 0.17639749
5200.2004 0.18078125
5204.2504 0.17898123
5208.3004 0.18155965
5212.3504 0.18595789
5216.4004 0.18341236
5220.4504 0.18880518
5224.5004 0.18583295
5228.5504 0.19850875
5232.6004 0.20003207
5236.6504 0.20532486
5240.7004 0.21116124
5244.7504 0.21036182
5248.8004 0.21471705
5252.8504 0.22682206
5256.9004 0.22814079
5260.9504 0.23814249
5265.0004 0.24920811
5269.0504 0.26457107
5273.1004 0.28235787
5277.1504 0.30381697
5281.2004 0.33336255
5285.2504 0.37026492
5289.3004 0.41543290
5293.3504 0.46866193
5297.4004 0.54961574
5301.4504 0.64592367
5305.5004 0.76724672
5309.5504 0.88965541
5313.6004 1.0467622
5317.6504 1.0760031
5321.7004 0.92039812
5325.7504 0.76624477
5329.8004 0.69729406
5333.8504 0.65691847
5337.9004 0.56901759
5341.9504 0.48015058
5346.0004 0.43266642
5350.0504 0.39474428
5354.1004 0.36006287
5358.1504 0.33364278
5362.2004 0.31750506
5366.2504 0.29734573
5370.3004 0.27691248
5374.3504 0.25993803
5378.4004 0.24287814
5382.4504 0.22829305
5386.5004 0.22371528
5390.5504 0.21917009
5394.6004 0.20819741
5398.6504 0.20690121
5402.7004 0.20306653
5406.7504 0.20334302
5410.8004 0.20697215
5414.8504 0.20643891
5418.9004 0.20218579
5422.9504 0.19567284
5427.0004 0.20549066
5431.0504 0.21081777
5435.1004 0.21515909
5439.1504 0.23699294
5443.2004 0.23581833
5447.2504 0.21989085
5451.3004 0.22215326
5455.3504 0.22488508
5459.4004 0.21847098
5463.4504 0.20166638
5467.5004 0.18530189
5471.5504 0.18352227
5475.6004 0.17891291
5479.6504 0.17352109
5483.7004 0.17247269
5487.7504 0.16770044
5491.8004 0.16034791
5495.8504 0.15949155
5499.9004 0.16030866
5503.9504 0.16006151
5508.0004 0.15263315
5512.0504 0.15123726
5516.1004 0.15109254
5520.1504 0.15596320
5524.2004 0.16213749
5528.2504 0.15574796
5532.3004 0.15351483
5536.3504 0.15309702
5540.4004 0.15022595
5544.4504 0.15008231
5548.5004 0.14993890
5552.5504 0.16009417
5556.6004 0.15402639
5560.6504 0.15515648
5564.7004 0.14936724
5568.7504 0.14922483
5572.8004 0.15197147
5576.8504 0.15687104
5580.9004 0.15567614
5584.9504 0.15204066
5589.0004 0.15360148
5593.0504 0.15376678
5597.1004 0.15265085
5601.1504 0.14809312
5605.2004 0.14795257
5609.2504 0.14781222
5613.3004 0.14903992
5617.3504 0.14753217
5621.4004 0.14739242
5625.4504 0.14725292
5629.5004 0.15076092
5633.5504 0.14697447
5637.6004 0.14683557
5641.6504 0.14669685
5645.7004 0.14874156
5649.7504 0.14642002
5653.8004 0.14628191
5657.8504 0.14614402
5661.9004 0.14600630
5665.9504 0.14997469
5670.0004 0.14660664
5674.0504 0.15471539
5678.1004 0.14655828
5682.1504 0.14657977
5686.2004 0.14518429
5690.2504 0.14504799
5694.3004 0.15542829
5698.3504 0.16129823
5702.4004 0.15572660
5706.4504 0.16733435
5710.5004 0.15474901
5714.5504 0.17415713
5718.6004 0.16397023
5722.6504 0.15153810
5726.7004 0.16868080
5730.7504 0.15716380
5734.8004 0.15330356
5738.8504 0.15460975
5742.9004 0.14974931
5746.9504 0.14765882
5751.0004 0.14302716
5755.0504 0.14289401
5759.1004 0.14497016
5763.1504 0.15043049
5767.2004 0.14249571
5771.2504 0.14236335
5775.3004 0.14223121
5779.3504 0.14209923
5783.4004 0.15630654
5787.4504 0.14521587
5791.5004 0.14170444
5795.5504 0.14157325
5799.6004 0.14398478
5803.6504 0.14303480
5807.7004 0.14118072
5811.7504 0.14105037
5815.8004 0.14507583
5819.8504 0.14959952
5823.9004 0.15791121
5827.9504 0.14053048
5832.0004 0.15549958
5836.0504 0.14067705
5840.1004 0.14732537
5844.1504 0.14001371
5848.2004 0.14951313
5852.2504 0.14560480
5856.3004 0.14533040
5860.3504 0.14823851
5864.4004 0.15517348
5868.4504 0.14785312
5872.5004 0.13911669
5876.5504 0.14851157
5880.6004 0.16443717
5884.6504 0.13873509
5888.7004 0.13860826
5892.7504 0.13887966
5896.8004 0.13835515
5900.8504 0.13822889
5904.9004 0.13810278
5908.9504 0.15164518
5913.0004 0.14773950
5917.0504 0.13772570
5921.1004 0.13760038
5925.1504 0.14499894
5929.2004 0.15518764
5933.2504 0.13722548
5937.3004 0.13839325
5941.3504 0.16918068
5945.4004 0.14550862
5949.4504 0.14427069
5953.5004 0.13660437
5957.5504 0.15524498
5961.6004 0.16594063
5965.6504 0.15853485
5969.7004 0.17439634
5973.7504 0.17075428
5977.8004 0.17997697
5981.8504 0.15644982
5985.9004 0.16235402
5989.9504 0.19997369
5994.0004 0.17937729
5998.0504 0.17216182
