300.0 0.0
435.0 0.0000000
439.35 0.0000000
443.7 0.0000000
448.05 0.0000000
452.4 0.0000000
456.75 0.0000000
461.1 0.0000000
465.45 0.0000000
469.8 0.0000000
474.15 0.0000000
478.5 0.0000000
482.85 0.0000000
487.2 0.0000000
491.55 0.0000000
495.9 0.0000000
500.25 0.0000000
504.6 0.0000000
508.95 0.0000000
513.3 0.0000000
517.65 0.0000000
522.0 0.0000000
526.35 0.0000000
530.7 0.0000000
535.05 0.0000000
539.4 0.0000000
543.75 0.0000000
548.1 0.0000000
552.45 0.0000000
556.8 0.0000000
561.15 0.0000000
565.5 0.0000000
569.85 0.0000000
574.2 0.0000000
578.55 0.0000000
582.9 0.0000000
587.25 0.0000000
591.6 0.0000000
595.95 0.0000000
600.3 0.0000000
604.65 0.0000000
609.0 0.0000000
613.35 0.0000000
617.7 0.0000000
622.05 0.0000000
626.4 0.0000000
630.75 0.0000000
635.1 0.0000000
639.45 0.0000000
643.8 0.0000000
648.15 0.0000000
652.5 0.0000000
656.85 0.0000000
661.2 0.0000000
665.55 0.0000000
669.9 0.0000000
674.25 0.0000000
678.6 0.0000000
682.95 0.0000000
687.3 0.0000000
691.65 0.0000000
696.0 0.0000000
700.35 0.0000000
704.7 0.0000000
709.05 0.0000000
713.4 0.0000000
717.75 0.0000000
722.1 0.0000000
726.45 0.0000000
730.8 0.0000000
735.15 0.0000000
739.5 0.0000000
743.85 0.0000000
748.2 0.0000000
752.55 0.0000000
756.9 0.0000000
761.25 0.0000000
765.6 0.0000000
769.95 0.0000000
774.3 0.0000000
778.65 0.0000000
783.0 0.0000000
787.35 0.0000000
791.7 0.0000000
796.05 1.73587541E-05
800.4 1.10912652E-05
804.75 7.00572309E-06
809.1 4.35946822E-06
813.45 2.66684265E-06
817.8 1.60282116E-06
822.15 9.46048829E-07
826.5 5.48049400E-07
830.85 3.11421758E-07
835.2 1.73515147E-07
839.55 9.47137053E-08
843.9 5.06258573E-08
848.25 7.45455736E-06
852.6 4.75464140E-06
856.95 2.98712371E-06
861.3 1.84719977E-06
865.65 1.12362932E-06
870.0 7.37541711E-07
874.35 4.54582164E-07
878.7 2.62592494E-07
883.05 1.60538960E-07
887.4 9.84119879E-08
891.75 6.01569496E-08
896.1 1.58383918E-03
900.45 1.28732470E-03
904.8 8.64736619E-04
909.15 5.67253039E-04
913.5 4.15700604E-04
917.85 3.13405122E-04
922.2 2.41426591E-04
926.55 1.86787714E-04
930.9 1.37376817E-04
935.25 9.27987712E-05
939.6 6.93949478E-05
943.95 4.55663285E-05
948.3 3.01333675E-05
952.65 2.00548511E-05
957.0 1.37677289E-05
961.35 9.85040970E-06
965.7 6.58798808E-06
970.05 4.63548668E-06
974.4 3.25422025E-06
978.75 2.13221415E-06
983.1 1.26589293E-06
987.45 8.05907860E-07
991.8 4.77389221E-07
996.15 3.08611703E-07
1000.5 1.92975278E-07
1004.85 1.15742367E-07
1009.2 7.04670313E-08
1013.55 4.16525410E-08
1017.9 2.46626968E-08
1022.25 1.78204580E-08
1026.6 1.53783564E-08
1030.95 1.51292667E-08
1035.3 1.56939226E-08
1039.65 1.78988806E-08
1044.0 2.15805702E-08
1048.35 2.68655302E-08
1052.7 3.45805908E-08
1057.05 4.87408585E-08
1061.4 2.6535940
1065.75 2.1487586
1070.1 2.0064936
1074.45 2.0079484
1078.8 1.8831085
1083.15 1.5092299
1087.5 1.3045278
1091.85 1.2281741
1096.2 1.1766088
1100.55 1.1013954
1104.9 1.0067803
1109.25 0.94423676
1113.6 0.92341822
1117.95 0.92681599
1122.3 0.94277346
1126.65 0.95010829
1131.0 1.0229529
1135.35 1.0400103
1139.7 0.99626231
1144.05 0.90871167
1148.4 0.91545743
1152.75 0.90800548
1157.1 0.93062121
1161.45 0.94749093
1165.8 0.93675876
1170.15 0.90387690
1174.5 0.89265352
1178.85 0.92181110
1183.2 0.91688389
1187.55 0.93297946
1191.9 0.92170572
1196.25 0.94404840
1200.6 0.99885255
1204.95 1.0557638
1209.3 1.1342303
1213.65 1.1561252
1218.0 1.1735158
1222.35 1.0680325
1226.7 0.99803144
1231.05 0.94614917
1235.4 0.92395961
1239.75 0.92056412
1244.1 0.87966484
1248.45 0.86920327
1252.8 0.86468565
1257.15 0.85891616
1261.5 0.87498224
1265.85 0.86722428
1270.2 0.84937954
1274.55 0.87548816
1278.9 0.86097103
1283.25 0.87501210
1287.6 0.89655393
1291.95 0.91040957
1296.3 0.93318468
1300.65 0.93243140
1305.0 0.96261054
1309.35 0.98454851
1313.7 1.0091183
1318.05 1.0478930
1322.4 1.1266648
1326.75 1.2320026
1331.1 1.3528681
1335.45 1.5063481
1339.8 1.6969967
1344.15 1.8102670
1348.5 1.6439227
1352.85 1.3952121
1357.2 1.2062056
1361.55 1.1075842
1365.9 1.0580977
1370.25 1.0298194
1374.6 0.98142165
1378.95 0.97820240
1383.3 0.94901854
1387.65 0.96789658
1392.0 0.97065365
1396.35 0.96738809
1400.7 0.97806185
1405.05 0.96592414
1409.4 0.98056817
1413.75 0.99420804
1418.1 0.99583894
1422.45 1.0172455
1426.8 0.97795784
1431.15 0.97128236
1435.5 0.95863581
1439.85 0.97430170
1444.2 0.97865176
1448.55 0.96467716
1452.9 0.91584456
1457.25 0.88628381
1461.6 0.87383348
1465.95 0.85774666
1470.3 0.85917646
1474.65 0.85688680
1479.0 0.85528243
1483.35 0.86879289
1487.7 0.86609447
1492.05 0.88001543
1496.4 0.88412946
1500.75 0.88254905
1505.1 0.87243909
1509.45 0.88351369
1513.8 0.88749695
1518.15 0.91156918
1522.5 0.89696193
1526.85 0.88257444
1531.2 0.84381217
1535.55 0.85657769
1539.9 0.86060184
1544.25 0.84928399
1548.6 0.87814254
1552.95 0.88664085
1557.3 0.86348969
1561.65 0.84894240
1566.0 0.85023755
1570.35 0.85041994
1574.7 0.85021269
1579.05 0.86121672
1583.4 0.84635210
1587.75 0.84386736
1592.1 0.85485554
1596.45 0.85408813
1600.8 0.87544775
1605.15 0.87188911
1609.5 0.92848855
1613.85 0.92553777
1618.2 0.93520337
1622.55 0.92129254
1626.9 0.92355496
1631.25 0.93230504
1635.6 0.97404253
1639.95 1.0483506
1644.3 1.1159186
1648.65 1.1710653
1653.0 1.1923475
1657.35 1.2553372
1661.7 1.2009192
1666.05 1.0983666
1670.4 1.0049689
1674.75 0.94302040
1679.1 0.91416860
1683.45 0.88478166
1687.8 0.85716069
1692.15 0.83602470
1696.5 0.83014369
1700.85 0.79925334
1705.2 0.78701460
1709.55 0.78112090
1713.9 0.78902185
1718.25 0.79267716
1722.6 0.77470708
1726.95 0.77817434
1731.3 0.78257871
1735.65 0.78940588
1740.0 0.77013195
1744.35 0.77881235
1748.7 0.79727572
1753.05 0.75440121
1757.4 0.77464479
1761.75 0.77990061
1766.1 0.77473050
1770.45 0.78163183
1774.8 0.76953709
1779.15 0.75962925
1783.5 0.78102010
1787.85 0.81290859
1792.2 0.79711366
1796.55 0.81745094
1800.9 0.81088877
1805.25 0.81338006
1809.6 0.80911183
1813.95 0.81983244
1818.3 0.81779355
1822.65 0.81604797
1827.0 0.79032797
1831.35 0.77784526
1835.7 0.78827971
1840.05 0.79984891
1844.4 0.76636952
1848.75 0.80372572
1853.1 0.77611363
1857.45 0.79499853
1861.8 0.78807163
1866.15 0.80444127
1870.5 0.76676756
1874.85 0.77842736
1879.2 0.77799642
1883.55 0.79189837
1887.9 0.75299996
1892.25 0.76211393
1896.6 0.77690595
1900.95 0.74266142
1905.3 0.75674838
1909.65 0.73414034
1914.0 0.71394783
1918.35 0.71331030
1922.7 0.71267003
1927.05 0.71744996
1931.4 0.72190070
1935.75 0.72306240
1940.1 0.71305126
1944.45 0.70942467
1948.8 0.70876706
1953.15 0.70810729
1957.5 0.71701133
1961.85 0.71578848
1966.2 0.72628361
1970.55 0.73061109
1974.9 0.73026597
1979.25 0.73551917
1983.6 0.74223101
1987.95 0.75558847
1992.3 0.77245110
1996.65 0.76635784
2001.0 0.78651500
2005.35 0.79544312
2009.7 0.80202043
2014.05 0.80635977
2018.4 0.81198233
2022.75 0.82206476
2027.1 0.82611573
2031.45 0.81483442
2035.8 0.80752319
2040.15 0.78932017
2044.5 0.78720975
2048.85 0.77187717
2053.2 0.78299630
2057.55 0.77322066
2061.9 0.76808387
2066.25 0.77005672
2070.6 0.76514089
2074.95 0.76677358
2079.3 0.76828998
2083.65 0.77692848
2088.0 0.79494178
2092.35 0.78258336
2096.7 0.81053454
2101.05 0.83034110
2105.4 0.85471833
2109.75 0.85195941
2114.1 0.82754755
2118.45 0.82317585
2122.8 0.82556438
2127.15 0.80658168
2131.5 0.79133636
2135.85 0.78663170
2140.2 0.78334367
2144.55 0.79811877
2148.9 0.81413436
2153.25 0.81713116
2157.6 0.81161880
2161.95 0.81346315
2166.3 0.80815077
2170.65 0.81204218
2175.0 0.80358720
2179.35 0.80005896
2183.7 0.80080462
2188.05 0.79693580
2192.4 0.78670466
2196.75 0.77517706
2201.1 0.78225803
2205.45 0.78469813
2209.8 0.78489363
2214.15 0.77715969
2218.5 0.77098203
2222.85 0.76882291
2227.2 0.76486558
2231.55 0.76177001
2235.9 0.75512010
2240.25 0.74482012
2244.6 0.74847400
2248.95 0.74842560
2253.3 0.74003834
2257.65 0.72057366
2262.0 0.73898977
2266.35 0.74216408
2270.7 0.73755473
2275.05 0.73742986
2279.4 0.74366975
2283.75 0.72983229
2288.1 0.72998786
2292.45 0.71564311
2296.8 0.70434499
2301.15 0.67673111
2305.5 0.67352581
2309.85 0.67231196
2314.2 0.66564834
2318.55 0.68365645
2322.9 0.69353390
2327.25 0.69494700
2331.6 0.67996937
2335.95 0.68683916
2340.3 0.68977392
2344.65 0.69898206
2349.0 0.69901168
2353.35 0.71512514
2357.7 0.73582667
2362.05 0.74221998
2366.4 0.73263341
2370.75 0.75500184
2375.1 0.76499712
2379.45 0.76419210
2383.8 0.76806813
2388.15 0.79908901
2392.5 0.81863683
2396.85 0.81434143
2401.2 0.82977402
2405.55 0.81082904
2409.9 0.83105439
2414.25 0.85946679
2418.6 0.93102324
2422.95 1.0148696
2427.3 1.1452401
2431.65 1.2781670
2436.0 1.3189082
2440.35 1.2517862
2444.7 1.1086446
2449.05 0.98625743
2453.4 0.91024375
2457.75 0.87262952
2462.1 0.84297895
2466.45 0.82002062
2470.8 0.80193627
2475.15 0.78459120
2479.5 0.77898222
2483.85 0.76316363
2488.2 0.74944758
2492.55 0.73377925
2496.9 0.72489631
2501.25 0.72261500
2505.6 0.70185262
2509.95 0.70312524
2514.3 0.68557096
2518.65 0.68102062
2523.0 0.68018770
2527.35 0.65205312
2531.7 0.66175461
2536.05 0.66124719
2540.4 0.67087477
2544.75 0.68920606
2549.1 0.69559354
2553.45 0.69790494
2557.8 0.69727671
2562.15 0.70206189
2566.5 0.69242615
2570.85 0.69408286
2575.2 0.70323008
2579.55 0.69280154
2583.9 0.69509882
2588.25 0.68257266
2592.6 0.68664122
2596.95 0.67004889
2601.3 0.65874177
2605.65 0.64689857
2610.0 0.64100420
2614.35 0.62560910
2618.7 0.61925811
2623.05 0.60229087
2627.4 0.59064192
2631.75 0.58823496
2636.1 0.59378606
2640.45 0.58602744
2644.8 0.59853715
2649.15 0.60165727
2653.5 0.60354578
2657.85 0.60346115
2662.2 0.60396582
2666.55 0.61593181
2670.9 0.60954386
2675.25 0.62156826
2679.6 0.62087387
2683.95 0.61841381
2688.3 0.61167377
2692.65 0.61789405
2697.0 0.61352730
2701.35 0.62658727
2705.7 0.64246225
2710.05 0.64417148
2714.4 0.66992491
2718.75 0.67533487
2723.1 0.67503965
2727.45 0.66578096
2731.8 0.66513252
2736.15 0.64062613
2740.5 0.65482152
2744.85 0.64837319
2749.2 0.64714521
2753.55 0.65523130
2757.9 0.67249769
2762.25 0.67313796
2766.6 0.68154860
2770.95 0.68578565
2775.3 0.69109172
2779.65 0.68429047
2784.0 0.68758649
2788.35 0.67733705
2792.7 0.68496239
2797.05 0.67648578
2801.4 0.65637845
2805.75 0.65662915
2810.1 0.66467494
2814.45 0.64714110
2818.8 0.64612412
2823.15 0.64658737
2827.5 0.64617968
2831.85 0.65641230
2836.2 0.65349633
2840.55 0.64239138
2844.9 0.64110297
2849.25 0.65397543
2853.6 0.65270805
2857.95 0.64821923
2862.3 0.66005945
2866.65 0.64135516
2871.0 0.63337547
2875.35 0.62485057
2879.7 0.61879069
2884.05 0.61410058
2888.4 0.60140622
2892.75 0.59898818
2897.1 0.60601306
2901.45 0.61136162
2905.8 0.61918390
2910.15 0.63846731
2914.5 0.61670882
2918.85 0.60808474
2923.2 0.60428828
2927.55 0.60137898
2931.9 0.59434235
2936.25 0.60840333
2940.6 0.60615146
2944.95 0.61040765
2949.3 0.60467362
2953.65 0.60650551
2958.0 0.60680842
2962.35 0.62065881
2966.7 0.62426454
2971.05 0.63479215
2975.4 0.65535086
2979.75 0.68197358
2984.1 0.64974797
2988.45 0.62498528
2992.8 0.62849754
2997.15 0.61878347
3001.5 0.59614253
3005.85 0.60275614
3010.2 0.60442781
3014.55 0.58757424
3018.9 0.58353508
3023.25 0.57051218
3027.6 0.56237817
3031.95 0.57741135
3036.3 0.57572311
3040.65 0.56751376
3045.0 0.57856303
3049.35 0.56399822
3053.7 0.55486977
3058.05 0.55457866
3062.4 0.54518420
3066.75 0.53608942
3071.1 0.52569520
3075.45 0.53224951
3079.8 0.53089523
3084.15 0.51549065
3088.5 0.51996517
3092.85 0.52827966
3097.2 0.53173363
3101.55 0.52162552
3105.9 0.53110713
3110.25 0.54426712
3114.6 0.53398973
3118.95 0.54554248
3123.3 0.52984339
3127.65 0.53103191
3132.0 0.52310872
3136.35 0.52978951
3140.7 0.53284043
3145.05 0.52229857
3149.4 0.53670561
3153.75 0.52760535
3158.1 0.52286136
3162.45 0.52738726
3166.8 0.51590389
3171.15 0.52149141
3175.5 0.51727587
3179.85 0.52064425
3184.2 0.52401006
3188.55 0.51691872
3192.9 0.51241779
3197.25 0.51091444
3201.6 0.50849426
3205.95 0.50534236
3210.3 0.50561279
3214.65 0.51261073
3219.0 0.51179743
3223.35 0.51124287
3227.7 0.50139034
3232.05 0.50322032
3236.4 0.52431875
3240.75 0.59093648
3245.1 0.61382663
3249.45 0.51872355
3253.8 0.50030160
3258.15 0.50016272
3262.5 0.49418098
3266.85 0.51188380
3271.2 0.49753624
3275.55 0.48658097
3279.9 0.48991549
3284.25 0.48434141
3288.6 0.47792989
3292.95 0.47288638
3297.3 0.46701780
3301.65 0.44162643
3306.0 0.44876763
3310.35 0.44033387
3314.7 0.45954394
3319.05 0.45842147
3323.4 0.45349169
3327.75 0.44896400
3332.1 0.44563341
3336.45 0.45701331
3340.8 0.44766337
3345.15 0.45513627
3349.5 0.46205047
3353.85 0.46966553
3358.2 0.48832735
3362.55 0.52559489
3366.9 0.54750031
3371.25 0.49205470
3375.6 0.45981756
3379.95 0.47628379
3384.3 0.48008811
3388.65 0.45504013
3393.0 0.44530293
3397.35 0.44595194
3401.7 0.43811646
3406.05 0.43552321
3410.4 0.42743674
3414.75 0.41506061
3419.1 0.40134096
3423.45 0.39854464
3427.8 0.41067269
3432.15 0.42292550
3436.5 0.42414257
3440.85 0.42888483
3445.2 0.43945879
3449.55 0.43982559
3453.9 0.43711737
3458.25 0.42256281
3462.6 0.42434487
3466.95 0.42213836
3471.3 0.40462929
3475.65 0.40979767
3480.0 0.39606556
3484.35 0.39609092
3488.7 0.38923842
3493.05 0.39772081
3497.4 0.40278563
3501.75 0.39545736
3506.1 0.38304374
3510.45 0.38264105
3514.8 0.38087466
3519.15 0.37639657
3523.5 0.38784975
3527.85 0.37970704
3532.2 0.38946980
3536.55 0.39722261
3540.9 0.42144337
3545.25 0.41495830
3549.6 0.41252890
3553.95 0.43076739
3558.3 0.43680900
3562.65 0.45205978
3567.0 0.48071879
3571.35 0.46666637
3575.7 0.44335708
3580.05 0.44115758
3584.4 0.42145002
3588.75 0.41092974
3593.1 0.40666807
3597.45 0.39987659
3601.8 0.38654864
3606.15 0.37169203
3610.5 0.36738116
3614.85 0.36911500
3619.2 0.37934262
3623.55 0.37631387
3627.9 0.37388673
3632.25 0.38213900
3636.6 0.36896345
3640.95 0.36431485
3645.3 0.37103531
3649.65 0.36255425
3654.0 0.35865578
3658.35 0.35810316
3662.7 0.35755187
3667.05 0.35919321
3671.4 0.36216724
3675.75 0.36051661
3680.1 0.35917959
3684.45 0.37926406
3688.8 0.37698591
3693.15 0.38273415
3697.5 0.37591743
3701.85 0.36686721
3706.2 0.36100081
3710.55 0.37718725
3714.9 0.37695971
3719.25 0.37427288
3723.6 0.39157987
3727.95 0.38119280
3732.3 0.39352927
3736.65 0.41495907
3741.0 0.40780413
3745.35 0.41616493
3749.7 0.42380798
3754.05 0.44117051
3758.4 0.46916232
3762.75 0.47436038
3767.1 0.50064057
3771.45 0.54191029
3775.8 0.56201816
3780.15 0.56444103
3784.5 0.52486825
3788.85 0.51552606
3793.2 0.51038980
3797.55 0.48565063
3801.9 0.46370032
3806.25 0.42468730
3810.6 0.41585100
3814.95 0.39932343
3819.3 0.39128250
3823.65 0.40122533
3828.0 0.39030588
3832.35 0.38368836
3836.7 0.38410160
3841.05 0.37514767
3845.4 0.37252378
3849.75 0.37060666
3854.1 0.34774947
3858.45 0.35967115
3862.8 0.35784659
3867.15 0.36698803
3871.5 0.35905281
3875.85 0.35750306
3880.2 0.37362593
3884.55 0.37904754
3888.9 0.39337459
3893.25 0.38769859
3897.6 0.38476560
3901.95 0.37035012
3906.3 0.39076105
3910.65 0.39165023
3915.0 0.39408103
3919.35 0.39127216
3923.7 0.40601698
3928.05 0.42332742
3932.4 0.42030099
3936.75 0.40308377
3941.1 0.39356935
3945.45 0.38404757
3949.8 0.38673535
3954.15 0.41521147
3958.5 0.40394112
3962.85 0.39902467
3967.2 0.41450030
3971.55 0.41103071
3975.9 0.38065764
3980.25 0.40118381
3984.6 0.41713464
3988.95 0.39920115
3993.3 0.39159095
3997.65 0.39777914
4002.0 0.38293150
4006.35 0.37401974
4010.7 0.37524125
4015.05 0.38719648
4019.4 0.40124628
4023.75 0.40100175
4028.1 0.39298540
4032.45 0.39786789
4036.8 0.38600203
4041.15 0.39240626
4045.5 0.38052842
4049.85 0.40046009
4054.2 0.37689736
4058.55 0.38911539
4062.9 0.37289450
4067.25 0.37636223
4071.6 0.37926254
4075.95 0.39173195
4080.3 0.35726792
4084.65 0.35648012
4089.0 0.33513197
4093.35 0.33087790
4097.7 0.32622832
4102.05 0.33418059
4106.4 0.33306324
4110.75 0.33204374
4115.1 0.32606307
4119.45 0.33098000
4123.8 0.33435738
4128.15 0.32731003
4132.5 0.31630406
4136.85 0.31909430
4141.2 0.32036477
4145.55 0.31866488
4149.9 0.32359874
4154.25 0.32767886
4158.6 0.33355629
4162.95 0.33226401
4167.3 0.32961816
4171.65 0.33600122
4176.0 0.34561035
4180.35 0.34580052
4184.7 0.34894270
4189.05 0.36197275
4193.4 0.38327187
4197.75 0.38502544
4202.1 0.41379407
4206.45 0.41757065
4210.8 0.43149295
4215.15 0.46368560
4219.5 0.48272654
4223.85 0.54002261
4228.2 0.58898604
4232.55 0.57031816
4236.9 0.53192800
4241.25 0.49392340
4245.6 0.46719271
4249.95 0.44392720
4254.3 0.41457969
4258.65 0.40714651
4263.0 0.40307575
4267.35 0.38901109
4271.7 0.36728889
4276.05 0.37821421
4280.4 0.36584672
4284.75 0.36020565
4289.1 0.35409278
4293.45 0.34453401
4297.8 0.34074652
4302.15 0.34957796
4306.5 0.34962130
4310.85 0.41251561
4315.2 0.45090255
4319.55 0.37687466
4323.9 0.33468759
4328.25 0.32580042
4332.6 0.32303816
4336.95 0.31506690
4341.3 0.33552721
4345.65 0.36652631
4350.0 0.44538185
4354.35 0.62741590
4358.7 0.62590528
4363.05 0.42085627
4367.4 0.35426179
4371.75 0.33301735
4376.1 0.32384133
4380.45 0.31617481
4384.8 0.31007364
4389.15 0.31024560
4393.5 0.30802041
4397.85 0.30842638
4402.2 0.30797672
4406.55 0.30291939
4410.9 0.29952019
4415.25 0.29948461
4419.6 0.28800231
4423.95 0.28205138
4428.3 0.29441622
4432.65 0.29174009
4437.0 0.29533541
4441.35 0.28340173
4445.7 0.28568697
4450.05 0.28167135
4454.4 0.29147434
4458.75 0.28632572
4463.1 0.27892381
4467.45 0.28529102
4471.8 0.28348541
4476.15 0.29209426
4480.5 0.29358324
4484.85 0.30531943
4489.2 0.31189349
4493.55 0.30747449
4497.9 0.29856023
4502.25 0.31166783
4506.6 0.29874739
4510.95 0.29131553
4515.3 0.29187292
4519.65 0.30831578
4524.0 0.30252731
4528.35 0.28657135
4532.7 0.29030669
4537.05 0.29295316
4541.4 0.29784822
4545.75 0.29299355
4550.1 0.29575053
4554.45 0.29456592
4558.8 0.29616439
4563.15 0.28533208
4567.5 0.29014349
4571.85 0.29953793
4576.2 0.28511709
4580.55 0.29314840
4584.9 0.29430738
4589.25 0.29212463
4593.6 0.29251838
4597.95 0.29460233
4602.3 0.29265535
4606.65 0.30388317
4611.0 0.29006961
4615.35 0.28394383
4619.7 0.31047103
4624.05 0.28978622
4628.4 0.30323943
4632.75 0.29555133
4637.1 0.28672415
4641.45 0.28263822
4645.8 0.27940023
4650.15 0.28774333
4654.5 0.27267468
4658.85 0.27505803
4663.2 0.27783161
4667.55 0.27479419
4671.9 0.26186466
4676.25 0.26663703
4680.6 0.27303794
4684.95 0.27243042
4689.3 0.26411673
4693.65 0.26505786
4698.0 0.26279780
4702.35 0.25768074
4706.7 0.26279277
4711.05 0.26810482
4715.4 0.26626754
4719.75 0.25973561
4724.1 0.25592813
4728.45 0.25207850
4732.8 0.26079100
4737.15 0.25141510
4741.5 0.26837236
4745.85 0.25293040
4750.2 0.25404897
4754.55 0.25009602
4758.9 0.24976785
4763.25 0.24944033
4767.6 0.24911341
4771.95 0.25478193
4776.3 0.25585610
4780.65 0.26170409
4785.0 0.25528419
4789.35 0.25601146
4793.7 0.24716531
4798.05 0.24684277
4802.4 0.25383651
4806.75 0.26131207
4811.1 0.25686166
4815.45 0.25056145
4819.8 0.26038739
4824.15 0.26452631
4828.5 0.25122514
4832.85 0.25403875
4837.2 0.24396819
4841.55 0.24365185
4845.9 0.24852304
4850.25 0.24439807
4854.6 0.26715055
4858.95 0.25501296
4863.3 0.24803342
4867.65 0.27689770
4872.0 0.27319315
4876.35 0.26083454
4880.7 0.25604889
4885.05 0.24443038
4889.4 0.24407645
4893.75 0.23990284
4898.1 0.24773587
4902.45 0.23928635
4906.8 0.24043204
4911.15 0.23867223
4915.5 0.24059920
4919.85 0.23806037
4924.2 0.23936756
4928.55 0.23847368
4932.9 0.23714699
4937.25 0.24539004
4941.6 0.24174687
4945.95 0.23623897
4950.3 0.23593736
4954.65 0.23563641
4959.0 0.23533598
4963.35 0.23503615
4967.7 0.23473689
4972.05 0.23443817
4976.4 0.23925626
4980.75 0.23384243
4985.1 0.23422335
4989.45 0.23324896
4993.8 0.23429817
4998.15 0.23273592
5002.5 0.23236285
5006.85 0.23461625
5011.2 0.23788874
5015.55 0.23902571
5019.9 0.23680046
5024.25 0.23639983
5028.6 0.23572166
5032.95 0.23247281
5037.3 0.23439242
5041.65 0.23286332
5046.0 0.23241758
5050.35 0.23759635
5054.7 0.24800988
5059.05 0.23584634
5063.4 0.24403034
5067.75 0.23931693
5072.1 0.24672133
5076.45 0.24094383
5080.8 0.24876690
5085.15 0.24480180
5089.5 0.24592254
5093.85 0.25308087
5098.2 0.24694997
5102.55 0.25167462
5106.9 0.25998399
5111.25 0.27992770
5115.6 0.27353275
5119.95 0.26826248
5124.3 0.26972911
5128.65 0.24596196
5133.0 0.24184853
5137.35 0.25311875
5141.7 0.24864967
5146.05 0.24000326
5150.4 0.24131502
5154.75 0.24265203
5159.1 0.24297938
5163.45 0.23871022
5167.8 0.24343158
5172.15 0.24844716
5176.5 0.23317109
5180.85 0.23567238
5185.2 0.23406200
5189.55 0.24158268
5193.9 0.22791958
5198.25 0.23037621
5202.6 0.22976309
5206.95 0.22895417
5211.3 0.23061454
5215.65 0.23017181
5220.0 0.22962411
5224.35 0.23172021
5228.7 0.22799000
5233.05 0.22610687
5237.4 0.22215609
5241.75 0.22199140
5246.1 0.21838917
5250.45 0.22264920
5254.8 0.22314866
5259.15 0.22573657
5263.5 0.22758405
5267.85 0.21893147
5272.2 0.22365536
5276.55 0.23039171
5280.9 0.22772470
5285.25 0.23001491
5289.6 0.23423156
5293.95 0.23041508
5298.3 0.23214452
5302.65 0.22757618
5307.0 0.23903672
5311.35 0.21981320
5315.7 0.21252476
5320.05 0.21576791
5324.4 0.21290721
5328.75 0.21408066
5333.1 0.21440147
5337.45 0.21863633
5341.8 0.22270347
5346.15 0.21261401
5350.5 0.21861508
5354.85 0.22455300
5359.2 0.21630318
5363.55 0.21271746
5367.9 0.20946737
5372.25 0.20921560
5376.6 0.21012443
5380.95 0.22255264
5385.3 0.21206203
5389.65 0.21333568
5394.0 0.20796365
5398.35 0.20850798
5402.7 0.20835105
5407.05 0.21176200
5411.4 0.20964782
5415.75 0.21445195
5420.1 0.21519475
5424.45 0.21033309
5428.8 0.20890900
5433.15 0.20861843
5437.5 0.21465868
5441.85 0.21334156
5446.2 0.20886105
5450.55 0.20736752
5454.9 0.20579290
5459.25 0.20482258
5463.6 0.20654178
5467.95 0.20836951
5472.3 0.21527709
5476.65 0.21825995
5481.0 0.22241402
5485.35 0.22951062
5489.7 0.22035936
5494.05 0.20958464
5498.4 0.21029302
5502.75 0.20814496
5507.1 0.20492262
5511.45 0.20814294
5515.8 0.21436109
5520.15 0.21664146
5524.5 0.20992385
5528.85 0.21158431
5533.2 0.21477437
5537.55 0.21867841
5541.9 0.22202164
5546.25 0.21110636
5550.6 0.21322156
5554.95 0.21720372
5559.3 0.21787801
5563.65 0.21327047
5568.0 0.21291620
5572.35 0.21610238
5576.7 0.21592924
5581.05 0.21360050
5585.4 0.21887128
5589.75 0.21665494
5594.1 0.21973857
5598.45 0.22502333
5602.8 0.22190525
5607.15 0.22839104
5611.5 0.22475749
5615.85 0.24004771
5620.2 0.24184890
5624.55 0.24820621
5628.9 0.25521848
5633.25 0.25420949
5637.6 0.25942895
5641.95 0.27400869
5646.3 0.27555561
5650.65 0.28758791
5655.0 0.30090085
5659.35 0.31939730
5663.7 0.34081331
5668.05 0.36665413
5672.4 0.40224379
5676.75 0.44669724
5681.1 0.50110620
5685.45 0.56521922
5689.8 0.66274256
5694.15 0.77874553
5698.5 0.92486435
5702.85 1.0722442
5707.2 1.2613884
5711.55 1.2964131
5715.9 1.1087528
5720.25 0.92290252
5724.6 0.83971846
5728.95 0.79096770
5733.3 0.68501890
5737.65 0.57794178
5742.0 0.52070254
5746.35 0.47498769
5750.7 0.43318650
5755.05 0.40133643
5759.4 0.38186315
5763.75 0.35756028
5768.1 0.33293587
5772.45 0.31247738
5776.8 0.29192275
5781.15 0.27434880
5785.5 0.26880482
5789.85 0.26330182
5794.2 0.25008005
5798.55 0.24848379
5802.9 0.24383993
5807.25 0.24413347
5811.6 0.24845149
5815.95 0.24777247
5820.3 0.24262969
5824.65 0.23477720
5829.0 0.24651852
5833.35 0.25286973
5837.7 0.25803679
5842.05 0.28417760
5846.4 0.28272516
5850.75 0.26358867
5855.1 0.26625943
5859.45 0.26949194
5863.8 0.26176518
5868.15 0.24159321
5872.5 0.22195463
5876.85 0.21978922
5881.2 0.21423616
5885.55 0.20774797
5889.9 0.20646122
5894.25 0.20071787
5898.6 0.19188850
5902.95 0.19083466
5907.3 0.19178319
5911.65 0.19145848
5916.0 0.18254535
5920.35 0.18084857
5924.7 0.18064824
5929.05 0.18644354
5933.4 0.19379535
5937.75 0.18613027
5942.1 0.18343401
5946.45 0.18290736
5950.8 0.17945038
5955.15 0.17925204
5959.5 0.17905405
5963.85 0.19115283
5968.2 0.18388057
5972.55 0.18520221
5976.9 0.17826548
5981.25 0.17806917
5985.6 0.18131995
5989.95 0.18713814
5994.3 0.18568535
5998.65 0.18132241
