300.0 0.0
325.0 0.0000000
328.25 0.0000000
331.5 0.0000000
334.75 0.0000000
338.0 0.0000000
341.25 0.0000000
344.5 0.0000000
347.75 0.0000000
351.0 0.0000000
354.25 0.0000000
357.5 0.0000000
360.75 0.0000000
364.0 0.0000000
367.25 0.0000000
370.5 0.0000000
373.75 0.0000000
377.0 0.0000000
380.25 0.0000000
383.5 0.0000000
386.75 0.0000000
390.0 0.0000000
393.25 0.0000000
396.5 0.0000000
399.75 0.0000000
403.0 0.0000000
406.25 0.0000000
409.5 0.0000000
412.75 0.0000000
416.0 0.0000000
419.25 0.0000000
422.5 0.0000000
425.75 0.0000000
429.0 0.0000000
432.25 0.0000000
435.5 0.0000000
438.75 0.0000000
442.0 0.0000000
445.25 0.0000000
448.5 0.0000000
451.75 0.0000000
455.0 0.0000000
458.25 0.0000000
461.5 0.0000000
464.75 0.0000000
468.0 0.0000000
471.25 0.0000000
474.5 0.0000000
477.75 0.0000000
481.0 0.0000000
484.25 0.0000000
487.5 0.0000000
490.75 0.0000000
494.0 0.0000000
497.25 0.0000000
500.5 0.0000000
503.75 0.0000000
507.0 0.0000000
510.25 0.0000000
513.5 0.0000000
516.75 0.0000000
520.0 0.0000000
523.25 0.0000000
526.5 0.0000000
529.75 0.0000000
533.0 0.0000000
536.25 0.0000000
539.5 0.0000000
542.75 0.0000000
546.0 0.0000000
549.25 0.0000000
552.5 0.0000000
555.75 0.0000000
559.0 0.0000000
562.25 0.0000000
565.5 0.0000000
568.75 0.0000000
572.0 0.0000000
575.25 0.0000000
578.5 0.0000000
581.75 0.0000000
585.0 0.0000000
588.25 0.0000000
591.5 0.0000000
594.75 0.12766686
598.0 0.12241322
601.25 0.11727222
604.5 0.11224327
607.75 0.10732849
611.0 0.10252908
614.25 9.78464559E-02
617.5 9.32867303E-02
620.75 8.88472423E-02
624.0 8.45726058E-02
627.25 8.05096626E-02
630.5 7.64012262E-02
633.75 0.13549042
637.0 0.13022724
640.25 0.12507375
643.5 0.12002879
646.75 0.11508898
650.0 0.12094115
653.25 0.12133371
656.5 0.11599783
659.75 0.11961506
663.0 0.12593846
666.25 0.13394123
669.5 0.43073606
672.75 0.43703747
676.0 0.36923072
679.25 0.30696827
682.5 0.28743866
685.75 0.27910203
689.0 0.27923474
692.25 0.28308809
695.5 0.27517626
698.75 0.24794322
702.0 0.24966364
705.25 0.22279470
708.5 0.20225224
711.75 0.18666556
715.0 0.17951624
718.25 0.18189609
721.5 0.17414123
724.75 0.17734699
728.0 0.18233803
731.25 0.17698552
734.5 0.15754957
737.75 0.15231344
741.0 0.13871631
744.25 0.13969493
747.5 0.13793220
750.75 0.13238069
754.0 0.13081574
757.25 0.13381957
760.5 0.13792448
763.75 0.14741826
767.0 0.15181603
770.25 0.15813391
773.5 0.16766666
776.75 0.18383923
780.0 0.20735919
783.25 0.24697310
786.5 0.30435014
789.75 0.40628454
793.0 3.0286679
796.25 2.4514780
799.5 2.2882473
802.75 2.2889888
806.0 2.1458223
809.25 1.7191056
812.5 1.4853557
815.75 1.3978750
819.0 1.3386692
822.25 1.2526162
825.5 1.1445761
828.75 1.0730680
832.0 1.0490156
835.25 1.0524850
838.5 1.0702119
841.75 1.0781429
845.0 1.1603826
848.25 1.1793059
851.5 1.1292948
854.75 1.0296872
858.0 1.0369642
861.25 1.0281633
864.5 1.0534049
867.75 1.0721301
871.0 1.0596230
874.25 1.0220799
877.5 1.0090476
880.75 1.0416578
884.0 1.0357447
887.25 1.0535774
890.5 1.0405042
893.75 1.0653793
897.0 1.1268612
900.25 1.1906824
903.5 1.2787673
906.75 1.3030382
910.0 1.3222215
913.25 1.2029946
916.5 1.1237979
919.75 1.0650483
923.0 1.0397509
926.25 1.0356141
929.5 0.98930347
932.75 0.97724384
936.0 0.97187394
939.25 0.96510243
942.5 0.98286474
945.75 0.97386461
949.0 0.95354778
952.25 0.98257387
955.5 0.96600330
958.75 0.98147684
962.0 1.0053544
965.25 1.0206037
968.5 1.0458422
971.75 1.0447069
975.0 1.0782217
978.25 1.1024914
981.5 1.1296960
984.75 1.1727852
988.0 1.2606051
991.25 1.3780963
994.5 1.5128912
997.75 1.6840795
1001.0 1.8967232
1004.25 2.0227952
1007.5 1.8364445
1010.75 1.5582047
1014.0 1.3467720
1017.25 1.2363420
1020.5 1.1808031
1023.75 1.1489557
1027.0 1.0946845
1030.25 1.0908220
1033.5 1.0580162
1036.75 1.0787967
1040.0 1.0816050
1043.25 1.0777040
1046.5 1.0893316
1049.75 1.0755544
1053.0 1.0915996
1056.25 1.1065210
1059.5 1.1080742
1062.75 1.1316278
1066.0 1.0876684
1069.25 1.0799934
1072.5 1.0656855
1075.75 1.0828521
1079.0 1.0874388
1082.25 1.0716677
1085.5 1.0171896
1088.75 0.98413700
1092.0 0.97009581
1095.25 0.95202559
1098.5 0.95340234
1101.75 0.95065314
1105.0 0.94866621
1108.25 0.96344298
1111.5 0.96024340
1114.75 0.97546852
1118.0 0.97981983
1121.25 0.97786099
1124.5 0.96645540
1127.75 0.97851825
1131.0 0.98272479
1134.25 1.0091704
1137.5 0.99279428
1140.75 0.97666931
1144.0 0.93358374
1147.25 0.94751513
1150.5 0.95177412
1153.75 0.93906862
1157.0 0.97078413
1160.25 0.97998434
1163.5 0.95420712
1166.75 0.93794709
1170.0 0.93919444
1173.25 0.93921304
1176.5 0.93880272
1179.75 0.95076990
1183.0 0.93418086
1186.25 0.93126082
1189.5 0.94320816
1192.75 0.94218391
1196.0 0.96556556
1199.25 0.96146107
1202.5 1.0236852
1205.75 1.0202433
1209.0 1.0307087
1212.25 1.0151914
1215.5 1.0174994
1218.75 1.0269537
1222.0 1.0727352
1225.25 1.1543655
1228.5 1.2285477
1231.75 1.2890315
1235.0 1.3122263
1238.25 1.3813062
1241.5 1.3211966
1244.75 1.2081631
1248.0 1.1052377
1251.25 1.0369300
1254.5 1.0050329
1257.75 0.97255921
1261.0 0.94203830
1264.25 0.91865438
1267.5 0.91203874
1270.75 0.87785816
1274.0 0.86417788
1277.25 0.85747176
1280.5 0.86590934
1283.75 0.86968547
1287.0 0.84974080
1290.25 0.85331529
1293.5 0.85791641
1296.75 0.86517173
1300.0 0.84382564
1303.25 0.85311306
1306.5 0.87311041
1309.75 0.82594353
1313.0 0.84788811
1316.25 0.85342211
1319.5 0.84754813
1322.75 0.85488129
1326.0 0.84144074
1329.25 0.83039844
1332.5 0.85356897
1335.75 0.88819885
1339.0 0.87072569
1342.25 0.89272159
1345.5 0.88533849
1348.75 0.88784242
1352.0 0.88296956
1355.25 0.89445347
1358.5 0.89201522
1361.75 0.88989908
1365.0 0.86164707
1368.25 0.84783781
1371.5 0.85900968
1374.75 0.87141323
1378.0 0.83474445
1381.25 0.87523091
1384.5 0.84496796
1387.75 0.86533016
1391.0 0.85759521
1394.25 0.87521064
1397.5 0.83403462
1400.75 0.84652728
1404.0 0.84586984
1407.25 0.86079341
1410.5 0.81832993
1413.75 0.82805246
1417.0 0.84393972
1420.25 0.80656475
1423.5 0.82168567
1426.75 0.79696590
1430.0 0.77487898
1433.25 0.77402180
1436.5 0.77316272
1439.75 0.77818388
1443.0 0.78284651
1446.25 0.78394216
1449.5 0.77292705
1452.75 0.76883650
1456.0 0.76796514
1459.25 0.76709270
1462.5 0.77657974
1465.75 0.77509761
1469.0 0.78630298
1472.25 0.79082870
1475.5 0.79029667
1478.75 0.79582268
1482.0 0.80292529
1485.25 0.81721348
1488.5 0.83528703
1491.75 0.82853574
1495.0 0.85016245
1498.25 0.85964620
1501.5 0.86658710
1504.75 0.87110806
1508.0 0.87701440
1511.25 0.88773507
1514.5 0.89194059
1517.75 0.87959433
1521.0 0.87153822
1524.25 0.85173297
1527.5 0.84929746
1530.75 0.83260125
1534.0 0.84443933
1537.25 0.83374345
1540.5 0.82805324
1543.75 0.83002913
1547.0 0.82458103
1550.25 0.82619154
1553.5 0.82767683
1556.75 0.83683342
1560.0 0.85608333
1563.25 0.84262502
1566.5 0.87256694
1569.75 0.89373237
1573.0 0.91980994
1576.25 0.91668135
1579.5 0.89026076
1582.75 0.88540494
1586.0 0.88782173
1589.25 0.86725914
1592.5 0.85072213
1595.75 0.84552121
1599.0 0.84184492
1602.25 0.85757941
1605.5 0.87464184
1608.75 0.87771517
1612.0 0.87164968
1615.25 0.87348616
1618.5 0.86763918
1621.75 0.87167436
1625.0 0.86245799
1628.25 0.85853183
1631.5 0.85919321
1634.75 0.85490471
1638.0 0.84379429
1641.25 0.83129752
1644.5 0.83875787
1647.75 0.84124118
1651.0 0.84131825
1654.25 0.83289766
1657.5 0.82614797
1660.75 0.82370621
1664.0 0.81933951
1667.25 0.81589764
1670.5 0.80865097
1673.75 0.79749894
1677.0 0.80128914
1680.25 0.80111593
1683.5 0.79201853
1686.75 0.77107072
1690.0 0.79065889
1693.25 0.79393679
1696.5 0.78888869
1699.75 0.78863841
1703.0 0.79519445
1706.25 0.78028387
1709.5 0.78033614
1712.75 0.76489067
1716.0 0.75270605
1719.25 0.72309160
1722.5 0.71956336
1725.75 0.71816367
1729.0 0.71094435
1732.25 0.73007405
1735.5 0.74051750
1738.75 0.74192166
1742.0 0.72582984
1745.25 0.73306054
1748.5 0.73609030
1751.75 0.74581325
1755.0 0.74574202
1758.25 0.76282763
1761.5 0.78480262
1764.75 0.79151350
1768.0 0.78118402
1771.25 0.80492580
1774.5 0.81547207
1777.75 0.81450456
1781.0 0.81852615
1784.25 0.85147148
1787.5 0.87218493
1790.75 0.86749381
1794.0 0.88381732
1797.25 0.86352515
1800.5 0.88494933
1803.75 0.91508526
1807.0 0.99114370
1810.25 1.0802649
1813.5 1.2188791
1816.75 1.3601789
1820.0 1.4033549
1823.25 1.3317660
1826.5 1.1793293
1829.75 1.0490065
1833.0 0.96803486
1836.25 0.92791623
1839.5 0.89627522
1842.75 0.87175709
1846.0 0.85242617
1849.25 0.83388609
1852.5 0.82782298
1855.75 0.81091326
1859.0 0.79624188
1862.25 0.77950042
1865.5 0.76997083
1868.75 0.76745516
1872.0 0.74531478
1875.25 0.74657679
1878.5 0.72785085
1881.75 0.72293395
1885.0 0.72196424
1888.25 0.69202006
1891.5 0.70223361
1894.75 0.70161307
1898.0 0.71174532
1901.25 0.73110837
1904.5 0.73779869
1907.75 0.74016500
1911.0 0.73941386
1914.25 0.74440277
1917.5 0.73410213
1920.75 0.73577487
1924.0 0.74538714
1927.25 0.73425049
1930.5 0.73660231
1933.75 0.72324723
1937.0 0.72747701
1940.25 0.70981896
1943.5 0.69776332
1946.75 0.68514282
1950.0 0.67882520
1953.25 0.66244906
1956.5 0.65565252
1959.75 0.63761860
1963.0 0.62521857
1966.25 0.62260342
1969.5 0.62841117
1972.75 0.62013346
1976.0 0.63330346
1979.25 0.63653696
1982.5 0.63846713
1985.75 0.63830996
1989.0 0.63877648
1992.25 0.65136373
1995.5 0.64454073
1998.75 0.65718693
2002.0 0.65638447
2005.25 0.65371591
2008.5 0.64652437
2011.75 0.65303183
2015.0 0.64835030
2018.25 0.66208375
2021.5 0.67878890
2024.75 0.68052578
2028.0 0.70766097
2031.25 0.71330369
2034.5 0.71292037
2037.75 0.70307165
2041.0 0.70231682
2044.25 0.67637306
2047.5 0.69129205
2050.75 0.68441695
2054.0 0.68305355
2057.25 0.69152039
2060.5 0.70967376
2063.75 0.71028024
2067.0 0.71908516
2070.25 0.72348547
2073.5 0.72901291
2076.75 0.72176909
2080.0 0.72517616
2083.25 0.71429819
2086.5 0.72227091
2089.75 0.71326488
2093.0 0.69199896
2096.25 0.69219810
2099.5 0.70061392
2102.75 0.68206811
2106.0 0.68093288
2109.25 0.68135756
2112.5 0.68086493
2115.75 0.69158304
2119.0 0.68844742
2122.25 0.67668647
2125.5 0.67526746
2128.75 0.68876308
2132.0 0.68736577
2135.25 0.68257689
2138.5 0.69498193
2141.75 0.67522728
2145.0 0.66676646
2148.25 0.65773332
2151.5 0.65129650
2154.75 0.64630264
2158.0 0.63288659
2161.25 0.63028634
2164.5 0.63762224
2167.75 0.64319342
2171.0 0.65136600
2174.25 0.67159313
2177.5 0.64864939
2180.75 0.63952339
2184.0 0.63547581
2187.25 0.63236213
2190.5 0.62490922
2193.75 0.63963884
2197.0 0.63721710
2200.25 0.64163691
2203.5 0.63555568
2206.75 0.63742745
2210.0 0.63769215
2213.25 0.65219277
2216.5 0.65592688
2219.75 0.66693294
2223.0 0.68847549
2226.25 0.71638453
2229.5 0.68247640
2232.75 0.65641248
2236.0 0.66004723
2239.25 0.64979243
2242.5 0.62596583
2245.75 0.63285887
2249.0 0.63456267
2252.25 0.61681908
2255.5 0.61252952
2258.75 0.59881151
2262.0 0.59022677
2265.25 0.60595614
2268.5 0.60413641
2271.75 0.59547466
2275.0 0.60702032
2278.25 0.59169257
2281.5 0.58207029
2284.75 0.58171928
2288.0 0.57182050
2291.25 0.56223750
2294.5 0.55129361
2297.75 0.55812389
2301.0 0.55666089
2304.25 0.54046708
2307.5 0.54511666
2310.75 0.55379105
2314.0 0.55736929
2317.25 0.54673243
2320.5 0.55662823
2323.75 0.57037759
2327.0 0.55956501
2330.25 0.57162815
2333.5 0.55513686
2336.75 0.55634069
2340.0 0.54799908
2343.25 0.55495667
2346.5 0.55811119
2349.75 0.54702908
2353.0 0.56207699
2356.25 0.55250609
2359.5 0.54749817
2362.75 0.55219716
2366.0 0.54013431
2369.25 0.54594469
2372.5 0.54149246
2375.75 0.54497927
2379.0 0.54846311
2382.25 0.54100204
2385.5 0.53625321
2388.75 0.53464198
2392.0 0.53207153
2395.25 0.52873617
2398.5 0.52898180
2401.75 0.53626549
2405.0 0.53537720
2408.25 0.53475964
2411.5 0.52441734
2414.75 0.52629483
2418.0 0.54832268
2421.25 0.61794758
2424.5 0.64183968
2427.75 0.54235917
2431.0 0.52306205
2434.25 0.52288109
2437.5 0.51659244
2440.75 0.53506172
2444.0 0.52002937
2447.25 0.50854445
2450.5 0.51199502
2453.75 0.50613582
2457.0 0.49940234
2460.25 0.49409923
2463.5 0.48793495
2466.75 0.46137571
2470.0 0.46880522
2473.25 0.45996451
2476.5 0.47999939
2479.75 0.47879547
2483.0 0.47361565
2486.25 0.46885639
2489.5 0.46534804
2492.75 0.47720036
2496.0 0.46740717
2499.25 0.47517899
2502.5 0.48236662
2505.75 0.49028507
2509.0 0.50973350
2512.25 0.54859966
2515.5 0.57142752
2518.75 0.51352626
2522.0 0.47985202
2525.25 0.49700433
2528.5 0.50094259
2531.75 0.47477677
2535.0 0.46458811
2538.25 0.46523622
2541.5 0.45703346
2544.75 0.45430005
2548.0 0.44583732
2551.25 0.43290168
2554.5 0.41856652
2557.75 0.41562468
2561.0 0.42824626
2564.25 0.44099644
2567.5 0.44223860
2570.75 0.44715601
2574.0 0.45815271
2577.25 0.45850745
2580.5 0.45565668
2583.75 0.44045842
2587.0 0.44228944
2590.25 0.43996325
2593.5 0.42168975
2596.75 0.42705074
2600.0 0.41271597
2603.25 0.41271800
2606.5 0.40555391
2609.75 0.41436753
2613.0 0.41961971
2616.25 0.41196111
2619.5 0.39900616
2622.75 0.39856347
2626.0 0.39670056
2629.25 0.39201373
2632.5 0.40391880
2635.75 0.39541596
2639.0 0.40555936
2642.25 0.41360876
2645.5 0.43880361
2648.75 0.43202674
2652.0 0.42947301
2655.25 0.44843525
2658.5 0.45469898
2661.75 0.47054780
2665.0 0.50035083
2668.25 0.48569724
2671.5 0.46141163
2674.75 0.45909691
2678.0 0.43856356
2681.25 0.42759237
2684.5 0.42313448
2687.75 0.41604513
2691.0 0.40215608
2694.25 0.38667837
2697.5 0.38217279
2700.75 0.38395545
2704.0 0.39457279
2707.25 0.39140117
2710.5 0.38885564
2713.75 0.39741680
2717.0 0.38369378
2720.25 0.37883925
2723.5 0.38580695
2726.75 0.37696806
2730.0 0.37289470
2733.25 0.37230036
2736.5 0.37170741
2739.75 0.37339398
2743.0 0.37646571
2746.25 0.37473017
2749.5 0.37332082
2752.75 0.39417535
2756.0 0.39178711
2759.25 0.39774030
2762.5 0.39063609
2765.75 0.38121167
2769.0 0.37509644
2772.25 0.39189470
2775.5 0.39163813
2778.75 0.38882673
2782.0 0.40678585
2785.25 0.39597520
2788.5 0.40876916
2791.75 0.43100691
2795.0 0.42355379
2798.25 0.43221569
2801.5 0.44013128
2804.75 0.45813948
2808.0 0.48718345
2811.25 0.49255648
2814.5 0.51981866
2817.75 0.56264138
2821.0 0.58348954
2824.25 0.58597583
2827.5 0.54486626
2830.75 0.53514171
2834.0 0.52978390
2837.25 0.50407994
2840.5 0.48127308
2843.75 0.44076002
2847.0 0.43156826
2850.25 0.41439593
2853.5 0.40603176
2856.75 0.41632918
2860.0 0.40497911
2863.25 0.39809370
2866.5 0.39850330
2869.75 0.38919502
2873.0 0.38645434
2876.25 0.38444722
2879.5 0.36071923
2882.75 0.37306783
2886.0 0.37115774
2889.25 0.38062125
2892.5 0.37237370
2895.75 0.37074903
2899.0 0.38745108
2902.25 0.39305493
2905.5 0.40789238
2908.75 0.40198818
2912.0 0.39892852
2915.25 0.38396469
2918.5 0.40510723
2921.75 0.40601027
2925.0 0.40851146
2928.25 0.40558109
2931.5 0.42084581
2934.75 0.43876851
2938.0 0.43561178
2941.25 0.41774842
2944.5 0.40786934
2947.75 0.39798358
2951.0 0.40075085
2954.25 0.43023953
2957.5 0.41854247
2960.75 0.41342974
2964.0 0.42944485
2967.25 0.42583120
2970.5 0.39434689
2973.75 0.41559282
2977.0 0.43209738
2980.25 0.41350231
2983.5 0.40560162
2986.75 0.41199309
2990.0 0.39659753
2993.25 0.38735071
2996.5 0.38859880
2999.75 0.40096208
3003.0 0.41549334
3006.25 0.41522214
3009.5 0.40690389
3012.75 0.41194156
3016.0 0.39963871
3019.25 0.40625176
3022.5 0.39393792
3025.75 0.41455421
3029.0 0.39014557
3032.25 0.40277585
3035.5 0.38596919
3038.75 0.38954201
3042.0 0.39252725
3045.25 0.40541565
3048.5 0.36973220
3051.75 0.36890140
3055.0 0.34679490
3058.25 0.34237847
3061.5 0.33755317
3064.75 0.34576717
3068.0 0.34459674
3071.25 0.34352773
3074.5 0.33732623
3077.75 0.34239888
3081.0 0.34587860
3084.25 0.33857450
3087.5 0.32717633
3090.75 0.33004898
3094.0 0.33134955
3097.25 0.32957795
3100.5 0.33466724
3103.75 0.33887321
3107.0 0.34493747
3110.25 0.34358725
3113.5 0.34083751
3116.75 0.34742391
3120.0 0.35734540
3123.25 0.35752770
3126.5 0.36076212
3129.75 0.37421858
3133.0 0.39622259
3136.25 0.39801961
3139.5 0.42774224
3142.75 0.43162915
3146.0 0.44600260
3149.25 0.47925898
3152.5 0.49891993
3155.75 0.55811620
3159.0 0.60869640
3162.25 0.58938092
3165.5 0.54968619
3168.75 0.51039308
3172.0 0.48275238
3175.25 0.45869434
3178.5 0.42835414
3181.75 0.42065781
3185.0 0.41643605
3188.25 0.40188983
3191.5 0.37943402
3194.75 0.39070573
3198.0 0.37791541
3201.25 0.37207416
3204.5 0.36574608
3207.75 0.35585925
3211.0 0.35193405
3214.25 0.36104187
3217.5 0.36107308
3220.75 0.42601156
3224.0 0.46563697
3227.25 0.38917556
3230.5 0.34559870
3233.75 0.33640936
3237.0 0.33354479
3240.25 0.32530224
3243.5 0.34641451
3246.75 0.37840557
3250.0 0.45979998
3253.25 0.64770317
3256.5 0.64612013
3259.75 0.43443277
3263.0 0.36567673
3266.25 0.34373534
3269.5 0.33425188
3272.75 0.32632706
3276.0 0.32001847
3279.25 0.32018444
3282.5 0.31787655
3285.75 0.31828409
3289.0 0.31780872
3292.25 0.31257874
3295.5 0.30906019
3298.75 0.30901250
3302.0 0.29715434
3305.25 0.29100403
3308.5 0.30375060
3311.75 0.30097902
3315.0 0.30467752
3318.25 0.29235607
3321.5 0.29470322
3324.75 0.29055071
3328.0 0.30065227
3331.25 0.29533121
3334.5 0.28768653
3337.75 0.29424360
3341.0 0.29237118
3344.25 0.30123952
3347.5 0.30276468
3350.75 0.31485707
3354.0 0.32162550
3357.25 0.31705779
3360.5 0.30785519
3363.75 0.32135990
3367.0 0.30802718
3370.25 0.30035427
3373.5 0.30091882
3376.75 0.31786054
3380.0 0.31188235
3383.25 0.29542303
3386.5 0.29926369
3389.75 0.30198172
3393.0 0.30701739
3396.25 0.30200318
3399.5 0.30483478
3402.75 0.30360371
3406.0 0.30524108
3409.25 0.29406708
3412.5 0.29901591
3415.75 0.30868745
3419.0 0.29381642
3422.25 0.30208290
3425.5 0.30326721
3428.75 0.30100819
3432.0 0.30140409
3435.25 0.30354148
3438.5 0.30152559
3441.75 0.31308359
3445.0 0.29884216
3448.25 0.29252169
3451.5 0.31983992
3454.75 0.29852131
3458.0 0.31237006
3461.25 0.30444065
3464.5 0.29533857
3467.75 0.29112059
3471.0 0.28777626
3474.25 0.29636005
3477.5 0.28083128
3480.75 0.28327695
3484.0 0.28612435
3487.25 0.28298736
3490.5 0.26966381
3493.75 0.27456975
3497.0 0.28115228
3500.25 0.28051794
3503.5 0.27194893
3506.75 0.27290949
3510.0 0.27057406
3513.25 0.26529735
3516.5 0.27055213
3519.75 0.27601248
3523.0 0.27411255
3526.25 0.26737997
3529.5 0.26345229
3532.75 0.25948155
3536.0 0.26844171
3539.25 0.25878286
3542.5 0.27622864
3545.75 0.26032671
3549.0 0.26147005
3552.25 0.25739384
3555.5 0.25704834
3558.75 0.25670350
3562.0 0.25635934
3565.25 0.26218486
3568.5 0.26328233
3571.75 0.26929200
3575.0 0.26267812
3578.25 0.26341859
3581.5 0.25430894
3584.75 0.25396952
3588.0 0.26115748
3591.25 0.26884064
3594.5 0.26425421
3597.75 0.25776508
3601.0 0.26786569
3604.25 0.27211544
3607.5 0.25842512
3610.75 0.26131168
3614.0 0.25094551
3617.25 0.25061283
3620.5 0.25561577
3623.75 0.25136578
3627.0 0.27475893
3630.25 0.26226810
3633.5 0.25508267
3636.75 0.28475904
3640.0 0.28094125
3643.25 0.26822445
3646.5 0.26329568
3649.75 0.25134113
3653.0 0.25097004
3656.25 0.24667156
3659.5 0.25471833
3662.75 0.24602367
3666.0 0.24719463
3669.25 0.24537839
3672.5 0.24735253
3675.75 0.24473555
3679.0 0.24607249
3682.25 0.24514668
3685.5 0.24377605
3688.75 0.25224248
3692.0 0.24849066
3695.25 0.24282233
3698.5 0.24250560
3701.75 0.24218953
3705.0 0.24187407
3708.25 0.24155921
3711.5 0.24124502
3714.75 0.24093138
3718.0 0.24587619
3721.25 0.24030598
3724.5 0.24069083
3727.75 0.23968299
3731.0 0.24075456
3734.25 0.23914275
3737.5 0.23875296
3740.75 0.24106176
3744.0 0.24441756
3747.25 0.24557908
3750.5 0.24328630
3753.75 0.24286816
3757.0 0.24216494
3760.25 0.23882085
3763.5 0.24078648
3766.75 0.23920925
3770.0 0.23874500
3773.25 0.24405830
3776.5 0.25474823
3779.75 0.24224782
3783.0 0.25064731
3786.25 0.24579960
3789.5 0.25339788
3792.75 0.24745752
3796.0 0.25548539
3799.25 0.25140661
3802.5 0.25255096
3805.75 0.25989544
3809.0 0.25359288
3812.25 0.25843790
3815.5 0.26696363
3818.75 0.28743529
3822.0 0.28086156
3825.25 0.27544299
3828.5 0.27694172
3831.75 0.25253251
3835.0 0.24830285
3838.25 0.25986716
3841.5 0.25527242
3844.75 0.24638939
3848.0 0.24772976
3851.25 0.24909595
3854.5 0.24942565
3857.75 0.24503702
3861.0 0.24987721
3864.25 0.25501913
3867.5 0.23933294
3870.75 0.24189425
3874.0 0.24023530
3877.25 0.24794810
3880.5 0.23391913
3883.75 0.23643452
3887.0 0.23579940
3890.25 0.23496336
3893.5 0.23666146
3896.75 0.23620124
3900.0 0.23563334
3903.25 0.23777844
3906.5 0.23394489
3909.75 0.23200688
3913.0 0.22794741
3916.25 0.22777283
3919.5 0.22407129
3922.75 0.22843656
3926.0 0.22894342
3929.25 0.23159288
3932.5 0.23348261
3935.75 0.22460032
3939.0 0.22944094
3942.25 0.23634583
3945.5 0.23360427
3948.75 0.23594789
3952.0 0.24026756
3955.25 0.23634702
3958.5 0.23811525
3961.75 0.23342384
3965.0 0.24517301
3968.25 0.22545061
3971.5 0.21797006
3974.75 0.22129104
3978.0 0.21835193
3981.25 0.21955018
3984.5 0.21987398
3987.75 0.22421165
3991.0 0.22837712
3994.25 0.21802549
3997.5 0.22417405
4000.75 0.23025753
4004.0 0.22179294
4007.25 0.21811113
4010.5 0.21477360
4013.75 0.21451047
4017.0 0.21543726
4020.25 0.22817443
4023.5 0.21741378
4026.75 0.21871452
4030.0 0.21320210
4033.25 0.21375522
4036.5 0.21358943
4039.75 0.21708116
4043.0 0.21490894
4046.25 0.21982862
4049.5 0.22058499
4052.75 0.21559663
4056.0 0.21413204
4059.25 0.21382934
4062.5 0.22001548
4065.75 0.21866052
4069.0 0.21406345
4072.25 0.21252793
4075.5 0.21090937
4078.75 0.20991020
4082.0 0.21166736
4085.25 0.21353567
4088.5 0.22060955
4091.75 0.22366129
4095.0 0.22791308
4098.25 0.23517992
4101.5 0.22579758
4104.75 0.21475218
4108.0 0.21547325
4111.25 0.21326756
4114.5 0.20996127
4117.75 0.21325609
4121.0 0.21962214
4124.25 0.22195360
4127.5 0.21506655
4130.75 0.21676297
4134.0 0.22002628
4137.25 0.22402091
4140.5 0.22744085
4143.75 0.21625446
4147.0 0.21841650
4150.25 0.22249083
4153.5 0.22317673
4156.75 0.21845241
4160.0 0.21808481
4163.25 0.22134359
4166.5 0.22116150
4169.75 0.21877162
4173.0 0.22416522
4176.25 0.22189049
4179.5 0.22504383
4182.75 0.23045130
4186.0 0.22725315
4189.25 0.23389028
4192.5 0.23016438
4195.75 0.24581721
4199.0 0.24765645
4202.25 0.25416109
4205.5 0.26133609
4208.75 0.26029742
4212.0 0.26563627
4215.25 0.28055900
4218.5 0.28213701
4221.75 0.29445052
4225.0 0.30807471
4228.25 0.32700536
4231.5 0.34892425
4234.75 0.37537226
4238.0 0.41179961
4241.25 0.45729962
4244.5 0.51298940
4247.75 0.57861090
4251.0 0.67843080
4254.25 0.79716337
4257.5 0.94671863
4260.75 1.0975585
4264.0 1.2911417
4267.25 1.3269655
4270.5 1.1348597
4273.75 0.94461393
4277.0 0.85945559
4280.25 0.80954254
4283.5 0.70109147
4286.75 0.59149003
4290.0 0.53289825
4293.25 0.48610285
4296.5 0.44331455
4299.75 0.41071153
4303.0 0.39077556
4306.25 0.36589813
4309.5 0.34069273
4312.75 0.31975120
4316.0 0.29871213
4319.25 0.28072390
4322.5 0.27504560
4325.75 0.26940951
4329.0 0.25587597
4332.25 0.25423768
4335.5 0.24948138
4338.75 0.24977680
4342.0 0.25418964
4345.25 0.25348991
4348.5 0.24822362
4351.75 0.24018539
4355.0 0.25219226
4358.25 0.25868458
4361.5 0.26396534
4364.75 0.29070106
4368.0 0.28920966
4371.25 0.26962906
4374.5 0.27235574
4377.75 0.27565694
4381.0 0.26774827
4384.25 0.24711047
4387.5 0.22701903
4390.75 0.22479990
4394.0 0.21911600
4397.25 0.21247597
4400.5 0.21115591
4403.75 0.20527805
4407.0 0.19624434
4410.25 0.19516288
4413.5 0.19612919
4416.75 0.19579339
4420.0 0.18667494
4423.25 0.18493627
4426.5 0.18472792
4429.75 0.19065052
4433.0 0.19816449
4436.25 0.19032302
4439.5 0.18756248
4442.75 0.18702050
4446.0 0.18348236
4449.25 0.18327613
4452.5 0.18307029
4455.75 0.19543682
4459.0 0.18799807
4462.25 0.18934581
4465.5 0.18225050
4468.75 0.18204643
4472.0 0.18536641
4475.25 0.19131090
4478.5 0.18982223
4481.75 0.18535869
4485.0 0.18723063
4488.25 0.18740121
4491.5 0.18601057
4494.75 0.18042715
4498.0 0.18022633
4501.25 0.18002588
4504.5 0.18149145
4507.75 0.17962606
4511.0 0.17942666
4514.25 0.17922764
4517.5 0.18346757
4520.75 0.17883064
4524.0 0.17863266
4527.25 0.17843504
4530.5 0.18089290
4533.75 0.17804082
4537.0 0.17784424
4540.25 0.17764801
4543.5 0.17745210
4546.75 0.18224597
4550.0 0.17812467
4553.25 0.18794660
4556.5 0.17800905
4559.75 0.17800680
4563.0 0.17628406
4566.25 0.17609057
4569.5 0.18866250
4572.75 0.19575658
4576.0 0.18896480
4579.25 0.20301801
4582.5 0.18771929
4585.75 0.21122919
4589.0 0.19884259
4592.25 0.18373762
4595.5 0.20449083
4598.75 0.19049904
4602.0 0.18579102
4605.25 0.18734476
4608.5 0.18142699
4611.75 0.17886648
4615.0 0.17322901
4618.25 0.17304090
4621.5 0.17552790
4624.75 0.18211101
4628.0 0.17247859
4631.25 0.17229183
4634.5 0.17210540
4637.75 0.17191929
4641.0 0.18907905
4644.25 0.17563611
4647.5 0.17136288
4650.75 0.17117809
4654.0 0.17406736
4657.25 0.17289260
4660.5 0.17062555
4663.75 0.17044212
4667.0 0.17527983
4670.25 0.18071797
4673.5 0.19072975
4676.75 0.16971122
4680.0 0.18776031
4683.25 0.16983706
4686.5 0.17783675
4689.75 0.16898547
4693.0 0.18042350
4696.25 0.17568088
4699.5 0.17532362
4702.75 0.17880526
4706.0 0.18714234
4709.25 0.17828734
4712.5 0.16772769
4715.75 0.17902820
4719.0 0.19819690
4722.25 0.16719335
4725.5 0.16701587
4728.75 0.16731822
4732.0 0.16666180
4735.25 0.16648525
4738.5 0.16630897
4741.75 0.18259053
4745.0 0.17786181
4748.25 0.16578209
4751.5 0.16560709
4754.75 0.17448612
4758.0 0.18671966
4761.25 0.16508386
4764.5 0.16646458
4767.75 0.20346737
4771.0 0.17497255
4774.25 0.17345893
4777.5 0.16421792
4780.75 0.18659973
4784.0 0.19942690
4787.25 0.19049935
4790.5 0.20952886
4793.75 0.20512377
4797.0 0.21617189
4800.25 0.18788642
4803.5 0.19494925
4806.75 0.24008752
4810.0 0.21532898
4813.25 0.20663802
4816.5 0.18703064
4819.75 0.18073219
4823.0 0.22339718
4826.25 0.21308172
4829.5 0.20613472
4832.75 0.19199294
4836.0 0.17178221
4839.25 0.19412671
4842.5 0.16082911
4845.75 0.16066276
4849.0 0.16049667
4852.25 0.16033095
4855.5 0.16016550
4858.75 0.16000028
4862.0 0.15983544
4865.25 0.15967080
4868.5 0.15950648
4871.75 0.15934244
4875.0 0.15917872
4878.25 0.15901527
4881.5 0.15885210
4884.75 0.15868922
4888.0 0.15852664
4891.25 0.15836434
4894.5 0.15820231
4897.75 0.15804057
4901.0 0.15787910
4904.25 0.15771794
4907.5 0.15755704
4910.75 0.15739642
4914.0 0.15723613
4917.25 0.15707608
4920.5 0.15691628
4923.75 0.15675677
4927.0 0.15659758
4930.25 0.15643866
4933.5 0.15627998
4936.75 0.15612161
4940.0 0.15596355
4943.25 0.15580574
4946.5 0.15564819
4949.75 0.15549091
4953.0 0.15533392
4956.25 0.15517719
4959.5 0.15502077
4962.75 0.15486464
4966.0 0.15470876
4969.25 0.15455310
4972.5 0.15439776
4975.75 0.15424271
4979.0 0.15408789
4982.25 0.15393338
4985.5 0.15377909
4988.75 0.15362513
4992.0 0.15347141
4995.25 0.15331797
4998.5 0.15316480
5001.75 0.15301192
5005.0 0.15285924
5008.25 0.15270688
5011.5 0.15255481
5014.75 0.15240294
5018.0 0.15225141
5021.25 0.15210007
5024.5 0.15194900
5027.75 0.15179828
5031.0 0.15164787
5034.25 0.15149754
5037.5 0.15134753
5040.75 0.15119787
5044.0 0.15104842
5047.25 0.15089916
5050.5 0.15075019
5053.75 0.15060171
5057.0 0.15045317
5060.25 0.15030506
5063.5 0.15015727
5066.75 0.15000965
5070.0 0.14986229
5073.25 0.14971519
5076.5 0.14956826
5079.75 0.14942181
5083.0 0.14927545
5086.25 0.14912938
5089.5 0.14898348
5092.75 0.14883795
5096.0 0.14869267
5099.25 0.14854759
5102.5 0.14840281
5105.75 0.14825834
5109.0 0.14811413
5112.25 0.14797013
5115.5 0.14782633
5118.75 0.14768283
5122.0 0.14753962
5125.25 0.14739653
5128.5 0.14725378
5131.75 0.14711140
5135.0 0.14696904
5138.25 0.14682710
5141.5 0.14668542
5144.75 0.14654391
5148.0 0.14640267
5151.25 0.14626168
5154.5 0.14612083
5157.75 0.14598045
5161.0 0.14584015
5164.25 0.14570017
5167.5 0.14556041
5170.75 0.14542095
5174.0 0.14528166
5177.25 0.14514275
5180.5 0.14500402
5183.75 0.14486553
5187.0 0.14472717
5190.25 0.14458920
5193.5 0.14445141
5196.75 0.14431386
5200.0 0.14417657
5203.25 0.14403960
5206.5 0.14390273
5209.75 0.14376627
5213.0 0.14362997
5216.25 0.14349391
5219.5 0.14335796
5222.75 0.14322244
5226.0 0.14308703
5229.25 0.14295208
5232.5 0.14281720
5235.75 0.14268249
5239.0 0.14254816
5242.25 0.14241396
5245.5 0.14228019
5248.75 0.14214651
5252.0 0.14201298
5255.25 0.14187984
5258.5 0.14174697
5261.75 0.14161426
5265.0 0.14148173
5268.25 0.14134952
5271.5 0.14121756
5274.75 0.14108574
5278.0 0.14095418
5281.25 0.14082302
5284.5 0.14069194
5287.75 0.14056101
5291.0 0.14043048
5294.25 0.14030007
5297.5 0.14017005
5300.75 0.14004016
5304.0 0.13991041
5307.25 0.13978106
5310.5 0.13965189
5313.75 0.13952293
5317.0 0.13939416
5320.25 0.13926567
5323.5 0.13913745
5326.75 0.13900936
5330.0 0.13888164
5333.25 0.13875401
5336.5 0.13862668
5339.75 0.13849957
5343.0 0.13837272
5346.25 0.13824601
5349.5 0.13811971
5352.75 0.13799348
5356.0 0.13786750
5359.25 0.13774179
5362.5 0.13761622
5365.75 0.13749100
5369.0 0.13736589
5372.25 0.13724102
5375.5 0.13711645
5378.75 0.13699208
5382.0 0.13686784
5385.25 0.13674399
5388.5 0.13662028
5391.75 0.13649675
5395.0 0.13637352
5398.25 0.13625042
5401.5 0.13612767
5404.75 0.13600501
5408.0 0.13588277
5411.25 0.13576061
5414.5 0.13563856
5417.75 0.13551693
5421.0 0.13539551
5424.25 0.13527420
5427.5 0.13515314
5430.75 0.13503233
5434.0 0.13491175
5437.25 0.13479140
5440.5 0.13467118
5443.75 0.13455120
5447.0 0.13443148
5450.25 0.13431197
5453.5 0.13419273
5456.75 0.13407372
5460.0 0.13395481
5463.25 0.13383625
5466.5 0.13371783
5469.75 0.13359964
5473.0 0.13348167
5476.25 0.13336384
5479.5 0.13324638
5482.75 0.13312899
5486.0 0.13301185
5489.25 0.13289495
5492.5 0.13277832
5495.75 0.13266186
5499.0 0.13254556
5502.25 0.13242947
5505.5 0.13231376
5508.75 0.13219811
5512.0 0.13208263
5515.25 0.13196748
5518.5 0.13185257
5521.75 0.13173772
5525.0 0.13162318
5528.25 0.13150881
5531.5 0.13139468
5534.75 0.13128082
5538.0 0.13116705
5541.25 0.13105361
5544.5 0.13094030
5547.75 0.13082722
5551.0 0.13071436
5554.25 0.13060176
5557.5 0.13048923
5560.75 0.13037705
5564.0 0.13026497
5567.25 0.13015313
5570.5 0.13004152
5573.75 0.12993017
5577.0 0.12981896
5580.25 0.12970793
5583.5 0.12959722
5586.75 0.12948659
5590.0 0.12937622
5593.25 0.12926608
5596.5 0.12915605
5599.75 0.12904635
5603.0 0.12893672
5606.25 0.12882748
5609.5 0.12871832
5612.75 0.12860939
5616.0 0.12850069
5619.25 0.12839207
5622.5 0.12828380
5625.75 0.12817566
5629.0 0.12806772
5632.25 0.12796000
5635.5 0.12785248
5638.75 0.12774520
5642.0 0.12763803
5645.25 0.12753120
5648.5 0.12742446
5651.75 0.12731792
5655.0 0.12721163
5658.25 0.12710553
5661.5 0.12699968
5664.75 0.12689391
5668.0 0.12678848
5671.25 0.12668313
5674.5 0.12657805
5677.75 0.12647316
5681.0 0.12636848
5684.25 0.12626399
5687.5 0.12615964
5690.75 0.12605548
5694.0 0.12595166
5697.25 0.12584795
5700.5 0.12574445
5703.75 0.12564100
5707.0 0.12553795
5710.25 0.12543511
5713.5 0.12533236
5716.75 0.12522976
5720.0 0.12512742
5723.25 0.12502532
5726.5 0.12492339
5729.75 0.12482156
5733.0 0.12472007
5736.25 0.12461865
5739.5 0.12451749
5742.75 0.12441649
5746.0 0.12431572
5749.25 0.12421517
5752.5 0.12411483
5755.75 0.12401459
5759.0 0.12391466
5762.25 0.12381481
5765.5 0.12371522
5768.75 0.12361579
5772.0 0.12351657
5775.25 0.12341745
5778.5 0.12331867
5781.75 0.12321998
5785.0 0.12312147
5788.25 0.12302319
5791.5 0.12292512
5794.75 0.12282721
5798.0 0.12272957
5801.25 0.12263200
5804.5 0.12253471
5807.75 0.12243756
5811.0 0.12234060
5814.25 0.12224385
5817.5 0.12214729
5820.75 0.12205083
5824.0 0.12195468
5827.25 0.12185863
5830.5 0.12176289
5833.75 0.12166722
5837.0 0.12157177
5840.25 0.12147655
5843.5 0.12138151
5846.75 0.12128657
5850.0 0.12119191
5853.25 0.12109736
5856.5 0.12100304
5859.75 0.12090886
5863.0 0.12081491
5866.25 0.12072118
5869.5 0.12062763
5872.75 0.12053417
5876.0 0.12044103
5879.25 0.12034795
5882.5 0.12025509
5885.75 0.12016243
5889.0 0.12006997
5892.25 0.11997770
5895.5 0.11988552
5898.75 0.11979365
5902.0 0.11970185
5905.25 0.11961039
5908.5 0.11951900
5911.75 0.11942780
5915.0 0.11933666
5918.25 0.11924586
5921.5 0.11915528
5924.75 0.11906473
5928.0 0.11897453
5931.25 0.11888439
5934.5 0.11879446
5937.75 0.11870474
5941.0 0.11861514
5944.25 0.11852568
5947.5 0.11843654
5950.75 0.11834747
5954.0 0.11825854
5957.25 0.11816999
5960.5 0.11808150
5963.75 0.11799318
5967.0 0.11790494
5970.25 0.11781703
5973.5 0.11772930
5976.75 0.11764164
5980.0 0.11755417
5983.25 0.11746691
5986.5 0.11737994
5989.75 0.11729294
5993.0 0.11720624
5996.25 0.11711975
5999.5 0.11703331
