300.0 0.0
350.0 0.0000000
353.5 0.0000000
357.0 0.0000000
360.5 0.0000000
364.0 0.0000000
367.5 0.0000000
371.0 0.0000000
374.5 0.0000000
378.0 0.0000000
381.5 0.0000000
385.0 0.0000000
388.5 0.0000000
392.0 0.0000000
395.5 0.0000000
399.0 0.0000000
402.5 0.0000000
406.0 0.0000000
409.5 0.0000000
413.0 0.0000000
416.5 0.0000000
420.0 0.0000000
423.5 0.0000000
427.0 0.0000000
430.5 0.0000000
434.0 0.0000000
437.5 0.0000000
441.0 0.0000000
444.5 0.0000000
448.0 0.0000000
451.5 0.0000000
455.0 0.0000000
458.5 0.0000000
462.0 0.0000000
465.5 0.0000000
469.0 0.0000000
472.5 0.0000000
476.0 0.0000000
479.5 0.0000000
483.0 0.0000000
486.5 0.0000000
490.0 0.0000000
493.5 0.0000000
497.0 0.0000000
500.5 0.0000000
504.0 0.0000000
507.5 0.0000000
511.0 0.0000000
514.5 0.0000000
518.0 0.0000000
521.5 0.0000000
525.0 0.0000000
528.5 0.0000000
532.0 0.0000000
535.5 0.0000000
539.0 0.0000000
542.5 0.0000000
546.0 0.0000000
549.5 0.0000000
553.0 0.0000000
556.5 0.0000000
560.0 0.0000000
563.5 0.0000000
567.0 0.0000000
570.5 0.0000000
574.0 0.0000000
577.5 0.0000000
581.0 0.0000000
584.5 0.0000000
588.0 0.0000000
591.5 0.0000000
595.0 0.0000000
598.5 0.0000000
602.0 0.0000000
605.5 0.0000000
609.0 0.0000000
612.5 0.0000000
616.0 0.0000000
619.5 0.0000000
623.0 0.0000000
626.5 0.0000000
630.0 0.0000000
633.5 0.0000000
637.0 0.0000000
640.5 0.15919715
644.0 0.14740750
647.5 0.13624443
651.0 0.12567927
654.5 0.11568862
658.0 0.10629983
661.5 9.77056250E-02
665.0 8.93421918E-02
668.5 8.07111040E-02
672.0 7.20144659E-02
675.5 6.38362393E-02
679.0 5.65023124E-02
682.5 0.15045853
686.0 0.13812025
689.5 0.12648931
693.0 0.11556604
696.5 0.10532109
700.0 0.10500138
703.5 9.97679085E-02
707.0 9.01746526E-02
710.5 8.75874907E-02
714.0 8.66623670E-02
717.5 8.68990794E-02
721.0 0.65556955
724.5 0.65621704
728.0 0.54687023
731.5 0.44840768
735.0 0.41405809
738.5 0.39641735
742.0 0.39099792
745.5 0.39074907
749.0 0.37437779
752.5 0.33242527
756.0 0.32980722
759.5 0.28994200
763.0 0.25926208
766.5 0.23565283
770.0 0.22318199
773.5 0.22267202
777.0 0.20982465
780.5 0.21059565
784.0 0.21417929
787.5 0.20459348
791.0 0.17662294
794.5 0.16256182
798.0 0.13934314
801.5 0.13162941
805.0 0.12216371
808.5 0.11002111
812.0 0.10179242
815.5 9.72568989E-02
819.0 9.34053883E-02
822.5 9.28065628E-02
826.0 8.86177346E-02
829.5 8.53521153E-02
833.0 8.34712982E-02
836.5 8.42039511E-02
840.0 8.70500579E-02
843.5 9.43787694E-02
847.0 0.10582884
850.5 0.12945618
854.0 6.6950665
857.5 5.4059300
861.0 5.0337791
864.5 5.0233197
868.0 4.6979036
871.5 3.7547910
875.0 3.2366347
878.5 3.0389166
882.0 2.9034908
885.5 2.7106090
889.0 2.4711816
892.5 2.3115625
896.0 2.2546732
899.5 2.2570975
903.0 2.2900457
906.5 2.3019481
910.0 2.4721498
913.5 2.5070283
917.0 2.3955700
920.5 2.1796186
924.0 2.1903694
927.5 2.1672232
931.0 2.2157960
934.5 2.2505147
938.0 2.2196929
941.5 2.1366751
945.0 2.1051569
948.5 2.1688240
952.0 2.1522024
955.5 2.1849067
959.0 2.1535425
962.5 2.2007170
966.0 2.3231897
969.5 2.4500272
973.0 2.6262326
976.5 2.6709821
980.0 2.7051780
983.5 2.4566250
987.0 2.2906158
990.5 2.1668453
994.0 2.1114821
997.5 2.0992355
1001.0 2.0017195
1004.5 1.9737506
1008.0 1.9593858
1011.5 1.9422693
1015.0 1.9745158
1018.5 1.9529969
1022.0 1.9089135
1025.5 1.9636089
1029.0 1.9271671
1032.5 1.9546829
1036.0 1.9988292
1039.5 2.0257168
1043.0 2.0723243
1046.5 2.0666187
1050.0 2.1293790
1053.5 2.1737204
1057.0 2.2237101
1060.5 2.3047700
1064.0 2.4733481
1067.5 2.6995232
1071.0 2.9588358
1074.5 3.2884085
1078.0 3.6977832
1081.5 3.9373851
1085.0 3.5690820
1088.5 3.0236387
1092.0 2.6093383
1095.5 2.3917174
1099.0 2.2808015
1102.5 2.2159321
1106.0 2.1080899
1109.5 2.0975137
1113.0 2.0314112
1116.5 2.0682528
1120.0 2.0705957
1123.5 2.0601177
1127.0 2.0793266
1130.5 2.0500696
1134.0 2.0776703
1137.5 2.1030703
1141.0 2.1030405
1144.5 2.1447189
1148.0 2.0585191
1151.5 2.0411487
1155.0 2.0113199
1158.5 2.0409083
1162.0 2.0467491
1165.5 2.0143218
1169.0 1.9093381
1172.5 1.8448117
1176.0 1.8160596
1179.5 1.7798613
1183.0 1.7800789
1186.5 1.7726120
1190.0 1.7665948
1193.5 1.7917798
1197.0 1.7835202
1200.5 1.8094693
1204.0 1.8152175
1207.5 1.8092842
1211.0 1.7859194
1214.5 1.8059366
1218.0 1.8114314
1221.5 1.8578634
1225.0 1.8254542
1228.5 1.7935954
1232.0 1.7123731
1235.5 1.7358103
1239.0 1.7415010
1242.5 1.7161844
1246.0 1.7720195
1249.5 1.7866820
1253.0 1.7376240
1256.5 1.7060001
1260.0 1.7062659
1263.5 1.7043095
1267.0 1.7015880
1270.5 1.7212886
1274.0 1.6893133
1277.5 1.6821097
1281.0 1.7017533
1284.5 1.6979834
1288.0 1.7381645
1291.5 1.7288392
1295.0 1.8386769
1298.5 1.8304656
1302.0 1.8472043
1305.5 1.8174003
1309.0 1.8195461
1312.5 1.8344594
1316.0 1.9141705
1319.5 2.0576177
1323.0 2.1875041
1326.5 2.2927592
1330.0 2.3315446
1333.5 2.4517000
1337.0 2.3425550
1340.5 2.1399062
1344.0 1.9555738
1347.5 1.8328179
1351.0 1.7746146
1354.5 1.7155190
1358.0 1.6599928
1361.5 1.6171494
1365.0 1.6038860
1368.5 1.5412173
1372.0 1.5146964
1375.5 1.5004764
1379.0 1.5127687
1382.5 1.5169008
1386.0 1.4797213
1389.5 1.4835608
1393.0 1.4891794
1396.5 1.4993882
1400.0 1.4600848
1403.5 1.4738361
1407.0 1.5060260
1410.5 1.4224545
1414.0 1.4579899
1417.5 1.4652491
1421.0 1.4529384
1424.5 1.4632800
1428.0 1.4380940
1431.5 1.4170847
1435.0 1.4544441
1438.5 1.5111969
1442.0 1.4792721
1445.5 1.5144055
1449.0 1.4996773
1452.5 1.5017247
1456.0 1.4913144
1459.5 1.5085288
1463.0 1.5022557
1466.5 1.4965492
1470.0 1.4469773
1473.5 1.4217725
1477.0 1.4384800
1480.5 1.4572073
1484.0 1.3939435
1487.5 1.4595255
1491.0 1.4071163
1494.5 1.4390478
1498.0 1.4242367
1501.5 1.4515169
1505.0 1.3813571
1508.5 1.4001619
1512.0 1.3972024
1515.5 1.4199588
1519.0 1.3481231
1522.5 1.3623412
1526.0 1.3866574
1529.5 1.3235173
1533.0 1.3465776
1536.5 1.3043783
1540.0 1.2665973
1543.5 1.2635765
1547.0 1.2605658
1550.5 1.2671435
1554.0 1.2731272
1557.5 1.2733079
1561.0 1.2538486
1564.5 1.2456616
1568.0 1.2427100
1571.5 1.2397687
1575.0 1.2535634
1578.5 1.2496444
1582.0 1.2661706
1585.5 1.2719195
1589.0 1.2695348
1592.5 1.2768812
1596.0 1.2867423
1599.5 1.3080872
1603.0 1.3354390
1606.5 1.3230889
1610.0 1.3560375
1613.5 1.3695680
1617.0 1.3790269
1620.5 1.3846228
1624.0 1.3924110
1627.5 1.4078220
1631.0 1.4128828
1634.5 1.3917481
1638.0 1.3774475
1641.5 1.3446364
1645.0 1.3392942
1648.5 1.3115060
1652.0 1.3286819
1655.5 1.3104076
1659.0 1.3000382
1662.5 1.3017181
1666.0 1.2917690
1669.5 1.2928922
1673.0 1.2938216
1676.5 1.3067335
1680.0 1.3353661
1683.5 1.3129772
1687.0 1.3581945
1690.5 1.3896749
1694.0 1.4287248
1697.5 1.4223788
1701.0 1.3799485
1704.5 1.3710020
1708.0 1.3733288
1711.5 1.3401464
1715.0 1.3132505
1718.5 1.3038954
1722.0 1.2969124
1725.5 1.3198212
1729.0 1.3447304
1732.5 1.3481079
1736.0 1.3374606
1739.5 1.3389519
1743.0 1.3286779
1746.5 1.3335470
1750.0 1.3181579
1753.5 1.3108803
1757.0 1.3106192
1760.5 1.3028191
1764.0 1.2846524
1767.5 1.2644155
1771.0 1.2745473
1774.5 1.2771086
1778.0 1.2760191
1781.5 1.2620602
1785.0 1.2506598
1788.5 1.2458007
1792.0 1.2380451
1795.5 1.2317044
1799.0 1.2196405
1802.5 1.2017176
1806.0 1.2063259
1809.5 1.2049685
1813.0 1.1902058
1816.5 1.1576812
1820.0 1.1860247
1823.5 1.1898766
1827.0 1.1812575
1830.5 1.1798353
1834.0 1.1885920
1837.5 1.1652784
1841.0 1.1643357
1844.5 1.1402935
1848.0 1.1211531
1851.5 1.0761102
1855.0 1.0699362
1858.5 1.0669383
1862.0 1.0553095
1865.5 1.0827824
1869.0 1.0973392
1872.5 1.0984908
1876.0 1.0737612
1879.5 1.0835491
1883.0 1.0871187
1886.5 1.1005628
1890.0 1.0995464
1893.5 1.1238098
1897.0 1.1552340
1900.5 1.1641592
1904.0 1.1480299
1907.5 1.1819602
1911.0 1.1964781
1914.5 1.1940960
1918.0 1.1990287
1921.5 1.2462922
1925.0 1.2755942
1928.5 1.2677268
1932.0 1.2905610
1935.5 1.2599382
1939.0 1.2901856
1942.5 1.3330799
1946.0 1.4427575
1949.5 1.5712680
1953.0 1.7715172
1956.5 1.9753619
1960.0 2.0365052
1963.5 1.9311432
1967.0 1.7088004
1970.5 1.5188169
1974.0 1.4005244
1977.5 1.3414733
1981.0 1.2947606
1984.5 1.2584023
1988.0 1.2295835
1991.5 1.2019507
1995.0 1.1923313
1998.5 1.1671184
2002.0 1.1451638
2005.5 1.1202685
2009.0 1.1057696
2012.5 1.1013592
2016.0 1.0688149
2019.5 1.0698559
2023.0 1.0422752
2026.5 1.0344965
2030.0 1.0323750
2033.5 0.98885584
2037.0 1.0027431
2040.5 1.0011537
2044.0 1.0149007
2047.5 1.0417843
2051.0 1.0505877
2054.5 1.0532275
2058.0 1.0514332
2061.5 1.0577999
2065.0 1.0424489
2068.5 1.0441114
2072.0 1.0570328
2075.5 1.0405349
2079.0 1.0431637
2082.5 1.0235617
2086.0 1.0288584
2089.5 1.0032150
2093.0 0.98552036
2096.5 0.96705377
2100.0 0.95750421
2103.5 0.93379039
2107.0 0.92360431
2110.5 0.89761335
2114.0 0.87958431
2117.5 0.87533712
2121.0 0.88293183
2124.5 0.87074023
2128.0 0.88866156
2131.5 0.89262795
2135.0 0.89476442
2138.5 0.89397579
2142.0 0.89406335
2145.5 0.91110629
2149.0 0.90099579
2152.5 0.91809875
2156.0 0.91640574
2159.5 0.91211230
2163.0 0.90151948
2166.5 0.91003120
2170.0 0.90295166
2173.5 0.92151272
2177.0 0.94418633
2180.5 0.94602585
2184.0 0.98315042
2187.5 0.99039090
2191.0 0.98926193
2194.5 0.97501004
2198.0 0.97337985
2201.5 0.93686372
2205.0 0.95695913
2208.5 0.94688082
2212.0 0.94443649
2215.5 0.95558089
2219.0 0.98009121
2222.5 0.98035538
2226.0 0.99193043
2229.5 0.99742091
2233.0 1.0044599
2236.5 0.99390548
2240.0 0.99802333
2243.5 0.98248935
2247.0 0.99288863
2250.5 0.97995031
2254.0 0.95019430
2257.5 0.94993043
2261.0 0.96093816
2264.5 0.93497622
2268.0 0.93289810
2271.5 0.93295920
2275.0 0.93176639
2278.5 0.94590968
2282.0 0.94110131
2285.5 0.92451519
2289.0 0.92207026
2292.5 0.93998408
2296.0 0.93756616
2299.5 0.93052840
2303.0 0.94692683
2306.5 0.91951412
2310.0 0.90750420
2313.5 0.89472991
2317.0 0.88549978
2320.5 0.87824219
2324.0 0.85955495
2327.5 0.85557038
2331.0 0.86507213
2334.5 0.87217170
2338.0 0.88279063
2341.5 0.90972912
2345.0 0.87819219
2348.5 0.86538744
2352.0 0.85946524
2355.5 0.85481310
2359.0 0.84430408
2362.5 0.86376238
2366.0 0.86005223
2369.5 0.86557657
2373.0 0.85693806
2376.5 0.85902691
2380.0 0.85895008
2383.5 0.87804037
2387.0 0.88262445
2390.5 0.89698613
2394.0 0.92549872
2397.5 0.96253777
2401.0 0.91652483
2404.5 0.88108760
2408.0 0.88553071
2411.5 0.87134504
2415.0 0.83898413
2418.5 0.84780961
2422.0 0.84967917
2425.5 0.82552081
2429.0 0.81938404
2432.5 0.80064791
2436.0 0.78879070
2439.5 0.80942470
2443.0 0.80660915
2446.5 0.79466641
2450.0 0.80969012
2453.5 0.78887188
2457.0 0.77567780
2460.5 0.77484602
2464.0 0.76130438
2467.5 0.74819648
2471.0 0.73329163
2474.5 0.74203223
2478.0 0.73974484
2481.5 0.71789366
2485.0 0.72373682
2488.5 0.73491669
2492.0 0.73932743
2495.5 0.72488791
2499.0 0.73767310
2502.5 0.75555205
2506.0 0.74089450
2509.5 0.75652593
2513.0 0.73437089
2516.5 0.73563433
2520.0 0.72428095
2523.5 0.73315054
2527.0 0.73699123
2530.5 0.72203791
2534.0 0.74157292
2537.5 0.72862548
2541.0 0.72170448
2544.5 0.72758079
2548.0 0.71137655
2551.5 0.71871674
2555.0 0.71254712
2558.5 0.71682566
2562.0 0.72109747
2565.5 0.71098262
2569.0 0.70444041
2572.5 0.70202416
2576.0 0.69835144
2579.5 0.69367963
2583.0 0.69370818
2586.5 0.70296353
2590.0 0.70150405
2593.5 0.70040107
2597.0 0.68656796
2600.5 0.68873894
2604.0 0.71726722
2607.5 0.80800939
2611.0 0.83890319
2614.5 0.70858711
2618.0 0.68309504
2621.5 0.68257880
2625.0 0.67409414
2628.5 0.69790977
2632.0 0.67802674
2635.5 0.66278392
2639.0 0.66701156
2642.5 0.65911275
2646.0 0.65008283
2649.5 0.64292210
2653.0 0.63464785
2656.5 0.59986365
2660.0 0.60928106
2663.5 0.59755480
2667.0 0.62333649
2670.5 0.62152809
2674.0 0.61456299
2677.5 0.60814899
2681.0 0.60336292
2684.5 0.61848938
2688.0 0.60556138
2691.5 0.61539227
2695.0 0.62445951
2698.5 0.63446611
2702.0 0.65938061
2705.5 0.70938528
2709.0 0.73862141
2712.5 0.66352618
2716.0 0.61978048
2719.5 0.64169157
2723.0 0.64653194
2726.5 0.61253089
2730.0 0.59916085
2733.5 0.59977227
2737.0 0.58897740
2740.5 0.58523685
2744.0 0.57412183
2747.5 0.55725735
2751.0 0.53860545
2754.5 0.53462279
2758.0 0.55065572
2761.5 0.56684262
2765.0 0.56823164
2768.5 0.57434058
2772.0 0.58825141
2775.5 0.58849347
2779.0 0.58462322
2782.5 0.56491971
2786.0 0.56706411
2789.5 0.56387943
2793.0 0.54026598
2796.5 0.54693943
2800.0 0.52839226
2803.5 0.52820748
2807.0 0.51885515
2810.5 0.52994418
2814.0 0.53647238
2817.5 0.52649629
2821.0 0.50976121
2824.5 0.50901783
2828.0 0.50646228
2831.5 0.50030500
2835.0 0.51532024
2838.5 0.50429803
2842.0 0.51705652
2845.5 0.52713794
2849.0 0.55905682
2852.5 0.55023450
2856.0 0.54679561
2859.5 0.57074392
2863.0 0.57852000
2866.5 0.59848219
2870.0 0.63617373
2873.5 0.61733460
2877.0 0.58627015
2880.5 0.58313376
2884.0 0.55686688
2887.5 0.54275566
2891.0 0.53691876
2894.5 0.52774829
2898.0 0.50996166
2901.5 0.49017340
2905.0 0.48430285
2908.5 0.48640248
2912.0 0.49968925
2915.5 0.49551111
2919.0 0.49212855
2922.5 0.50280029
2926.0 0.48528114
2929.5 0.47898665
2933.0 0.48763946
2936.5 0.47631460
2940.0 0.47101703
2943.5 0.47011608
2947.0 0.46921775
2950.5 0.47119695
2954.0 0.47492290
2957.5 0.47258377
2961.0 0.47065809
2964.5 0.49679390
2968.0 0.49362895
2971.5 0.50097293
2975.0 0.49187118
2978.5 0.47985479
2982.0 0.47201061
2985.5 0.49299648
2989.0 0.49252123
2992.5 0.48883510
2996.0 0.51125604
2999.5 0.49751639
3003.0 0.51343399
3006.5 0.54120058
3010.0 0.53167999
3013.5 0.54238850
3017.0 0.55215460
3020.5 0.57457262
3024.0 0.61081380
3027.5 0.61736470
3031.0 0.65133953
3034.5 0.70478600
3038.0 0.73068303
3041.5 0.73357826
3045.0 0.68191099
3048.5 0.66954225
3052.0 0.66264296
3055.5 0.63030708
3059.0 0.60161227
3062.5 0.55080765
3066.0 0.53916317
3069.5 0.51755846
3073.0 0.50696445
3076.5 0.51967067
3080.0 0.50535691
3083.5 0.49662128
3087.0 0.49698892
3090.5 0.48524061
3094.0 0.48168543
3097.5 0.47904655
3101.0 0.44935158
3104.5 0.46460199
3108.0 0.46209198
3111.5 0.47373977
3115.0 0.46334344
3118.5 0.46119174
3122.0 0.48183259
3125.5 0.48866430
3129.0 0.50696886
3132.5 0.49949104
3136.0 0.49555114
3139.5 0.47683033
3143.0 0.50294685
3146.5 0.50392854
3150.0 0.50689304
3153.5 0.50311840
3157.0 0.52191067
3160.5 0.54398835
3164.0 0.53992695
3167.5 0.51764464
3171.0 0.50526571
3174.5 0.49288544
3178.0 0.49617815
3181.5 0.53254485
3185.0 0.51792675
3188.5 0.51146239
3192.0 0.53113252
3195.5 0.52652228
3199.0 0.48746309
3202.5 0.51358891
3206.0 0.53384322
3209.5 0.51073420
3213.0 0.50084323
3216.5 0.50860125
3220.0 0.48946667
3223.5 0.47792903
3227.0 0.47934335
3230.5 0.49446440
3234.0 0.51225054
3237.5 0.51178300
3241.0 0.50140017
3244.5 0.50747621
3248.0 0.49219298
3251.5 0.50020856
3255.0 0.48492205
3258.5 0.51016891
3262.0 0.48000768
3265.5 0.49542055
3269.0 0.47462702
3272.5 0.47889876
3276.0 0.48244640
3279.5 0.49816114
3283.0 0.45419973
3286.5 0.45306495
3290.0 0.42580789
3293.5 0.42027980
3297.0 0.41425294
3300.5 0.42422733
3304.0 0.42268604
3307.5 0.42127010
3311.0 0.41356260
3314.5 0.41967782
3318.0 0.42383826
3321.5 0.41478565
3325.0 0.40072337
3328.5 0.40414271
3332.0 0.40563598
3335.5 0.40336871
3339.0 0.40949771
3342.5 0.41454339
3346.0 0.42185950
3349.5 0.42010653
3353.0 0.41664386
3356.5 0.42459288
3360.0 0.43661323
3363.5 0.43673128
3367.0 0.44057679
3370.5 0.45690131
3374.0 0.48365185
3377.5 0.48572996
3381.0 0.52187878
3384.5 0.52649653
3388.0 0.54390073
3391.5 0.58431929
3395.0 0.60814732
3398.5 0.68014383
3402.0 0.74160957
3405.5 0.71790874
3409.0 0.66940171
3412.5 0.62140661
3416.0 0.58761764
3419.5 0.55820447
3423.0 0.52116185
3426.5 0.51168019
3430.0 0.50642848
3433.5 0.48862672
3437.0 0.46121889
3440.5 0.47481170
3444.0 0.45916346
3447.5 0.45196360
3451.0 0.44417602
3454.5 0.43207130
3458.0 0.42720893
3461.5 0.43816605
3465.0 0.43810540
3468.5 0.51678210
3472.0 0.56472403
3475.5 0.47188628
3479.0 0.41895470
3482.5 0.40772414
3486.0 0.40416259
3489.5 0.39408770
3493.0 0.41957137
3496.5 0.45821738
3500.0 0.55665660
3503.5 0.78396934
3507.0 0.78188187
3510.5 0.52560019
3514.0 0.44231895
3517.5 0.41568828
3521.0 0.40413186
3524.5 0.39446479
3528.0 0.38675523
3531.5 0.38687229
3535.0 0.38400099
3538.5 0.38441068
3542.0 0.38375422
3545.5 0.37735826
3549.0 0.37303081
3552.5 0.37289375
3556.0 0.35850796
3559.5 0.35101330
3563.0 0.36631083
3566.5 0.36289167
3570.0 0.36727351
3573.5 0.35234645
3577.0 0.35510066
3580.5 0.35002375
3584.0 0.36211726
3587.5 0.35563418
3591.0 0.34635645
3594.5 0.35417712
3598.0 0.35185036
3601.5 0.36244780
3605.0 0.36420763
3608.5 0.37867603
3612.0 0.38673681
3615.5 0.38116616
3619.0 0.37002701
3622.5 0.38618010
3626.0 0.37008262
3629.5 0.36079049
3633.0 0.36139518
3636.5 0.38166440
3640.0 0.37441045
3643.5 0.35457972
3647.0 0.35911706
3650.5 0.36230588
3654.0 0.36827359
3657.5 0.36218640
3661.0 0.36550930
3664.5 0.36396062
3668.0 0.36585072
3671.5 0.35238799
3675.0 0.35824728
3678.5 0.36976153
3682.0 0.35187885
3685.5 0.36170766
3689.0 0.36305436
3692.5 0.36027935
3696.0 0.36068255
3699.5 0.36316937
3703.0 0.36068717
3706.5 0.37444010
3710.0 0.35733831
3713.5 0.34971285
3717.0 0.38229823
3720.5 0.35674766
3724.0 0.37322569
3727.5 0.36368164
3731.0 0.35274071
3734.5 0.34763637
3738.0 0.34357715
3741.5 0.35375795
3745.0 0.33515781
3748.5 0.33801240
3752.0 0.34134534
3755.5 0.33753908
3759.0 0.32158643
3762.5 0.32737526
3766.0 0.33516076
3769.5 0.33434185
3773.0 0.32406795
3776.5 0.32515186
3780.0 0.32230929
3783.5 0.31596482
3787.0 0.32216331
3790.5 0.32860437
3794.0 0.32628205
3797.5 0.31820935
3801.0 0.31347725
3804.5 0.30869573
3808.0 0.31929672
3811.5 0.30775166
3815.0 0.32843858
3818.5 0.30947456
3822.0 0.31077719
3825.5 0.30587667
3829.0 0.30541068
3832.5 0.30494577
3836.0 0.30448192
3839.5 0.31134480
3843.0 0.31259179
3846.5 0.31966960
3850.0 0.31176254
3853.5 0.31258544
3857.0 0.30172157
3860.5 0.30126518
3864.0 0.30973661
3867.5 0.31879237
3871.0 0.31329826
3874.5 0.30555072
3878.0 0.31746775
3881.5 0.32244769
3885.0 0.30617127
3888.5 0.30953681
3892.0 0.29720554
3895.5 0.29675964
3899.0 0.30263096
3902.5 0.29754746
3906.0 0.32518199
3909.5 0.31034502
3913.0 0.30179015
3916.5 0.33684230
3920.0 0.33226892
3923.5 0.31717417
3927.0 0.31129241
3930.5 0.29710773
3934.0 0.29661828
3937.5 0.29148814
3941.0 0.30094561
3944.5 0.29062355
3948.0 0.29195720
3951.5 0.28976291
3955.0 0.29204473
3958.5 0.28890613
3962.0 0.29043540
3965.5 0.28929403
3969.0 0.28762826
3972.5 0.29756784
3976.0 0.29309282
3979.5 0.28635922
3983.0 0.28593805
3986.5 0.28551790
3990.0 0.28509867
3993.5 0.28468034
3997.0 0.28426307
4000.5 0.28384662
4004.0 0.28962454
4007.5 0.28301662
4011.0 0.28342336
4014.5 0.28219035
4018.0 0.28340563
4021.5 0.28146231
4025.0 0.28095776
4028.5 0.28362858
4032.0 0.28753027
4035.5 0.28884986
4039.0 0.28610682
4042.5 0.28556898
4046.0 0.28469625
4049.5 0.28071970
4053.0 0.28298476
4056.5 0.28108606
4060.0 0.28049570
4063.5 0.28669238
4067.0 0.29920205
4070.5 0.28447503
4074.0 0.29429197
4077.5 0.28855440
4081.0 0.29742733
4084.5 0.29040894
4088.0 0.29978293
4091.5 0.29495057
4095.0 0.29624662
4098.5 0.30481407
4102.0 0.29737568
4105.5 0.30300987
4109.0 0.31295723
4112.5 0.33690342
4116.0 0.32914725
4119.5 0.32274705
4123.0 0.32445300
4126.5 0.29581055
4130.0 0.29081115
4133.5 0.30430844
4137.0 0.29888201
4140.5 0.28843722
4144.0 0.28996193
4147.5 0.29151651
4151.0 0.29185787
4154.5 0.28667900
4158.0 0.29229730
4161.5 0.29826692
4165.0 0.27987820
4168.5 0.28283066
4172.0 0.28084862
4175.5 0.28982168
4179.0 0.27338240
4182.5 0.27628073
4186.0 0.27549729
4189.5 0.27447948
4193.0 0.27642190
4196.5 0.27584326
4200.0 0.27513915
4203.5 0.27760270
4207.0 0.27308664
4210.5 0.27078432
4214.0 0.26600710
4217.5 0.26576418
4221.0 0.26140678
4224.5 0.26646030
4228.0 0.26701236
4231.5 0.27006286
4235.0 0.27222675
4238.5 0.26183236
4242.0 0.26743650
4245.5 0.27544484
4249.0 0.27221024
4252.5 0.27490139
4256.0 0.27989373
4259.5 0.27528691
4263.0 0.27730653
4266.5 0.27180389
4270.0 0.28544393
4273.5 0.26244441
4277.0 0.25370014
4280.5 0.25752872
4284.0 0.25407213
4287.5 0.25543007
4291.0 0.25577047
4294.5 0.26077935
4298.0 0.26558661
4301.5 0.25351256
4305.0 0.26062515
4308.5 0.26766014
4312.0 0.25778437
4315.5 0.25346953
4319.0 0.24955602
4322.5 0.24921545
4326.0 0.25025728
4329.5 0.26501617
4333.0 0.25248295
4336.5 0.25395826
4340.0 0.24752325
4343.5 0.24813113
4347.0 0.24790442
4350.5 0.25192243
4354.0 0.24936724
4357.5 0.25504068
4361.0 0.25588313
4364.5 0.25006229
4368.0 0.24832965
4371.5 0.24794477
4375.0 0.25508314
4378.5 0.25347775
4382.0 0.24811503
4385.5 0.24630190
4389.0 0.24439304
4392.5 0.24320242
4396.0 0.24520521
4399.5 0.24733625
4403.0 0.25549555
4406.5 0.25899515
4410.0 0.26388332
4413.5 0.27226064
4417.0 0.26136413
4420.5 0.24854583
4424.0 0.24934720
4427.5 0.24676199
4431.0 0.24290425
4434.5 0.24668339
4438.0 0.25401378
4441.5 0.25667650
4445.0 0.24867928
4448.5 0.25060791
4452.0 0.25434738
4455.5 0.25893122
4459.0 0.26284972
4462.5 0.24988919
4466.0 0.25235459
4469.5 0.25702861
4473.0 0.25778750
4476.5 0.25229782
4480.0 0.25184068
4483.5 0.25557083
4487.0 0.25532764
4490.5 0.25253603
4494.0 0.25872880
4497.5 0.25607049
4501.0 0.25967631
4504.5 0.26588193
4508.0 0.26215860
4511.5 0.26978081
4515.0 0.26544937
4518.5 0.28346580
4522.0 0.28555056
4525.5 0.29301330
4529.0 0.30124706
4532.5 0.30001190
4536.0 0.30612677
4539.5 0.32328346
4543.0 0.32506093
4546.5 0.33920529
4550.0 0.35485587
4553.5 0.37661403
4557.0 0.40180805
4560.5 0.43221074
4564.0 0.47409496
4567.5 0.52641267
4571.0 0.59044582
4574.5 0.66589314
4578.0 0.78067428
4581.5 0.91718745
4585.0 1.0891262
4588.5 1.2625006
4592.0 1.4849935
4595.5 1.5260087
4599.0 1.3049276
4602.5 1.0860394
4606.0 0.98801082
4609.5 0.93051875
4613.0 0.80576307
4616.5 0.67971587
4620.0 0.61231041
4623.5 0.55847412
4627.0 0.50925398
4630.5 0.47174463
4634.0 0.44879216
4637.5 0.42017081
4641.0 0.39117980
4644.5 0.36709103
4648.0 0.34289607
4651.5 0.32220864
4655.0 0.31565362
4658.5 0.30914858
4662.0 0.29358393
4665.5 0.29166964
4669.0 0.28617916
4672.5 0.28648415
4676.0 0.29151112
4679.5 0.29067442
4683.0 0.28460214
4686.5 0.27535349
4690.0 0.28908449
4693.5 0.29649186
4697.0 0.30250904
4700.5 0.33310983
4704.0 0.33136222
4707.5 0.30889174
4711.0 0.31197926
4714.5 0.31572413
4718.0 0.30663043
4721.5 0.28296292
4725.0 0.25992647
4728.5 0.25735602
4732.0 0.25082013
4735.5 0.24319141
4739.0 0.24165279
4742.5 0.23489912
4746.0 0.22453621
4749.5 0.22327334
4753.0 0.22435328
4756.5 0.22394368
4760.0 0.21348995
4763.5 0.21147756
4767.0 0.21121539
4770.5 0.21796255
4774.0 0.22652741
4777.5 0.21753909
4781.0 0.21435967
4784.5 0.21371624
4788.0 0.20964953
4791.5 0.20939046
4795.0 0.20913191
4798.5 0.22323397
4802.0 0.21471329
4805.5 0.21622847
4809.0 0.20810267
4812.5 0.20784660
4816.0 0.21161364
4819.5 0.21837571
4823.0 0.21665251
4826.5 0.21153475
4830.0 0.21364753
4833.5 0.21381867
4837.0 0.21220872
4840.5 0.20581634
4844.0 0.20556478
4847.5 0.20531374
4851.0 0.20696260
4854.5 0.20481309
4858.0 0.20456351
4861.5 0.20431444
4865.0 0.20912516
4868.5 0.20381773
4872.0 0.20357007
4875.5 0.20332292
4879.0 0.20610139
4882.5 0.20283005
4886.0 0.20258436
4889.5 0.20233913
4893.0 0.20209438
4896.5 0.20753177
4900.0 0.20281701
4903.5 0.21397769
4907.0 0.20264217
4910.5 0.20261811
4914.0 0.20063590
4917.5 0.20039447
4921.0 0.21467887
4924.5 0.22272767
4928.0 0.21497746
4931.5 0.23094095
4935.0 0.21351558
4938.5 0.24023099
4942.0 0.22612001
4945.5 0.20892110
4949.0 0.23249447
4952.5 0.21656400
4956.0 0.21118984
4959.5 0.21293382
4963.0 0.20618635
4966.5 0.20325533
4970.0 0.19682881
4973.5 0.19659476
4977.0 0.19939971
4980.5 0.20685680
4984.0 0.19589533
4987.5 0.19566312
4991.0 0.19543135
4994.5 0.19520003
4998.0 0.21466154
5001.5 0.19937941
5005.0 0.19450867
5008.5 0.19427915
5012.0 0.19753823
5015.5 0.19618517
5019.0 0.19359307
5022.5 0.19336537
5026.0 0.19883363
5029.5 0.20498185
5033.0 0.21631607
5036.5 0.19245854
5040.0 0.21290548
5043.5 0.19256260
5047.0 0.20161252
5050.5 0.19155872
5054.0 0.20450424
5057.5 0.19910876
5061.0 0.19868410
5064.5 0.20260948
5068.0 0.21203543
5071.5 0.20198254
5075.0 0.19000067
5078.5 0.20278178
5082.0 0.22447164
5085.5 0.18933931
5089.0 0.18911971
5092.5 0.18944348
5096.0 0.18868174
5099.5 0.18846340
5103.0 0.18824546
5106.5 0.20665440
5110.0 0.20128284
5113.5 0.18759419
5117.0 0.18737794
5120.5 0.19740504
5124.0 0.21122500
5127.5 0.18673161
5131.0 0.18827519
5134.5 0.23010398
5138.0 0.19785973
5141.5 0.19612926
5145.0 0.18566264
5148.5 0.21094698
5152.0 0.22542623
5155.5 0.21531419
5159.0 0.23679990
5162.5 0.23179935
5166.0 0.24426097
5169.5 0.21227992
5173.0 0.22023883
5176.5 0.27120689
5180.0 0.24321617
5183.5 0.23337761
5187.0 0.21121301
5190.5 0.20408095
5194.0 0.25223407
5197.5 0.24056444
5201.0 0.23269959
5204.5 0.21671504
5208.0 0.19388370
5211.5 0.21908256
5215.0 0.18148747
5218.5 0.18128285
5222.0 0.18107860
5225.5 0.18087481
5229.0 0.18067139
5232.5 0.18046831
5236.0 0.18026569
5239.5 0.18006337
5243.0 0.17986149
5246.5 0.17965995
5250.0 0.17945884
5253.5 0.17925808
5257.0 0.17905772
5260.5 0.17885773
5264.0 0.17865814
5267.5 0.17845894
5271.0 0.17826007
5274.5 0.17806162
5278.0 0.17786352
5281.5 0.17766581
5285.0 0.17746848
5288.5 0.17727150
5292.0 0.17707494
5295.5 0.17687872
5299.0 0.17668284
5302.5 0.17648736
5306.0 0.17629227
5309.5 0.17609757
5313.0 0.17590317
5316.5 0.17570917
5320.0 0.17551558
5323.5 0.17532231
5327.0 0.17512943
5330.5 0.17493689
5334.0 0.17474473
5337.5 0.17455292
5341.0 0.17436150
5344.5 0.17417046
5348.0 0.17397977
5351.5 0.17378938
5355.0 0.17359939
5358.5 0.17340977
5362.0 0.17322050
5365.5 0.17303160
5369.0 0.17284305
5372.5 0.17265487
5376.0 0.17246702
5379.5 0.17227955
5383.0 0.17209245
5386.5 0.17190570
5390.0 0.17171924
5393.5 0.17153317
5397.0 0.17134750
5400.5 0.17116211
5404.0 0.17097713
5407.5 0.17079246
5411.0 0.17060810
5414.5 0.17042419
5418.0 0.17024064
5421.5 0.17005733
5425.0 0.16987438
5428.5 0.16969186
5432.0 0.16950963
5435.5 0.16932769
5439.0 0.16914615
5442.5 0.16896509
5446.0 0.16878414
5449.5 0.16860366
5453.0 0.16842352
5456.5 0.16824372
5460.0 0.16806425
5463.5 0.16788507
5467.0 0.16770624
5470.5 0.16752787
5474.0 0.16734970
5477.5 0.16717190
5481.0 0.16699442
5484.5 0.16681729
5488.0 0.16664053
5491.5 0.16646406
5495.0 0.16628793
5498.5 0.16611221
5502.0 0.16593678
5505.5 0.16576169
5509.0 0.16558689
5512.5 0.16541246
5516.0 0.16523834
5519.5 0.16506451
5523.0 0.16489105
5526.5 0.16471797
5530.0 0.16454510
5533.5 0.16437265
5537.0 0.16420053
5540.5 0.16402869
5544.0 0.16385721
5547.5 0.16368602
5551.0 0.16351512
5554.5 0.16334467
5558.0 0.16317442
5561.5 0.16300455
5565.0 0.16283497
5568.5 0.16266575
5572.0 0.16249682
5575.5 0.16232826
5579.0 0.16216001
5582.5 0.16199207
5586.0 0.16182438
5589.5 0.16165708
5593.0 0.16149008
5596.5 0.16132338
5600.0 0.16115701
5603.5 0.16099098
5607.0 0.16082521
5610.5 0.16065982
5614.0 0.16049474
5617.5 0.16032995
5621.0 0.16016538
5624.5 0.16000126
5628.0 0.15983735
5631.5 0.15967390
5635.0 0.15951063
5638.5 0.15934768
5642.0 0.15918507
5645.5 0.15902273
5649.0 0.15886080
5652.5 0.15869910
5656.0 0.15853766
5659.5 0.15837660
5663.0 0.15821587
5666.5 0.15805541
5670.0 0.15789521
5673.5 0.15773536
5677.0 0.15757583
5680.5 0.15741655
5684.0 0.15725759
5687.5 0.15709902
5691.0 0.15694065
5694.5 0.15678255
5698.0 0.15662485
5701.5 0.15646738
5705.0 0.15631028
5708.5 0.15615344
5712.0 0.15599686
5715.5 0.15584067
5719.0 0.15568469
5722.5 0.15552907
5726.0 0.15537369
5729.5 0.15521863
5733.0 0.15506388
5736.5 0.15490940
5740.0 0.15475528
5743.5 0.15460135
5747.0 0.15444779
5750.5 0.15429451
5754.0 0.15414150
5757.5 0.15398879
5761.0 0.15383644
5764.5 0.15368430
5768.0 0.15353246
5771.5 0.15338095
5775.0 0.15322967
5778.5 0.15307875
5782.0 0.15292805
5785.5 0.15277764
5789.0 0.15262756
5792.5 0.15247777
5796.0 0.15232819
5799.5 0.15217900
5803.0 0.15203007
5806.5 0.15188137
5810.0 0.15173300
5813.5 0.15158489
5817.0 0.15143710
5820.5 0.15128954
5824.0 0.15114236
5827.5 0.15099539
5831.0 0.15084864
5834.5 0.15070230
5838.0 0.15055621
5841.5 0.15041032
5845.0 0.15026478
5848.5 0.15011950
5852.0 0.14997451
5855.5 0.14982979
5859.0 0.14968534
5862.5 0.14954114
5866.0 0.14939725
5869.5 0.14925365
5873.0 0.14911035
5876.5 0.14896733
5880.0 0.14882450
5883.5 0.14868201
5887.0 0.14853981
5890.5 0.14839786
5894.0 0.14825615
5897.5 0.14811473
5901.0 0.14797366
5904.5 0.14783274
5908.0 0.14769213
5911.5 0.14755182
5915.0 0.14741179
5918.5 0.14727204
5922.0 0.14713250
5925.5 0.14699323
5929.0 0.14685433
5932.5 0.14671560
5936.0 0.14657715
5939.5 0.14643902
5943.0 0.14630114
5946.5 0.14616346
5950.0 0.14602610
5953.5 0.14588900
5957.0 0.14575216
5960.5 0.14561564
5964.0 0.14547931
5967.5 0.14534329
5971.0 0.14520752
5974.5 0.14507201
5978.0 0.14493677
5981.5 0.14480183
5985.0 0.14466707
5988.5 0.14453264
5992.0 0.14439844
5995.5 0.14426449
5999.0 0.14413083
