300.0 0.0
330.0 0.0000000
333.3 0.0000000
336.6 0.0000000
339.9 0.0000000
343.2 0.0000000
346.5 0.0000000
349.8 0.0000000
353.1 0.0000000
356.4 0.0000000
359.7 0.0000000
363.0 0.0000000
366.3 0.0000000
369.6 0.0000000
372.9 0.0000000
376.2 0.0000000
379.5 0.0000000
382.8 0.0000000
386.1 0.0000000
389.4 0.0000000
392.7 0.0000000
396.0 0.0000000
399.3 0.0000000
402.6 0.0000000
405.9 0.0000000
409.2 0.0000000
412.5 0.0000000
415.8 0.0000000
419.1 0.0000000
422.4 0.0000000
425.7 0.0000000
429.0 0.0000000
432.3 0.0000000
435.6 0.0000000
438.9 0.0000000
442.2 0.0000000
445.5 0.0000000
448.8 0.0000000
452.1 0.0000000
455.4 0.0000000
458.7 0.0000000
462.0 0.0000000
465.3 0.0000000
468.6 0.0000000
471.9 0.0000000
475.2 0.0000000
478.5 0.0000000
481.8 0.0000000
485.1 0.0000000
488.4 0.0000000
491.7 0.0000000
495.0 0.0000000
498.3 0.0000000
501.6 0.0000000
504.9 0.0000000
508.2 0.0000000
511.5 0.0000000
514.8 0.0000000
518.1 0.0000000
521.4 0.0000000
524.7 0.0000000
528.0 0.0000000
531.3 0.0000000
534.6 0.0000000
537.9 0.0000000
541.2 0.0000000
544.5 0.0000000
547.8 0.0000000
551.1 0.0000000
554.4 0.0000000
557.7 0.0000000
561.0 0.0000000
564.3 0.0000000
567.6 0.0000000
570.9 0.0000000
574.2 0.0000000
577.5 0.0000000
580.8 0.0000000
584.1 0.0000000
587.4 0.0000000
590.7 0.0000000
594.0 0.0000000
597.3 0.0000000
600.6 0.0000000
603.9 0.30054411
607.2 0.28605777
610.5 0.27200797
613.8 0.25839341
617.1 0.24522455
620.4 0.23249149
623.7 0.22026858
627.0 0.20873973
630.3 0.19723694
633.6 0.18518092
636.9 0.17281660
640.2 0.16080238
643.5 0.30424324
646.8 0.29047158
650.1 0.27710813
653.4 0.26413703
656.7 0.25152186
660.0 0.26299554
663.3 0.26252884
666.6 0.24826029
669.9 0.25020543
673.2 0.25556538
676.5 0.26457956
679.8 0.97341156
683.1 0.98253018
686.4 0.82579166
689.7 0.68298930
693.0 0.63623220
696.3 0.61458451
699.6 0.61170208
702.9 0.61693656
706.2 0.59657764
709.5 0.53472310
712.8 0.53561312
716.1 0.47546619
719.4 0.42936611
722.7 0.39419863
726.0 0.37711260
729.3 0.38010520
732.6 0.36198547
735.9 0.36670336
739.2 0.37503666
742.5 0.36211649
745.8 0.32066762
749.1 0.30839399
752.4 0.27939069
755.7 0.27986333
759.0 0.27484506
762.3 0.26235640
765.6 0.25785187
768.9 0.26236287
772.2 0.26898220
775.5 0.28593844
778.8 0.29280597
782.1 0.30445194
785.4 0.32230067
788.7 0.35015556
792.0 0.38503313
795.3 0.43862042
798.6 0.51394999
801.9 0.65798712
805.2 6.6950665
808.5 5.4059300
811.8 5.0337791
815.1 5.0233197
818.4 4.6979036
821.7 3.7547910
825.0 3.2366347
828.3 3.0389166
831.6 2.9034908
834.9 2.7106090
838.2 2.4711816
841.5 2.3115625
844.8 2.2546732
848.1 2.2570975
851.4 2.2900457
854.7 2.3019481
858.0 2.4721498
861.3 2.5070283
864.6 2.3955700
867.9 2.1796186
871.2 2.1903694
874.5 2.1672232
877.8 2.2157960
881.1 2.2505147
884.4 2.2196929
887.7 2.1366751
891.0 2.1051569
894.3 2.1688240
897.6 2.1522024
900.9 2.1849067
904.2 2.1535425
907.5 2.2007170
910.8 2.3231897
914.1 2.4500272
917.4 2.6262326
920.7 2.6709821
924.0 2.7051780
927.3 2.4566250
930.6 2.2906158
933.9 2.1668453
937.2 2.1114821
940.5 2.0992355
943.8 2.0017195
947.1 1.9737506
950.4 1.9593858
953.7 1.9422693
957.0 1.9745158
960.3 1.9529969
963.6 1.9089135
966.9 1.9636089
970.2 1.9271671
973.5 1.9546829
976.8 1.9988292
980.1 2.0257168
983.4 2.0723243
986.7 2.0666187
990.0 2.1293790
993.3 2.1737204
996.6 2.2237101
999.9 2.3047700
1003.2 2.4733481
1006.5 2.6995232
1009.8 2.9588358
1013.1 3.2884085
1016.4 3.6977832
1019.7 3.9373851
1023.0 3.5690820
1026.3 3.0236387
1029.6 2.6093383
1032.9 2.3917174
1036.2 2.2808015
1039.5 2.2159321
1042.8 2.1080899
1046.1 2.0975137
1049.4 2.0314112
1052.7 2.0682528
1056.0 2.0705957
1059.3 2.0601177
1062.6 2.0793266
1065.9 2.0500696
1069.2 2.0776703
1072.5 2.1030703
1075.8 2.1030405
1079.1 2.1447189
1082.4 2.0585191
1085.7 2.0411487
1089.0 2.0113199
1092.3 2.0409083
1095.6 2.0467491
1098.9 2.0143218
1102.2 1.9093381
1105.5 1.8448117
1108.8 1.8160596
1112.1 1.7798613
1115.4 1.7800789
1118.7 1.7726120
1122.0 1.7665948
1125.3 1.7917798
1128.6 1.7835202
1131.9 1.8094693
1135.2 1.8152175
1138.5 1.8092842
1141.8 1.7859194
1145.1 1.8059366
1148.4 1.8114314
1151.7 1.8578634
1155.0 1.8254542
1158.3 1.7935954
1161.6 1.7123731
1164.9 1.7358103
1168.2 1.7415010
1171.5 1.7161844
1174.8 1.7720195
1178.1 1.7866820
1181.4 1.7376240
1184.7 1.7060001
1188.0 1.7062659
1191.3 1.7043095
1194.6 1.7015880
1197.9 1.7212886
1201.2 1.6893133
1204.5 1.6821097
1207.8 1.7017533
1211.1 1.6979834
1214.4 1.7381645
1217.7 1.7288392
1221.0 1.8386769
1224.3 1.8304656
1227.6 1.8472043
1230.9 1.8174003
1234.2 1.8195461
1237.5 1.8344594
1240.8 1.9141705
1244.1 2.0576177
1247.4 2.1875041
1250.7 2.2927592
1254.0 2.3315446
1257.3 2.4517000
1260.6 2.3425550
1263.9 2.1399062
1267.2 1.9555738
1270.5 1.8328179
1273.8 1.7746146
1277.1 1.7155190
1280.4 1.6599928
1283.7 1.6171494
1287.0 1.6038860
1290.3 1.5412173
1293.6 1.5146964
1296.9 1.5004764
1300.2 1.5127687
1303.5 1.5169008
1306.8 1.4797213
1310.1 1.4835608
1313.4 1.4891794
1316.7 1.4993882
1320.0 1.4600848
1323.3 1.4738361
1326.6 1.5060260
1329.9 1.4224545
1333.2 1.4579899
1336.5 1.4652491
1339.8 1.4529384
1343.1 1.4632800
1346.4 1.4380940
1349.7 1.4170847
1353.0 1.4544441
1356.3 1.5111969
1359.6 1.4792721
1362.9 1.5144055
1366.2 1.4996773
1369.5 1.5017247
1372.8 1.4913144
1376.1 1.5085288
1379.4 1.5022557
1382.7 1.4965492
1386.0 1.4469773
1389.3 1.4217725
1392.6 1.4384800
1395.9 1.4572073
1399.2 1.3939435
1402.5 1.4595255
1405.8 1.4071163
1409.1 1.4390478
1412.4 1.4242367
1415.7 1.4515169
1419.0 1.3813571
1422.3 1.4001619
1425.6 1.3972024
1428.9 1.4199588
1432.2 1.3481231
1435.5 1.3623412
1438.8 1.3866574
1442.1 1.3235173
1445.4 1.3465776
1448.7 1.3043783
1452.0 1.2665973
1455.3 1.2635765
1458.6 1.2605658
1461.9 1.2671435
1465.2 1.2731272
1468.5 1.2733079
1471.8 1.2538486
1475.1 1.2456616
1478.4 1.2427100
1481.7 1.2397687
1485.0 1.2535634
1488.3 1.2496444
1491.6 1.2661706
1494.9 1.2719195
1498.2 1.2695348
1501.5 1.2768812
1504.8 1.2867423
1508.1 1.3080872
1511.4 1.3354390
1514.7 1.3230889
1518.0 1.3560375
1521.3 1.3695680
1524.6 1.3790269
1527.9 1.3846228
1531.2 1.3924110
1534.5 1.4078220
1537.8 1.4128828
1541.1 1.3917481
1544.4 1.3774475
1547.7 1.3446364
1551.0 1.3392942
1554.3 1.3115060
1557.6 1.3286819
1560.9 1.3104076
1564.2 1.3000382
1567.5 1.3017181
1570.8 1.2917690
1574.1 1.2928922
1577.4 1.2938216
1580.7 1.3067335
1584.0 1.3353661
1587.3 1.3129772
1590.6 1.3581945
1593.9 1.3896749
1597.2 1.4287248
1600.5 1.4223788
1603.8 1.3799485
1607.1 1.3710020
1610.4 1.3733288
1613.7 1.3401464
1617.0 1.3132505
1620.3 1.3038954
1623.6 1.2969124
1626.9 1.3198212
1630.2 1.3447304
1633.5 1.3481079
1636.8 1.3374606
1640.1 1.3389519
1643.4 1.3286779
1646.7 1.3335470
1650.0 1.3181579
1653.3 1.3108803
1656.6 1.3106192
1659.9 1.3028191
1663.2 1.2846524
1666.5 1.2644155
1669.8 1.2745473
1673.1 1.2771086
1676.4 1.2760191
1679.7 1.2620602
1683.0 1.2506598
1686.3 1.2458007
1689.6 1.2380451
1692.9 1.2317044
1696.2 1.2196405
1699.5 1.2017176
1702.8 1.2063259
1706.1 1.2049685
1709.4 1.1902058
1712.7 1.1576812
1716.0 1.1860247
1719.3 1.1898766
1722.6 1.1812575
1725.9 1.1798353
1729.2 1.1885920
1732.5 1.1652784
1735.8 1.1643357
1739.1 1.1402935
1742.4 1.1211531
1745.7 1.0761102
1749.0 1.0699362
1752.3 1.0669383
1755.6 1.0553095
1758.9 1.0827824
1762.2 1.0973392
1765.5 1.0984908
1768.8 1.0737612
1772.1 1.0835491
1775.4 1.0871187
1778.7 1.1005628
1782.0 1.0995464
1785.3 1.1238098
1788.6 1.1552340
1791.9 1.1641592
1795.2 1.1480299
1798.5 1.1819602
1801.8 1.1964781
1805.1 1.1940960
1808.4 1.1990287
1811.7 1.2462922
1815.0 1.2755942
1818.3 1.2677268
1821.6 1.2905610
1824.9 1.2599382
1828.2 1.2901856
1831.5 1.3330799
1834.8 1.4427575
1838.1 1.5712680
1841.4 1.7715172
1844.7 1.9753619
1848.0 2.0365052
1851.3 1.9311432
1854.6 1.7088004
1857.9 1.5188169
1861.2 1.4005244
1864.5 1.3414733
1867.8 1.2947606
1871.1 1.2584023
1874.4 1.2295835
1877.7 1.2019507
1881.0 1.1923313
1884.3 1.1671184
1887.6 1.1451638
1890.9 1.1202685
1894.2 1.1057696
1897.5 1.1013592
1900.8 1.0688149
1904.1 1.0698559
1907.4 1.0422752
1910.7 1.0344965
1914.0 1.0323750
1917.3 0.98885584
1920.6 1.0027431
1923.9 1.0011537
1927.2 1.0149007
1930.5 1.0417843
1933.8 1.0505877
1937.1 1.0532275
1940.4 1.0514332
1943.7 1.0577999
1947.0 1.0424489
1950.3 1.0441114
1953.6 1.0570328
1956.9 1.0405349
1960.2 1.0431637
1963.5 1.0235617
1966.8 1.0288584
1970.1 1.0032150
1973.4 0.98552036
1976.7 0.96705377
1980.0 0.95750421
1983.3 0.93379039
1986.6 0.92360431
1989.9 0.89761335
1993.2 0.87958431
1996.5 0.87533712
1999.8 0.88293183
2003.1 0.87074023
2006.4 0.88866156
2009.7 0.89262795
2013.0 0.89476442
2016.3 0.89397579
2019.6 0.89406335
2022.9 0.91110629
2026.2 0.90099579
2029.5 0.91809875
2032.8 0.91640574
2036.1 0.91211230
2039.4 0.90151948
2042.7 0.91003120
2046.0 0.90295166
2049.3 0.92151272
2052.6 0.94418633
2055.9 0.94602585
2059.2 0.98315042
2062.5 0.99039090
2065.8 0.98926193
2069.1 0.97501004
2072.4 0.97337985
2075.7 0.93686372
2079.0 0.95695913
2082.3 0.94688082
2085.6 0.94443649
2088.9 0.95558089
2092.2 0.98009121
2095.5 0.98035538
2098.8 0.99193043
2102.1 0.99742091
2105.4 1.0044599
2108.7 0.99390548
2112.0 0.99802333
2115.3 0.98248935
2118.6 0.99288863
2121.9 0.97995031
2125.2 0.95019430
2128.5 0.94993043
2131.8 0.96093816
2135.1 0.93497622
2138.4 0.93289810
2141.7 0.93295920
2145.0 0.93176639
2148.3 0.94590968
2151.6 0.94110131
2154.9 0.92451519
2158.2 0.92207026
2161.5 0.93998408
2164.8 0.93756616
2168.1 0.93052840
2171.4 0.94692683
2174.7 0.91951412
2178.0 0.90750420
2181.3 0.89472991
2184.6 0.88549978
2187.9 0.87824219
2191.2 0.85955495
2194.5 0.85557038
2197.8 0.86507213
2201.1 0.87217170
2204.4 0.88279063
2207.7 0.90972912
2211.0 0.87819219
2214.3 0.86538744
2217.6 0.85946524
2220.9 0.85481310
2224.2 0.84430408
2227.5 0.86376238
2230.8 0.86005223
2234.1 0.86557657
2237.4 0.85693806
2240.7 0.85902691
2244.0 0.85895008
2247.3 0.87804037
2250.6 0.88262445
2253.9 0.89698613
2257.2 0.92549872
2260.5 0.96253777
2263.8 0.91652483
2267.1 0.88108760
2270.4 0.88553071
2273.7 0.87134504
2277.0 0.83898413
2280.3 0.84780961
2283.6 0.84967917
2286.9 0.82552081
2290.2 0.81938404
2293.5 0.80064791
2296.8 0.78879070
2300.1 0.80942470
2303.4 0.80660915
2306.7 0.79466641
2310.0 0.80969012
2313.3 0.78887188
2316.6 0.77567780
2319.9 0.77484602
2323.2 0.76130438
2326.5 0.74819648
2329.8 0.73329163
2333.1 0.74203223
2336.4 0.73974484
2339.7 0.71789366
2343.0 0.72373682
2346.3 0.73491669
2349.6 0.73932743
2352.9 0.72488791
2356.2 0.73767310
2359.5 0.75555205
2362.8 0.74089450
2366.1 0.75652593
2369.4 0.73437089
2372.7 0.73563433
2376.0 0.72428095
2379.3 0.73315054
2382.6 0.73699123
2385.9 0.72203791
2389.2 0.74157292
2392.5 0.72862548
2395.8 0.72170448
2399.1 0.72758079
2402.4 0.71137655
2405.7 0.71871674
2409.0 0.71254712
2412.3 0.71682566
2415.6 0.72109747
2418.9 0.71098262
2422.2 0.70444041
2425.5 0.70202416
2428.8 0.69835144
2432.1 0.69367963
2435.4 0.69370818
2438.7 0.70296353
2442.0 0.70150405
2445.3 0.70040107
2448.6 0.68656796
2451.9 0.68873894
2455.2 0.71726722
2458.5 0.80800939
2461.8 0.83890319
2465.1 0.70858711
2468.4 0.68309504
2471.7 0.68257880
2475.0 0.67409414
2478.3 0.69790977
2481.6 0.67802674
2484.9 0.66278392
2488.2 0.66701156
2491.5 0.65911275
2494.8 0.65008283
2498.1 0.64292210
2501.4 0.63464785
2504.7 0.59986365
2508.0 0.60928106
2511.3 0.59755480
2514.6 0.62333649
2517.9 0.62152809
2521.2 0.61456299
2524.5 0.60814899
2527.8 0.60336292
2531.1 0.61848938
2534.4 0.60556138
2537.7 0.61539227
2541.0 0.62445951
2544.3 0.63446611
2547.6 0.65938061
2550.9 0.70938528
2554.2 0.73862141
2557.5 0.66352618
2560.8 0.61978048
2564.1 0.64169157
2567.4 0.64653194
2570.7 0.61253089
2574.0 0.59916085
2577.3 0.59977227
2580.6 0.58897740
2583.9 0.58523685
2587.2 0.57412183
2590.5 0.55725735
2593.8 0.53860545
2597.1 0.53462279
2600.4 0.55065572
2603.7 0.56684262
2607.0 0.56823164
2610.3 0.57434058
2613.6 0.58825141
2616.9 0.58849347
2620.2 0.58462322
2623.5 0.56491971
2626.8 0.56706411
2630.1 0.56387943
2633.4 0.54026598
2636.7 0.54693943
2640.0 0.52839226
2643.3 0.52820748
2646.6 0.51885515
2649.9 0.52994418
2653.2 0.53647238
2656.5 0.52649629
2659.8 0.50976121
2663.1 0.50901783
2666.4 0.50646228
2669.7 0.50030500
2673.0 0.51532024
2676.3 0.50429803
2679.6 0.51705652
2682.9 0.52713794
2686.2 0.55905682
2689.5 0.55023450
2692.8 0.54679561
2696.1 0.57074392
2699.4 0.57852000
2702.7 0.59848219
2706.0 0.63617373
2709.3 0.61733460
2712.6 0.58627015
2715.9 0.58313376
2719.2 0.55686688
2722.5 0.54275566
2725.8 0.53691876
2729.1 0.52774829
2732.4 0.50996166
2735.7 0.49017340
2739.0 0.48430285
2742.3 0.48640248
2745.6 0.49968925
2748.9 0.49551111
2752.2 0.49212855
2755.5 0.50280029
2758.8 0.48528114
2762.1 0.47898665
2765.4 0.48763946
2768.7 0.47631460
2772.0 0.47101703
2775.3 0.47011608
2778.6 0.46921775
2781.9 0.47119695
2785.2 0.47492290
2788.5 0.47258377
2791.8 0.47065809
2795.1 0.49679390
2798.4 0.49362895
2801.7 0.50097293
2805.0 0.49187118
2808.3 0.47985479
2811.6 0.47201061
2814.9 0.49299648
2818.2 0.49252123
2821.5 0.48883510
2824.8 0.51125604
2828.1 0.49751639
2831.4 0.51343399
2834.7 0.54120058
2838.0 0.53167999
2841.3 0.54238850
2844.6 0.55215460
2847.9 0.57457262
2851.2 0.61081380
2854.5 0.61736470
2857.8 0.65133953
2861.1 0.70478600
2864.4 0.73068303
2867.7 0.73357826
2871.0 0.68191099
2874.3 0.66954225
2877.6 0.66264296
2880.9 0.63030708
2884.2 0.60161227
2887.5 0.55080765
2890.8 0.53916317
2894.1 0.51755846
2897.4 0.50696445
2900.7 0.51967067
2904.0 0.50535691
2907.3 0.49662128
2910.6 0.49698892
2913.9 0.48524061
2917.2 0.48168543
2920.5 0.47904655
2923.8 0.44935158
2927.1 0.46460199
2930.4 0.46209198
2933.7 0.47373977
2937.0 0.46334344
2940.3 0.46119174
2943.6 0.48183259
2946.9 0.48866430
2950.2 0.50696886
2953.5 0.49949104
2956.8 0.49555114
2960.1 0.47683033
2963.4 0.50294685
2966.7 0.50392854
2970.0 0.50689304
2973.3 0.50311840
2976.6 0.52191067
2979.9 0.54398835
2983.2 0.53992695
2986.5 0.51764464
2989.8 0.50526571
2993.1 0.49288544
2996.4 0.49617815
2999.7 0.53254485
3003.0 0.51792675
3006.3 0.51146239
3009.6 0.53113252
3012.9 0.52652228
3016.2 0.48746309
3019.5 0.51358891
3022.8 0.53384322
3026.1 0.51073420
3029.4 0.50084323
3032.7 0.50860125
3036.0 0.48946667
3039.3 0.47792903
3042.6 0.47934335
3045.9 0.49446440
3049.2 0.51225054
3052.5 0.51178300
3055.8 0.50140017
3059.1 0.50747621
3062.4 0.49219298
3065.7 0.50020856
3069.0 0.48492205
3072.3 0.51016891
3075.6 0.48000768
3078.9 0.49542055
3082.2 0.47462702
3085.5 0.47889876
3088.8 0.48244640
3092.1 0.49816114
3095.4 0.45419973
3098.7 0.45306495
3102.0 0.42580789
3105.3 0.42027980
3108.6 0.41425294
3111.9 0.42422733
3115.2 0.42268604
3118.5 0.42127010
3121.8 0.41356260
3125.1 0.41967782
3128.4 0.42383826
3131.7 0.41478565
3135.0 0.40072337
3138.3 0.40414271
3141.6 0.40563598
3144.9 0.40336871
3148.2 0.40949771
3151.5 0.41454339
3154.8 0.42185950
3158.1 0.42010653
3161.4 0.41664386
3164.7 0.42459288
3168.0 0.43661323
3171.3 0.43673128
3174.6 0.44057679
3177.9 0.45690131
3181.2 0.48365185
3184.5 0.48572996
3187.8 0.52187878
3191.1 0.52649653
3194.4 0.54390073
3197.7 0.58431929
3201.0 0.60814732
3204.3 0.68014383
3207.6 0.74160957
3210.9 0.71790874
3214.2 0.66940171
3217.5 0.62140661
3220.8 0.58761764
3224.1 0.55820447
3227.4 0.52116185
3230.7 0.51168019
3234.0 0.50642848
3237.3 0.48862672
3240.6 0.46121889
3243.9 0.47481170
3247.2 0.45916346
3250.5 0.45196360
3253.8 0.44417602
3257.1 0.43207130
3260.4 0.42720893
3263.7 0.43816605
3267.0 0.43810540
3270.3 0.51678210
3273.6 0.56472403
3276.9 0.47188628
3280.2 0.41895470
3283.5 0.40772414
3286.8 0.40416259
3290.1 0.39408770
3293.4 0.41957137
3296.7 0.45821738
3300.0 0.55665660
3303.3 0.78396934
3306.6 0.78188187
3309.9 0.52560019
3313.2 0.44231895
3316.5 0.41568828
3319.8 0.40413186
3323.1 0.39446479
3326.4 0.38675523
3329.7 0.38687229
3333.0 0.38400099
3336.3 0.38441068
3339.6 0.38375422
3342.9 0.37735826
3346.2 0.37303081
3349.5 0.37289375
3352.8 0.35850796
3356.1 0.35101330
3359.4 0.36631083
3362.7 0.36289167
3366.0 0.36727351
3369.3 0.35234645
3372.6 0.35510066
3375.9 0.35002375
3379.2 0.36211726
3382.5 0.35563418
3385.8 0.34635645
3389.1 0.35417712
3392.4 0.35185036
3395.7 0.36244780
3399.0 0.36420763
3402.3 0.37867603
3405.6 0.38673681
3408.9 0.38116616
3412.2 0.37002701
3415.5 0.38618010
3418.8 0.37008262
3422.1 0.36079049
3425.4 0.36139518
3428.7 0.38166440
3432.0 0.37441045
3435.3 0.35457972
3438.6 0.35911706
3441.9 0.36230588
3445.2 0.36827359
3448.5 0.36218640
3451.8 0.36550930
3455.1 0.36396062
3458.4 0.36585072
3461.7 0.35238799
3465.0 0.35824728
3468.3 0.36976153
3471.6 0.35187885
3474.9 0.36170766
3478.2 0.36305436
3481.5 0.36027935
3484.8 0.36068255
3488.1 0.36316937
3491.4 0.36068717
3494.7 0.37444010
3498.0 0.35733831
3501.3 0.34971285
3504.6 0.38229823
3507.9 0.35674766
3511.2 0.37322569
3514.5 0.36368164
3517.8 0.35274071
3521.1 0.34763637
3524.4 0.34357715
3527.7 0.35375795
3531.0 0.33515781
3534.3 0.33801240
3537.6 0.34134534
3540.9 0.33753908
3544.2 0.32158643
3547.5 0.32737526
3550.8 0.33516076
3554.1 0.33434185
3557.4 0.32406795
3560.7 0.32515186
3564.0 0.32230929
3567.3 0.31596482
3570.6 0.32216331
3573.9 0.32860437
3577.2 0.32628205
3580.5 0.31820935
3583.8 0.31347725
3587.1 0.30869573
3590.4 0.31929672
3593.7 0.30775166
3597.0 0.32843858
3600.3 0.30947456
3603.6 0.31077719
3606.9 0.30587667
3610.2 0.30541068
3613.5 0.30494577
3616.8 0.30448192
3620.1 0.31134480
3623.4 0.31259179
3626.7 0.31966960
3630.0 0.31176254
3633.3 0.31258544
3636.6 0.30172157
3639.9 0.30126518
3643.2 0.30973661
3646.5 0.31879237
3649.8 0.31329826
3653.1 0.30555072
3656.4 0.31746775
3659.7 0.32244769
3663.0 0.30617127
3666.3 0.30953681
3669.6 0.29720554
3672.9 0.29675964
3676.2 0.30263096
3679.5 0.29754746
3682.8 0.32518199
3686.1 0.31034502
3689.4 0.30179015
3692.7 0.33684230
3696.0 0.33226892
3699.3 0.31717417
3702.6 0.31129241
3705.9 0.29710773
3709.2 0.29661828
3712.5 0.29148814
3715.8 0.30094561
3719.1 0.29062355
3722.4 0.29195720
3725.7 0.28976291
3729.0 0.29204473
3732.3 0.28890613
3735.6 0.29043540
3738.9 0.28929403
3742.2 0.28762826
3745.5 0.29756784
3748.8 0.29309282
3752.1 0.28635922
3755.4 0.28593805
3758.7 0.28551790
3762.0 0.28509867
3765.3 0.28468034
3768.6 0.28426307
3771.9 0.28384662
3775.2 0.28962454
3778.5 0.28301662
3781.8 0.28342336
3785.1 0.28219035
3788.4 0.28340563
3791.7 0.28146231
3795.0 0.28095776
3798.3 0.28362858
3801.6 0.28753027
3804.9 0.28884986
3808.2 0.28610682
3811.5 0.28556898
3814.8 0.28469625
3818.1 0.28071970
3821.4 0.28298476
3824.7 0.28108606
3828.0 0.28049570
3831.3 0.28669238
3834.6 0.29920205
3837.9 0.28447503
3841.2 0.29429197
3844.5 0.28855440
3847.8 0.29742733
3851.1 0.29040894
3854.4 0.29978293
3857.7 0.29495057
3861.0 0.29624662
3864.3 0.30481407
3867.6 0.29737568
3870.9 0.30300987
3874.2 0.31295723
3877.5 0.33690342
3880.8 0.32914725
3884.1 0.32274705
3887.4 0.32445300
3890.7 0.29581055
3894.0 0.29081115
3897.3 0.30430844
3900.6 0.29888201
3903.9 0.28843722
3907.2 0.28996193
3910.5 0.29151651
3913.8 0.29185787
3917.1 0.28667900
3920.4 0.29229730
3923.7 0.29826692
3927.0 0.27987820
3930.3 0.28283066
3933.6 0.28084862
3936.9 0.28982168
3940.2 0.27338240
3943.5 0.27628073
3946.8 0.27549729
3950.1 0.27447948
3953.4 0.27642190
3956.7 0.27584326
3960.0 0.27513915
3963.3 0.27760270
3966.6 0.27308664
3969.9 0.27078432
3973.2 0.26600710
3976.5 0.26576418
3979.8 0.26140678
3983.1 0.26646030
3986.4 0.26701236
3989.7 0.27006286
3993.0 0.27222675
3996.3 0.26183236
3999.6 0.26743650
4002.9 0.27544484
4006.2 0.27221024
4009.5 0.27490139
4012.8 0.27989373
4016.1 0.27528691
4019.4 0.27730653
4022.7 0.27180389
4026.0 0.28544393
4029.3 0.26244441
4032.6 0.25370014
4035.9 0.25752872
4039.2 0.25407213
4042.5 0.25543007
4045.8 0.25577047
4049.1 0.26077935
4052.4 0.26558661
4055.7 0.25351256
4059.0 0.26062515
4062.3 0.26766014
4065.6 0.25778437
4068.9 0.25346953
4072.2 0.24955602
4075.5 0.24921545
4078.8 0.25025728
4082.1 0.26501617
4085.4 0.25248295
4088.7 0.25395826
4092.0 0.24752325
4095.3 0.24813113
4098.6 0.24790442
4101.9 0.25192243
4105.2 0.24936724
4108.5 0.25504068
4111.8 0.25588313
4115.1 0.25006229
4118.4 0.24832965
4121.7 0.24794477
4125.0 0.25508314
4128.3 0.25347775
4131.6 0.24811503
4134.9 0.24630190
4138.2 0.24439304
4141.5 0.24320242
4144.8 0.24520521
4148.1 0.24733625
4151.4 0.25549555
4154.7 0.25899515
4158.0 0.26388332
4161.3 0.27226064
4164.6 0.26136413
4167.9 0.24854583
4171.2 0.24934720
4174.5 0.24676199
4177.8 0.24290425
4181.1 0.24668339
4184.4 0.25401378
4187.7 0.25667650
4191.0 0.24867928
4194.3 0.25060791
4197.6 0.25434738
4200.9 0.25893122
4204.2 0.26284972
4207.5 0.24988919
4210.8 0.25235459
4214.1 0.25702861
4217.4 0.25778750
4220.7 0.25229782
4224.0 0.25184068
4227.3 0.25557083
4230.6 0.25532764
4233.9 0.25253603
4237.2 0.25872880
4240.5 0.25607049
4243.8 0.25967631
4247.1 0.26588193
4250.4 0.26215860
4253.7 0.26978081
4257.0 0.26544937
4260.3 0.28346580
4263.6 0.28555056
4266.9 0.29301330
4270.2 0.30124706
4273.5 0.30001190
4276.8 0.30612677
4280.1 0.32328346
4283.4 0.32506093
4286.7 0.33920529
4290.0 0.35485587
4293.3 0.37661403
4296.6 0.40180805
4299.9 0.43221074
4303.2 0.47409496
4306.5 0.52641267
4309.8 0.59044582
4313.1 0.66589314
4316.4 0.78067428
4319.7 0.91718745
4323.0 1.0891262
4326.3 1.2625006
4329.6 1.4849935
4332.9 1.5260087
4336.2 1.3049276
4339.5 1.0860394
4342.8 0.98801082
4346.1 0.93051875
4349.4 0.80576307
4352.7 0.67971587
4356.0 0.61231041
4359.3 0.55847412
4362.6 0.50925398
4365.9 0.47174463
4369.2 0.44879216
4372.5 0.42017081
4375.8 0.39117980
4379.1 0.36709103
4382.4 0.34289607
4385.7 0.32220864
4389.0 0.31565362
4392.3 0.30914858
4395.6 0.29358393
4398.9 0.29166964
4402.2 0.28617916
4405.5 0.28648415
4408.8 0.29151112
4412.1 0.29067442
4415.4 0.28460214
4418.7 0.27535349
4422.0 0.28908449
4425.3 0.29649186
4428.6 0.30250904
4431.9 0.33310983
4435.2 0.33136222
4438.5 0.30889174
4441.8 0.31197926
4445.1 0.31572413
4448.4 0.30663043
4451.7 0.28296292
4455.0 0.25992647
4458.3 0.25735602
4461.6 0.25082013
4464.9 0.24319141
4468.2 0.24165279
4471.5 0.23489912
4474.8 0.22453621
4478.1 0.22327334
4481.4 0.22435328
4484.7 0.22394368
4488.0 0.21348995
4491.3 0.21147756
4494.6 0.21121539
4497.9 0.21796255
4501.2 0.22652741
4504.5 0.21753909
4507.8 0.21435967
4511.1 0.21371624
4514.4 0.20964953
4517.7 0.20939046
4521.0 0.20913191
4524.3 0.22323397
4527.6 0.21471329
4530.9 0.21622847
4534.2 0.20810267
4537.5 0.20784660
4540.8 0.21161364
4544.1 0.21837571
4547.4 0.21665251
4550.7 0.21153475
4554.0 0.21364753
4557.3 0.21381867
4560.6 0.21220872
4563.9 0.20581634
4567.2 0.20556478
4570.5 0.20531374
4573.8 0.20696260
4577.1 0.20481309
4580.4 0.20456351
4583.7 0.20431444
4587.0 0.20912516
4590.3 0.20381773
4593.6 0.20357007
4596.9 0.20332292
4600.2 0.20610139
4603.5 0.20283005
4606.8 0.20258436
4610.1 0.20233913
4613.4 0.20209438
4616.7 0.20753177
4620.0 0.20281701
4623.3 0.21397769
4626.6 0.20264217
4629.9 0.20261811
4633.2 0.20063590
4636.5 0.20039447
4639.8 0.21467887
4643.1 0.22272767
4646.4 0.21497746
4649.7 0.23094095
4653.0 0.21351558
4656.3 0.24023099
4659.6 0.22612001
4662.9 0.20892110
4666.2 0.23249447
4669.5 0.21656400
4672.8 0.21118984
4676.1 0.21293382
4679.4 0.20618635
4682.7 0.20325533
4686.0 0.19682881
4689.3 0.19659476
4692.6 0.19939971
4695.9 0.20685680
4699.2 0.19589533
4702.5 0.19566312
4705.8 0.19543135
4709.1 0.19520003
4712.4 0.21466154
4715.7 0.19937941
4719.0 0.19450867
4722.3 0.19427915
4725.6 0.19753823
4728.9 0.19618517
4732.2 0.19359307
4735.5 0.19336537
4738.8 0.19883363
4742.1 0.20498185
4745.4 0.21631607
4748.7 0.19245854
4752.0 0.21290548
4755.3 0.19256260
4758.6 0.20161252
4761.9 0.19155872
4765.2 0.20450424
4768.5 0.19910876
4771.8 0.19868410
4775.1 0.20260948
4778.4 0.21203543
4781.7 0.20198254
4785.0 0.19000067
4788.3 0.20278178
4791.6 0.22447164
4794.9 0.18933931
4798.2 0.18911971
4801.5 0.18944348
4804.8 0.18868174
4808.1 0.18846340
4811.4 0.18824546
4814.7 0.20665440
4818.0 0.20128284
4821.3 0.18759419
4824.6 0.18737794
4827.9 0.19740504
4831.2 0.21122500
4834.5 0.18673161
4837.8 0.18827519
4841.1 0.23010398
4844.4 0.19785973
4847.7 0.19612926
4851.0 0.18566264
4854.3 0.21094698
4857.6 0.22542623
4860.9 0.21531419
4864.2 0.23679990
4867.5 0.23179935
4870.8 0.24426097
4874.1 0.21227992
4877.4 0.22023883
4880.7 0.27120689
4884.0 0.24321617
4887.3 0.23337761
4890.6 0.21121301
4893.9 0.20408095
4897.2 0.25223407
4900.5 0.24056444
4903.8 0.23269959
4907.1 0.21671504
4910.4 0.19388370
4913.7 0.21908256
4917.0 0.18148747
4920.3 0.18128285
4923.6 0.18107860
4926.9 0.18087481
4930.2 0.18067139
4933.5 0.18046831
4936.8 0.18026569
4940.1 0.18006337
4943.4 0.17986149
4946.7 0.17965995
4950.0 0.17945884
4953.3 0.17925808
4956.6 0.17905772
4959.9 0.17885773
4963.2 0.17865814
4966.5 0.17845894
4969.8 0.17826007
4973.1 0.17806162
4976.4 0.17786352
4979.7 0.17766581
4983.0 0.17746848
4986.3 0.17727150
4989.6 0.17707494
4992.9 0.17687872
4996.2 0.17668284
4999.5 0.17648736
5002.8 0.17629227
5006.1 0.17609757
5009.4 0.17590317
5012.7 0.17570917
5016.0 0.17551558
5019.3 0.17532231
5022.6 0.17512943
5025.9 0.17493689
5029.2 0.17474473
5032.5 0.17455292
5035.8 0.17436150
5039.1 0.17417046
5042.4 0.17397977
5045.7 0.17378938
5049.0 0.17359939
5052.3 0.17340977
5055.6 0.17322050
5058.9 0.17303160
5062.2 0.17284305
5065.5 0.17265487
5068.8 0.17246702
5072.1 0.17227955
5075.4 0.17209245
5078.7 0.17190570
5082.0 0.17171924
5085.3 0.17153317
5088.6 0.17134750
5091.9 0.17116211
5095.2 0.17097713
5098.5 0.17079246
5101.8 0.17060810
5105.1 0.17042419
5108.4 0.17024064
5111.7 0.17005733
5115.0 0.16987438
5118.3 0.16969186
5121.6 0.16950963
5124.9 0.16932769
5128.2 0.16914615
5131.5 0.16896509
5134.8 0.16878414
5138.1 0.16860366
5141.4 0.16842352
5144.7 0.16824372
5148.0 0.16806425
5151.3 0.16788507
5154.6 0.16770624
5157.9 0.16752787
5161.2 0.16734970
5164.5 0.16717190
5167.8 0.16699442
5171.1 0.16681729
5174.4 0.16664053
5177.7 0.16646406
5181.0 0.16628793
5184.3 0.16611221
5187.6 0.16593678
5190.9 0.16576169
5194.2 0.16558689
5197.5 0.16541246
5200.8 0.16523834
5204.1 0.16506451
5207.4 0.16489105
5210.7 0.16471797
5214.0 0.16454510
5217.3 0.16437265
5220.6 0.16420053
5223.9 0.16402869
5227.2 0.16385721
5230.5 0.16368602
5233.8 0.16351512
5237.1 0.16334467
5240.4 0.16317442
5243.7 0.16300455
5247.0 0.16283497
5250.3 0.16266575
5253.6 0.16249682
5256.9 0.16232826
5260.2 0.16216001
5263.5 0.16199207
5266.8 0.16182438
5270.1 0.16165708
5273.4 0.16149008
5276.7 0.16132338
5280.0 0.16115701
5283.3 0.16099098
5286.6 0.16082521
5289.9 0.16065982
5293.2 0.16049474
5296.5 0.16032995
5299.8 0.16016538
5303.1 0.16000126
5306.4 0.15983735
5309.7 0.15967390
5313.0 0.15951063
5316.3 0.15934768
5319.6 0.15918507
5322.9 0.15902273
5326.2 0.15886080
5329.5 0.15869910
5332.8 0.15853766
5336.1 0.15837660
5339.4 0.15821587
5342.7 0.15805541
5346.0 0.15789521
5349.3 0.15773536
5352.6 0.15757583
5355.9 0.15741655
5359.2 0.15725759
5362.5 0.15709902
5365.8 0.15694065
5369.1 0.15678255
5372.4 0.15662485
5375.7 0.15646738
5379.0 0.15631028
5382.3 0.15615344
5385.6 0.15599686
5388.9 0.15584067
5392.2 0.15568469
5395.5 0.15552907
5398.8 0.15537369
5402.1 0.15521863
5405.4 0.15506388
5408.7 0.15490940
5412.0 0.15475528
5415.3 0.15460135
5418.6 0.15444779
5421.9 0.15429451
5425.2 0.15414150
5428.5 0.15398879
5431.8 0.15383644
5435.1 0.15368430
5438.4 0.15353246
5441.7 0.15338095
5445.0 0.15322967
5448.3 0.15307875
5451.6 0.15292805
5454.9 0.15277764
5458.2 0.15262756
5461.5 0.15247777
5464.8 0.15232819
5468.1 0.15217900
5471.4 0.15203007
5474.7 0.15188137
5478.0 0.15173300
5481.3 0.15158489
5484.6 0.15143710
5487.9 0.15128954
5491.2 0.15114236
5494.5 0.15099539
5497.8 0.15084864
5501.1 0.15070230
5504.4 0.15055621
5507.7 0.15041032
5511.0 0.15026478
5514.3 0.15011950
5517.6 0.14997451
5520.9 0.14982979
5524.2 0.14968534
5527.5 0.14954114
5530.8 0.14939725
5534.1 0.14925365
5537.4 0.14911035
5540.7 0.14896733
5544.0 0.14882450
5547.3 0.14868201
5550.6 0.14853981
5553.9 0.14839786
5557.2 0.14825615
5560.5 0.14811473
5563.8 0.14797366
5567.1 0.14783274
5570.4 0.14769213
5573.7 0.14755182
5577.0 0.14741179
5580.3 0.14727204
5583.6 0.14713250
5586.9 0.14699323
5590.2 0.14685433
5593.5 0.14671560
5596.8 0.14657715
5600.1 0.14643902
5603.4 0.14630114
5606.7 0.14616346
5610.0 0.14602610
5613.3 0.14588900
5616.6 0.14575216
5619.9 0.14561564
5623.2 0.14547931
5626.5 0.14534329
5629.8 0.14520752
5633.1 0.14507201
5636.4 0.14493677
5639.7 0.14480183
5643.0 0.14466707
5646.3 0.14453264
5649.6 0.14439844
5652.9 0.14426449
5656.2 0.14413083
5659.5 0.14399745
5662.8 0.14386426
5666.1 0.14373137
5669.4 0.14359877
5672.7 0.14346635
5676.0 0.14333427
5679.3 0.14320242
5682.6 0.14307080
5685.9 0.14293948
5689.2 0.14280836
5692.5 0.14267758
5695.8 0.14254698
5699.1 0.14241667
5702.4 0.14228661
5705.7 0.14215678
5709.0 0.14202724
5712.3 0.14189795
5715.6 0.14176889
5718.9 0.14164010
5722.2 0.14151154
5725.5 0.14138326
5728.8 0.14125520
5732.1 0.14112745
5735.4 0.14099993
5738.7 0.14087261
5742.0 0.14074560
5745.3 0.14061880
5748.6 0.14049231
5751.9 0.14036600
5755.2 0.14024000
5758.5 0.14011417
5761.8 0.13998866
5765.1 0.13986337
5768.4 0.13973835
5771.7 0.13961355
5775.0 0.13948900
5778.3 0.13936467
5781.6 0.13924067
5784.9 0.13911685
5788.2 0.13899329
5791.5 0.13886991
5794.8 0.13874687
5798.1 0.13862409
5801.4 0.13850148
5804.7 0.13837910
5808.0 0.13825700
5811.3 0.13813516
5814.6 0.13801356
5817.9 0.13789214
5821.2 0.13777104
5824.5 0.13765010
5827.8 0.13752948
5831.1 0.13740905
5834.4 0.13728888
5837.7 0.13716896
5841.0 0.13704929
5844.3 0.13692981
5847.6 0.13681063
5850.9 0.13669164
5854.2 0.13657293
5857.5 0.13645443
5860.8 0.13633616
5864.1 0.13621810
5867.4 0.13610035
5870.7 0.13598280
5874.0 0.13586544
5877.3 0.13574834
5880.6 0.13563152
5883.9 0.13551489
5887.2 0.13539855
5890.5 0.13528238
5893.8 0.13516648
5897.1 0.13505079
5900.4 0.13493535
5903.7 0.13482015
5907.0 0.13470517
5910.3 0.13459039
5913.6 0.13447587
5916.9 0.13436157
5920.2 0.13424756
5923.5 0.13413371
5926.8 0.13402011
5930.1 0.13390677
5933.4 0.13379365
5936.7 0.13368073
5940.0 0.13356806
5943.3 0.13345559
5946.6 0.13334338
5949.9 0.13323137
5953.2 0.13311960
5956.5 0.13300808
5959.8 0.13289678
5963.1 0.13278566
5966.4 0.13267484
5969.7 0.13256419
5973.0 0.13245378
5976.3 0.13234361
5979.6 0.13223365
5982.9 0.13212392
5986.2 0.13201439
5989.5 0.13190514
5992.8 0.13179605
5996.1 0.13168727
5999.4 0.13157865
