300.0 0.0
445.0 0.0000000
449.45 0.0000000
453.9 0.0000000
458.35 0.0000000
462.8 0.0000000
467.25 0.0000000
471.7 0.0000000
476.15 0.0000000
480.6 0.0000000
485.05 0.0000000
489.5 0.0000000
493.95 0.0000000
498.4 0.0000000
502.85 0.0000000
507.3 0.0000000
511.75 0.0000000
516.2 0.0000000
520.65 0.0000000
525.1 0.0000000
529.55 0.0000000
534.0 0.0000000
538.45 0.0000000
542.9 0.0000000
547.35 0.0000000
551.8 0.0000000
556.25 0.0000000
560.7 0.0000000
565.15 0.0000000
569.6 0.0000000
574.04995 0.0000000
578.49995 0.0000000
582.94995 0.0000000
587.39995 0.0000000
591.84995 0.0000000
596.29995 0.0000000
600.74995 0.0000000
605.19995 0.0000000
609.64995 0.0000000
614.09995 0.0000000
618.54995 0.0000000
622.99995 0.0000000
627.44995 0.0000000
631.89995 0.0000000
636.34995 0.0000000
640.79995 0.0000000
645.24995 0.0000000
649.69995 0.0000000
654.14995 0.0000000
658.59995 0.0000000
663.04995 0.0000000
667.49995 0.0000000
671.94995 0.0000000
676.39995 0.0000000
680.84995 0.0000000
685.29995 0.0000000
689.74995 0.0000000
694.19995 0.0000000
698.64995 0.0000000
703.09995 0.0000000
707.54995 0.0000000
711.99995 0.0000000
716.44995 0.0000000
720.89995 0.0000000
725.34995 0.0000000
729.79995 0.0000000
734.24995 0.0000000
738.69995 0.0000000
743.14995 0.0000000
747.59995 0.0000000
752.04995 0.0000000
756.49995 0.0000000
760.94995 0.0000000
765.39995 0.0000000
769.84995 0.0000000
774.29995 0.0000000
778.74995 0.0000000
783.19995 0.0000000
787.64995 0.0000000
792.09995 0.0000000
796.54995 0.0000000
800.99995 0.0000000
805.44995 0.0000000
809.89995 0.0000000
814.34995 4.54886595E-06
818.79995 2.68423400E-06
823.25 1.55406588E-06
827.7 8.82132667E-07
832.15 4.90715195E-07
836.6 2.67358047E-07
841.05 1.42538511E-07
845.5 7.43383168E-08
849.95 3.78995004E-08
854.4 1.88695211E-08
858.85 9.17363430E-09
863.3 4.34957936E-09
867.75 1.61390835E-06
872.2 9.44005251E-07
876.65 5.42091584E-07
881.1 3.05584479E-07
885.55 1.68966622E-07
890.0 1.00476214E-07
894.45 5.59392106E-08
898.9 2.90953981E-08
903.35 1.59568359E-08
907.8 8.74763550E-09
912.25 4.76421080E-09
916.7 8.25637951E-04
921.15 6.39384089E-04
925.6 4.08481050E-04
930.05 2.54490122E-04
934.5 1.76895017E-04
938.95 1.26240688E-04
943.4 9.19317827E-05
947.85 6.71355083E-05
952.3 4.65069716E-05
956.75 2.95480386E-05
961.2 2.07419544E-05
965.65 1.27594021E-05
970.1 7.89276237E-06
974.55 4.90262300E-06
979.0 3.13529040E-06
983.45 2.08589563E-06
987.9 1.29384682E-06
992.35 8.42699478E-07
996.8 5.46467220E-07
1001.25 3.29875860E-07
1005.7 1.80071993E-07
1010.15 1.04841604E-07
1014.6 5.32919593E-08
1019.05 3.10762722E-08
1023.5 2.18413270E-08
1027.95 1.82237052E-08
1032.4 1.72019838E-08
1036.85 1.73936368E-08
1041.3 1.88767455E-08
1045.75 2.13788294E-08
1050.2 2.29255939E-08
1054.65 2.48776413E-08
1059.1 2.74963732E-08
1063.55 3.14534958E-08
1068.0 3.70052113E-08
1072.45 4.58161686E-08
1076.9 5.88750275E-08
1081.35 8.28464621E-08
1085.8 4.5030141
1090.25 3.6404009
1094.7 3.3938963
1099.15 3.3909180
1103.6 3.1750381
1108.05 2.5406461
1112.5 2.1926138
1116.95 2.0610740
1121.4 1.9715004
1125.85 1.8426483
1130.3 1.6818014
1134.75 1.5749488
1139.2 1.5379167
1143.6499 1.5412855
1148.0999 1.5655141
1152.5499 1.5753821
1156.9999 1.6937059
1161.4499 1.7194633
1165.8999 1.6447809
1170.3499 1.4981073
1174.7999 1.5070949
1179.2499 1.4927354
1183.6999 1.5277860
1188.1499 1.5533334
1192.5999 1.5336356
1197.0499 1.4777865
1201.4999 1.4574649
1205.9499 1.5030544
1210.3999 1.4930277
1214.8499 1.5172238
1219.2999 1.4969202
1223.7499 1.5312080
1228.1999 1.6179965
1232.6499 1.7079825
1237.0999 1.8325776
1241.5499 1.8655809
1245.9999 1.8912547
1250.4499 1.7191005
1254.8999 1.6044279
1259.3499 1.5191427
1263.7999 1.4816936
1268.2499 1.4744484
1272.6999 1.4072341
1277.1499 1.3888252
1281.5999 1.3799549
1286.0499 1.3691199
1290.4999 1.3930836
1294.9499 1.3791137
1299.3999 1.3491627
1303.8499 1.3890252
1308.2999 1.3644230
1312.7499 1.3850906
1317.1999 1.4175795
1321.6499 1.4378643
1326.0999 1.4721835
1330.5499 1.4693573
1334.9999 1.5152369
1339.4499 1.5480659
1343.8999 1.5849658
1348.3499 1.6440803
1352.7999 1.7657621
1357.2499 1.9287826
1361.6999 2.1157496
1366.1499 2.3532832
1370.5999 2.6483335
1375.0499 2.8221490
1379.4999 2.5601604
1383.9499 2.1705871
1388.3999 1.8746156
1392.8499 1.7195873
1397.2999 1.6410904
1401.7499 1.5956215
1406.1999 1.5191095
1410.6499 1.5126183
1415.0999 1.4660375
1419.5499 1.4937283
1423.9999 1.4965183
1428.4499 1.4900327
1432.8999 1.5050169
1437.3499 1.4849113
1441.7999 1.5059829
1446.2499 1.5254806
1450.6999 1.5265403
1455.1499 1.5578908
1459.5999 1.4963244
1464.0499 1.4847314
1468.4999 1.4640472
1472.9499 1.4866076
1477.3999 1.4918828
1481.8499 1.4692458
1486.2999 1.3936136
1490.7499 1.3474225
1495.1999 1.3273100
1499.6499 1.3017194
1504.0999 1.3027400
1508.5499 1.2981291
1512.9999 1.2945690
1517.4499 1.3138790
1521.8999 1.3086687
1526.3499 1.3285635
1530.7999 1.3336365
1535.2499 1.3301235
1539.6999 1.3137777
1544.1499 1.3293389
1548.5999 1.3342183
1553.0499 1.3692702
1557.4999 1.3462172
1561.9499 1.3235368
1566.3999 1.2643749
1570.8499 1.2824609
1575.2999 1.2874454
1579.7499 1.2694941
1584.1999 1.3115824
1588.6499 1.3232235
1593.0999 1.2876542
1597.5499 1.2649657
1601.9999 1.2659050
1606.4499 1.2651917
1610.8999 1.2639048
1615.3499 1.2792770
1619.7999 1.2562340
1624.2499 1.2515922
1628.6999 1.2669283
1633.1499 1.2648369
1637.5999 1.2954968
1642.05 1.2892679
1646.5 1.3719426
1650.95 1.3665725
1655.4 1.3798295
1659.85 1.3583112
1664.3 1.3606569
1668.75 1.3725542
1673.2 1.4329684
1677.65 1.5411823
1682.1 1.6393453
1686.55 1.7191390
1691.0 1.7491467
1695.45 1.8402578
1699.9 1.7592543
1704.35 1.6079042
1708.8 1.4701612
1713.25 1.3785876
1717.7 1.3354946
1722.15 1.2916825
1726.6 1.2505106
1731.05 1.2188524
1735.5 1.2094653
1739.95 1.1631726
1744.4 1.1441010
1748.85 1.1342911
1753.3 1.1445177
1757.75 1.1485759
1762.2 1.1213294
1766.65 1.1251425
1771.1 1.1303059
1775.55 1.1389593
1780.0 1.1099807
1784.45 1.1213157
1788.9 1.1467026
1793.35 1.0839128
1797.8 1.1118507
1802.25 1.1182468
1806.7 1.1097007
1811.15 1.1184502
1815.6 1.1000322
1820.05 1.0847788
1824.5 1.1142119
1828.95 1.1585523
1833.4 1.1349186
1837.85 1.1627307
1842.3 1.1522682
1846.75 1.1546839
1851.2 1.1475127
1855.65 1.1615976
1860.1 1.1575989
1864.55 1.1540267
1869.0 1.1165947
1873.45 1.0979220
1877.9 1.1116062
1882.35 1.1268672
1886.8 1.0786967
1891.25 1.1302309
1895.7 1.0903982
1900.15 1.1159084
1904.6 1.1051780
1909.05 1.1271126
1913.5 1.0733590
1917.95 1.0887034
1922.4 1.0871298
1926.85 1.1055728
1931.3 1.0503379
1935.75 1.0621158
1940.2 1.0817834
1944.65 1.0332000
1949.1 1.0518857
1953.55 1.0195808
1958.0 0.99068642
1962.45 0.98895681
1966.9 0.98722970
1971.35 0.99301094
1975.8 0.99833024
1980.25 0.99909937
1984.7 0.98444581
1989.15 0.97862661
1993.6 0.97691250
1998.05 0.97520131
2002.5 0.98665696
2006.95 0.98417294
2011.4 0.99779445
2015.85 1.0029310
2020.3 1.0016533
2024.75 1.0080531
2029.2 1.0164437
2033.65 1.0339180
2038.1 1.0561604
2042.55 1.0470083
2047.0 1.0737095
2051.45 1.0850548
2055.9 1.0931820
2060.35 1.0982515
2064.8 1.1050631
2069.25 1.1179324
2073.7 1.1225897
2078.15 1.1064239
2082.6 1.0956725
2087.05 1.0701734
2091.5 1.0665174
2095.95 1.0449697
2100.4 1.0592409
2104.85 1.0452483
2109.3 1.0375456
2113.75 1.0394536
2118.2 1.0320699
2122.65 1.0335263
2127.1 1.0348266
2131.55 1.0457143
2136.0 1.0691981
2140.45 1.0518305
2144.9 1.0886302
2149.35 1.1144494
2153.8 1.1463661
2158.25 1.1418705
2162.7 1.1083834
2167.15 1.1017677
2171.6 1.1042061
2176.05 1.0780790
2180.5 1.0569823
2184.95 1.0499864
2189.4 1.0448920
2193.85 1.0638852
2198.3 1.0845079
2202.75 1.0877751
2207.2 1.0797209
2211.65 1.0814601
2216.1 1.0736914
2220.55 1.0781553
2225.0 1.0662345
2229.45 1.0608640
2233.9 1.0611670
2238.35 1.0553607
2242.8 1.0411447
2247.25 1.0252342
2251.7 1.0339422
2256.15 1.0365115
2260.6 1.0361168
2265.05 1.0252644
2269.5 1.0164793
2273.95 1.0130024
2278.4 1.0071639
2282.8498 1.0024693
2287.2998 0.99310791
2291.7498 0.97896290
2296.1998 0.98316616
2300.6498 0.98250669
2305.0998 0.97090942
2309.5498 0.94480377
2313.9998 0.96837038
2318.4498 0.97194993
2322.8998 0.96533972
2327.3498 0.96460539
2331.7998 0.97219425
2336.2498 0.95354497
2340.6998 0.95319110
2345.1498 0.93391639
2349.5998 0.91863954
2354.0498 0.88211477
2358.4998 0.87743199
2362.9498 0.87534928
2367.3998 0.86617917
2371.8498 0.88910711
2376.2998 0.90144259
2380.7498 0.90277028
2385.1998 0.88281822
2389.6498 0.89123905
2394.0998 0.89454883
2398.5498 0.90598810
2402.9998 0.90552640
2407.4498 0.92589045
2411.8998 0.95217156
2416.3498 0.95992064
2420.7998 0.94700712
2425.2498 0.97539234
2429.6998 0.98777246
2434.1498 0.98620325
2438.5998 0.99067473
2443.0498 1.0301369
2447.4998 1.0547768
2451.9498 1.0486873
2456.3998 1.0679983
2460.8498 1.0430669
2465.2998 1.0685265
2469.7498 1.1044825
2474.1998 1.1958176
2478.6498 1.3028375
2483.0998 1.4694439
2487.5498 1.6391600
2491.9998 1.6905440
2496.4498 1.6036929
2500.8998 1.4195910
2505.3498 1.2622396
2509.7998 1.1643696
2514.2498 1.1156949
2518.6998 1.0772475
2523.1498 1.0473877
2527.5998 1.0237818
2532.0498 1.0011444
2536.4998 0.99349850
2540.9498 0.97284734
2545.3998 0.95489651
2549.8498 0.93447834
2554.2998 0.92271894
2558.7498 0.91937137
2563.1998 0.89252651
2567.6498 0.89371681
2572.0998 0.87098843
2576.5498 0.86479634
2580.9998 0.86332953
2585.4498 0.82722920
2589.8998 0.83914232
2594.3498 0.83810657
2598.7998 0.84991229
2603.2498 0.87272972
2607.6998 0.88041025
2612.1498 0.88292819
2616.5998 0.88172799
2621.0498 0.88737214
2625.4998 0.87479359
2629.9498 0.87648779
2634.3998 0.88763654
2638.8498 0.87407851
2643.2998 0.87658250
2647.7498 0.86040002
2652.1998 0.86514217
2656.6498 0.84386075
2661.0998 0.82925272
2665.5498 0.81398398
2669.9998 0.80621213
2674.4498 0.78650409
2678.8998 0.77817965
2683.3498 0.75652826
2687.7998 0.74157423
2692.2498 0.73823297
2696.6998 0.74487871
2701.1498 0.73483008
2705.5998 0.75019497
2710.0498 0.75378430
2714.4998 0.75582916
2718.9498 0.75540304
2723.3998 0.75571597
2727.8498 0.77036458
2732.2998 0.76205540
2736.7498 0.77676415
2741.1998 0.77557361
2745.6498 0.77218026
2750.0998 0.76344895
2754.5498 0.77089518
2758.9998 0.76513332
2763.4498 0.78110087
2767.8998 0.80056429
2772.3498 0.80236834
2776.7998 0.83410865
2781.2498 0.84050548
2785.6998 0.83980054
2790.1498 0.82795042
2794.5998 0.82681382
2799.0498 0.79603356
2803.4998 0.81334996
2807.9498 0.80502260
2812.3998 0.80318159
2816.8498 0.81289834
2821.2998 0.83399343
2825.7498 0.83446217
2830.1998 0.84456050
2834.6498 0.84948194
2839.0998 0.85572439
2843.5498 0.84697711
2847.9998 0.85073066
2852.4498 0.83772922
2856.8998 0.84683806
2861.3498 0.83604079
2865.7998 0.81088442
2870.2498 0.81088841
2874.6998 0.82051605
2879.1498 0.79857218
2883.5998 0.79702002
2888.0498 0.79729474
2892.4998 0.79649675
2896.9498 0.80881089
2901.3998 0.80492157
2905.8498 0.79095322
2910.2998 0.78907800
2914.7498 0.80462807
2919.1998 0.80277699
2923.6498 0.79696757
2928.0998 0.81123185
2932.5498 0.78796005
2936.9998 0.77787745
2941.4498 0.76713347
2945.8998 0.75942278
2950.3498 0.75339919
2954.7998 0.73756409
2959.2498 0.73433936
2963.6998 0.74269056
2968.1498 0.74898267
2972.5998 0.75830060
2977.0498 0.78164440
2981.4998 0.75474423
2985.9498 0.74393249
2990.3998 0.73903275
2994.8498 0.73522198
2999.2998 0.72637004
3003.7498 0.74330074
3008.1998 0.74029726
3012.6498 0.74524218
3017.0998 0.73799181
3021.5498 0.73997796
3025.9998 0.74009848
3030.4498 0.75673753
3034.8998 0.76087922
3039.3498 0.77345306
3043.7998 0.79823750
3048.2498 0.83038974
3052.6998 0.79088980
3057.1498 0.76049775
3061.5998 0.76452088
3066.0498 0.75245827
3070.4998 0.72468990
3074.9498 0.73249155
3079.3998 0.73428512
3083.8498 0.71358037
3088.2998 0.70844686
3092.7498 0.69241410
3097.1998 0.68232358
3101.6498 0.70033985
3106.0998 0.69807017
3110.5498 0.68789804
3114.9998 0.70106941
3119.4498 0.68320543
3123.8998 0.67193669
3128.3498 0.67137384
3132.7998 0.65979499
3137.2498 0.64858627
3141.6998 0.63581365
3146.1498 0.64354175
3150.5998 0.64170629
3155.0498 0.62289476
3159.4998 0.62810904
3163.9498 0.63795793
3168.3998 0.64193332
3172.8498 0.62953931
3177.2998 0.64078838
3181.7498 0.65646780
3186.1998 0.64387786
3190.6498 0.65761048
3195.0998 0.63849539
3199.5498 0.63973689
3203.9998 0.63000423
3208.4498 0.63786113
3212.8998 0.64134473
3217.3498 0.62847096
3221.7998 0.64561683
3226.2498 0.63448405
3230.6998 0.62859517
3235.1498 0.63385171
3239.5998 0.61987007
3244.0498 0.62640208
3248.4998 0.62115926
3252.9498 0.62502408
3257.3998 0.62888420
3261.8498 0.62019598
3266.2998 0.61462063
3270.7498 0.61264312
3275.1998 0.60956782
3279.65 0.60561830
3284.1 0.60577142
3288.55 0.61398298
3293.0 0.61283708
3297.45 0.61200178
3301.9 0.60004014
3306.35 0.60206294
3310.8 0.62713152
3315.25 0.70661688
3319.7 0.73378569
3324.15 0.61992639
3328.6 0.59774667
3333.05 0.59741741
3337.5 0.59011185
3341.95 0.61108494
3346.4 0.59379613
3350.85 0.58056444
3355.3 0.58438569
3359.75 0.57758170
3364.2 0.56978327
3368.65 0.56361979
3373.1 0.55647719
3377.55 0.52608222
3382.0 0.53444749
3386.45 0.52426523
3390.9 0.54699284
3395.35 0.54551345
3399.8 0.53950596
3404.25 0.53397995
3408.7 0.52988088
3413.15 0.54327095
3417.6 0.53201854
3422.05 0.54076010
3426.5 0.54883367
3430.95 0.55773586
3435.4 0.57974857
3439.85 0.62383378
3444.3 0.64966804
3448.75 0.58372778
3453.2 0.54534656
3457.65 0.56473309
3462.1 0.56910056
3466.55 0.53927308
3471.0 0.52760124
3475.45 0.52823836
3479.9 0.51882786
3484.35 0.51562887
3488.8 0.50592977
3493.25 0.49115950
3497.7 0.47480759
3502.15 0.47138351
3506.6 0.48560914
3511.05 0.49997562
3515.5 0.50129235
3519.95 0.50677395
3524.4 0.51914251
3528.85 0.51945031
3533.3 0.51612741
3537.75 0.49882221
3542.2 0.50080580
3546.65 0.49808255
3551.1 0.47730982
3555.55 0.48329169
3560.0 0.46698600
3564.45 0.46690547
3568.9 0.45871967
3573.35 0.46860611
3577.8 0.47446221
3582.25 0.46572098
3586.7 0.45099652
3591.15 0.45041752
3595.6 0.44823420
3600.05 0.44286165
3604.5 0.45623186
3608.95 0.44655070
3613.4 0.45792696
3617.85 0.46693563
3622.3 0.49529400
3626.75 0.48756132
3631.2 0.48459673
3635.65 0.50590676
3640.1 0.51288640
3644.55 0.53067362
3649.0 0.56418973
3653.45 0.54757440
3657.9 0.52010757
3662.35 0.51741177
3666.8 0.49418777
3671.25 0.48174495
3675.7 0.47664332
3680.15 0.46857986
3684.6 0.45286223
3689.05 0.43536130
3693.5 0.43021780
3697.95 0.43215379
3702.4 0.44403130
3706.85 0.44039035
3711.3 0.43745509
3715.75 0.44701374
3720.2 0.43150824
3724.65 0.42597997
3729.1 0.43374497
3733.55 0.42373976
3738.0 0.41909400
3742.45 0.41835913
3746.9 0.41762629
3751.35 0.41945454
3755.8 0.42283827
3760.25 0.42082229
3764.7 0.41917354
3769.15 0.44251999
3773.6 0.43976977
3778.05 0.44638228
3782.5 0.43834075
3786.95 0.42769879
3791.4 0.42077249
3795.85 0.43954828
3800.3 0.43919256
3804.75 0.43597263
3809.2 0.45603913
3813.65 0.44385147
3818.1 0.45812219
3822.55 0.48297119
3827.0 0.47454724
3831.45 0.48417851
3835.9 0.49297109
3840.35 0.51306373
3844.8 0.54550743
3849.25 0.55144089
3853.7 0.58187497
3858.15 0.62971562
3862.6 0.65295166
3867.05 0.65563643
3871.5 0.60954928
3875.95 0.59858167
3880.4 0.59250110
3884.85 0.56367117
3889.3 0.53808904
3893.75 0.49272099
3898.2 0.48237512
3902.65 0.46311352
3907.1 0.45369998
3911.55 0.46513876
3916.0 0.45239252
3920.45 0.44463670
3924.9 0.44503003
3929.35 0.43457249
3933.8 0.43145037
3938.25 0.42914814
3942.7 0.40260372
3947.15 0.41632688
3951.6 0.41413647
3956.05 0.42463565
3960.5 0.41537562
3964.95 0.41350499
3969.4 0.43207243
3973.85 0.43826008
3978.3 0.45474026
3982.75 0.44809541
3987.2 0.44462290
3991.65 0.42788547
3996.1 0.45138389
4000.55 0.45232752
4005.0 0.45505121
4009.45 0.45172480
4013.9 0.46866187
4018.35 0.48855394
4022.8 0.48497275
4027.25 0.46502179
4031.7 0.45396301
4036.15 0.44289991
4040.6 0.44591904
4045.05 0.47866675
4049.5 0.46559030
4053.95 0.45984104
4058.4 0.47758996
4062.85 0.47350779
4067.3 0.43843991
4071.75 0.46199983
4076.2 0.48028350
4080.65 0.45955387
4085.1 0.45071369
4089.55 0.45775560
4094.0 0.44059196
4098.45 0.43026289
4102.9 0.43159267
4107.35 0.44526565
4111.8 0.46134230
4116.25 0.46098119
4120.7 0.45168757
4125.15 0.45722046
4129.6 0.44350806
4134.05 0.45078889
4138.5 0.43706888
4142.95 0.45988333
4147.4 0.43275037
4151.85 0.44670287
4156.3 0.42800865
4160.75 0.43191570
4165.2 0.43517050
4169.65 0.44940218
4174.1 0.40979540
4178.55 0.40882307
4183.0 0.38427594
4187.45 0.37933460
4191.9 0.37394169
4196.35 0.38299334
4200.8 0.38164937
4205.25 0.38041815
4209.7 0.37350437
4214.15 0.37907416
4218.6 0.38287935
4223.05 0.37474772
4227.5 0.36208728
4231.95 0.36522171
4236.4 0.36661601
4240.85 0.36461136
4245.3 0.37019652
4249.75 0.37480345
4254.2 0.38146451
4258.65 0.37992534
4263.1 0.37683928
4267.55 0.38407516
4272.0 0.39499587
4276.45 0.39515001
4280.9 0.39867708
4285.35 0.41349843
4289.8 0.43775994
4294.25 0.43969312
4298.7 0.47247180
4303.15 0.47670877
4307.6 0.49252528
4312.05 0.52918833
4316.5 0.55083287
4320.95 0.61611634
4325.4 0.67187428
4329.85 0.65047807
4334.3 0.60659784
4338.75 0.56317103
4343.2 0.53261042
4347.65 0.50600910
4352.1 0.47248477
4356.55 0.46394211
4361.0 0.45923313
4365.45 0.44314116
4369.9 0.41833258
4374.35 0.43071061
4378.8 0.41656324
4383.25 0.41007802
4387.7 0.40305784
4392.15 0.39211807
4396.6 0.38774908
4401.05 0.39773899
4405.5 0.39772865
4409.95 0.46920693
4414.4 0.51279271
4418.85 0.42854008
4423.3 0.38051307
4427.75 0.37035415
4432.2 0.36715981
4436.65 0.35804695
4441.1 0.38124219
4445.55 0.41640362
4450.0 0.50591570
4454.45 0.71258646
4458.9 0.71076685
4463.35 0.47784722
4467.8 0.40217626
4472.25 0.37800363
4476.7 0.36753479
4481.15 0.35878199
4485.6 0.35180792
4490.05 0.35195240
4494.5 0.34937787
4498.95 0.34978822
4503.4 0.34922832
4507.85 0.34344456
4512.3 0.33954230
4516.75 0.33945373
4521.2 0.32639271
4525.65 0.31960332
4530.1 0.33356729
4534.55 0.33048871
4539.0 0.33451456
4543.45 0.32095268
4547.9 0.32349548
4552.35 0.31890383
4556.8 0.32995665
4561.2496 0.32408315
4565.6996 0.31566134
4570.1496 0.32282248
4574.5996 0.32073495
4579.0496 0.33042940
4583.4996 0.33206809
4587.9496 0.34529528
4592.3996 0.35268176
4596.8496 0.34763733
4601.2996 0.33751255
4605.7496 0.35228229
4610.1996 0.33763221
4614.6496 0.32918835
4619.0996 0.32977358
4623.5496 0.34830454
4627.9996 0.34171918
4632.4496 0.32365260
4636.8996 0.32782724
4641.3496 0.33077145
4645.7996 0.33625349
4650.2496 0.33072865
4654.6996 0.33379626
4659.1496 0.33241507
4663.5996 0.33417460
4668.0496 0.32190949
4672.4996 0.32729441
4676.9496 0.33784720
4681.3996 0.32153970
4685.8496 0.33055362
4690.2996 0.33181694
4694.7496 0.32931295
4699.1996 0.32971379
4703.6496 0.33201957
4708.0996 0.32978237
4712.5496 0.34239021
4716.9996 0.32678396
4721.4496 0.31984150
4725.8996 0.34967735
4730.3496 0.32633844
4734.7996 0.34144476
4739.2496 0.33274537
4743.6996 0.32276610
4748.1496 0.31812593
4752.5996 0.31444132
4757.0496 0.32378963
4761.4996 0.30679438
4765.9496 0.30943680
4770.3996 0.31251755
4774.8496 0.30906197
4779.2996 0.29448301
4783.7496 0.29981217
4788.1996 0.30697101
4792.6496 0.30624971
4797.0996 0.29686686
4801.5496 0.29788759
4805.9996 0.29531091
4810.4496 0.28952482
4814.8996 0.29523206
4819.3496 0.30116260
4823.7996 0.29906189
4828.2496 0.29168954
4832.6996 0.28737834
4837.1496 0.28302094
4841.5996 0.29276708
4846.0496 0.28220710
4850.4996 0.30120450
4854.9496 0.28383884
4859.3996 0.28505951
4863.8496 0.28059003
4868.2996 0.28018796
4872.7496 0.27978680
4877.1996 0.27938643
4881.6496 0.28570947
4886.0996 0.28687960
4890.5496 0.29340154
4894.9996 0.28616989
4899.4496 0.28695089
4903.8996 0.27700269
4908.3496 0.27660835
4912.7996 0.28441173
4917.2496 0.29275304
4921.6996 0.28773323
4926.1496 0.28064266
4930.5996 0.29161400
4935.0496 0.29621446
4939.4996 0.28128695
4943.9496 0.28440392
4948.3996 0.27309778
4952.8496 0.27271190
4957.2996 0.27813169
4961.7496 0.27348354
4966.1996 0.29890913
4970.6496 0.28529564
4975.0996 0.27745527
4979.5496 0.30970776
4983.9996 0.30552912
4988.4496 0.29167423
4992.8996 0.28628996
4997.3496 0.27326798
5001.7996 0.27284119
5006.2496 0.26814514
5010.6996 0.27686888
5015.1496 0.26739535
5019.5996 0.26864523
5024.0496 0.26664874
5028.4996 0.26877129
5032.9496 0.26590526
5037.3996 0.26733530
5041.8496 0.26630712
5046.2996 0.26479593
5050.7496 0.27396944
5055.1996 0.26987186
5059.6496 0.26369381
5064.0996 0.26332790
5068.5496 0.26296285
5072.9996 0.26259848
5077.4496 0.26223496
5081.8996 0.26187220
5086.3496 0.26151016
5090.7996 0.26685536
5095.2496 0.26078838
5099.6996 0.26118463
5104.1496 0.26006967
5108.5996 0.26121104
5113.0496 0.25944108
5117.4996 0.25899711
5121.9496 0.26148042
5126.3996 0.26509896
5130.8496 0.26633719
5135.2996 0.26382923
5139.7496 0.26335454
5144.1996 0.26257083
5148.6496 0.25892419
5153.0996 0.26103428
5157.5496 0.25930366
5161.9996 0.25877973
5166.4496 0.26451775
5170.8996 0.27608186
5175.3496 0.26251373
5179.7996 0.27159438
5184.2496 0.26632041
5188.6996 0.27453133
5193.1496 0.26807439
5197.5996 0.27674928
5202.0496 0.27230960
5206.4996 0.27352765
5210.9496 0.28146014
5215.3996 0.27461308
5219.8496 0.27983788
5224.2996 0.28904703
5228.7496 0.31118795
5233.1996 0.30404738
5237.6496 0.29815838
5242.0996 0.29975751
5246.5496 0.27331626
5250.9996 0.26871777
5255.4496 0.28121129
5259.8996 0.27621791
5264.3496 0.26658559
5268.7996 0.26801530
5273.2496 0.26947278
5277.6996 0.26980889
5282.1496 0.26504144
5286.5996 0.27025625
5291.0496 0.27579662
5295.4996 0.25881281
5299.9496 0.26156282
5304.3996 0.25974941
5308.8496 0.26806852
5313.2996 0.25288212
5317.7496 0.25558230
5322.1996 0.25487664
5326.6496 0.25395396
5331.0996 0.25577024
5335.5496 0.25525382
5339.9996 0.25462121
5344.4496 0.25692010
5348.8996 0.25275925
5353.3496 0.25064680
5357.7996 0.24624301
5362.2496 0.24603631
5366.6996 0.24202015
5371.1496 0.24671699
5375.5996 0.24724628
5380.0496 0.25008926
5384.4996 0.25211149
5388.9496 0.24250284
5393.3996 0.24771130
5397.8496 0.25514749
5402.2996 0.25216955
5406.7496 0.25468099
5411.1996 0.25932485
5415.6496 0.25507498
5420.0996 0.25696483
5424.5496 0.25188392
5428.9996 0.26454327
5433.4496 0.24324526
5437.8996 0.23515747
5442.3496 0.23872328
5446.7996 0.23553587
5451.2496 0.23681158
5455.6996 0.23714399
5460.1496 0.24180521
5464.5996 0.24628013
5469.0496 0.23510039
5473.4996 0.24171346
5477.9496 0.24825543
5482.3996 0.23911244
5486.8496 0.23512661
5491.2996 0.23151252
5495.7496 0.23121272
5500.1996 0.23219551
5504.6496 0.24590629
5509.0996 0.23429315
5513.5496 0.23567851
5517.9996 0.22972260
5522.4496 0.23030271
5526.8996 0.23010817
5531.3496 0.23385383
5535.7996 0.23149785
5540.2496 0.23678102
5544.6996 0.23757939
5549.1496 0.23219085
5553.5996 0.23059779
5558.0496 0.23025610
5562.4996 0.23690131
5566.9496 0.23542638
5571.3996 0.23046120
5575.8496 0.22879256
5580.2996 0.22703476
5584.7496 0.22594397
5589.1996 0.22781998
5593.6496 0.22981539
5598.0996 0.23741265
5602.5496 0.24068066
5606.9996 0.24523960
5611.4496 0.25304195
5615.8996 0.24293083
5620.3496 0.23103194
5624.7996 0.23179226
5629.2496 0.22940429
5633.6996 0.22583288
5638.1496 0.22936158
5642.5996 0.23619282
5647.0496 0.23868448
5651.4996 0.23126304
5655.9496 0.23307191
5660.3996 0.23656525
5664.8496 0.24084437
5669.2996 0.24450515
5673.7496 0.23246431
5678.1996 0.23477310
5682.6496 0.23913702
5687.0996 0.23985864
5691.5496 0.23476598
5695.9996 0.23435576
5700.4496 0.23784231
5704.8996 0.23763131
5709.3496 0.23504834
5713.7996 0.24082774
5718.2496 0.23836865
5722.6996 0.24174067
5727.1496 0.24753352
5731.5996 0.24408270
5736.0496 0.25119537
5740.4996 0.24717805
5744.9496 0.26397115
5749.3996 0.26592937
5753.8496 0.27289665
5758.2996 0.28058285
5762.7496 0.27945006
5767.1996 0.28516379
5771.6496 0.30116457
5776.0996 0.30283943
5780.5496 0.31603667
5784.9996 0.33063895
5789.4496 0.35093418
5793.8996 0.37443367
5798.3496 0.40279016
5802.7996 0.44185078
5807.2496 0.49064070
5811.6996 0.55035669
5816.1496 0.62071973
5820.5996 0.72775924
5825.0496 0.85507202
5829.4996 1.0154290
5833.9496 1.1771442
5838.3996 1.3846794
5842.8496 1.4230113
5847.2996 1.2169265
5851.7496 1.0128613
5856.1996 0.92149413
5860.6496 0.86792535
5865.0996 0.75160730
5869.5496 0.63407034
5873.9996 0.57122600
5878.4496 0.52103347
5882.8996 0.47514173
5887.3496 0.44017154
5891.7996 0.41878039
5896.2496 0.39209658
5900.6996 0.36506453
5905.1496 0.34260443
5909.5996 0.32004252
5914.0496 0.30075184
5918.4996 0.29465088
5922.9496 0.28859586
5927.3996 0.27408224
5931.8496 0.27231127
5936.2996 0.26720101
5940.7496 0.26750156
5945.1996 0.27221149
5949.6496 0.27144620
5954.0996 0.26579121
5958.5496 0.25716901
5962.9996 0.27000901
5967.4496 0.27694380
5971.8996 0.28258079
5976.3496 0.31118387
5980.7996 0.30956933
5985.2496 0.28859347
5989.6996 0.29149500
5994.1496 0.29501110
5998.5996 0.28653055
