300.0 0.0
380.0 0.0000000
383.8 0.0000000
387.6 0.0000000
391.4 0.0000000
395.2 0.0000000
399.0 0.0000000
402.8 0.0000000
406.6 0.0000000
410.4 0.0000000
414.2 0.0000000
418.0 0.0000000
421.8 0.0000000
425.6 0.0000000
429.4 0.0000000
433.2 0.0000000
437.0 0.0000000
440.8 0.0000000
444.6 0.0000000
448.4 0.0000000
452.2 0.0000000
456.0 0.0000000
459.8 0.0000000
463.6 0.0000000
467.4 0.0000000
471.2 0.0000000
475.0 0.0000000
478.8 0.0000000
482.6 0.0000000
486.4 0.0000000
490.2 0.0000000
494.0 0.0000000
497.8 0.0000000
501.6 0.0000000
505.4 0.0000000
509.2 0.0000000
513.0 0.0000000
516.8 0.0000000
520.6 0.0000000
524.4 0.0000000
528.2 0.0000000
532.0 0.0000000
535.8 0.0000000
539.6 0.0000000
543.4 0.0000000
547.2 0.0000000
551.0 0.0000000
554.8 0.0000000
558.6 0.0000000
562.4 0.0000000
566.2 0.0000000
570.0 0.0000000
573.8 0.0000000
577.6 0.0000000
581.4 0.0000000
585.2 0.0000000
589.0 0.0000000
592.8 0.0000000
596.6 0.0000000
600.4 0.0000000
604.2 0.0000000
608.0 0.0000000
611.8 0.0000000
615.6 0.0000000
619.4 0.0000000
623.2 0.0000000
627.0 0.0000000
630.8 0.0000000
634.6 0.0000000
638.4 0.0000000
642.2 0.0000000
646.0 0.0000000
649.8 0.0000000
653.6 0.0000000
657.4 0.0000000
661.2 0.0000000
665.0 0.0000000
668.8 0.0000000
672.6 0.0000000
676.4 0.0000000
680.2 0.0000000
684.0 0.0000000
687.8 0.0000000
691.6 0.0000000
695.4 2.17892602E-02
699.2 1.86755788E-02
703.0 1.59267578E-02
706.8 1.35125453E-02
710.6 1.14024496E-02
714.4 9.57070012E-03
718.2 7.98804034E-03
722.0 6.62911125E-03
725.8 5.46984980E-03
729.6 4.48543485E-03
733.4 3.65579012E-03
737.2 2.96070939E-03
741.0 1.84334554E-02
744.8 1.59592908E-02
748.6 1.37591818E-02
752.4 1.18108122E-02
756.2 1.00940410E-02
760.0 9.41878837E-03
763.8 8.36004782E-03
767.6 7.04486854E-03
771.4 6.36627851E-03
775.2 5.84698562E-03
779.0 5.42921852E-03
782.8 0.23022535
786.6 0.22775403
790.4 0.18487936
794.2 0.14444995
798.0 0.12528682
801.8 0.11221760
805.6 0.10375839
809.4 9.69753936E-02
813.2 8.66489783E-02
817.0 7.15418085E-02
820.8 6.58175722E-02
824.6 5.34948520E-02
828.4 4.40836027E-02
832.2 3.68171297E-02
836.0 3.19321789E-02
839.8 2.90728658E-02
843.6 2.49207672E-02
847.4 2.26406772E-02
851.2 2.06838697E-02
855.0 1.77694596E-02
858.8 1.39455702E-02
862.6 1.18362075E-02
866.4 9.42325313E-03
870.2 8.26117583E-03
874.0 7.06863543E-03
877.8 5.85100241E-03
881.6 4.96410672E-03
885.4 4.33899555E-03
889.2 3.80170625E-03
893.0 3.43753118E-03
896.8 2.97943759E-03
900.6 2.59715063E-03
904.4 2.29207985E-03
908.2 2.08080397E-03
912.0 1.93019316E-03
915.8 1.87208166E-03
919.6 1.87239959E-03
923.4 2.03650328E-03
927.2 5.1394954
931.0 4.1532650
934.8 3.8704703
938.6 3.8655250
942.4 3.6179895
946.2 2.8939524
950.0 2.4965444
953.8 2.3458591
957.6 2.2430453
961.4 2.0956428
965.2 1.9119859
969.0 1.7898345
972.8 1.7470946
976.6 1.7502718
980.4 1.7771308
984.2 1.7876773
988.0 1.9212488
991.8 1.9497622
995.6 1.8644111
999.4 1.6975482
1003.2 1.7071283
1007.0 1.6902714
1010.8 1.7293582
1014.6 1.7576689
1018.4 1.7347852
1022.2 1.6710417
1026.0 1.6475055
1029.8 1.6984701
1033.6 1.6865774
1037.4 1.7133422
1041.2 1.6898582
1045.0 1.7280018
1048.8 1.8253518
1052.6 1.9262497
1056.4 2.0661063
1060.2 2.1026471
1064.0 2.1309109
1067.8 1.9363350
1071.6 1.8066094
1075.4 1.7100483
1079.2 1.6673806
1083.0 1.6587213
1086.8 1.5826272
1090.6 1.5614537
1094.4 1.5510172
1098.2 1.5383817
1102.0 1.5648462
1105.8 1.5486996
1109.6 1.5146245
1113.4 1.5589246
1117.2 1.5308729
1121.0 1.5536180
1124.8 1.5896087
1128.6 1.6119002
1132.4 1.6499110
1136.2 1.6462852
1140.0 1.6972194
1143.8 1.7335147
1147.6 1.7743502
1151.4 1.8400285
1155.2 1.9756798
1159.0 2.1575019
1162.8 2.3660095
1166.6 2.6309426
1170.4 2.9600265
1174.2 3.1534739
1178.0 2.8599842
1181.8 2.4241607
1185.6 2.0930755
1189.4 1.9194913
1193.2 1.8314041
1197.0 1.7802135
1200.8 1.6944252
1204.6 1.6867646
1208.4 1.6344162
1212.2 1.6648775
1216.0 1.6675791
1219.8 1.6599482
1223.6 1.6762359
1227.4 1.6534455
1231.2 1.6765077
1235.0 1.6978098
1238.8 1.6985880
1242.6 1.7330647
1246.4 1.6641870
1250.2 1.6509103
1254.0 1.6275353
1257.8 1.6522360
1261.6 1.6577206
1265.4 1.6321970
1269.2 1.5478274
1273.0 1.4961894
1276.8 1.4735276
1280.6 1.4447975
1284.4 1.4456115
1288.2 1.4401791
1292.0 1.4359163
1295.8 1.4570185
1299.6 1.4509280
1303.4 1.4726694
1307.2 1.4779778
1311.0 1.4737717
1314.8 1.4553535
1318.6 1.4722829
1322.4 1.4773787
1326.2 1.5158771
1330.0 1.4900484
1333.8 1.4646443
1337.6 1.3988894
1341.4 1.4186118
1345.2 1.4238377
1349.0 1.4037026
1352.8 1.4499506
1356.6 1.4625292
1360.4 1.4229339
1364.2 1.3975868
1368.0 1.3983513
1371.8 1.3972914
1375.6 1.3956002
1379.4 1.4123023
1383.2 1.3865978
1387.0 1.3812109
1390.8 1.3978703
1394.6 1.3952997
1398.4 1.4288540
1402.2 1.4217186
1406.0 1.5126058
1409.8 1.5064070
1413.6 1.5207411
1417.4 1.4967515
1421.2 1.4990637
1425.0 1.5118976
1428.8 1.5781609
1432.6 1.6970353
1436.4 1.8048035
1440.2 1.8923153
1444.0 1.9250059
1447.8 2.0249217
1451.6 1.9354516
1455.4 1.7686355
1459.2 1.6168437
1463.0 1.5158725
1466.8 1.4682368
1470.6 1.4198277
1474.4 1.3743383
1478.2 1.3393192
1482.0 1.3287810
1485.8 1.2775681
1489.6 1.2562752
1493.4 1.2451625
1497.2 1.2560468
1501.0 1.2601596
1504.8 1.2299349
1508.6 1.2337867
1512.4 1.2391189
1516.2 1.2482747
1520.0 1.2161943
1523.8 1.2282921
1527.6 1.2557735
1531.4 1.1867039
1535.2 1.2169775
1539.0 1.2236643
1542.8 1.2140025
1546.6 1.2232641
1550.4 1.2028164
1554.2 1.1858399
1558.0 1.2177109
1561.8 1.2658553
1565.6 1.2397263
1569.4 1.2697947
1573.2 1.2580608
1577.0 1.2603917
1580.8 1.2522607
1584.6 1.2673260
1588.4 1.2626607
1592.2 1.2584643
1596.0 1.2173560
1599.8 1.1967157
1603.6 1.2113471
1607.4 1.2276907
1611.2 1.1749371
1615.0 1.2307845
1618.8 1.1871350
1622.6 1.2146304
1626.4 1.2026767
1630.2 1.2262684
1634.0 1.1675227
1637.8 1.1839476
1641.6 1.1819726
1645.4 1.2017574
1649.2 1.1414648
1653.0 1.1540108
1656.8 1.1751227
1660.6 1.1221033
1664.4 1.1421492
1668.2 1.1068335
1672.0 1.0752356
1675.8 1.0731293
1679.6 1.0710276
1683.4 1.0770718
1687.2 1.0826135
1691.0 1.0832207
1694.8 1.0671109
1698.6 1.0605831
1702.4 1.0585068
1706.2 1.0564357
1710.0 1.0686272
1713.8 1.0657200
1717.6 1.0802513
1721.4 1.0855936
1725.2 1.0839931
1729.0 1.0907011
1732.8 1.0995613
1736.6 1.1182432
1740.4 1.1420748
1744.2 1.1319566
1748.0 1.1605978
1751.8 1.1726335
1755.6 1.1811886
1759.4 1.1864380
1763.2 1.1935681
1767.0 1.2072383
1770.8 1.2120376
1774.6 1.1943581
1778.4 1.1825300
1782.2 1.1547936
1786.0 1.1506342
1789.8 1.1271781
1793.6 1.1423613
1797.4 1.1270636
1801.2 1.1185536
1805.0 1.1204067
1808.8 1.1122465
1812.6 1.1136150
1816.4 1.1148161
1820.2 1.1263440
1824.0 1.1514336
1827.8 1.1325296
1831.6 1.1719458
1835.4 1.1995305
1839.2 1.2336683
1843.0 1.2286165
1846.8 1.1923791
1850.6 1.1850574
1854.4 1.1874764
1858.2 1.1591808
1862.0 1.1363034
1865.8 1.1285913
1869.6 1.1229260
1873.4 1.1431456
1877.2 1.1651099
1881.0 1.1684253
1884.8 1.1595817
1888.6 1.1612579
1892.4 1.1527263
1896.2 1.1573294
1900.0 1.1443467
1903.8 1.1383981
1907.6 1.1385391
1911.4 1.1321274
1915.2 1.1166985
1919.0 1.0994582
1922.8 1.1086203
1926.6 1.1111995
1930.4 1.1106013
1934.2 1.0987965
1938.0 1.0892111
1941.8 1.0853168
1945.6 1.0788945
1949.4 1.0736998
1953.2 1.0635099
1957.0 1.0482020
1960.8 1.0525421
1964.6 1.0516768
1968.4 1.0391059
1972.2 1.0110146
1976.0 1.0360774
1979.8 1.0397524
1983.6 1.0325276
1987.4 1.0315895
1991.2 1.0395522
1995.0 1.0194612
1998.8 1.0189339
2002.6 0.99818462
2006.4 0.98171413
2010.2 0.94254541
2014.0 0.93740714
2017.8 0.93504822
2021.6 0.92512083
2025.4 0.94947398
2029.2 0.96251100
2033.0 0.96379280
2036.8 0.94235986
2040.6 0.95121574
2044.4 0.95461524
2048.2 0.96668857
2052.0 0.96606261
2055.8 0.98765212
2059.6 1.0155473
2063.4 1.0236725
2067.2 1.0097641
2071.0 1.0398895
2074.8 1.0529463
2078.6 1.0511323
2082.4 1.0557568
2086.2 1.0976654
2090.0 1.1237712
2093.8 1.1171356
2097.6 1.1375570
2101.4 1.1108563
2105.2 1.1378218
2109.0 1.1759566
2112.8 1.2730371
2116.6 1.3867885
2120.4 1.5639293
2124.2 1.7443345
2128.0 1.7987862
2131.8 1.7061568
2135.6 1.5101007
2139.4 1.3425475
2143.2 1.2382950
2147.0 1.1863813
2150.8 1.1453550
2154.6 1.1134691
2158.4 1.0882388
2162.2 1.0640451
2166.0 1.0557890
2169.8 1.0337164
2173.6 1.0145187
2177.4 0.99270487
2181.2 0.98009425
2185.0 0.97642070
2188.8 0.94779611
2192.6 0.94894648
2196.4 0.92470330
2200.2 0.91802019
2204.0 0.91635460
2207.8 0.87793338
2211.6 0.89047211
2215.4 0.88926882
2219.2 0.90169001
2223.0 0.92578989
2226.8 0.93382931
2230.6 0.93639195
2234.4 0.93501151
2238.2 0.94088900
2242.0 0.92744607
2245.8 0.92913646
2249.6 0.94084835
2253.4 0.92637295
2257.2 0.92892224
2261.0 0.91167122
2264.8 0.91659361
2268.6 0.89394718
2272.4 0.87837464
2276.2 0.86210614
2280.0 0.85378093
2283.8 0.83281863
2287.6 0.82391393
2291.4 0.80090290
2295.2 0.78498662
2299.0 0.78136522
2302.8 0.78831434
2306.6 0.77759618
2310.4 0.79377037
2314.2 0.79748321
2318.0 0.79956174
2321.8 0.79902625
2325.6 0.79927301
2329.4 0.81468028
2333.2 0.80580872
2337.0 0.82127619
2340.8 0.81993222
2344.6 0.81626010
2348.4 0.80694699
2352.2 0.81473356
2356.0 0.80856121
2359.8 0.82535070
2363.6 0.84583056
2367.4 0.84765059
2371.2 0.88109297
2375.0 0.88776076
2378.8 0.88692695
2382.6 0.87432432
2386.4 0.87303686
2390.2 0.84045231
2394.0 0.85864997
2397.8 0.84977472
2401.6 0.84774798
2405.4 0.85791963
2409.2 0.88009709
2413.0 0.88050592
2416.8 0.89107496
2420.6 0.89618069
2424.4 0.90267926
2428.2 0.89336610
2432.0 0.89723933
2435.8 0.88344270
2439.6 0.89296359
2443.4 0.88149458
2447.2 0.85488975
2451.0 0.85481346
2454.8 0.86488134
2458.6 0.84167212
2462.4 0.83995795
2466.2 0.84016931
2470.0 0.83925062
2473.8 0.85214698
2477.6 0.84797126
2481.4 0.83317941
2485.2 0.83112812
2489.0 0.84742957
2492.8 0.84540331
2496.6 0.83920932
2500.4 0.85415256
2504.2 0.82957494
2508.0 0.81888640
2511.8 0.80750382
2515.6 0.79931611
2519.4 0.79290569
2523.2 0.77617151
2527.0 0.77270985
2530.8 0.78142869
2534.6 0.78798002
2538.4 0.79771328
2542.2 0.82219881
2546.0 0.79383409
2549.8 0.78239465
2553.6 0.77717453
2557.4 0.77310061
2561.2 0.76372713
2565.0 0.78146189
2568.8 0.77823788
2572.6 0.78336972
2576.4 0.77568281
2580.2 0.77770478
2584.0 0.77776605
2587.8 0.79518521
2591.6 0.79947054
2595.4 0.81261438
2599.2 0.83858418
2603.0 0.87228936
2606.8 0.83072782
2610.6 0.79873919
2614.4 0.80289882
2618.2 0.79016596
2622.0 0.76094401
2625.8 0.76907349
2629.6 0.77089423
2633.4 0.74909681
2637.2 0.74364793
2641.0 0.72676009
2644.8 0.71611184
2648.6 0.73496169
2652.4 0.73252159
2656.2 0.72179025
2660.0 0.73555243
2663.8 0.71675330
2667.6 0.70487601
2671.4 0.70423037
2675.2 0.69203085
2679.0 0.68022156
2682.8 0.66677421
2686.6 0.67482644
2690.4 0.67284995
2694.2 0.65307516
2698.0 0.65849161
2701.8 0.66876572
2705.6 0.67288196
2709.4 0.65984029
2713.2 0.67157996
2717.0 0.68796086
2720.8 0.67471617
2724.6 0.68905485
2728.4 0.66897565
2732.2 0.67022651
2736.0 0.65998077
2739.8 0.66816205
2743.6 0.67176157
2747.4 0.65822870
2751.2 0.67613673
2755.0 0.66442901
2758.8 0.65821403
2762.6 0.66367000
2766.4 0.64898342
2770.2 0.65577483
2774.0 0.65023929
2777.8 0.65423787
2781.6 0.65823114
2785.4 0.64909106
2789.2 0.64321005
2793.0 0.64109498
2796.8 0.63783163
2800.6 0.63365418
2804.4 0.63376969
2808.2 0.64231563
2812.0 0.64107186
2815.8 0.64015341
2819.6 0.62759775
2823.4 0.62966967
2827.2 0.65584224
2831.0 0.73891550
2834.8 0.76727337
2838.6 0.64817333
2842.4 0.62494022
2846.2 0.62455332
2850.0 0.61687392
2853.8 0.63875479
2857.6 0.62064105
2861.4 0.60677028
2865.2 0.61072284
2869.0 0.60357159
2872.8 0.59538239
2876.6 0.58890283
2880.4 0.58140111
2884.2 0.54960823
2888.0 0.55831069
2891.8 0.54763764
2895.6 0.57134080
2899.4 0.56975812
2903.2 0.56344682
2907.0 0.55763918
2910.8 0.55332255
2914.6 0.56726819
2918.4 0.55548269
2922.2 0.56457341
2926.0 0.57296568
2929.8 0.58222187
2933.6 0.60516232
2937.4 0.65113837
2941.2 0.67806035
2945.0 0.60919952
2948.8 0.56910759
2952.6 0.58930159
2956.4 0.59382159
2960.2 0.56266320
2964.0 0.55045056
2967.8 0.55108100
2971.6 0.54122984
2975.4 0.53785932
2979.2 0.52770942
2983.0 0.51227164
2986.8 0.49518636
2990.6 0.49158514
2994.4 0.50638944
2998.2 0.52133876
3002.0 0.52267992
3005.8 0.52836335
3009.6 0.54122609
3013.4 0.54151428
3017.2 0.53801775
3021.0 0.51994747
3024.8 0.52198368
3028.6 0.51911426
3032.4 0.49743477
3036.2 0.50363898
3040.0 0.48661789
3043.8 0.48650521
3047.6 0.47794759
3051.4 0.48821971
3055.2 0.49429196
3059.0 0.48515695
3062.8 0.46979064
3066.6 0.46916023
3070.4 0.46685895
3074.2 0.46123651
3078.0 0.47513402
3081.8 0.46502495
3085.6 0.47684455
3089.4 0.48619756
3093.2 0.51569635
3097.0 0.50761610
3100.8 0.50450093
3104.6 0.52665645
3108.4 0.53389221
3112.2 0.55237681
3116.0 0.58723062
3119.8 0.56990474
3123.6 0.54128754
3127.4 0.53845191
3131.2 0.51425493
3135.0 0.50127912
3138.8 0.49594310
3142.6 0.48752627
3146.4 0.47114715
3150.2 0.45291474
3154.0 0.44753936
3157.8 0.44952875
3161.6 0.46185860
3165.4 0.45804659
3169.2 0.45496902
3173.0 0.46488523
3176.8 0.44873559
3180.6 0.44296283
3184.4 0.45101318
3188.2 0.44058606
3192.0 0.43573236
3195.8 0.43494523
3199.6 0.43416023
3203.4 0.43603775
3207.2 0.43953207
3211.0 0.43741339
3214.8 0.43567681
3218.6 0.45991829
3222.4 0.45703608
3226.2 0.46388394
3230.0 0.45550346
3233.8 0.44442171
3237.6 0.43720198
3241.4 0.45668739
3245.2 0.45629418
3249.0 0.45292571
3252.8 0.47374818
3256.6 0.46106368
3260.4 0.47586355
3264.2 0.50164938
3268.0 0.49287456
3271.8 0.50285238
3275.6 0.51195824
3279.4 0.53279793
3283.2 0.56646103
3287.0 0.57259369
3290.8 0.60416508
3294.6 0.65380573
3298.4 0.67789698
3302.2 0.68065053
3306.0 0.63277376
3309.8 0.62135756
3313.6 0.61501533
3317.4 0.58506119
3321.2 0.55848092
3325.0 0.51136857
3328.8 0.50060666
3332.6 0.48059368
3336.4 0.47080201
3340.2 0.48264864
3344.0 0.46939993
3347.8 0.46133029
3351.6 0.46171618
3355.4 0.45084494
3359.2 0.44758451
3363.0 0.44517496
3366.8 0.41761938
3370.6 0.43183380
3374.4 0.42954153
3378.2 0.44041038
3382.0 0.43078607
3385.8 0.42882591
3389.6 0.44806024
3393.4 0.45445564
3397.2 0.47152281
3401.0 0.46461108
3404.8 0.46098912
3408.6 0.44361511
3412.4 0.46795565
3416.2 0.46891233
3420.0 0.47171423
3423.8 0.46824449
3427.6 0.48577869
3431.4 0.50637418
3435.2 0.50263941
3439.0 0.48193976
3442.8 0.47045735
3446.6 0.45897150
3450.4 0.46207935
3454.2 0.49599150
3458.0 0.48242012
3461.8 0.47644168
3465.6 0.49480918
3469.4 0.49055794
3473.2 0.45420715
3477.0 0.47859308
3480.8 0.49751142
3484.6 0.47601715
3488.4 0.46683964
3492.2 0.47411269
3496.0 0.45631570
3499.8 0.44559851
3503.6 0.44695616
3507.4 0.46109575
3511.2 0.47772318
3515.0 0.47732857
3518.8 0.46768516
3522.6 0.47339353
3526.4 0.45917633
3530.2 0.46669433
3534.0 0.45247078
3537.8 0.47606885
3541.6 0.44796184
3545.4 0.46238512
3549.2 0.44301578
3553.0 0.44704086
3556.8 0.45039064
3560.6 0.46510041
3564.4 0.42409226
3568.2 0.42306826
3572.0 0.39764911
3575.8 0.39251941
3579.6 0.38692290
3583.4 0.39627227
3587.2 0.39486530
3591.0 0.39357516
3594.8 0.38640630
3598.6 0.39215231
3602.4 0.39607248
3606.2 0.38764477
3610.0 0.37453330
3613.8 0.37775996
3617.6 0.37918672
3621.4 0.37709799
3625.2 0.38285887
3629.0 0.38760769
3632.8 0.39448035
3636.6 0.39287284
3640.4 0.38966593
3644.2 0.39713216
3648.0 0.40840778
3651.8 0.40855083
3655.6 0.41218108
3659.4 0.42748746
3663.2 0.45255181
3667.0 0.45453233
3670.8 0.48839793
3674.6 0.49275824
3678.4 0.50908726
3682.2 0.54696172
3686.0 0.56931084
3689.8 0.63675946
3693.6 0.69435859
3697.4 0.67222017
3701.2 0.62684882
3705.0 0.58194977
3708.8 0.55034882
3712.6 0.52284139
3716.4 0.48818311
3720.2 0.47933820
3724.0 0.47445479
3727.8 0.45781195
3731.6 0.43216556
3735.4 0.44493601
3739.2 0.43030500
3743.0 0.42358980
3746.8 0.41632256
3750.6 0.40500745
3754.4 0.40047982
3758.2 0.41078225
3762.0 0.41075617
3765.8 0.48455766
3769.6 0.52954960
3773.4 0.44252735
3777.2 0.39291814
3781.0 0.38241386
3784.8 0.37910149
3788.6 0.36967856
3792.4 0.39361283
3796.2 0.42989942
3800.0 0.52229339
3803.8 0.73562765
3807.6 0.73372251
3811.4 0.49326226
3815.2 0.41513512
3819.0 0.39016941
3822.8 0.37934992
3826.6 0.37030238
3830.4 0.36309129
3834.2 0.36322731
3838.0 0.36055738
3841.8 0.36096793
3845.6 0.36037725
3849.4 0.35439619
3853.2 0.35035700
3857.0 0.35025319
3860.8 0.33676472
3864.6 0.32974789
3868.4 0.34414297
3872.2 0.34095478
3876.0 0.34509596
3879.8 0.33109349
3883.6 0.33370495
3887.4 0.32895690
3891.2 0.34034628
3895.0 0.33427617
3898.8 0.32557821
3902.6 0.33295280
3906.4 0.33078834
3910.2 0.34077489
3914.0 0.34245309
3917.8 0.35608172
3921.6 0.36368650
3925.4 0.35847238
3929.2 0.34802020
3933.0 0.36323735
3936.8 0.34811988
3940.6 0.33940220
3944.4 0.33999407
3948.2 0.35908723
3952.0 0.35228616
3955.8 0.33364967
3959.6 0.33794191
3963.4 0.34096554
3967.2 0.34660491
3971.0 0.34089863
3974.8 0.34404913
3978.6 0.34261414
3982.4 0.34441626
3986.2 0.33176422
3990.0 0.33730286
3993.8 0.34816688
3997.6 0.33135036
4001.4 0.34062812
4005.2 0.34191877
4009.0 0.33932745
4012.8 0.33972940
4016.6 0.34209403
4020.4 0.33977795
4024.2 0.35275647
4028.0 0.33666682
4031.8 0.32950377
4035.6 0.36022934
4039.4 0.33617535
4043.2 0.35172573
4047.0 0.34275344
4050.8 0.33246335
4054.6 0.32767335
4058.4 0.32386786
4062.2 0.33348581
4066.0 0.31597158
4069.8 0.31868297
4073.6 0.32184562
4077.4 0.31827685
4081.2 0.30325365
4085.0 0.30873185
4088.8 0.31609380
4092.6 0.31534117
4096.4 0.30567026
4100.2 0.30671170
4104.0 0.30404925
4107.8 0.29808271
4111.6 0.30394921
4115.4 0.31004527
4119.2 0.30787316
4123.0 0.30027434
4126.8 0.29582715
4130.6 0.29133272
4134.4 0.30135587
4138.2 0.29047722
4142.0 0.31002191
4145.8 0.29213899
4149.6 0.29338646
4153.4 0.28877765
4157.2 0.28835517
4161.0 0.28793359
4164.8 0.28751293
4168.6 0.29401106
4172.4 0.29520628
4176.2 0.30190855
4180.0 0.29445839
4183.8 0.29525322
4187.6 0.28500870
4191.4 0.28459451
4195.2 0.29261449
4199.0 0.30118749
4202.8 0.29601425
4206.6 0.28871116
4210.4 0.29998904
4214.2 0.30471271
4218.0 0.28934845
4221.8 0.29254624
4225.6 0.28090817
4229.4 0.28050309
4233.2 0.28606945
4237.0 0.28128046
4240.8 0.30742198
4244.6 0.29341233
4248.4 0.28534070
4252.2 0.31850064
4256.0 0.31419429
4259.8 0.29993787
4263.6 0.29439265
4267.4 0.28099409
4271.2 0.28054720
4275.0 0.27571067
4278.8 0.28467244
4282.6 0.27492410
4286.4 0.27620137
4290.2 0.27414098
4294.0 0.27631536
4297.8 0.27336121
4301.6 0.27482361
4305.4 0.27375895
4309.2 0.27219787
4313.0 0.28161994
4316.8 0.27740023
4320.6 0.27104226
4324.4 0.27065864
4328.2 0.27027592
4332.0 0.26989397
4335.8 0.26951289
4339.6 0.26913267
4343.4 0.26875320
4347.2 0.27423891
4351.0 0.26799673
4354.8 0.26839656
4358.6 0.26724350
4362.4 0.26840907
4366.2 0.26658309
4370.0 0.26611966
4373.8 0.26866400
4377.6 0.27237457
4381.4 0.27363938
4385.2 0.27105537
4389.0 0.27056038
4392.8 0.26974800
4396.6 0.26599452
4400.4 0.26815510
4404.2 0.26637015
4408.0 0.26582485
4411.8 0.27171186
4415.6 0.28358296
4419.4 0.26963902
4423.2 0.27895877
4427.0 0.27353457
4430.8 0.28196049
4434.6 0.27532157
4438.4 0.28422350
4442.2 0.27965659
4446.0 0.28090015
4449.8 0.28903887
4453.6 0.28200009
4457.4 0.28735796
4461.2 0.29680690
4465.0 0.31953394
4468.8 0.31219378
4472.6 0.30613908
4476.4 0.30777311
4480.2 0.28061759
4484.0 0.27588916
4487.8 0.28870866
4491.6 0.28357491
4495.4 0.27367905
4499.2 0.27513978
4503.0 0.27662897
4506.8 0.27696696
4510.6 0.27206615
4514.4 0.27741212
4518.2 0.28309202
4522.0 0.26565227
4525.8 0.26846817
4529.6 0.26660019
4533.4 0.27513185
4537.2 0.25953880
4541.0 0.26230347
4544.8 0.26157272
4548.6 0.26061934
4552.4 0.26247674
4556.2 0.26194027
4560.0 0.26128462
4563.8 0.26363716
4567.6 0.25936109
4571.4 0.25718716
4575.2 0.25266224
4579.0 0.25244394
4582.8 0.24831712
4586.6 0.25312996
4590.4 0.25366682
4594.2 0.25657734
4598.0 0.25864577
4601.8 0.24878202
4605.6 0.25411919
4609.4 0.26174140
4613.2 0.25868025
4617.0 0.26125023
4620.8 0.26600745
4624.6 0.26164177
4628.4 0.26357394
4632.2 0.25835618
4636.0 0.27133435
4639.8 0.24948362
4643.6 0.24118267
4647.4 0.24483401
4651.2 0.24155927
4655.0 0.24286184
4658.8 0.24319699
4662.6 0.24797134
4666.4 0.25255442
4670.2 0.24108420
4674.0 0.24785975
4677.8 0.25456208
4681.6 0.24518108
4685.4 0.24108848
4689.2 0.23737720
4693.0 0.23706429
4696.8 0.23806639
4700.6 0.25211802
4704.4 0.24020594
4708.2 0.24162066
4712.0 0.23550919
4715.8 0.23609842
4719.6 0.23589358
4723.4 0.23972788
4727.2 0.23730731
4731.0 0.24271749
4734.8 0.24353033
4738.6 0.23800138
4742.4 0.23636307
4746.2 0.23600747
4750.0 0.24281317
4753.8 0.24129595
4757.6 0.23620164
4761.4 0.23448615
4765.2 0.23267937
4769.0 0.23155622
4772.8 0.23347360
4776.6 0.23551324
4780.4 0.24329340
4784.2 0.24663688
4788.0 0.25130302
4791.8 0.25929251
4795.6 0.24892609
4799.4 0.23672830
4803.2 0.23750210
4807.0 0.23505010
4810.8 0.23138566
4814.6 0.23499598
4818.4 0.24198970
4822.2 0.24453713
4826.0 0.23692854
4829.8 0.23877648
4833.6 0.24235000
4837.4 0.24672838
4841.2 0.25047314
4845.0 0.23813324
4848.8 0.24049310
4852.6 0.24495803
4856.4 0.24569191
4860.2 0.24047020
4864.0 0.24004483
4867.8 0.24361078
4871.6 0.24338943
4875.4 0.24073869
4879.2 0.24665274
4883.0 0.24412894
4886.8 0.24757719
4890.6 0.25350446
4894.4 0.24996510
4898.2 0.25724372
4902.0 0.25312430
4905.8 0.27031568
4909.6 0.27231520
4913.4 0.27944386
4917.2 0.28730842
4921.0 0.28614244
4924.8 0.29198688
4928.6 0.30836403
4932.4 0.31007245
4936.2 0.32357815
4940.0 0.33852184
4943.8 0.35929343
4947.6 0.38334471
4951.4 0.41236749
4955.2 0.45234749
4959.0 0.50228608
4962.8 0.56340778
4966.6 0.63542634
4970.4 0.74498653
4974.2 0.87529510
4978.0 1.0394233
4981.8 1.2049350
4985.6 1.4173410
4989.4 1.4565471
4993.2 1.2455801
4997.0 1.0366890
5000.8 0.94315326
5004.6 0.88830745
5008.4 0.76924223
5012.2 0.64893436
5016.0 0.58460498
5019.8 0.53322613
5023.6 0.48625073
5027.4 0.45045385
5031.2 0.42855442
5035.0 0.40123978
5038.8 0.37356991
5042.6 0.35057956
5046.4 0.32748595
5050.2 0.30774045
5054.0 0.30149174
5057.8 0.29529029
5061.6 0.28043446
5065.4 0.27861691
5069.2 0.27338293
5073.0 0.27368507
5076.8 0.27849838
5080.6 0.27770996
5084.4 0.27191913
5088.2 0.26309296
5092.0 0.27622339
5095.8 0.28331226
5099.6 0.28907323
5103.4 0.31832725
5107.2 0.31666952
5111.0 0.29520684
5114.8 0.29816911
5118.6 0.30175987
5122.4 0.29307967
5126.2 0.27046853
5130.0 0.24845883
5133.8 0.24601121
5137.6 0.23977265
5141.4 0.23248883
5145.2 0.23102675
5149.0 0.22457863
5152.8 0.21467920
5156.6 0.21347989
5160.4 0.21452060
5164.2 0.21413708
5168.0 0.20414886
5171.8 0.20223215
5175.6 0.20198908
5179.4 0.20844938
5183.2 0.21664853
5187.0 0.20806003
5190.8 0.20502685
5194.6 0.20441909
5198.4 0.20053679
5202.2 0.20029645
5206.0 0.20005657
5209.8 0.21355462
5213.6 0.20541102
5217.4 0.20686823
5221.2 0.19910157
5225.0 0.19886392
5228.8 0.20247565
5232.6 0.20895341
5236.4 0.20731218
5240.2 0.20242250
5244.0 0.20445177
5247.8 0.20462303
5251.6 0.20308976
5255.4 0.19697927
5259.2 0.19674569
5263.0 0.19651257
5266.8 0.19809796
5270.6 0.19604763
5274.4 0.19581582
5278.2 0.19558448
5282.0 0.20019686
5285.8 0.19512306
5289.6 0.19489300
5293.4 0.19466339
5297.2 0.19733061
5301.0 0.19420543
5304.8 0.19397715
5308.6 0.19374925
5312.4 0.19352178
5316.2 0.19873562
5320.0 0.19422761
5323.8 0.20492290
5327.6 0.19407395
5331.4 0.19405776
5335.2 0.19216609
5339.0 0.19194165
5342.8 0.20563075
5346.6 0.21334784
5350.4 0.20593125
5354.2 0.22123075
5358.0 0.20454521
5361.8 0.23014632
5365.6 0.21663527
5369.4 0.20016474
5373.2 0.22275786
5377.0 0.20750175
5380.8 0.20235948
5384.6 0.20403764
5388.4 0.19757891
5392.2 0.19477698
5396.0 0.18862502
5399.8 0.18840723
5403.6 0.19110192
5407.4 0.19825551
5411.2 0.18775629
5415.0 0.18754014
5418.8 0.18732439
5422.6 0.18710904
5426.4 0.20577091
5430.2 0.19112822
5434.0 0.18646540
5437.8 0.18625169
5441.6 0.18938252
5445.4 0.18809167
5449.2 0.18561280
5453.0 0.18540071
5456.8 0.19065017
5460.6 0.19655196
5464.4 0.20742704
5468.2 0.18455605
5472.0 0.20417027
5475.8 0.18466820
5479.6 0.19335355
5483.4 0.18371773
5487.2 0.19613987
5491.0 0.19097143
5494.8 0.19057044
5498.6 0.19434197
5502.4 0.20339002
5506.2 0.19375342
5510.0 0.18226573
5513.8 0.19453292
5517.6 0.21534754
5521.4 0.18164921
5525.2 0.18144450
5529.0 0.18176106
5532.8 0.18103613
5536.6 0.18083256
5540.4 0.18062930
5544.2 0.19829991
5548.0 0.19315179
5551.8 0.18002196
5555.6 0.17982025
5559.4 0.18944906
5563.2 0.20271859
5567.0 0.17921737
5570.8 0.18070464
5574.6 0.22085860
5578.4 0.18991603
5582.2 0.18826106
5586.0 0.17822003
5589.8 0.20249729
5593.6 0.21640347
5597.4 0.20670274
5601.2 0.22733639
5605.0 0.22254275
5608.8 0.23451419
5612.6 0.20381576
5616.4 0.21146402
5620.2 0.26040959
5624.0 0.23354064
5627.8 0.22410053
5631.6 0.20282339
5635.4 0.19598079
5639.2 0.24223027
5643.0 0.23103069
5646.8 0.22348453
5650.6 0.20813948
5654.4 0.18621740
5658.2 0.21042643
5662.0 0.17432219
5665.8 0.17413105
5669.6 0.17394026
5673.4 0.17374988
5677.2 0.17355984
5681.0 0.17337011
5684.8 0.17318080
5688.6 0.17299175
5692.4 0.17280312
5696.2 0.17261478
5700.0 0.17242686
5703.8 0.17223924
5707.6 0.17205200
5711.4 0.17186506
5715.2 0.17167853
5719.0 0.17149232
5722.8 0.17130643
5726.6 0.17112091
5730.4 0.17093571
5734.2 0.17075087
5738.0 0.17056638
5741.8 0.17038222
5745.6 0.17019843
5749.4 0.17001493
5753.2 0.16983177
5757.0 0.16964895
5760.8 0.16946650
5764.6 0.16928440
5768.4 0.16910258
5772.2 0.16892113
5776.0 0.16874005
5779.8 0.16855925
5783.6 0.16837880
5787.4 0.16819867
5791.2 0.16801891
5795.0 0.16783944
5798.8 0.16766034
5802.6 0.16748160
5806.4 0.16730316
5810.2 0.16712499
5814.0 0.16694720
5817.8 0.16676974
5821.6 0.16659258
5825.4 0.16641580
5829.2 0.16623931
5833.0 0.16606316
5836.8 0.16588733
5840.6 0.16571184
5844.4 0.16553667
5848.2 0.16536182
5852.0 0.16518725
5855.8 0.16501306
5859.6 0.16483919
5863.4 0.16466559
5867.2 0.16449238
5871.0 0.16431944
5874.8 0.16414680
5878.6 0.16397454
5882.4 0.16380265
5886.2 0.16363095
5890.0 0.16345958
5893.8 0.16328861
5897.6 0.16311792
5901.4 0.16294746
5905.2 0.16277738
5909.0 0.16260777
5912.8 0.16243821
5916.6 0.16226912
5920.4 0.16210034
5924.2 0.16193186
5928.0 0.16176368
5931.8 0.16159578
5935.6 0.16142815
5939.4 0.16126101
5943.2 0.16109401
5947.0 0.16092737
5950.8 0.16076098
5954.6 0.16059496
5958.4 0.16042927
5962.2 0.16026384
5966.0 0.16009872
5969.8 0.15993398
5973.6 0.15976952
5977.4 0.15960535
5981.2 0.15944146
5985.0 0.15927789
5988.8 0.15911463
5992.6 0.15895160
5996.4 0.15878893
