300.0 0.0
425.0 0.0000000
429.25 0.0000000
433.5 0.0000000
437.75 0.0000000
442.0 0.0000000
446.25 0.0000000
450.5 0.0000000
454.75 0.0000000
459.0 0.0000000
463.25 0.0000000
467.5 0.0000000
471.75 0.0000000
476.0 0.0000000
480.25 0.0000000
484.5 0.0000000
488.75 0.0000000
493.0 0.0000000
497.25 0.0000000
501.5 0.0000000
505.75 0.0000000
510.0 0.0000000
514.25 0.0000000
518.5 0.0000000
522.75 0.0000000
527.0 0.0000000
531.25 0.0000000
535.5 0.0000000
539.75 0.0000000
544.0 0.0000000
548.25 0.0000000
552.5 0.0000000
556.75 0.0000000
561.0 0.0000000
565.25 0.0000000
569.5 0.0000000
573.75 0.0000000
578.0 0.0000000
582.25 0.0000000
586.5 0.0000000
590.75 0.0000000
595.0 0.0000000
599.25 0.0000000
603.5 0.0000000
607.75 0.0000000
612.0 0.0000000
616.25 0.0000000
620.5 0.0000000
624.75 0.0000000
629.0 0.0000000
633.25 0.0000000
637.5 0.0000000
641.75 0.0000000
646.0 0.0000000
650.25 0.0000000
654.5 0.0000000
658.75 0.0000000
663.0 0.0000000
667.25 0.0000000
671.5 0.0000000
675.75 0.0000000
680.0 0.0000000
684.25 0.0000000
688.5 0.0000000
692.75 0.0000000
697.0 0.0000000
701.25 0.0000000
705.5 0.0000000
709.75 0.0000000
714.0 0.0000000
718.25 0.0000000
722.5 0.0000000
726.75 0.0000000
731.0 0.0000000
735.25 0.0000000
739.5 0.0000000
743.75 0.0000000
748.0 0.0000000
752.25 0.0000000
756.5 0.0000000
760.75 0.0000000
765.0 0.0000000
769.25 0.0000000
773.5 0.0000000
777.75 1.64139579E-04
782.0 1.17973570E-04
786.25 8.39300264E-05
790.5 5.80633023E-05
794.75 3.86636821E-05
799.0 2.50362973E-05
803.25 1.59880892E-05
807.5 1.00883026E-05
811.75 6.26404926E-06
816.0 3.82544158E-06
820.25 2.29663351E-06
824.5 1.35480195E-06
828.75 8.95488993E-05
833.0 6.12813164E-05
837.25 4.14059650E-05
841.5 2.76005558E-05
845.75 1.81528267E-05
850.0 1.29130694E-05
854.25 8.64879530E-06
858.5 5.44631666E-06
862.75 3.63918639E-06
867.0 2.44567559E-06
871.25 1.64427399E-06
875.5 8.50422867E-03
879.75 7.17765838E-03
884.0 5.01361955E-03
888.25 3.42355692E-03
892.5 2.61613890E-03
896.75 2.05928576E-03
901.0 1.65813731E-03
905.25 1.34343700E-03
909.5 1.03605178E-03
913.75 7.34887319E-04
918.0 5.78193867E-04
922.25 3.99971876E-04
926.5 2.79107975E-04
930.75 1.96409965E-04
935.0 1.42780147E-04
939.25 1.08381719E-04
943.5 7.70565384E-05
947.75 5.77306746E-05
952.0 4.32440429E-05
956.25 3.02917324E-05
960.5 1.92617754E-05
964.75 1.31656434E-05
969.0 8.39041240E-06
973.25 5.84729560E-06
977.5 3.95162169E-06
981.75 2.56693374E-06
986.0 1.69635780E-06
990.25 1.14699333E-06
994.5 7.71953978E-07
998.75 5.31891033E-07
1003.0 3.48725592E-07
1007.25 2.28211192E-07
1011.5 1.47415932E-07
1015.75 9.25745027E-08
1020.0 6.45141540E-08
1024.25 5.82676520E-08
1028.5 6.44477396E-08
1032.75 8.40357828E-08
1037.0 4.5030141
1041.25 3.6404009
1045.5 3.3938963
1049.75 3.3909180
1054.0 3.1750381
1058.25 2.5406461
1062.5 2.1926138
1066.75 2.0610740
1071.0 1.9715004
1075.25 1.8426483
1079.5 1.6818014
1083.75 1.5749488
1088.0 1.5379167
1092.25 1.5412855
1096.5 1.5655141
1100.75 1.5753821
1105.0 1.6937059
1109.25 1.7194633
1113.5 1.6447809
1117.75 1.4981073
1122.0 1.5070949
1126.25 1.4927354
1130.5 1.5277860
1134.75 1.5533334
1139.0 1.5336356
1143.25 1.4777865
1147.5 1.4574649
1151.75 1.5030544
1156.0 1.4930277
1160.25 1.5172238
1164.5 1.4969202
1168.75 1.5312080
1173.0 1.6179965
1177.25 1.7079825
1181.5 1.8325776
1185.75 1.8655809
1190.0 1.8912547
1194.25 1.7191005
1198.5 1.6044279
1202.75 1.5191427
1207.0 1.4816936
1211.25 1.4744484
1215.5 1.4072341
1219.75 1.3888252
1224.0 1.3799549
1228.25 1.3691199
1232.5 1.3930836
1236.75 1.3791137
1241.0 1.3491627
1245.25 1.3890252
1249.5 1.3644230
1253.75 1.3850906
1258.0 1.4175795
1262.25 1.4378643
1266.5 1.4721835
1270.75 1.4693573
1275.0 1.5152369
1279.25 1.5480659
1283.5 1.5849658
1287.75 1.6440803
1292.0 1.7657621
1296.25 1.9287826
1300.5 2.1157496
1304.75 2.3532832
1309.0 2.6483335
1313.25 2.8221490
1317.5 2.5601604
1321.75 2.1705871
1326.0 1.8746156
1330.25 1.7195873
1334.5 1.6410904
1338.75 1.5956215
1343.0 1.5191095
1347.25 1.5126183
1351.5 1.4660375
1355.75 1.4937283
1360.0 1.4965183
1364.25 1.4900327
1368.5 1.5050169
1372.75 1.4849113
1377.0 1.5059829
1381.25 1.5254806
1385.5 1.5265403
1389.75 1.5578908
1394.0 1.4963244
1398.25 1.4847314
1402.5 1.4640472
1406.75 1.4866076
1411.0 1.4918828
1415.25 1.4692458
1419.5 1.3936136
1423.75 1.3474225
1428.0 1.3273100
1432.25 1.3017194
1436.5 1.3027400
1440.75 1.2981291
1445.0 1.2945690
1449.25 1.3138790
1453.5 1.3086687
1457.75 1.3285635
1462.0 1.3336365
1466.25 1.3301235
1470.5 1.3137777
1474.75 1.3293389
1479.0 1.3342183
1483.25 1.3692702
1487.5 1.3462172
1491.75 1.3235368
1496.0 1.2643749
1500.25 1.2824609
1504.5 1.2874454
1508.75 1.2694941
1513.0 1.3115824
1517.25 1.3232235
1521.5 1.2876542
1525.75 1.2649657
1530.0 1.2659050
1534.25 1.2651917
1538.5 1.2639048
1542.75 1.2792770
1547.0 1.2562340
1551.25 1.2515922
1555.5 1.2669283
1559.75 1.2648369
1564.0 1.2954968
1568.25 1.2892679
1572.5 1.3719426
1576.75 1.3665725
1581.0 1.3798295
1585.25 1.3583112
1589.5 1.3606569
1593.75 1.3725542
1598.0 1.4329684
1602.25 1.5411823
1606.5 1.6393453
1610.75 1.7191390
1615.0 1.7491467
1619.25 1.8402578
1623.5 1.7592543
1627.75 1.6079042
1632.0 1.4701612
1636.25 1.3785876
1640.5 1.3354946
1644.75 1.2916825
1649.0 1.2505106
1653.25 1.2188524
1657.5 1.2094653
1661.75 1.1631726
1666.0 1.1441010
1670.25 1.1342911
1674.5 1.1445177
1678.75 1.1485759
1683.0 1.1213294
1687.25 1.1251425
1691.5 1.1303059
1695.75 1.1389593
1700.0 1.1099807
1704.25 1.1213157
1708.5 1.1467026
1712.75 1.0839128
1717.0 1.1118507
1721.25 1.1182468
1725.5 1.1097007
1729.75 1.1184502
1734.0 1.1000322
1738.25 1.0847788
1742.5 1.1142119
1746.75 1.1585523
1751.0 1.1349186
1755.25 1.1627307
1759.5 1.1522682
1763.75 1.1546839
1768.0 1.1475127
1772.25 1.1615976
1776.5 1.1575989
1780.75 1.1540267
1785.0 1.1165947
1789.25 1.0979220
1793.5 1.1116062
1797.75 1.1268672
1802.0 1.0786967
1806.25 1.1302309
1810.5 1.0903982
1814.75 1.1159084
1819.0 1.1051780
1823.25 1.1271126
1827.5 1.0733590
1831.75 1.0887034
1836.0 1.0871298
1840.25 1.1055728
1844.5 1.0503379
1848.75 1.0621158
1853.0 1.0817834
1857.25 1.0332000
1861.5 1.0518857
1865.75 1.0195808
1870.0 0.99068642
1874.25 0.98895681
1878.5 0.98722970
1882.75 0.99301094
1887.0 0.99833024
1891.25 0.99909937
1895.5 0.98444581
1899.75 0.97862661
1904.0 0.97691250
1908.25 0.97520131
1912.5 0.98665696
1916.75 0.98417294
1921.0 0.99779445
1925.25 1.0029310
1929.5 1.0016533
1933.75 1.0080531
1938.0 1.0164437
1942.25 1.0339180
1946.5 1.0561604
1950.75 1.0470083
1955.0 1.0737095
1959.25 1.0850548
1963.5 1.0931820
1967.75 1.0982515
1972.0 1.1050631
1976.25 1.1179324
1980.5 1.1225897
1984.75 1.1064239
1989.0 1.0956725
1993.25 1.0701734
1997.5 1.0665174
2001.75 1.0449697
2006.0 1.0592409
2010.25 1.0452483
2014.5 1.0375456
2018.75 1.0394536
2023.0 1.0320699
2027.25 1.0335263
2031.5 1.0348266
2035.75 1.0457143
2040.0 1.0691981
2044.25 1.0518305
2048.5 1.0886302
2052.75 1.1144494
2057.0 1.1463661
2061.25 1.1418705
2065.5 1.1083834
2069.75 1.1017677
2074.0 1.1042061
2078.25 1.0780790
2082.5 1.0569823
2086.75 1.0499864
2091.0 1.0448920
2095.25 1.0638852
2099.5 1.0845079
2103.75 1.0877751
2108.0 1.0797209
2112.25 1.0814601
2116.5 1.0736914
2120.75 1.0781553
2125.0 1.0662345
2129.25 1.0608640
2133.5 1.0611670
2137.75 1.0553607
2142.0 1.0411447
2146.25 1.0252342
2150.5 1.0339422
2154.75 1.0365115
2159.0 1.0361168
2163.25 1.0252644
2167.5 1.0164793
2171.75 1.0130024
2176.0 1.0071639
2180.25 1.0024693
2184.5 0.99310791
2188.75 0.97896290
2193.0 0.98316616
2197.25 0.98250669
2201.5 0.97090942
2205.75 0.94480377
2210.0 0.96837038
2214.25 0.97194993
2218.5 0.96533972
2222.75 0.96460539
2227.0 0.97219425
2231.25 0.95354497
2235.5 0.95319110
2239.75 0.93391639
2244.0 0.91863954
2248.25 0.88211477
2252.5 0.87743199
2256.75 0.87534928
2261.0 0.86617917
2265.25 0.88910711
2269.5 0.90144259
2273.75 0.90277028
2278.0 0.88281822
2282.25 0.89123905
2286.5 0.89454883
2290.75 0.90598810
2295.0 0.90552640
2299.25 0.92589045
2303.5 0.95217156
2307.75 0.95992064
2312.0 0.94700712
2316.25 0.97539234
2320.5 0.98777246
2324.75 0.98620325
2329.0 0.99067473
2333.25 1.0301369
2337.5 1.0547768
2341.75 1.0486873
2346.0 1.0679983
2350.25 1.0430669
2354.5 1.0685265
2358.75 1.1044825
2363.0 1.1958176
2367.25 1.3028375
2371.5 1.4694439
2375.75 1.6391600
2380.0 1.6905440
2384.25 1.6036929
2388.5 1.4195910
2392.75 1.2622396
2397.0 1.1643696
2401.25 1.1156949
2405.5 1.0772475
2409.75 1.0473877
2414.0 1.0237818
2418.25 1.0011444
2422.5 0.99349850
2426.75 0.97284734
2431.0 0.95489651
2435.25 0.93447834
2439.5 0.92271894
2443.75 0.91937137
2448.0 0.89252651
2452.25 0.89371681
2456.5 0.87098843
2460.75 0.86479634
2465.0 0.86332953
2469.25 0.82722920
2473.5 0.83914232
2477.75 0.83810657
2482.0 0.84991229
2486.25 0.87272972
2490.5 0.88041025
2494.75 0.88292819
2499.0 0.88172799
2503.25 0.88737214
2507.5 0.87479359
2511.75 0.87648779
2516.0 0.88763654
2520.25 0.87407851
2524.5 0.87658250
2528.75 0.86040002
2533.0 0.86514217
2537.25 0.84386075
2541.5 0.82925272
2545.75 0.81398398
2550.0 0.80621213
2554.25 0.78650409
2558.5 0.77817965
2562.75 0.75652826
2567.0 0.74157423
2571.25 0.73823297
2575.5 0.74487871
2579.75 0.73483008
2584.0 0.75019497
2588.25 0.75378430
2592.5 0.75582916
2596.75 0.75540304
2601.0 0.75571597
2605.25 0.77036458
2609.5 0.76205540
2613.75 0.77676415
2618.0 0.77557361
2622.25 0.77218026
2626.5 0.76344895
2630.75 0.77089518
2635.0 0.76513332
2639.25 0.78110087
2643.5 0.80056429
2647.75 0.80236834
2652.0 0.83410865
2656.25 0.84050548
2660.5 0.83980054
2664.75 0.82795042
2669.0 0.82681382
2673.25 0.79603356
2677.5 0.81334996
2681.75 0.80502260
2686.0 0.80318159
2690.25 0.81289834
2694.5 0.83399343
2698.75 0.83446217
2703.0 0.84456050
2707.25 0.84948194
2711.5 0.85572439
2715.75 0.84697711
2720.0 0.85073066
2724.25 0.83772922
2728.5 0.84683806
2732.75 0.83604079
2737.0 0.81088442
2741.25 0.81088841
2745.5 0.82051605
2749.75 0.79857218
2754.0 0.79702002
2758.25 0.79729474
2762.5 0.79649675
2766.75 0.80881089
2771.0 0.80492157
2775.25 0.79095322
2779.5 0.78907800
2783.75 0.80462807
2788.0 0.80277699
2792.25 0.79696757
2796.5 0.81123185
2800.75 0.78796005
2805.0 0.77787745
2809.25 0.76713347
2813.5 0.75942278
2817.75 0.75339919
2822.0 0.73756409
2826.25 0.73433936
2830.5 0.74269056
2834.75 0.74898267
2839.0 0.75830060
2843.25 0.78164440
2847.5 0.75474423
2851.75 0.74393249
2856.0 0.73903275
2860.25 0.73522198
2864.5 0.72637004
2868.75 0.74330074
2873.0 0.74029726
2877.25 0.74524218
2881.5 0.73799181
2885.75 0.73997796
2890.0 0.74009848
2894.25 0.75673753
2898.5 0.76087922
2902.75 0.77345306
2907.0 0.79823750
2911.25 0.83038974
2915.5 0.79088980
2919.75 0.76049775
2924.0 0.76452088
2928.25 0.75245827
2932.5 0.72468990
2936.75 0.73249155
2941.0 0.73428512
2945.25 0.71358037
2949.5 0.70844686
2953.75 0.69241410
2958.0 0.68232358
2962.25 0.70033985
2966.5 0.69807017
2970.75 0.68789804
2975.0 0.70106941
2979.25 0.68320543
2983.5 0.67193669
2987.75 0.67137384
2992.0 0.65979499
2996.25 0.64858627
3000.5 0.63581365
3004.75 0.64354175
3009.0 0.64170629
3013.25 0.62289476
3017.5 0.62810904
3021.75 0.63795793
3026.0 0.64193332
3030.25 0.62953931
3034.5 0.64078838
3038.75 0.65646780
3043.0 0.64387786
3047.25 0.65761048
3051.5 0.63849539
3055.75 0.63973689
3060.0 0.63000423
3064.25 0.63786113
3068.5 0.64134473
3072.75 0.62847096
3077.0 0.64561683
3081.25 0.63448405
3085.5 0.62859517
3089.75 0.63385171
3094.0 0.61987007
3098.25 0.62640208
3102.5 0.62115926
3106.75 0.62502408
3111.0 0.62888420
3115.25 0.62019598
3119.5 0.61462063
3123.75 0.61264312
3128.0 0.60956782
3132.25 0.60561830
3136.5 0.60577142
3140.75 0.61398298
3145.0 0.61283708
3149.25 0.61200178
3153.5 0.60004014
3157.75 0.60206294
3162.0 0.62713152
3166.25 0.70661688
3170.5 0.73378569
3174.75 0.61992639
3179.0 0.59774667
3183.25 0.59741741
3187.5 0.59011185
3191.75 0.61108494
3196.0 0.59379613
3200.25 0.58056444
3204.5 0.58438569
3208.75 0.57758170
3213.0 0.56978327
3217.25 0.56361979
3221.5 0.55647719
3225.75 0.52608222
3230.0 0.53444749
3234.25 0.52426523
3238.5 0.54699284
3242.75 0.54551345
3247.0 0.53950596
3251.25 0.53397995
3255.5 0.52988088
3259.75 0.54327095
3264.0 0.53201854
3268.25 0.54076010
3272.5 0.54883367
3276.75 0.55773586
3281.0 0.57974857
3285.25 0.62383378
3289.5 0.64966804
3293.75 0.58372778
3298.0 0.54534656
3302.25 0.56473309
3306.5 0.56910056
3310.75 0.53927308
3315.0 0.52760124
3319.25 0.52823836
3323.5 0.51882786
3327.75 0.51562887
3332.0 0.50592977
3336.25 0.49115950
3340.5 0.47480759
3344.75 0.47138351
3349.0 0.48560914
3353.25 0.49997562
3357.5 0.50129235
3361.75 0.50677395
3366.0 0.51914251
3370.25 0.51945031
3374.5 0.51612741
3378.75 0.49882221
3383.0 0.50080580
3387.25 0.49808255
3391.5 0.47730982
3395.75 0.48329169
3400.0 0.46698600
3404.25 0.46690547
3408.5 0.45871967
3412.75 0.46860611
3417.0 0.47446221
3421.25 0.46572098
3425.5 0.45099652
3429.75 0.45041752
3434.0 0.44823420
3438.25 0.44286165
3442.5 0.45623186
3446.75 0.44655070
3451.0 0.45792696
3455.25 0.46693563
3459.5 0.49529400
3463.75 0.48756132
3468.0 0.48459673
3472.25 0.50590676
3476.5 0.51288640
3480.75 0.53067362
3485.0 0.56418973
3489.25 0.54757440
3493.5 0.52010757
3497.75 0.51741177
3502.0 0.49418777
3506.25 0.48174495
3510.5 0.47664332
3514.75 0.46857986
3519.0 0.45286223
3523.25 0.43536130
3527.5 0.43021780
3531.75 0.43215379
3536.0 0.44403130
3540.25 0.44039035
3544.5 0.43745509
3548.75 0.44701374
3553.0 0.43150824
3557.25 0.42597997
3561.5 0.43374497
3565.75 0.42373976
3570.0 0.41909400
3574.25 0.41835913
3578.5 0.41762629
3582.75 0.41945454
3587.0 0.42283827
3591.25 0.42082229
3595.5 0.41917354
3599.75 0.44251999
3604.0 0.43976977
3608.25 0.44638228
3612.5 0.43834075
3616.75 0.42769879
3621.0 0.42077249
3625.25 0.43954828
3629.5 0.43919256
3633.75 0.43597263
3638.0 0.45603913
3642.25 0.44385147
3646.5 0.45812219
3650.75 0.48297119
3655.0 0.47454724
3659.25 0.48417851
3663.5 0.49297109
3667.75 0.51306373
3672.0 0.54550743
3676.25 0.55144089
3680.5 0.58187497
3684.75 0.62971562
3689.0 0.65295166
3693.25 0.65563643
3697.5 0.60954928
3701.75 0.59858167
3706.0 0.59250110
3710.25 0.56367117
3714.5 0.53808904
3718.75 0.49272099
3723.0 0.48237512
3727.25 0.46311352
3731.5 0.45369998
3735.75 0.46513876
3740.0 0.45239252
3744.25 0.44463670
3748.5 0.44503003
3752.75 0.43457249
3757.0 0.43145037
3761.25 0.42914814
3765.5 0.40260372
3769.75 0.41632688
3774.0 0.41413647
3778.25 0.42463565
3782.5 0.41537562
3786.75 0.41350499
3791.0 0.43207243
3795.25 0.43826008
3799.5 0.45474026
3803.75 0.44809541
3808.0 0.44462290
3812.25 0.42788547
3816.5 0.45138389
3820.75 0.45232752
3825.0 0.45505121
3829.25 0.45172480
3833.5 0.46866187
3837.75 0.48855394
3842.0 0.48497275
3846.25 0.46502179
3850.5 0.45396301
3854.75 0.44289991
3859.0 0.44591904
3863.25 0.47866675
3867.5 0.46559030
3871.75 0.45984104
3876.0 0.47758996
3880.25 0.47350779
3884.5 0.43843991
3888.75 0.46199983
3893.0 0.48028350
3897.25 0.45955387
3901.5 0.45071369
3905.75 0.45775560
3910.0 0.44059196
3914.25 0.43026289
3918.5 0.43159267
3922.75 0.44526565
3927.0 0.46134230
3931.25 0.46098119
3935.5 0.45168757
3939.75 0.45722046
3944.0 0.44350806
3948.25 0.45078889
3952.5 0.43706888
3956.75 0.45988333
3961.0 0.43275037
3965.25 0.44670287
3969.5 0.42800865
3973.75 0.43191570
3978.0 0.43517050
3982.25 0.44940218
3986.5 0.40979540
3990.75 0.40882307
3995.0 0.38427594
3999.25 0.37933460
4003.5 0.37394169
4007.75 0.38299334
4012.0 0.38164937
4016.25 0.38041815
4020.5 0.37350437
4024.75 0.37907416
4029.0 0.38287935
4033.25 0.37474772
4037.5 0.36208728
4041.75 0.36522171
4046.0 0.36661601
4050.25 0.36461136
4054.5 0.37019652
4058.75 0.37480345
4063.0 0.38146451
4067.25 0.37992534
4071.5 0.37683928
4075.75 0.38407516
4080.0 0.39499587
4084.25 0.39515001
4088.5 0.39867708
4092.75 0.41349843
4097.0 0.43775994
4101.25 0.43969312
4105.5 0.47247180
4109.75 0.47670877
4114.0 0.49252528
4118.25 0.52918833
4122.5 0.55083287
4126.75 0.61611634
4131.0 0.67187428
4135.25 0.65047807
4139.5 0.60659784
4143.75 0.56317103
4148.0 0.53261042
4152.25 0.50600910
4156.5 0.47248477
4160.75 0.46394211
4165.0 0.45923313
4169.25 0.44314116
4173.5 0.41833258
4177.75 0.43071061
4182.0 0.41656324
4186.25 0.41007802
4190.5 0.40305784
4194.75 0.39211807
4199.0 0.38774908
4203.25 0.39773899
4207.5 0.39772865
4211.75 0.46920693
4216.0 0.51279271
4220.25 0.42854008
4224.5 0.38051307
4228.75 0.37035415
4233.0 0.36715981
4237.25 0.35804695
4241.5 0.38124219
4245.75 0.41640362
4250.0 0.50591570
4254.25 0.71258646
4258.5 0.71076685
4262.75 0.47784722
4267.0 0.40217626
4271.25 0.37800363
4275.5 0.36753479
4279.75 0.35878199
4284.0 0.35180792
4288.25 0.35195240
4292.5 0.34937787
4296.75 0.34978822
4301.0 0.34922832
4305.25 0.34344456
4309.5 0.33954230
4313.75 0.33945373
4318.0 0.32639271
4322.25 0.31960332
4326.5 0.33356729
4330.75 0.33048871
4335.0 0.33451456
4339.25 0.32095268
4343.5 0.32349548
4347.75 0.31890383
4352.0 0.32995665
4356.25 0.32408315
4360.5 0.31566134
4364.75 0.32282248
4369.0 0.32073495
4373.25 0.33042940
4377.5 0.33206809
4381.75 0.34529528
4386.0 0.35268176
4390.25 0.34763733
4394.5 0.33751255
4398.75 0.35228229
4403.0 0.33763221
4407.25 0.32918835
4411.5 0.32977358
4415.75 0.34830454
4420.0 0.34171918
4424.25 0.32365260
4428.5 0.32782724
4432.75 0.33077145
4437.0 0.33625349
4441.25 0.33072865
4445.5 0.33379626
4449.75 0.33241507
4454.0 0.33417460
4458.25 0.32190949
4462.5 0.32729441
4466.75 0.33784720
4471.0 0.32153970
4475.25 0.33055362
4479.5 0.33181694
4483.75 0.32931295
4488.0 0.32971379
4492.25 0.33201957
4496.5 0.32978237
4500.75 0.34239021
4505.0 0.32678396
4509.25 0.31984150
4513.5 0.34967735
4517.75 0.32633844
4522.0 0.34144476
4526.25 0.33274537
4530.5 0.32276610
4534.75 0.31812593
4539.0 0.31444132
4543.25 0.32378963
4547.5 0.30679438
4551.75 0.30943680
4556.0 0.31251755
4560.25 0.30906197
4564.5 0.29448301
4568.75 0.29981217
4573.0 0.30697101
4577.25 0.30624971
4581.5 0.29686686
4585.75 0.29788759
4590.0 0.29531091
4594.25 0.28952482
4598.5 0.29523206
4602.75 0.30116260
4607.0 0.29906189
4611.25 0.29168954
4615.5 0.28737834
4619.75 0.28302094
4624.0 0.29276708
4628.25 0.28220710
4632.5 0.30120450
4636.75 0.28383884
4641.0 0.28505951
4645.25 0.28059003
4649.5 0.28018796
4653.75 0.27978680
4658.0 0.27938643
4662.25 0.28570947
4666.5 0.28687960
4670.75 0.29340154
4675.0 0.28616989
4679.25 0.28695089
4683.5 0.27700269
4687.75 0.27660835
4692.0 0.28441173
4696.25 0.29275304
4700.5 0.28773323
4704.75 0.28064266
4709.0 0.29161400
4713.25 0.29621446
4717.5 0.28128695
4721.75 0.28440392
4726.0 0.27309778
4730.25 0.27271190
4734.5 0.27813169
4738.75 0.27348354
4743.0 0.29890913
4747.25 0.28529564
4751.5 0.27745527
4755.75 0.30970776
4760.0 0.30552912
4764.25 0.29167423
4768.5 0.28628996
4772.75 0.27326798
4777.0 0.27284119
4781.25 0.26814514
4785.5 0.27686888
4789.75 0.26739535
4794.0 0.26864523
4798.25 0.26664874
4802.5 0.26877129
4806.75 0.26590526
4811.0 0.26733530
4815.25 0.26630712
4819.5 0.26479593
4823.75 0.27396944
4828.0 0.26987186
4832.25 0.26369381
4836.5 0.26332790
4840.75 0.26296285
4845.0 0.26259848
4849.25 0.26223496
4853.5 0.26187220
4857.75 0.26151016
4862.0 0.26685536
4866.25 0.26078838
4870.5 0.26118463
4874.75 0.26006967
4879.0 0.26121104
4883.25 0.25944108
4887.5 0.25899711
4891.75 0.26148042
4896.0 0.26509896
4900.25 0.26633719
4904.5 0.26382923
4908.75 0.26335454
4913.0 0.26257083
4917.25 0.25892419
4921.5 0.26103428
4925.75 0.25930366
4930.0 0.25877973
4934.25 0.26451775
4938.5 0.27608186
4942.75 0.26251373
4947.0 0.27159438
4951.25 0.26632041
4955.5 0.27453133
4959.75 0.26807439
4964.0 0.27674928
4968.25 0.27230960
4972.5 0.27352765
4976.75 0.28146014
4981.0 0.27461308
4985.25 0.27983788
4989.5 0.28904703
4993.75 0.31118795
4998.0 0.30404738
5002.25 0.29815838
5006.5 0.29975751
5010.75 0.27331626
5015.0 0.26871777
5019.25 0.28121129
5023.5 0.27621791
5027.75 0.26658559
5032.0 0.26801530
5036.25 0.26947278
5040.5 0.26980889
5044.75 0.26504144
5049.0 0.27025625
5053.25 0.27579662
5057.5 0.25881281
5061.75 0.26156282
5066.0 0.25974941
5070.25 0.26806852
5074.5 0.25288212
5078.75 0.25558230
5083.0 0.25487664
5087.25 0.25395396
5091.5 0.25577024
5095.75 0.25525382
5100.0 0.25462121
5104.25 0.25692010
5108.5 0.25275925
5112.75 0.25064680
5117.0 0.24624301
5121.25 0.24603631
5125.5 0.24202015
5129.75 0.24671699
5134.0 0.24724628
5138.25 0.25008926
5142.5 0.25211149
5146.75 0.24250284
5151.0 0.24771130
5155.25 0.25514749
5159.5 0.25216955
5163.75 0.25468099
5168.0 0.25932485
5172.25 0.25507498
5176.5 0.25696483
5180.75 0.25188392
5185.0 0.26454327
5189.25 0.24324526
5193.5 0.23515747
5197.75 0.23872328
5202.0 0.23553587
5206.25 0.23681158
5210.5 0.23714399
5214.75 0.24180521
5219.0 0.24628013
5223.25 0.23510039
5227.5 0.24171346
5231.75 0.24825543
5236.0 0.23911244
5240.25 0.23512661
5244.5 0.23151252
5248.75 0.23121272
5253.0 0.23219551
5257.25 0.24590629
5261.5 0.23429315
5265.75 0.23567851
5270.0 0.22972260
5274.25 0.23030271
5278.5 0.23010817
5282.75 0.23385383
5287.0 0.23149785
5291.25 0.23678102
5295.5 0.23757939
5299.75 0.23219085
5304.0 0.23059779
5308.25 0.23025610
5312.5 0.23690131
5316.75 0.23542638
5321.0 0.23046120
5325.25 0.22879256
5329.5 0.22703476
5333.75 0.22594397
5338.0 0.22781998
5342.25 0.22981539
5346.5 0.23741265
5350.75 0.24068066
5355.0 0.24523960
5359.25 0.25304195
5363.5 0.24293083
5367.75 0.23103194
5372.0 0.23179226
5376.25 0.22940429
5380.5 0.22583288
5384.75 0.22936158
5389.0 0.23619282
5393.25 0.23868448
5397.5 0.23126304
5401.75 0.23307191
5406.0 0.23656525
5410.25 0.24084437
5414.5 0.24450515
5418.75 0.23246431
5423.0 0.23477310
5427.25 0.23913702
5431.5 0.23985864
5435.75 0.23476598
5440.0 0.23435576
5444.25 0.23784231
5448.5 0.23763131
5452.75 0.23504834
5457.0 0.24082774
5461.25 0.23836865
5465.5 0.24174067
5469.75 0.24753352
5474.0 0.24408270
5478.25 0.25119537
5482.5 0.24717805
5486.75 0.26397115
5491.0 0.26592937
5495.25 0.27289665
5499.5 0.28058285
5503.75 0.27945006
5508.0 0.28516379
5512.25 0.30116457
5516.5 0.30283943
5520.75 0.31603667
5525.0 0.33063895
5529.25 0.35093418
5533.5 0.37443367
5537.75 0.40279016
5542.0 0.44185078
5546.25 0.49064070
5550.5 0.55035669
5554.75 0.62071973
5559.0 0.72775924
5563.25 0.85507202
5567.5 1.0154290
5571.75 1.1771442
5576.0 1.3846794
5580.25 1.4230113
5584.5 1.2169265
5588.75 1.0128613
5593.0 0.92149413
5597.25 0.86792535
5601.5 0.75160730
5605.75 0.63407034
5610.0 0.57122600
5614.25 0.52103347
5618.5 0.47514173
5622.75 0.44017154
5627.0 0.41878039
5631.25 0.39209658
5635.5 0.36506453
5639.75 0.34260443
5644.0 0.32004252
5648.25 0.30075184
5652.5 0.29465088
5656.75 0.28859586
5661.0 0.27408224
5665.25 0.27231127
5669.5 0.26720101
5673.75 0.26750156
5678.0 0.27221149
5682.25 0.27144620
5686.5 0.26579121
5690.75 0.25716901
5695.0 0.27000901
5699.25 0.27694380
5703.5 0.28258079
5707.75 0.31118387
5712.0 0.30956933
5716.25 0.28859347
5720.5 0.29149500
5724.75 0.29501110
5729.0 0.28653055
5733.25 0.26442975
5737.5 0.24291615
5741.75 0.24052776
5746.0 0.23443273
5750.25 0.22731550
5754.5 0.22589026
5758.75 0.21958970
5763.0 0.20991418
5767.25 0.20874546
5771.5 0.20976707
5775.75 0.20939602
5780.0 0.19963272
5784.25 0.19776216
5788.5 0.19752817
5792.75 0.20384964
5797.0 0.21187186
5801.25 0.20347653
5805.5 0.20051393
5809.75 0.19992328
5814.0 0.19613004
5818.25 0.19589862
5822.5 0.19566768
5826.75 0.20887350
5831.0 0.20091213
5835.25 0.20234118
5839.5 0.19474809
5843.75 0.19451924
5848.0 0.19805571
5852.25 0.20439582
5856.5 0.20279413
5860.75 0.19801466
5865.0 0.20000340
5869.25 0.20017461
5873.5 0.19867828
5877.75 0.19270407
5882.0 0.19247906
5886.25 0.19225447
5890.5 0.19380905
5894.75 0.19180660
5899.0 0.19158326
5903.25 0.19136038
5907.5 0.19587672
5911.75 0.19091582
5916.0 0.19069417
5920.25 0.19047293
5924.5 0.19308619
5928.75 0.19003165
5933.0 0.18981165
5937.25 0.18959205
5941.5 0.18937284
5945.75 0.19447836
5950.0 0.19007030
5954.25 0.20054023
5958.5 0.18992667
5962.75 0.18991418
5967.0 0.18806624
5971.25 0.18784989
5975.5 0.20125072
5979.75 0.20880711
5984.0 0.20155190
5988.25 0.21652985
5992.5 0.20020238
5996.75 0.22526383
