300.0 0.0
340.0 0.0000000
343.4 0.0000000
346.8 0.0000000
350.2 0.0000000
353.6 0.0000000
357.0 0.0000000
360.4 0.0000000
363.8 0.0000000
367.2 0.0000000
370.6 0.0000000
374.0 0.0000000
377.4 0.0000000
380.8 0.0000000
384.2 0.0000000
387.6 0.0000000
391.0 0.0000000
394.4 0.0000000
397.8 0.0000000
401.2 0.0000000
404.6 0.0000000
408.0 0.0000000
411.4 0.0000000
414.8 0.0000000
418.2 0.0000000
421.6 0.0000000
425.0 0.0000000
428.4 0.0000000
431.8 0.0000000
435.2 0.0000000
438.6 0.0000000
442.0 0.0000000
445.4 0.0000000
448.8 0.0000000
452.2 0.0000000
455.6 0.0000000
459.0 0.0000000
462.4 0.0000000
465.8 0.0000000
469.2 0.0000000
472.6 0.0000000
476.0 0.0000000
479.4 0.0000000
482.8 0.0000000
486.2 0.0000000
489.6 0.0000000
493.0 0.0000000
496.4 0.0000000
499.8 0.0000000
503.2 0.0000000
506.6 0.0000000
510.0 0.0000000
513.4 0.0000000
516.8 0.0000000
520.2 0.0000000
523.6 0.0000000
527.0 0.0000000
530.4 0.0000000
533.8 0.0000000
537.2 0.0000000
540.6 0.0000000
544.0 0.0000000
547.4 0.0000000
550.8 0.0000000
554.2 0.0000000
557.6 0.0000000
561.0 0.0000000
564.4 0.0000000
567.8 0.0000000
571.2 0.0000000
574.6 0.0000000
578.0 0.0000000
581.4 0.0000000
584.8 0.0000000
588.2 0.0000000
591.6 0.0000000
595.0 0.0000000
598.4 0.0000000
601.8 0.0000000
605.2 0.0000000
608.6 0.0000000
612.0 0.0000000
615.4 0.0000000
618.8 0.0000000
622.2 6.02152683E-02
625.6 5.73019013E-02
629.0 5.44489846E-02
632.4 5.14514782E-02
635.8 4.82693017E-02
639.2 4.50901389E-02
642.6 4.20742221E-02
646.0 3.92098092E-02
649.4 3.64709310E-02
652.8 3.38566937E-02
656.2 3.13634686E-02
659.6 2.90406980E-02
663.0 6.53004348E-02
666.4 6.20250031E-02
669.8 5.82275949E-02
673.2 5.41971959E-02
676.6 5.02929538E-02
680.0 5.11906967E-02
683.4 4.96831723E-02
686.8 4.58920635E-02
690.2 4.55774739E-02
693.6 4.61318232E-02
697.0 4.73435298E-02
700.4 0.24209954
703.8 0.24450549
707.2 0.20558663
710.6 0.17008768
714.0 0.15847483
717.4 0.15309332
720.8 0.15236640
724.2 0.15364631
727.6 0.14853905
731.0 0.13309103
734.4 0.13325043
737.8 0.11822201
741.2 0.10669141
744.6 9.78832170E-02
748.0 9.35679153E-02
751.4 9.42287520E-02
754.8 8.96463618E-02
758.2 9.07128602E-02
761.6 9.26587507E-02
765.0 8.93423408E-02
768.4 7.89973885E-02
771.8 7.58575946E-02
775.2 6.86034635E-02
778.6 6.85749501E-02
782.0 6.74629286E-02
785.4 6.45352826E-02
788.8 6.30312711E-02
792.2 6.26819879E-02
795.6 6.18268177E-02
799.0 6.27156198E-02
802.4 6.12397194E-02
805.8 6.05665520E-02
809.2 6.08569123E-02
812.6 6.31138012E-02
816.0 6.71237409E-02
819.4 7.49189332E-02
822.8 8.65408704E-02
826.2 0.10913469
829.6 2.3249698
833.0 1.8834200
836.4 1.7594323
839.8 1.7614135
843.2 1.6525590
846.6 1.3249764
850.0 1.1457138
853.4 1.0790749
856.8 1.0341675
860.2 0.96843058
863.6 0.88557380
867.0 0.83087260
870.4 0.81285822
873.8 0.81615227
877.2 0.83051026
880.6 0.83727854
884.0 0.90179962
887.4 0.91716802
890.8 0.87890130
894.2 0.80194944
897.6 0.80818826
901.0 0.80189013
904.4 0.82214916
907.8 0.83734179
911.2 0.82814080
914.6 0.79934394
918.0 0.78968543
921.4 0.81575310
924.8 0.81166333
928.2 0.82618570
931.6 0.81647086
935.0 0.83653522
938.4 0.88538539
941.8 0.93613315
945.2 1.0060301
948.6 1.0257759
952.0 1.0415345
955.4 0.94821161
958.8 0.88633990
962.2 0.84052342
965.6 0.82106322
969.0 0.81829554
972.4 0.78217685
975.8 0.77310729
979.2 0.76931918
982.6 0.76441300
986.0 0.77894145
989.4 0.77226138
992.8 0.75659096
996.2 0.78007323
999.6 0.76735872
1003.0 0.78009582
1006.4 0.79952800
1009.8 0.81211317
1013.2 0.83266240
1016.6 0.83222210
1020.0 0.85939562
1023.4 0.87922299
1026.8 0.90141070
1030.2 0.93630099
1033.6 1.0069557
1037.0 1.1013966
1040.4 1.2097714
1043.8 1.3473741
1047.2 1.5183018
1050.6 1.6200683
1054.0 1.4715837
1057.4 1.2492691
1060.8 1.0803106
1064.2 0.99223584
1067.6 0.94814348
1071.0 0.92303658
1074.4 0.87987769
1077.8 0.87721002
1081.2 0.85124987
1084.6 0.86839694
1088.0 0.87108356
1091.4 0.86836427
1094.8 0.87815779
1098.2 0.86746854
1101.6 0.88083041
1105.0 0.89329511
1108.4 0.89497167
1111.8 0.91442490
1115.2 0.87931359
1118.6 0.87351406
1122.0 0.86233956
1125.4 0.87663287
1128.8 0.88074774
1132.2 0.86836833
1135.6 0.82459676
1139.0 0.79816014
1142.4 0.78712332
1145.8 0.77280420
1149.2 0.77426314
1152.6 0.77236903
1156.0 0.77109092
1159.4 0.78344131
1162.8 0.78117639
1166.2 0.79390270
1169.6 0.79778427
1173.0 0.79652715
1176.4 0.78756869
1179.8 0.79773325
1183.2 0.80149698
1186.6 0.82340735
1190.0 0.81038004
1193.4 0.79754508
1196.8 0.76267284
1200.2 0.77436799
1203.6 0.77816308
1207.0 0.76808357
1210.4 0.79434174
1213.8 0.80218840
1217.2 0.78139681
1220.6 0.76838368
1224.0 0.76970637
1227.4 0.77002126
1230.8 0.76998270
1234.2 0.78009850
1237.6 0.76678067
1241.0 0.76467544
1244.4 0.77477902
1247.8 0.77422959
1251.2 0.79374087
1254.6 0.79066175
1258.0 0.84214479
1261.4 0.83962333
1264.8 0.84854764
1268.2 0.83607858
1271.6 0.83828413
1275.0 0.84637946
1278.4 0.88442945
1281.8 0.95207173
1285.2 1.0136151
1288.6 1.0638946
1292.0 1.0834205
1295.4 1.1408561
1298.8 1.0915912
1302.2 0.99854857
1305.6 0.91379672
1309.0 0.85761583
1312.4 0.83151942
1315.8 0.80492646
1319.2 0.77993059
1322.6 0.76082748
1326.0 0.75560212
1329.4 0.72768688
1332.8 0.71674126
1336.2 0.71156853
1339.6 0.71896160
1343.0 0.72248769
1346.4 0.70629901
1349.8 0.70965016
1353.2 0.71385664
1356.6 0.72027522
1360.0 0.70287418
1363.4 0.71098280
1366.8 0.72802788
1370.2 0.68905580
1373.6 0.70772821
1377.0 0.71271306
1380.4 0.70816892
1383.8 0.71465874
1387.2 0.70377791
1390.6 0.69489115
1394.0 0.71463758
1397.4 0.74400043
1400.8 0.72972482
1404.2 0.74852675
1407.6 0.74269956
1411.0 0.74516273
1414.4 0.74143207
1417.8 0.75143683
1421.2 0.74974763
1424.6 0.74832577
1428.0 0.72491217
1431.4 0.71363091
1434.8 0.72337383
1438.2 0.73416179
1441.6 0.70359540
1445.0 0.73806226
1448.4 0.71287000
1451.8 0.73038316
1455.2 0.72418422
1458.6 0.73939431
1462.0 0.70492589
1465.4 0.71580577
1468.8 0.71556920
1472.2 0.72851747
1475.6 0.69288540
1479.0 0.70142603
1482.4 0.71519673
1485.8 0.68382108
1489.2 0.69694293
1492.6 0.67626739
1496.0 0.65780789
1499.4 0.65736079
1502.8 0.65691030
1506.2 0.66145617
1509.6 0.66569954
1513.0 0.66691047
1516.4 0.65781385
1519.8 0.65460402
1523.2 0.65413207
1526.6 0.65365750
1530.0 0.66201222
1533.4 0.66101760
1536.8 0.67084545
1540.2 0.67497861
1543.6 0.67479527
1547.0 0.67978501
1550.4 0.68612462
1553.8 0.69861048
1557.2 0.71434218
1560.6 0.70884615
1564.0 0.72763240
1567.4 0.73603505
1570.8 0.74226445
1574.2 0.74642402
1577.6 0.75177264
1581.0 0.76125228
1584.4 0.76514870
1587.8 0.75484246
1591.2 0.74821007
1594.6 0.73148084
1598.0 0.72966099
1601.4 0.71558183
1604.8 0.72602397
1608.2 0.71709132
1611.6 0.71245754
1615.0 0.71441758
1618.4 0.70998555
1621.8 0.71162885
1625.2 0.71316433
1628.6 0.72131181
1632.0 0.73816687
1635.4 0.72681987
1638.8 0.75291228
1642.2 0.77144605
1645.6 0.79423302
1649.0 0.79180723
1652.4 0.76925218
1655.8 0.76532030
1659.2 0.76767284
1662.6 0.75014955
1666.0 0.73609602
1669.4 0.73184389
1672.8 0.72890782
1676.2 0.74278098
1679.6 0.75781280
1683.0 0.76072890
1686.4 0.75572240
1689.8 0.75756472
1693.2 0.75274116
1696.6 0.75648957
1700.0 0.74873501
1703.4 0.74556851
1706.8 0.74638397
1710.2 0.74289757
1713.6 0.73347771
1717.0 0.72284532
1720.4 0.72956413
1723.8 0.73195571
1727.2 0.73225331
1730.6 0.72515166
1734.0 0.71949989
1737.4 0.71759647
1740.8 0.71401346
1744.2 0.71123332
1747.6 0.70513272
1751.0 0.69562095
1754.4 0.69914001
1757.8 0.69920087
1761.2 0.69146961
1764.6 0.67338371
1768.0 0.69069719
1771.4 0.69376749
1774.8 0.68956113
1778.2 0.68954635
1781.6 0.69548357
1785.0 0.68264288
1788.4 0.68288815
1791.8 0.66956633
1795.2 0.65909123
1798.6 0.63334286
1802.0 0.63043374
1805.4 0.62938762
1808.8 0.62323833
1812.2 0.64019001
1815.6 0.64953136
1819.0 0.65094644
1822.4 0.63700652
1825.8 0.64353210
1829.2 0.64637190
1832.6 0.65509135
1836.0 0.65520966
1839.4 0.67040563
1842.8 0.68990713
1846.2 0.69599634
1849.6 0.68710023
1853.0 0.70817429
1856.4 0.71764642
1859.8 0.71698755
1863.2 0.72072053
1866.6 0.74992913
1870.0 0.76837635
1873.4 0.76444566
1876.8 0.77903533
1880.2 0.76134861
1883.6 0.78044176
1887.0 0.80722880
1890.4 0.87454951
1893.8 0.95343316
1897.2 1.0760499
1900.6 1.2011000
1904.0 1.2395428
1907.4 1.1766098
1910.8 1.0421966
1914.2 0.92726189
1917.6 0.85590279
1921.0 0.82063687
1924.4 0.79285192
1927.8 0.77135468
1931.2 0.75443703
1934.6 0.73821026
1938.0 0.73302299
1941.4 0.71822560
1944.8 0.70540339
1948.2 0.69073975
1951.6 0.68246037
1955.0 0.68039483
1958.4 0.66092491
1961.8 0.66220266
1965.2 0.64574707
1968.6 0.64153725
1972.0 0.64082843
1975.4 0.61439437
1978.8 0.62360883
1982.2 0.62320369
1985.6 0.63235116
1989.0 0.64970523
1992.4 0.65580255
1995.8 0.65805775
1999.2 0.65754104
2002.6 0.66212922
2006.0 0.65311623
2009.4 0.65475327
2012.8 0.66345733
2016.2 0.65369242
2019.6 0.65593374
2023.0 0.64418560
2026.4 0.64809769
2029.8 0.63250709
2033.2 0.62190247
2036.6 0.61078906
2040.0 0.60529035
2043.4 0.59081781
2046.8 0.58488393
2050.2 0.56892049
2053.6 0.55797750
2057.0 0.55576378
2060.4 0.56106883
2063.8 0.55379713
2067.2 0.56567931
2070.6 0.56868881
2074.0 0.57053441
2077.4 0.57051480
2080.8 0.57105219
2084.2 0.58242732
2087.6 0.57644725
2091.0 0.58788007
2094.4 0.58728439
2097.8 0.58501810
2101.2 0.57870173
2104.6 0.58464700
2108.0 0.58057475
2111.4 0.59299380
2114.8 0.60807961
2118.2 0.60975927
2121.6 0.63420111
2125.0 0.63938695
2128.4 0.63917172
2131.8 0.63046813
2135.2 0.62991703
2138.6 0.60676843
2142.0 0.62027502
2145.4 0.61422753
2148.8 0.61312461
2152.2 0.62084651
2155.6 0.63726908
2159.0 0.63793796
2162.4 0.64597160
2165.8 0.65005028
2169.2 0.65514302
2172.6 0.64875793
2176.0 0.65194523
2179.4 0.64228845
2182.8 0.64958107
2186.2 0.64160317
2189.6 0.62259150
2193.0 0.62288791
2196.4 0.63057959
2199.8 0.61400253
2203.2 0.61309481
2206.6 0.61359149
2210.0 0.61326140
2213.4 0.62303030
2216.8 0.62031972
2220.2 0.60983443
2223.6 0.60866702
2227.0 0.62094480
2230.4 0.61979771
2233.8 0.61559093
2237.2 0.62689179
2240.6 0.60918224
2244.0 0.60165673
2247.4 0.59361178
2250.8 0.58790725
2254.2 0.58350307
2257.6 0.57149178
2261.0 0.56924421
2264.4 0.57597083
2267.8 0.58110529
2271.2 0.58859181
2274.6 0.60697532
2278.0 0.58634096
2281.4 0.57819152
2284.8 0.57463133
2288.2 0.57191396
2291.6 0.56527048
2295.0 0.57869321
2298.4 0.57660043
2301.8 0.58069843
2305.2 0.57529205
2308.6 0.57708365
2312.0 0.57742035
2315.4 0.59064955
2318.8 0.59413058
2322.2 0.60420036
2325.6 0.62382007
2329.0 0.64921570
2332.4 0.61858898
2335.8 0.59506273
2339.2 0.59845591
2342.6 0.58925432
2346.0 0.56774014
2349.4 0.57408530
2352.8 0.57572401
2356.2 0.55971599
2359.6 0.55591315
2363.0 0.54355019
2366.4 0.53584355
2369.8 0.55021119
2373.2 0.54864609
2376.6 0.54086572
2380.0 0.55143970
2383.4 0.53760010
2386.8 0.52894050
2390.2 0.52870429
2393.6 0.51978868
2397.0 0.51115727
2400.4 0.50128537
2403.8 0.50757462
2407.2 0.50632215
2410.6 0.49166840
2414.0 0.49597421
2417.4 0.50394344
2420.8 0.50727695
2424.2 0.49767160
2427.6 0.50675613
2431.0 0.51935202
2434.4 0.50958341
2437.8 0.52064723
2441.2 0.50570232
2444.6 0.50687444
2448.0 0.49934888
2451.4 0.50576377
2454.8 0.50871384
2458.2 0.49868605
2461.6 0.51247942
2465.0 0.50382686
2468.4 0.49933320
2471.8 0.50369203
2475.2 0.49276045
2478.6 0.49813336
2482.0 0.49414226
2485.4 0.49739584
2488.8 0.50064737
2492.2 0.49390745
2495.6 0.48964182
2499.0 0.48824003
2502.4 0.48596174
2505.8 0.48298359
2509.2 0.48327619
2512.6 0.48999935
2516.0 0.48925629
2519.4 0.48876029
2522.8 0.47937450
2526.2 0.48115754
2529.6 0.50136566
2533.0 0.56510615
2536.4 0.58703613
2539.8 0.49611795
2543.2 0.47853157
2546.6 0.47843137
2550.0 0.47274172
2553.4 0.48970979
2556.8 0.47601604
2560.2 0.46556598
2563.6 0.46878809
2567.0 0.46348554
2570.4 0.45738071
2573.8 0.45258430
2577.2 0.44699737
2580.6 0.42272258
2584.0 0.42958656
2587.4 0.42154101
2590.8 0.43996024
2594.2 0.43891439
2597.6 0.43422279
2601.0 0.42991555
2604.4 0.42675406
2607.8 0.43768024
2611.2 0.42875358
2614.6 0.43593892
2618.0 0.44258997
2621.4 0.44991323
2624.8 0.46782014
2628.2 0.50355470
2631.6 0.52457494
2635.0 0.47148097
2638.4 0.44061959
2641.8 0.45642713
2645.2 0.46010184
2648.6 0.43612397
2652.0 0.42681825
2655.4 0.42746699
2658.8 0.41998240
2662.2 0.41752246
2665.6 0.40979555
2669.0 0.39795479
2672.4 0.38482428
2675.8 0.38216650
2679.2 0.39382029
2682.6 0.40559500
2686.0 0.40678698
2689.4 0.41136020
2692.8 0.42152759
2696.2 0.42190492
2699.6 0.41933233
2703.0 0.40539429
2706.4 0.40712836
2709.8 0.40503556
2713.2 0.38825905
2716.6 0.39324164
2720.0 0.38008687
2723.4 0.38013369
2726.8 0.37357926
2730.2 0.38174286
2733.6 0.38662687
2737.0 0.37961483
2740.4 0.36771995
2743.8 0.36735478
2747.2 0.36568016
2750.6 0.36140162
2754.0 0.37242004
2757.4 0.36462224
2760.8 0.37401858
2764.2 0.38148567
2767.6 0.40476996
2771.0 0.39856416
2774.4 0.39625326
2777.8 0.41379565
2781.2 0.41962293
2784.6 0.43429813
2788.0 0.46185702
2791.4 0.44838113
2794.8 0.42600903
2798.2 0.42391920
2801.6 0.40500423
2805.0 0.39491642
2808.4 0.39084244
2811.8 0.38433650
2815.2 0.37154695
2818.6 0.35728651
2822.0 0.35316202
2825.4 0.35484815
2828.8 0.36470032
2832.2 0.36180818
2835.6 0.35949403
2839.0 0.36744854
2842.4 0.35479861
2845.8 0.35034731
2849.2 0.35682923
2852.6 0.34869155
2856.0 0.34496051
2859.4 0.34444734
2862.8 0.34393537
2866.2 0.34553251
2869.6 0.34841180
2873.0 0.34684220
2876.4 0.34557402
2879.8 0.36491680
2883.2 0.36274379
2886.6 0.36829409
2890.0 0.36175343
2893.4 0.35306254
2896.8 0.34743482
2900.2 0.36303177
2903.6 0.36283147
2907.0 0.36026382
2910.4 0.37694234
2913.8 0.36696234
2917.2 0.37885758
2920.6 0.39950868
2924.0 0.39264011
2927.4 0.40071028
2930.8 0.40809011
2934.2 0.42483017
2937.6 0.45180780
2941.0 0.45683652
2944.4 0.48216990
2947.8 0.52194309
2951.2 0.54133695
2954.6 0.54369766
2958.0 0.50560421
2961.4 0.49662945
2964.8 0.49170560
2968.2 0.46789506
2971.6 0.44676921
2975.0 0.40920064
2978.4 0.40070611
2981.8 0.38479918
2985.2 0.37706903
2988.6 0.38666934
2992.0 0.37616423
2995.4 0.36980429
2998.8 0.37022039
3002.2 0.36160740
3005.6 0.35909534
3009.0 0.35726440
3012.4 0.33524606
3015.8 0.34675550
3019.2 0.34501284
3022.6 0.35384312
3026.0 0.34620848
3029.4 0.34473035
3032.8 0.36029410
3036.2 0.36553934
3039.6 0.37937352
3043.0 0.37391695
3046.4 0.37110546
3049.8 0.35721835
3053.2 0.37692294
3056.6 0.37779802
3060.0 0.38016039
3063.4 0.37746805
3066.8 0.39171061
3070.2 0.40842974
3073.6 0.40552831
3077.0 0.38893393
3080.4 0.37977076
3083.8 0.37059954
3087.2 0.37321004
3090.6 0.40070829
3094.0 0.38984919
3097.4 0.38512149
3100.8 0.40007579
3104.2 0.39674467
3107.6 0.36744362
3111.0 0.38727444
3114.4 0.40269002
3117.8 0.38539457
3121.2 0.37806433
3124.6 0.38405558
3128.0 0.36973643
3131.4 0.36114758
3134.8 0.36234286
3138.2 0.37390342
3141.6 0.38748771
3145.0 0.38726839
3148.4 0.37954301
3151.8 0.38427511
3155.2 0.37283069
3158.6 0.37903264
3162.0 0.36757535
3165.4 0.38684511
3168.8 0.36409903
3172.2 0.37591815
3175.6 0.36026272
3179.0 0.36362842
3182.4 0.36644611
3185.8 0.37851006
3189.2 0.34522381
3192.6 0.34447703
3196.0 0.32386130
3199.4 0.31976366
3202.8 0.31528342
3206.2 0.32298231
3209.6 0.32191575
3213.0 0.32094371
3216.4 0.31517598
3219.8 0.31994188
3223.2 0.32321998
3226.6 0.31642035
3230.0 0.30579308
3233.4 0.30850318
3236.8 0.30974412
3240.2 0.30811310
3243.6 0.31289631
3247.0 0.31685433
3250.4 0.32255062
3253.8 0.32131395
3257.2 0.31876808
3260.6 0.32495406
3264.0 0.33426070
3267.4 0.33445796
3270.8 0.33751056
3274.2 0.35012761
3277.6 0.37074447
3281.0 0.37245545
3284.4 0.40030065
3287.8 0.40397003
3291.2 0.41745532
3294.6 0.44861829
3298.0 0.46705875
3301.4 0.52251559
3304.8 0.56991392
3308.2 0.55187201
3311.6 0.51474351
3315.0 0.47798511
3318.4 0.45213452
3321.8 0.42963544
3325.2 0.40124822
3328.6 0.39406916
3332.0 0.39014414
3335.4 0.37654504
3338.8 0.35553253
3342.2 0.36612207
3345.6 0.35416347
3349.0 0.34871575
3352.4 0.34281081
3355.8 0.33356917
3359.2 0.32991466
3362.6 0.33847806
3366.0 0.33853272
3369.4 0.39944720
3372.8 0.43663430
3376.2 0.36496258
3379.6 0.32412097
3383.0 0.31552610
3386.4 0.31286249
3389.8 0.30515361
3393.2 0.32498214
3396.6 0.35502005
3400.0 0.43141586
3403.4 0.60776407
3406.8 0.60632294
3410.2 0.40770397
3413.6 0.34320319
3417.0 0.32263362
3420.4 0.31375507
3423.8 0.30633837
3427.2 0.30043787
3430.6 0.30061528
3434.0 0.29846987
3437.4 0.29887396
3440.8 0.29844889
3444.2 0.29355848
3447.6 0.29027468
3451.0 0.29025051
3454.4 0.27913213
3457.8 0.27337417
3461.2 0.28536868
3464.6 0.28278473
3468.0 0.28627977
3471.4 0.27472159
3474.8 0.27694657
3478.2 0.27306333
3481.6 0.28257659
3485.0 0.27759480
3488.4 0.27042800
3491.8 0.27661085
3495.2 0.27486965
3498.6 0.28322664
3502.0 0.28468022
3505.4 0.29607067
3508.8 0.30245596
3512.2 0.29818088
3515.6 0.28954592
3519.0 0.30226809
3522.4 0.28974715
3525.8 0.28254879
3529.2 0.28309900
3532.6 0.29905766
3536.0 0.29345292
3539.4 0.27798489
3542.8 0.28161773
3546.2 0.28419456
3549.6 0.28895295
3553.0 0.28425270
3556.4 0.28693700
3559.8 0.28579718
3563.2 0.28735760
3566.6 0.27685660
3570.0 0.28153437
3573.4 0.29065961
3576.8 0.27667531
3580.2 0.28447816
3583.6 0.28561223
3587.0 0.28350320
3590.4 0.28389460
3593.8 0.28592646
3597.2 0.28404602
3600.6 0.29495311
3604.0 0.28155461
3607.4 0.27561754
3610.8 0.30137658
3614.2 0.28130671
3617.6 0.29437572
3621.0 0.28692150
3624.4 0.27836099
3627.8 0.27440301
3631.2 0.27126798
3634.6 0.27937713
3638.0 0.26475498
3641.4 0.26707759
3644.8 0.26977921
3648.2 0.26683825
3651.6 0.25429103
3655.0 0.25893351
3658.4 0.26515779
3661.8 0.26457611
3665.2 0.25651008
3668.6 0.25743213
3672.0 0.25524503
3675.4 0.25028279
3678.8 0.25525597
3682.2 0.26042369
3685.6 0.25864705
3689.0 0.25230983
3692.4 0.24861881
3695.8 0.24488664
3699.2 0.25335833
3702.6 0.24425711
3706.0 0.26073954
3709.4 0.24574421
3712.8 0.24683851
3716.2 0.24300510
3719.6 0.24269359
3723.0 0.24238265
3726.4 0.24207227
3729.8 0.24758801
3733.2 0.24863929
3736.6 0.25432998
3740.0 0.24809837
3743.4 0.24881260
3746.8 0.24022233
3750.2 0.23991597
3753.6 0.24672079
3757.0 0.25399429
3760.4 0.24967588
3763.8 0.24355909
3767.2 0.25311789
3770.6 0.25714880
3774.0 0.24422577
3777.4 0.24696817
3780.8 0.23718485
3784.2 0.23688424
3787.6 0.24162716
3791.0 0.23762353
3794.4 0.25975284
3797.8 0.24795853
3801.2 0.24117905
3804.6 0.26925340
3808.0 0.26565874
3811.4 0.25364825
3814.8 0.24900159
3818.2 0.23770964
3821.6 0.23737220
3825.0 0.23331991
3828.4 0.24094483
3831.8 0.23273352
3835.2 0.23385447
3838.6 0.23214935
3842.0 0.23403025
3845.4 0.23156726
3848.8 0.23284534
3852.2 0.23198232
3855.6 0.23069820
3859.0 0.23872378
3862.4 0.23518613
3865.8 0.22983408
3869.2 0.22954702
3872.6 0.22926058
3876.0 0.22897464
3879.4 0.22868919
3882.8 0.22840433
3886.2 0.22811994
3889.6 0.23281461
3893.0 0.22755276
3896.4 0.22792967
3899.8 0.22698765
3903.2 0.22801490
3906.6 0.22650069
3910.0 0.22614379
3913.4 0.22834305
3916.8 0.23153432
3920.2 0.23264718
3923.6 0.23048754
3927.0 0.23010379
3930.4 0.22944984
3933.8 0.22629349
3937.2 0.22816817
3940.6 0.22668573
3944.0 0.22625785
3947.4 0.23130552
3950.8 0.24144973
3954.2 0.22961403
3957.6 0.23758808
3961.0 0.23300523
3964.4 0.24022068
3967.8 0.23460157
3971.2 0.24222508
3974.6 0.23837051
3978.0 0.23946804
3981.4 0.24644494
3984.8 0.24048106
3988.2 0.24508834
3991.6 0.25318682
3995.0 0.27261621
3998.4 0.26639515
4001.8 0.26126918
4005.2 0.26270437
4008.6 0.23956233
4012.0 0.23556200
4015.4 0.24654560
4018.8 0.24219878
4022.2 0.23378263
4025.6 0.23506641
4029.0 0.23637480
4032.4 0.23669969
4035.8 0.23254679
4039.2 0.23715225
4042.6 0.24204457
4046.0 0.22716789
4049.4 0.22961058
4052.8 0.22804733
4056.2 0.23538066
4059.6 0.22207388
4063.0 0.22447313
4066.4 0.22388129
4069.8 0.22309864
4073.2 0.22472218
4076.6 0.22429627
4080.0 0.22376810
4083.4 0.22581634
4086.8 0.22218665
4090.2 0.22035688
4093.6 0.21651193
4097.0 0.21635672
4100.4 0.21285115
4103.8 0.21700844
4107.2 0.21750058
4110.6 0.22002834
4114.0 0.22183451
4117.4 0.21340570
4120.8 0.21801566
4124.2 0.22458757
4127.6 0.22199315
4131.0 0.22423109
4134.4 0.22834723
4137.8 0.22463201
4141.2 0.22632347
4144.6 0.22187500
4148.0 0.23305400
4151.4 0.21431673
4154.8 0.20721549
4158.2 0.21038264
4161.6 0.20759825
4165.0 0.20874740
4168.4 0.20906515
4171.8 0.21319965
4175.2 0.21717077
4178.6 0.20733686
4182.0 0.21319401
4185.4 0.21898979
4188.8 0.21094932
4192.2 0.20745720
4195.6 0.20429222
4199.0 0.20405143
4202.4 0.20494260
4205.8 0.21706936
4209.2 0.20684201
4212.6 0.20808911
4216.0 0.20285386
4219.4 0.20338953
4222.8 0.20324114
4226.2 0.20657317
4229.6 0.20451547
4233.0 0.20920679
4236.4 0.20993622
4239.8 0.20519805
4243.2 0.20381339
4246.6 0.20353451
4250.0 0.20943232
4253.4 0.20815198
4256.8 0.20378506
4260.2 0.20233241
4263.6 0.20080054
4267.0 0.19985826
4270.4 0.20154032
4273.8 0.20332837
4277.2 0.21007350
4280.6 0.21298903
4284.0 0.21704763
4287.4 0.22397800
4290.8 0.21505213
4294.2 0.20454144
4297.6 0.20523731
4301.0 0.20314540
4304.4 0.20000488
4307.8 0.20315240
4311.2 0.20922606
4314.6 0.21145645
4318.0 0.20490408
4321.4 0.20652939
4324.8 0.20964782
4328.2 0.21346334
4331.6 0.21673155
4335.0 0.20608084
4338.4 0.20815021
4341.8 0.21204223
4345.2 0.21270512
4348.6 0.20821145
4352.0 0.20787005
4355.4 0.21098529
4358.8 0.21082078
4362.2 0.20855160
4365.6 0.21370238
4369.0 0.21154289
4372.4 0.21455835
4375.8 0.21972322
4379.2 0.21668316
4382.6 0.22302110
4386.0 0.21947764
4389.4 0.23441359
4392.8 0.23617752
4396.2 0.24239087
4399.6 0.24924411
4403.0 0.24826397
4406.4 0.25336662
4409.8 0.26761132
4413.2 0.26912776
4416.6 0.28088525
4420.0 0.29389402
4423.4 0.31196624
4426.8 0.33289093
4430.2 0.35813853
4433.6 0.39290974
4437.0 0.43634066
4440.4 0.48949826
4443.8 0.55213755
4447.2 0.64741707
4450.6 0.76075315
4454.0 0.90351468
4457.4 1.0475137
4460.8 1.2323207
4464.2 1.2665641
4467.6 1.0832467
4471.0 0.90169013
4474.4 0.82043463
4477.8 0.77281904
4481.2 0.66931486
4484.6 0.56470388
4488.0 0.50878602
4491.4 0.46412671
4494.8 0.42328981
4498.2 0.39217529
4501.6 0.37315404
4505.0 0.34941238
4508.4 0.32535565
4511.8 0.30536905
4515.2 0.28528768
4518.6 0.26811850
4522.0 0.26270562
4525.4 0.25733259
4528.8 0.24441542
4532.2 0.24286012
4535.6 0.23832604
4539.0 0.23861764
4542.4 0.24284291
4545.8 0.24218395
4549.2 0.23716182
4552.6 0.22949079
4556.0 0.24097244
4559.4 0.24718559
4562.8 0.25224143
4566.2 0.27780050
4569.6 0.27638602
4573.0 0.25768360
4576.4 0.26029956
4579.8 0.26346484
4583.2 0.25591579
4586.6 0.23619914
4590.0 0.21700323
4593.4 0.21489024
4596.8 0.20946495
4600.2 0.20312515
4603.6 0.20187089
4607.0 0.19625901
4610.4 0.18762934
4613.8 0.18660244
4617.2 0.18753351
4620.6 0.18721952
4624.0 0.17850712
4627.4 0.17685121
4630.8 0.17665863
4634.2 0.18232940
4637.6 0.18952253
4641.0 0.18202989
4644.4 0.17939636
4647.8 0.17888467
4651.2 0.17550701
4654.6 0.17531630
4658.0 0.17512593
4661.4 0.18696274
4664.8 0.17985325
4668.2 0.18114929
4671.6 0.17436759
4675.0 0.17417881
4678.4 0.17736185
4681.8 0.18305637
4685.2 0.18163860
4688.6 0.17737402
4692.0 0.17917190
4695.4 0.17934170
4698.8 0.17801739
4702.2 0.17268021
4705.6 0.17249429
4709.0 0.17230873
4712.4 0.17371778
4715.8 0.17193852
4719.2 0.17175388
4722.6 0.17156959
4726.0 0.17563468
4729.4 0.17120191
4732.8 0.17101854
4736.2 0.17083549
4739.6 0.17319487
4743.0 0.17047028
4746.4 0.17028816
4749.8 0.17010635
4753.2 0.16992483
4756.6 0.17452155
4760.0 0.17058100
4763.4 0.17999336
4766.8 0.17048235
4770.2 0.17048626
4773.6 0.16884227
4777.0 0.16866292
4780.4 0.18071091
4783.8 0.18751258
4787.2 0.18101318
4790.6 0.19448189
4794.0 0.17983270
4797.4 0.20236196
4800.8 0.19050200
4804.2 0.17603678
4807.6 0.19592698
4811.0 0.18252748
4814.4 0.17802267
4817.8 0.17951766
4821.2 0.17385314
4824.6 0.17140543
4828.0 0.16600887
4831.4 0.16583431
4834.8 0.16822352
4838.2 0.17453869
4841.6 0.16531245
4845.0 0.16513911
4848.4 0.16496606
4851.8 0.16479328
4855.2 0.18124796
4858.6 0.16836752
4862.0 0.16427672
4865.4 0.16410515
4868.8 0.16688068
4872.2 0.16576003
4875.6 0.16359204
4879.0 0.16342166
4882.4 0.16806577
4885.8 0.17328593
4889.2 0.18289213
4892.6 0.16274275
4896.0 0.18005678
4899.4 0.16287433
4902.8 0.17055176
4906.2 0.16206847
4909.6 0.17304407
4913.0 0.16850102
4916.4 0.16816394
4919.8 0.17150907
4923.2 0.17951192
4926.6 0.17102361
4930.0 0.16089949
4933.4 0.17174561
4936.8 0.19014081
4940.2 0.16040272
4943.6 0.16023770
4947.0 0.16053304
4950.4 0.15990846
4953.8 0.15974429
4957.2 0.15958035
4960.6 0.17520888
4964.0 0.17067687
4967.4 0.15909030
4970.8 0.15892752
4974.2 0.16745383
4977.6 0.17920011
4981.0 0.15844074
4984.4 0.15977104
4987.8 0.19529225
4991.2 0.16794772
4994.6 0.16650021
4998.0 0.15763496
5001.4 0.17912529
5004.8 0.19144478
5008.2 0.18288039
5011.6 0.20115522
5015.0 0.19693244
5018.4 0.20754595
5021.8 0.18039489
5025.2 0.18718202
5028.6 0.23052916
5032.0 0.20676282
5035.4 0.19842389
5038.8 0.17960157
5042.2 0.17355874
5045.6 0.21453707
5049.0 0.20463711
5052.4 0.19797164
5055.8 0.18439566
5059.2 0.16498983
5062.6 0.18645661
5066.0 0.15447943
5069.4 0.15432444
5072.8 0.15416969
5076.2 0.15401527
5079.6 0.15386111
5083.0 0.15370715
5086.4 0.15355352
5089.8 0.15340006
5093.2 0.15324692
5096.6 0.15309402
5100.0 0.15294141
5103.4 0.15278903
5106.8 0.15263693
5110.2 0.15248507
5113.6 0.15233350
5117.0 0.15218218
5120.4 0.15203108
5123.8 0.15188026
5127.2 0.15172969
5130.6 0.15157939
5134.0 0.15142934
5137.4 0.15127954
5140.8 0.15113004
5144.2 0.15098073
5147.6 0.15083167
5151.0 0.15068287
5154.4 0.15053436
5157.8 0.15038611
5161.2 0.15023805
5164.6 0.15009028
5168.0 0.14994280
5171.4 0.14979552
5174.8 0.14964849
5178.2 0.14950173
5181.6 0.14935520
5185.0 0.14920893
5188.4 0.14906293
5191.8 0.14891720
5195.2 0.14877169
5198.6 0.14862637
5202.0 0.14848135
5205.4 0.14833659
5208.8 0.14819205
5212.2 0.14804778
5215.6 0.14790373
5219.0 0.14775996
5222.4 0.14761640
5225.8 0.14747311
5229.2 0.14733006
5232.6 0.14718728
5236.0 0.14704467
5239.4 0.14690235
5242.8 0.14676028
5246.2 0.14661843
5249.6 0.14647688
5253.0 0.14633550
5256.4 0.14619434
5259.8 0.14605352
5263.2 0.14591299
5266.6 0.14577253
5270.0 0.14563234
5273.4 0.14549248
5276.8 0.14535284
5280.2 0.14521331
5283.6 0.14507407
5287.0 0.14493532
5290.4 0.14479645
5293.8 0.14465803
5297.2 0.14451987
5300.6 0.14438187
5304.0 0.14424410
5307.4 0.14410657
5310.8 0.14396918
5314.2 0.14383227
5317.6 0.14369540
5321.0 0.14355880
5324.4 0.14342235
5327.8 0.14328627
5331.2 0.14315036
5334.6 0.14301470
5338.0 0.14287928
5341.4 0.14274415
5344.8 0.14260928
5348.2 0.14247455
5351.6 0.14234003
5355.0 0.14220580
5358.4 0.14207181
5361.8 0.14193794
5365.2 0.14180435
5368.6 0.14167117
5372.0 0.14153792
5375.4 0.14140511
5378.8 0.14127253
5382.2 0.14114007
5385.6 0.14100792
5389.0 0.14087597
5392.4 0.14074412
5395.8 0.14061274
5399.2 0.14048140
5402.6 0.14035034
5406.0 0.14021952
5409.4 0.14008898
5412.8 0.13995853
5416.2 0.13982852
5419.6 0.13969861
5423.0 0.13956895
5426.4 0.13943937
5429.8 0.13931020
5433.2 0.13918115
5436.6 0.13905233
5440.0 0.13892376
5443.4 0.13879548
5446.8 0.13866727
5450.2 0.13853948
5453.6 0.13841181
5457.0 0.13828436
5460.4 0.13815698
5463.8 0.13803004
5467.2 0.13790318
5470.6 0.13777678
5474.0 0.13765040
5477.4 0.13752417
5480.8 0.13739832
5484.2 0.13727255
5487.6 0.13714720
5491.0 0.13702194
5494.4 0.13689677
5497.8 0.13677202
5501.2 0.13664749
5504.6 0.13652311
5508.0 0.13639890
5511.4 0.13627498
5514.8 0.13615130
5518.2 0.13602769
5521.6 0.13590436
5525.0 0.13578142
5528.4 0.13565853
5531.8 0.13553576
5535.2 0.13541339
5538.6 0.13529110
5542.0 0.13516921
5545.4 0.13504742
5548.8 0.13492572
5552.2 0.13480443
5555.6 0.13468331
5559.0 0.13456236
5562.4 0.13444158
5565.8 0.13432108
5569.2 0.13420081
5572.6 0.13408065
5576.0 0.13396087
5579.4 0.13384114
5582.8 0.13372169
5586.2 0.13360247
5589.6 0.13348345
5593.0 0.13336457
5596.4 0.13324608
5599.8 0.13312764
5603.2 0.13300943
5606.6 0.13289149
5610.0 0.13277362
5613.4 0.13265614
5616.8 0.13253874
5620.2 0.13242155
5623.6 0.13230464
5627.0 0.13218795
5630.4 0.13207130
5633.8 0.13195507
5637.2 0.13183895
5640.6 0.13172300
5644.0 0.13160732
5647.4 0.13149175
5650.8 0.13137652
5654.2 0.13126136
5657.6 0.13114662
5661.0 0.13103193
5664.4 0.13091731
5667.8 0.13080312
5671.2 0.13068913
5674.6 0.13057519
5678.0 0.13046154
5681.4 0.13034809
5684.8 0.13023485
5688.2 0.13012184
5691.6 0.13000892
5695.0 0.12989624
5698.4 0.12978376
5701.8 0.12967154
5705.2 0.12955953
5708.6 0.12944776
5712.0 0.12933603
5715.4 0.12922470
5718.8 0.12911345
5722.2 0.12900242
5725.6 0.12889159
5729.0 0.12878087
5732.4 0.12867054
5735.8 0.12856022
5739.2 0.12845016
5742.6 0.12834032
5746.0 0.12823074
5749.4 0.12812133
5752.8 0.12801200
5756.2 0.12790290
5759.6 0.12779418
5763.0 0.12768550
5766.4 0.12757693
5769.8 0.12746873
5773.2 0.12736075
5776.6 0.12725279
5780.0 0.12714511
5783.4 0.12703761
5786.8 0.12693033
5790.2 0.12682331
5793.6 0.12671635
5797.0 0.12660971
5800.4 0.12650318
5803.8 0.12639686
5807.2 0.12629075
5810.6 0.12618490
5814.0 0.12607907
5817.4 0.12597361
5820.8 0.12586822
5824.2 0.12576304
5827.6 0.12565809
5831.0 0.12555337
5834.4 0.12544881
5837.8 0.12534437
5841.2 0.12524027
5844.6 0.12513623
5848.0 0.12503242
5851.4 0.12492883
5854.8 0.12482533
5858.2 0.12472214
5861.6 0.12461902
5865.0 0.12451628
5868.4 0.12441359
5871.8 0.12431111
5875.2 0.12420885
5878.6 0.12410665
5882.0 0.12400482
5885.4 0.12390306
5888.8 0.12380151
5892.2 0.12370015
5895.6 0.12359899
5899.0 0.12349805
5902.4 0.12339719
5905.8 0.12329669
5909.2 0.12319624
5912.6 0.12309597
5916.0 0.12299594
5919.4 0.12289611
5922.8 0.12279650
5926.2 0.12269694
5929.6 0.12259774
5933.0 0.12249858
5936.4 0.12239967
5939.8 0.12230093
5943.2 0.12220241
5946.6 0.12210408
5950.0 0.12200584
5953.4 0.12190779
5956.8 0.12181007
5960.2 0.12171244
5963.6 0.12161500
5967.0 0.12151760
5970.4 0.12142058
5973.8 0.12132377
5977.2 0.12122702
5980.6 0.12113042
5984.0 0.12103407
5987.4 0.12093792
5990.8 0.12084197
5994.2 0.12074605
5997.6 0.12065051
