300.0 0.0
370.0 0.0000000
373.7 0.0000000
377.4 0.0000000
381.1 0.0000000
384.8 0.0000000
388.5 0.0000000
392.2 0.0000000
395.9 0.0000000
399.6 0.0000000
403.3 0.0000000
407.0 0.0000000
410.7 0.0000000
414.4 0.0000000
418.1 0.0000000
421.8 0.0000000
425.5 0.0000000
429.2 0.0000000
432.9 0.0000000
436.6 0.0000000
440.3 0.0000000
444.0 0.0000000
447.7 0.0000000
451.4 0.0000000
455.1 0.0000000
458.8 0.0000000
462.5 0.0000000
466.2 0.0000000
469.9 0.0000000
473.6 0.0000000
477.3 0.0000000
481.0 0.0000000
484.7 0.0000000
488.4 0.0000000
492.1 0.0000000
495.8 0.0000000
499.5 0.0000000
503.2 0.0000000
506.9 0.0000000
510.6 0.0000000
514.3 0.0000000
518.0 0.0000000
521.7 0.0000000
525.4 0.0000000
529.1 0.0000000
532.8 0.0000000
536.5 0.0000000
540.2 0.0000000
543.9 0.0000000
547.6 0.0000000
551.3 0.0000000
555.0 0.0000000
558.7 0.0000000
562.4 0.0000000
566.1 0.0000000
569.8 0.0000000
573.5 0.0000000
577.2 0.0000000
580.9 0.0000000
584.6 0.0000000
588.3 0.0000000
592.0 0.0000000
595.7 0.0000000
599.4 0.0000000
603.1 0.0000000
606.8 0.0000000
610.5 0.0000000
614.2 0.0000000
617.9 0.0000000
621.6 0.0000000
625.3 0.0000000
629.0 0.0000000
632.7 0.0000000
636.4 0.0000000
640.1 0.0000000
643.8 0.0000000
647.5 0.0000000
651.2 0.0000000
654.9 0.0000000
658.6 0.0000000
662.3 0.0000000
666.0 0.0000000
669.7 0.0000000
673.4 0.0000000
677.1 7.05193775E-03
680.8 6.24836050E-03
684.5 5.51357726E-03
688.2 4.84413095E-03
691.9 4.23729047E-03
695.6 3.68996570E-03
699.3 3.19793611E-03
703.0 2.75819376E-03
706.7 2.36710045E-03
710.4 2.02095089E-03
714.1 1.71660667E-03
717.8 1.45026576E-03
721.5 6.50822045E-03
725.2 5.80648473E-03
728.9 5.16155781E-03
732.6 4.57165809E-03
736.3 4.03418951E-03
740.0 3.88927199E-03
743.7 3.56906746E-03
747.4 3.11179203E-03
751.1 2.91155931E-03
754.8 2.77116592E-03
758.5 2.66922056E-03
762.2 5.75364940E-02
765.9 5.74350990E-02
769.6 4.77267541E-02
773.3 3.90145592E-02
777.0 3.58985364E-02
780.7 3.42985727E-02
784.4 3.38799953E-02
788.1 3.36709395E-02
791.8 3.15076672E-02
795.5 2.68011149E-02
799.2 2.52136961E-02
802.9 2.10043453E-02
806.6 1.78116132E-02
810.3 1.53164230E-02
814.0 1.36852190E-02
817.7 1.28461067E-02
821.4 1.13614369E-02
825.1 1.06570283E-02
828.8 1.00600291E-02
832.5 8.93879868E-03
836.2 7.26080127E-03
839.9 6.38273964E-03
843.6 5.26787806E-03
847.3 4.79095476E-03
851.0 4.25597513E-03
854.7 3.66121018E-03
858.4 3.23105208E-03
862.1 2.94027384E-03
865.8 2.68493686E-03
869.5 2.53274478E-03
873.2 2.29240535E-03
876.9 2.08892976E-03
880.6 1.92935427E-03
884.3 1.83495542E-03
888.0 1.78522558E-03
891.7 1.81815680E-03
895.4 1.91164901E-03
899.1 2.18836591E-03
902.8 1.2004144
906.5 0.97441763
910.2 0.91210854
913.9 0.91496670
917.6 0.86013150
921.3 0.69099057
925.0 0.59867358
928.7 0.56494933
932.4 0.54248136
936.1 0.50897259
939.8 0.46630988
943.5 0.43833122
947.2 0.42963216
950.9 0.43217447
954.6 0.44058824
958.3 0.44499376
962.0 0.48015559
965.7 0.48922071
969.4 0.46964753
973.1 0.42929009
976.8 0.43339556
980.5 0.43077129
984.2 0.44242379
987.9 0.45137826
991.6 0.44718388
995.3 0.43237007
999.0 0.42786822
1002.7 0.44273376
1006.4 0.44124913
1010.1 0.44988927
1013.8 0.44533071
1017.5 0.45701891
1021.2 0.48449251
1024.9 0.51308793
1028.6 0.55228025
1032.3 0.56401527
1036.0 0.57358426
1039.7 0.52300906
1043.4 0.48964381
1047.1 0.46505135
1050.8 0.45498261
1054.5 0.45414096
1058.2 0.43475389
1061.9 0.43036002
1065.6 0.42889217
1069.3 0.42679039
1073.0 0.43554434
1076.7 0.43244255
1080.4 0.42428523
1084.1 0.43808717
1087.8 0.43156648
1091.5 0.43935713
1095.2 0.45094109
1098.9 0.45868561
1102.6 0.47095117
1106.3 0.47135812
1110.0 0.48742262
1113.7 0.49935409
1117.4 0.51265526
1121.1 0.53322166
1124.8 0.57423335
1128.5 0.62893248
1132.2 0.69173902
1135.9 0.77144003
1139.6 0.87044930
1143.3 0.93000799
1147.0 0.84586823
1150.7 0.71900982
1154.4 0.62256551
1158.1 0.57253951
1161.8 0.54779202
1165.5 0.53395891
1169.2 0.50963056
1172.9 0.50871873
1176.6 0.49427545
1180.3 0.50485283
1184.0 0.50703460
1187.7 0.50606710
1191.4 0.51239365
1195.1 0.50676531
1198.8 0.51518637
1202.5 0.52309805
1206.2 0.52469903
1209.9 0.53673375
1213.6 0.51672763
1217.3 0.51391566
1221.0 0.50792718
1224.7 0.51693881
1228.4 0.51995802
1232.1 0.51323146
1235.8 0.48791105
1239.5 0.47279868
1243.2 0.46678105
1246.9 0.45879790
1250.6 0.46017110
1254.3 0.45954904
1258.0 0.45928887
1261.7 0.46715143
1265.4 0.46630338
1269.1 0.47440824
1272.8 0.47723621
1276.5 0.47698984
1280.2 0.47212282
1283.9 0.47871795
1287.6 0.48147851
1291.3 0.49515399
1295.0 0.48782298
1298.7 0.48058957
1302.4 0.46004534
1306.1 0.46757421
1309.8 0.47034049
1313.5 0.46471450
1317.2 0.48108202
1320.9 0.48631716
1324.6 0.47418085
1328.3 0.46674266
1332.0 0.46800351
1335.7 0.46865049
1339.4 0.46908069
1343.1 0.47570109
1346.8 0.46802795
1350.5 0.46718749
1354.2 0.47380939
1357.9 0.47391993
1361.6 0.48631880
1365.3 0.48488450
1369.0 0.51693690
1372.7 0.51586521
1376.4 0.52182758
1380.1 0.51462972
1383.8 0.51645660
1387.5 0.52191609
1391.2 0.54587072
1394.9 0.58814603
1398.6 0.62672299
1402.3 0.65839446
1406.0 0.67106992
1409.7 0.70726639
1413.4 0.67731607
1417.1 0.62012345
1420.8 0.56798148
1424.5 0.53352058
1428.2 0.51772898
1431.9 0.50159895
1435.6 0.48643470
1439.3 0.47492072
1443.0 0.47205541
1446.7 0.45524466
1450.4 0.44901451
1454.1 0.44638428
1457.8 0.45163631
1461.5 0.45446584
1465.2 0.44488111
1468.9 0.44759065
1472.6 0.45084372
1476.3 0.45550022
1480.0 0.44508174
1483.7 0.45080662
1487.4 0.46221626
1491.1 0.43804061
1494.8 0.45049140
1498.5 0.45424658
1502.2 0.45192644
1505.9 0.45664701
1509.6 0.45026249
1513.3 0.44513559
1517.0 0.45835695
1520.7 0.47778314
1524.4 0.46919510
1528.1 0.48187622
1531.8 0.47871032
1535.5 0.48088264
1539.2 0.47905469
1542.9 0.48610404
1546.6 0.48559260
1550.3 0.48524988
1554.0 0.47062513
1557.7 0.46384811
1561.4 0.47073284
1565.1 0.47831136
1568.8 0.45893005
1572.5 0.48196867
1576.2 0.46605322
1579.9 0.47804955
1583.6 0.47453240
1587.3 0.48504826
1591.0 0.46295825
1594.7 0.47063127
1598.4 0.47100097
1602.1 0.48005670
1605.8 0.45708165
1609.5 0.46322477
1613.2 0.47283620
1616.9 0.45258531
1620.6 0.46177006
1624.3 0.44855455
1628.0 0.43677902
1631.7 0.43694839
1635.4 0.43711311
1639.1 0.44060352
1642.8 0.44389704
1646.5 0.44517037
1650.2 0.43955597
1653.9 0.43786496
1657.6 0.43800113
1661.3 0.43813324
1665.0 0.44418693
1668.7 0.44397098
1672.4 0.45102841
1676.1 0.45426467
1679.8 0.45459700
1683.5 0.45841607
1687.2 0.46315098
1690.9 0.47204572
1694.6 0.48315072
1698.3 0.47990325
1702.0 0.49310246
1705.7 0.49928123
1709.4 0.50399339
1713.1 0.50730526
1716.8 0.51142961
1720.5 0.51837200
1724.2 0.52151954
1727.9 0.51498091
1731.6 0.51093584
1735.3 0.49997899
1739.0 0.49919966
1742.7 0.49002120
1746.4 0.49763069
1750.1 0.49195957
1753.8 0.48922735
1757.5 0.49101987
1761.2 0.48841596
1764.9 0.48998809
1768.6 0.49148646
1772.3 0.49754572
1776.0 0.50962526
1779.7 0.50223601
1783.4 0.52072495
1787.1 0.53401166
1790.8 0.55026585
1794.5 0.54906279
1798.2 0.53388441
1801.9 0.53161401
1805.6 0.53370607
1809.3 0.52196938
1813.0 0.51262671
1816.7 0.51009756
1820.4 0.50847983
1824.1 0.51859307
1827.8 0.52953064
1831.5 0.53201109
1835.2 0.52894813
1838.9 0.53067535
1842.6 0.52773005
1846.3 0.53079212
1850.0 0.52577931
1853.7 0.52398074
1857.4 0.52497768
1861.1 0.52294606
1864.8 0.51672882
1868.5 0.50964469
1872.2 0.51479065
1875.9 0.51688671
1879.6 0.51750427
1883.3 0.51288718
1887.0 0.50928730
1890.7 0.50833499
1894.4 0.50618887
1898.1 0.50460678
1901.8 0.50066268
1905.5 0.49428681
1909.2 0.49716589
1912.9 0.49758616
1916.6 0.49245605
1920.3 0.47993633
1924.0 0.49264473
1927.7 0.49520373
1931.4 0.49256703
1935.1 0.49292091
1938.8 0.49753159
1942.5 0.48870403
1946.2 0.48923686
1949.9 0.48004189
1953.6 0.47287449
1957.3 0.45472902
1961.0 0.45296589
1964.7 0.45253789
1968.4 0.44843599
1972.1 0.46096039
1975.8 0.46801746
1979.5 0.46936774
1983.2 0.45963857
1986.9 0.46467170
1990.6 0.46704727
1994.3 0.47367585
1998.0 0.47408852
2001.7 0.48541766
2005.4 0.49988025
2009.1 0.50463635
2012.8 0.49852487
2016.5 0.51416314
2020.2 0.52139175
2023.9 0.52126282
2027.6 0.52432752
2031.3 0.54594058
2035.0 0.55974132
2038.7 0.55724639
2042.4 0.56825554
2046.1 0.55571866
2049.8 0.57002729
2053.5 0.58997607
2057.2 0.63959306
2060.9 0.69773459
2064.6 0.78797388
2068.3 0.88010997
2072.0 0.90885901
2075.7 0.86326396
2079.4 0.76513135
2083.1 0.68118173
2086.8 0.62915552
2090.5 0.60361028
2094.2 0.58353734
2097.9 0.56806844
2101.6 0.55595368
2105.3 0.54433155
2109.0 0.54083902
2112.7 0.53024560
2116.4 0.52109706
2120.1 0.51057506
2123.8 0.50476062
2127.5 0.50353652
2131.2 0.48942155
2134.9 0.49066138
2138.6 0.47875398
2142.3 0.47591546
2146.0 0.47567135
2149.7 0.45631906
2153.4 0.46343499
2157.1 0.46340510
2160.8 0.47048143
2164.5 0.48367420
2168.2 0.48849607
2171.9 0.49045885
2175.6 0.49035540
2179.3 0.49406010
2183.0 0.48761293
2186.7 0.48911330
2190.4 0.49589619
2194.1 0.48887342
2197.8 0.49082559
2201.5 0.48230481
2205.2 0.48550475
2208.9 0.47408912
2212.6 0.46639904
2216.3 0.45831773
2220.0 0.45444167
2223.7 0.44381922
2227.4 0.43960181
2231.1 0.42783663
2234.8 0.41983500
2238.5 0.41839546
2242.2 0.42261678
2245.9 0.41736346
2249.6 0.42654663
2253.3 0.42904443
2257.0 0.43066543
2260.7 0.43087873
2264.4 0.43151212
2268.1 0.44033891
2271.8 0.43604624
2275.5 0.44492656
2279.2 0.44470686
2282.9 0.44322056
2286.6 0.43866158
2290.3 0.44339630
2294.0 0.44053364
2297.7 0.45018718
2301.4 0.46187517
2305.1 0.46338609
2308.8 0.48220471
2312.5 0.48639265
2316.2 0.48647320
2319.9 0.48008916
2323.6 0.47990903
2327.3 0.46250299
2331.0 0.47303262
2334.7 0.46865195
2338.4 0.46804082
2342.1 0.47416794
2345.8 0.48694846
2349.5 0.48769712
2353.2 0.49407849
2356.9 0.49743891
2360.6 0.50157785
2364.3 0.49692822
2368.0 0.49960884
2371.7 0.49244359
2375.4 0.49827179
2379.1 0.49238572
2382.8 0.47802141
2386.5 0.47847438
2390.2 0.48461032
2393.9 0.47209144
2397.6 0.47161329
2401.3 0.47221488
2405.0 0.47217962
2408.7 0.47992277
2412.4 0.47805467
2416.1 0.47018969
2419.8 0.46950424
2423.5 0.47919333
2427.2 0.47852531
2430.9 0.47549263
2434.6 0.48444015
2438.3 0.47096667
2442.0 0.46535707
2445.7 0.45933980
2449.4 0.45512846
2453.1 0.45191953
2456.8 0.44281277
2460.5 0.44126591
2464.2 0.44667646
2467.9 0.45085591
2471.6 0.45686406
2475.3 0.47133839
2479.0 0.45551282
2482.7 0.44937602
2486.4 0.44680175
2490.1 0.44488001
2493.8 0.43990076
2497.5 0.45053875
2501.2 0.44910070
2504.9 0.45248461
2508.6 0.44846144
2512.3 0.45004791
2516.0 0.45049992
2519.7 0.46101433
2523.4 0.46392530
2527.1 0.47198471
2530.8 0.48751336
2534.5 0.50757003
2538.2 0.48382506
2541.9 0.46561563
2545.6 0.46846262
2549.3 0.46144846
2553.0 0.44478175
2556.7 0.44993547
2560.4 0.45140246
2564.1 0.43902826
2567.8 0.43622091
2571.5 0.42669100
2575.2 0.42080951
2578.9 0.43226495
2582.6 0.43120667
2586.3 0.42526031
2590.0 0.43374553
2593.7 0.42302623
2597.4 0.41637549
2601.1 0.41635254
2604.8 0.40949124
2608.5 0.40284809
2612.2 0.39522120
2615.9 0.40033457
2619.6 0.39950067
2623.3 0.38808769
2627.0 0.39163640
2630.7 0.39808115
2634.4 0.40086704
2638.1 0.39342579
2641.8 0.40075907
2645.5 0.41087544
2649.2 0.40329891
2652.9 0.41220984
2656.6 0.40052733
2660.3 0.40160525
2664.0 0.39578986
2667.7 0.40102306
2671.4 0.40351111
2675.1 0.39570287
2678.8 0.40679729
2682.5 0.40007547
2686.2 0.39665216
2689.9 0.40026027
2693.6 0.39171574
2697.3 0.39613026
2701.0 0.39309815
2704.7 0.39582893
2708.4 0.39855939
2712.1 0.39333460
2715.8 0.39007658
2719.5 0.38909811
2723.2 0.38742000
2726.9 0.38518181
2730.6 0.38555110
2734.3 0.39105219
2738.0 0.39059600
2741.7 0.39033645
2745.4 0.38297421
2749.1 0.38453215
2752.8 0.40082109
2756.5 0.45193505
2760.2 0.46963498
2763.9 0.39703581
2767.6 0.38309279
2771.3 0.38314348
2775.0 0.37871590
2778.7 0.39244244
2782.4 0.38159770
2786.1 0.37334645
2789.8 0.37605688
2793.5 0.37192810
2797.2 0.36715212
2800.9 0.36342320
2804.6 0.35905629
2808.3 0.33967003
2812.0 0.34529975
2815.7 0.33894452
2819.4 0.35387120
2823.1 0.35314593
2826.8 0.34948537
2830.5 0.34613165
2834.2 0.34369802
2837.9 0.35261217
2841.6 0.34553236
2845.3 0.35143632
2849.0 0.35691297
2852.7 0.36293510
2856.4 0.37750098
2860.1 0.40646619
2863.8 0.42356837
2867.5 0.38081840
2871.2 0.35600412
2874.9 0.36889234
2878.6 0.37197950
2882.3 0.35270461
2886.0 0.34528697
2889.7 0.34591958
2893.4 0.33996865
2897.1 0.33808228
2900.8 0.33192825
2904.5 0.32243705
2908.2 0.31189415
2911.9 0.30983523
2915.6 0.31938115
2919.3 0.32903066
2923.0 0.33009809
2926.7 0.33391064
2930.4 0.34226730
2934.1 0.34267721
2937.8 0.34069023
2941.5 0.32946509
2945.2 0.33097357
2948.9 0.32937071
2952.6 0.31582227
2956.3 0.31997034
2960.0 0.30935836
2963.7 0.30948794
2967.4 0.30424130
2971.1 0.31098104
2974.8 0.31505215
2978.5 0.30942866
2982.2 0.29982039
2985.9 0.29960981
2989.6 0.29833058
2993.3 0.29492530
2997.0 0.30400476
3000.7 0.29772514
3004.4 0.30548519
3008.1 0.31167313
3011.8 0.33079085
3015.5 0.32581210
3019.2 0.32401508
3022.9 0.33845529
3026.6 0.34331846
3030.3 0.35542530
3034.0 0.37808543
3037.7 0.36715677
3041.4 0.34893486
3045.1 0.34732008
3048.8 0.33191520
3052.5 0.32373759
3056.2 0.32048661
3059.9 0.31523874
3063.6 0.30483252
3067.3 0.29321313
3071.0 0.28990757
3074.7 0.29137129
3078.4 0.29954270
3082.1 0.29724801
3085.8 0.29542679
3089.5 0.30204529
3093.2 0.29172570
3096.9 0.28814319
3100.6 0.29355294
3104.3 0.28693506
3108.0 0.28394055
3111.7 0.28359360
3115.4 0.28324732
3119.1 0.28463802
3122.8 0.28708562
3126.5 0.28586772
3130.2 0.28489724
3133.9 0.30092266
3137.6 0.29920894
3141.3 0.30386627
3145.0 0.29854751
3148.7 0.29145074
3152.4 0.28687936
3156.1 0.29983521
3159.8 0.29974705
3163.5 0.29770219
3167.2 0.31156430
3170.9 0.30339283
3174.6 0.31330734
3178.3 0.33046940
3182.0 0.32487020
3185.7 0.33163127
3189.4 0.33782411
3193.1 0.35177040
3196.8 0.37420258
3200.5 0.37846231
3204.2 0.39954937
3207.9 0.43261519
3211.6 0.44880155
3215.3 0.45087048
3219.0 0.41938457
3222.7 0.41204196
3226.4 0.40805727
3230.1 0.38839275
3233.8 0.37094736
3237.5 0.33983764
3241.2 0.33286417
3244.9 0.31972814
3248.6 0.31338117
3252.3 0.32143778
3256.0 0.31278041
3259.7 0.30756623
3263.4 0.30798623
3267.1 0.30089319
3270.8 0.29887438
3274.5 0.29742140
3278.2 0.27915758
3281.9 0.28881001
3285.6 0.28742665
3289.3 0.29485270
3293.0 0.28855881
3296.7 0.28739437
3300.4 0.30043998
3304.1 0.30488518
3307.8 0.31649768
3311.5 0.31201813
3315.2 0.30974394
3318.9 0.29822215
3322.6 0.31474519
3326.3 0.31554869
3330.0 0.31759480
3333.7 0.31541798
3337.4 0.32739422
3341.1 0.34144616
3344.8 0.33909783
3348.5 0.32529575
3352.2 0.31770387
3355.9 0.31010172
3359.6 0.31235659
3363.3 0.33544663
3367.0 0.32642940
3370.7 0.32254305
3374.4 0.33514240
3378.1 0.33242604
3381.8 0.30794364
3385.5 0.32463539
3389.2 0.33763239
3392.9 0.32320255
3396.6 0.31712508
3400.3 0.32222146
3404.0 0.31027585
3407.7 0.30313459
3411.4 0.30420429
3415.1 0.31397834
3418.8 0.32545623
3422.5 0.32534257
3426.2 0.31892148
3429.9 0.32296747
3433.6 0.31341642
3437.3 0.31869853
3441.0 0.30913123
3444.7 0.32540673
3448.4 0.30633849
3452.1 0.31634998
3455.8 0.30323976
3459.5 0.30613759
3463.2 0.30857497
3466.9 0.31880099
3470.6 0.29082677
3474.3 0.29025862
3478.0 0.27294481
3481.7 0.26954776
3485.4 0.26582649
3489.1 0.27237439
3492.8 0.27153131
3496.5 0.27076748
3500.2 0.26595640
3503.9 0.27003375
3507.6 0.27285659
3511.3 0.26717132
3515.0 0.25825098
3518.7 0.26059297
3522.4 0.26169452
3526.1 0.26036948
3529.8 0.26446521
3533.5 0.26786479
3537.2 0.27273548
3540.9 0.27174458
3544.6 0.26964569
3548.3 0.27493358
3552.0 0.28286424
3555.7 0.28308773
3559.4 0.28572839
3563.1 0.29646868
3566.8 0.31398818
3570.5 0.31549972
3574.2 0.33915386
3577.9 0.34233019
3581.6 0.35382739
3585.3 0.38031512
3589.0 0.39602557
3592.7 0.44313473
3596.4 0.48342657
3600.1 0.46821365
3603.8 0.43679821
3607.5 0.40568456
3611.2 0.38381830
3614.9 0.36478907
3618.6 0.34075201
3622.3 0.33471954
3626.0 0.33144912
3629.7 0.31995711
3633.4 0.30215999
3637.1 0.31121907
3640.8 0.30111089
3644.5 0.29653543
3648.2 0.29156920
3651.9 0.28376245
3655.6 0.28070641
3659.3 0.28804669
3663.0 0.28814715
3666.7 0.34005904
3670.4 0.37178668
3674.1 0.31081727
3677.8 0.27608615
3681.5 0.26881486
3685.2 0.26659492
3688.9 0.26007405
3692.6 0.27702439
3696.3 0.30268520
3700.0 0.36788669
3703.7 0.51836115
3707.4 0.51722640
3711.1 0.34785706
3714.8 0.29287755
3718.5 0.27537417
3722.2 0.26784468
3725.9 0.26156047
3729.6 0.25656870
3733.3 0.25676641
3737.0 0.25497970
3740.7 0.25537065
3744.4 0.25505304
3748.1 0.25091848
3751.8 0.24815582
3755.5 0.24817921
3759.2 0.23871474
3762.9 0.23383185
3766.6 0.24413449
3770.3 0.24196653
3774.0 0.24500012
3777.7 0.23514982
3781.4 0.23709577
3785.1 0.23381214
3788.8 0.24200010
3792.5 0.23777500
3796.2 0.23167646
3799.9 0.23701432
3803.6 0.23556311
3807.3 0.24276690
3811.0 0.24405481
3814.7 0.25386339
3818.4 0.25938284
3822.1 0.25576034
3825.8 0.24839623
3829.5 0.25935450
3833.2 0.24865344
3836.9 0.24251710
3840.6 0.24303049
3844.3 0.25677383
3848.0 0.25200400
3851.7 0.23876095
3855.4 0.24192180
3859.1 0.24417628
3862.8 0.24830611
3866.5 0.24430782
3870.2 0.24665596
3873.9 0.24571697
3877.6 0.24709952
3881.3 0.23810907
3885.0 0.24217215
3888.7 0.25006276
3892.4 0.23807082
3896.1 0.24482512
3899.8 0.24584135
3903.5 0.24406593
3907.2 0.24444275
3910.9 0.24623229
3914.6 0.24465264
3918.3 0.25408825
3922.0 0.24258530
3925.7 0.23750833
3929.4 0.25974756
3933.1 0.24248894
3936.8 0.25379527
3940.5 0.24740824
3944.2 0.24006502
3947.9 0.23668930
3951.6 0.23402241
3955.3 0.24105644
3959.0 0.22847617
3962.7 0.23051699
3966.4 0.23288554
3970.1 0.23038308
3973.8 0.21958457
3977.5 0.22362854
3981.2 0.22904006
3984.9 0.22857331
3988.6 0.22163947
3992.3 0.22247081
3996.0 0.22061503
3999.7 0.21635960
4003.4 0.22069286
4007.1 0.22519565
4010.8 0.22369380
4014.5 0.21824656
4018.2 0.21508688
4021.9 0.21189058
4025.6 0.21925431
4029.3 0.21141045
4033.0 0.22571076
4036.7 0.21276233
4040.4 0.21374220
4044.1 0.21045467
4047.8 0.21021663
4051.5 0.20997898
4055.2 0.20974168
4058.9 0.21455298
4062.6 0.21549635
4066.3 0.22046143
4070.0 0.21509182
4073.7 0.21574318
4077.4 0.20832567
4081.1 0.20809087
4084.8 0.21402477
4088.5 0.22036694
4092.2 0.21665227
4095.9 0.21137565
4099.6 0.21970372
4103.3 0.22323526
4107.0 0.21204761
4110.7 0.21446006
4114.4 0.20599456
4118.1 0.20576344
4121.8 0.20991375
4125.5 0.20646557
4129.2 0.22572589
4132.9 0.21550778
4136.6 0.20964576
4140.3 0.23408321
4144.0 0.23099130
4147.7 0.22057976
4151.4 0.21656990
4155.1 0.20677823
4158.8 0.20651416
4162.5 0.20301752
4166.2 0.20968197
4169.9 0.20256482
4173.6 0.20356926
4177.3 0.20211349
4181.0 0.20377980
4184.7 0.20166355
4188.4 0.20280506
4192.1 0.20208171
4195.8 0.20099123
4199.5 0.20801237
4203.2 0.20495844
4206.9 0.20032214
4210.6 0.20009974
4214.3 0.19987772
4218.0 0.19965604
4221.7 0.19943470
4225.4 0.19921373
4229.1 0.19899306
4232.8 0.20311616
4236.5 0.19855276
4240.2 0.19890884
4243.9 0.19811380
4247.6 0.19903752
4251.3 0.19774264
4255.0 0.19745786
4258.7 0.19940516
4262.4 0.20221934
4266.1 0.20321876
4269.8 0.20135944
4273.5 0.20105119
4277.2 0.20050676
4280.9 0.19777505
4284.6 0.19944017
4288.3 0.19817083
4292.0 0.19782312
4295.7 0.20226336
4299.4 0.21116190
4303.1 0.20083751
4306.8 0.20783968
4310.5 0.20385757
4314.2 0.21019812
4317.9 0.20530827
4321.6 0.21200773
4325.3 0.20866135
4329.0 0.20964952
4332.7 0.21578586
4336.4 0.21059135
4340.1 0.21465389
4343.8 0.22177555
4347.5 0.23882541
4351.2 0.23340565
4354.9 0.22894402
4358.6 0.23023133
4362.3 0.20997694
4366.0 0.20649715
4369.7 0.21615325
4373.4 0.21236944
4377.1 0.20501603
4380.8 0.20616812
4384.5 0.20734207
4388.2 0.20765345
4391.9 0.20403601
4395.6 0.20810319
4399.3 0.21242307
4403.0 0.19939218
4406.7 0.20156157
4410.4 0.20021446
4414.1 0.20667870
4417.8 0.19501893
4421.5 0.19715054
4425.2 0.19665529
4428.9 0.19599222
4432.6 0.19744304
4436.3 0.19709332
4440.0 0.19665356
4443.7 0.19847815
4447.4 0.19531198
4451.1 0.19372743
4454.8 0.19037050
4458.5 0.19025743
4462.2 0.18719767
4465.9 0.19087727
4469.6 0.19133350
4473.3 0.19358076
4477.0 0.19519359
4480.7 0.18779986
4484.4 0.19187991
4488.1 0.19768795
4491.8 0.19542785
4495.5 0.19742180
4499.2 0.20107003
4502.9 0.19782238
4506.6 0.19933590
4510.3 0.19544129
4514.0 0.20531300
4517.7 0.18882859
4521.4 0.18259364
4525.1 0.18540651
4528.8 0.18297441
4532.5 0.18400905
4536.2 0.18431097
4539.9 0.18797812
4543.6 0.19150203
4547.3 0.18285197
4551.0 0.18803953
4554.7 0.19317412
4558.4 0.18610328
4562.1 0.18304387
4565.8 0.18027239
4569.5 0.18008088
4573.2 0.18088838
4576.9 0.19161406
4580.6 0.18260720
4584.3 0.18372944
4588.0 0.17912772
4591.7 0.17962143
4595.4 0.17951104
4599.1 0.18247499
4602.8 0.18067807
4606.5 0.18484373
4610.2 0.18550940
4613.9 0.18134323
4617.6 0.18014005
4621.3 0.17991401
4625.0 0.18514839
4628.7 0.18403734
4632.4 0.18019673
4636.1 0.17893240
4639.8 0.17759773
4643.5 0.17678422
4647.2 0.17829211
4650.9 0.17989406
4654.6 0.18588260
4658.3 0.18848345
4662.0 0.19209650
4665.7 0.19825225
4669.4 0.19037277
4673.1 0.18108839
4676.8 0.18172461
4680.5 0.17989224
4684.2 0.17713076
4687.9 0.17993814
4691.6 0.18533814
4695.3 0.18733446
4699.0 0.18154947
4702.7 0.18300956
4706.4 0.18579318
4710.1 0.18919519
4713.8 0.19211276
4717.5 0.18269175
4721.2 0.18454629
4724.9 0.18801734
4728.6 0.18862553
4732.3 0.18466054
4736.0 0.18437763
4739.7 0.18716094
4743.4 0.18703510
4747.1 0.18504180
4750.8 0.18963225
4754.5 0.18773606
4758.2 0.19043249
4761.9 0.19503736
4765.6 0.19235937
4769.3 0.19800684
4773.0 0.19488148
4776.7 0.20816568
4780.4 0.20975424
4784.1 0.21529518
4787.8 0.22140566
4791.5 0.22055815
4795.2 0.22511502
4798.9 0.23779628
4802.6 0.23916878
4806.3 0.24964355
4810.0 0.26123264
4813.7 0.27732533
4817.4 0.29595730
4821.1 0.31843674
4824.8 0.34938958
4828.5 0.38805002
4832.2 0.43536961
4835.9 0.49113286
4839.6 0.57594436
4843.3 0.67683810
4847.0 0.80393469
4850.7 0.93215859
4854.4 1.0967263
4858.1 1.1273168
4861.8 0.96425188
4865.5 0.80272090
4869.2 0.73045826
4872.9 0.68813443
4876.6 0.59603244
4880.3 0.50292605
4884.0 0.45317122
4887.7 0.41343525
4891.4 0.37709647
4895.1 0.34941253
4898.8 0.33249867
4902.5 0.31137490
4906.2 0.28996596
4909.9 0.27218053
4913.6 0.25430697
4917.3 0.23902607
4921.0 0.23422378
4924.7 0.22945602
4928.4 0.21795973
4932.1 0.21659417
4935.8 0.21257146
4939.5 0.21285251
4943.2 0.21664286
4946.9 0.21607618
4950.6 0.21161622
4954.3 0.20479149
4958.0 0.21505843
4961.7 0.22062497
4965.4 0.22515945
4969.1 0.24799849
4972.8 0.24675971
4976.5 0.23008434
4980.2 0.23244262
4983.9 0.23529187
4987.6 0.22857215
4991.3 0.21098244
4995.0 0.19385453
4998.7 0.19198538
5002.4 0.18715630
5006.1 0.18150909
5009.8 0.18040554
5013.5 0.17540708
5017.2 0.16771029
5020.9 0.16680829
5024.6 0.16765650
5028.3 0.16739166
5032.0 0.15961707
5035.7 0.15815134
5039.4 0.15799403
5043.1 0.16308102
5046.8 0.16953073
5050.5 0.16284372
5054.2 0.16050284
5057.9 0.16006000
5061.6 0.15705247
5065.3 0.15689646
5069.0 0.15674068
5072.7 0.16735043
5076.4 0.16100165
5080.1 0.16217688
5083.8 0.15611991
5087.5 0.15596531
5091.2 0.15883015
5094.9 0.16394480
5098.6 0.16269003
5102.3 0.15888493
5106.0 0.16051011
5109.7 0.16067696
5113.4 0.15950504
5117.1 0.15473700
5120.8 0.15458451
5124.5 0.15443227
5128.2 0.15570928
5131.9 0.15412845
5135.6 0.15397690
5139.3 0.15382560
5143.0 0.15748449
5146.7 0.15352364
5150.4 0.15337302
5154.1 0.15322264
5157.8 0.15535271
5161.5 0.15292248
5165.2 0.15277278
5168.9 0.15262331
5172.6 0.15247405
5176.3 0.15661265
5180.0 0.15309009
5183.7 0.16155168
5187.4 0.15302871
5191.1 0.15304576
5194.8 0.15158334
5198.5 0.15143569
5202.2 0.16226740
5205.9 0.16838969
5209.6 0.16256741
5213.3 0.17467894
5217.0 0.16153553
5220.7 0.18178844
5224.4 0.17114919
5228.1 0.15816726
5231.8 0.17605373
5235.5 0.16402763
5239.2 0.15999326
5242.9 0.16135083
5246.6 0.15627308
5250.3 0.15408620
5254.0 0.14924778
5257.7 0.14910369
5261.4 0.15126486
5265.1 0.15695688
5268.8 0.14867277
5272.5 0.14852960
5276.2 0.14838664
5279.9 0.14824389
5283.6 0.16305999
5287.3 0.15148497
5291.0 0.14781693
5294.7 0.14767507
5298.4 0.15018544
5302.1 0.14918953
5305.8 0.14725070
5309.5 0.14710975
5313.2 0.15130304
5316.9 0.15601566
5320.6 0.16467831
5324.3 0.14654784
5328.0 0.16215248
5331.7 0.14669086
5335.4 0.15361828
5339.1 0.14598943
5342.8 0.15588908
5346.5 0.15180904
5350.2 0.15151793
5353.9 0.15454474
5357.6 0.16176938
5361.3 0.15413275
5365.0 0.14502048
5368.7 0.15480897
5372.4 0.17140423
5376.1 0.14460842
5379.8 0.14447150
5383.5 0.14474961
5387.2 0.14419822
5390.9 0.14406194
5394.6 0.14392582
5398.3 0.15803407
5402.0 0.15395884
5405.7 0.14351884
5409.4 0.14338359
5413.1 0.15108821
5416.8 0.16169958
5420.5 0.14297907
5424.2 0.14419118
5427.9 0.17626275
5431.6 0.15159488
5435.3 0.15030037
5439.0 0.14230907
5442.7 0.16172296
5446.4 0.17285937
5450.1 0.16513957
5453.8 0.18165609
5457.5 0.17785674
5461.2 0.18745708
5464.9 0.16294695
5468.6 0.16909102
5472.3 0.20826514
5476.0 0.18680885
5479.7 0.17928882
5483.4 0.16229439
5487.1 0.15684621
5490.8 0.19389379
5494.5 0.18496095
5498.2 0.17895035
5501.9 0.16669178
5505.6 0.14916074
5509.3 0.16858114
5513.0 0.13968046
5516.7 0.13955116
5520.4 0.13942204
5524.1 0.13929318
5527.8 0.13916449
5531.5 0.13903598
5535.2 0.13890772
5538.9 0.13877960
5542.6 0.13865171
5546.3 0.13852401
5550.0 0.13839655
5553.7 0.13826923
5557.4 0.13814215
5561.1 0.13801524
5564.8 0.13788858
5568.5 0.13776208
5572.2 0.13763575
5575.9 0.13750966
5579.6 0.13738374
5583.3 0.13725805
5587.0 0.13713254
5590.7 0.13700722
5594.4 0.13688213
5598.1 0.13675721
5601.8 0.13663246
5605.5 0.13650790
5609.2 0.13638359
5612.9 0.13625947
5616.6 0.13613547
5620.3 0.13601175
5624.0 0.13588822
5627.7 0.13576485
5631.4 0.13564168
5635.1 0.13551868
5638.8 0.13539590
5642.5 0.13527331
5646.2 0.13515095
5649.9 0.13502876
5653.6 0.13490677
5657.3 0.13478491
5661.0 0.13466330
5664.7 0.13454187
5668.4 0.13442062
5672.1 0.13429958
5675.8 0.13417871
5679.5 0.13405807
5683.2 0.13393758
5686.9 0.13381730
5690.6 0.13369721
5694.3 0.13357733
5698.0 0.13345759
5701.7 0.13333806
5705.4 0.13321875
5709.1 0.13309957
5712.8 0.13298066
5716.5 0.13286184
5720.2 0.13274322
5723.9 0.13262488
5727.6 0.13250680
5731.3 0.13238868
5735.0 0.13227083
5738.7 0.13215321
5742.4 0.13203579
5746.1 0.13191842
5749.8 0.13180128
5753.5 0.13168462
5757.2 0.13156769
5760.9 0.13145125
5764.6 0.13133502
5768.3 0.13121887
5772.0 0.13110289
5775.7 0.13098711
5779.4 0.13087139
5783.1 0.13075615
5786.8 0.13064086
5790.5 0.13052581
5794.2 0.13041082
5797.9 0.13029620
5801.6 0.13018169
5805.3 0.13006733
5809.0 0.12995322
5812.7 0.12983936
5816.4 0.12972569
5820.1 0.12961209
5823.8 0.12949866
5827.5 0.12938547
5831.2 0.12927251
5834.9 0.12915954
5838.6 0.12904684
5842.3 0.12893453
5846.0 0.12882204
5849.7 0.12871000
5853.4 0.12859815
5857.1 0.12848634
5860.8 0.12837477
5864.5 0.12826337
5868.2 0.12815201
5871.9 0.12804110
5875.6 0.12793016
5879.3 0.12781949
5883.0 0.12770900
5886.7 0.12759873
5890.4 0.12748851
5894.1 0.12737869
5897.8 0.12726890
5901.5 0.12715931
5905.2 0.12704974
5908.9 0.12694059
5912.6 0.12683147
5916.3 0.12672254
5920.0 0.12661383
5923.7 0.12650536
5927.4 0.12639688
5931.1 0.12628883
5934.8 0.12618081
5938.5 0.12607299
5942.2 0.12596516
5945.9 0.12585777
5949.6 0.12575036
5953.3 0.12564345
5957.0 0.12553646
5960.7 0.12542953
5964.4 0.12532300
5968.1 0.12521647
5971.8 0.12511039
5975.5 0.12500429
5979.2 0.12489821
5982.9 0.12479255
5986.6 0.12468710
5990.3 0.12458168
5994.0 0.12447641
5997.7 0.12437140
