300.0 0.0
420.0 0.0000000
424.2 0.0000000
428.4 0.0000000
432.6 0.0000000
436.8 0.0000000
441.0 0.0000000
445.2 0.0000000
449.4 0.0000000
453.6 0.0000000
457.8 0.0000000
462.0 0.0000000
466.2 0.0000000
470.4 0.0000000
474.6 0.0000000
478.8 0.0000000
483.0 0.0000000
487.2 0.0000000
491.4 0.0000000
495.6 0.0000000
499.8 0.0000000
504.0 0.0000000
508.2 0.0000000
512.4 0.0000000
516.6 0.0000000
520.8 0.0000000
525.0 0.0000000
529.2 0.0000000
533.4 0.0000000
537.6 0.0000000
541.79995 0.0000000
545.99995 0.0000000
550.19995 0.0000000
554.39995 0.0000000
558.59995 0.0000000
562.79995 0.0000000
566.99995 0.0000000
571.19995 0.0000000
575.39995 0.0000000
579.59995 0.0000000
583.79995 0.0000000
587.99995 0.0000000
592.19995 0.0000000
596.39995 0.0000000
600.59995 0.0000000
604.79995 0.0000000
608.99995 0.0000000
613.19995 0.0000000
617.39995 0.0000000
621.59995 0.0000000
625.79995 0.0000000
629.99995 0.0000000
634.19995 0.0000000
638.39995 0.0000000
642.59995 0.0000000
646.79995 0.0000000
650.99995 0.0000000
655.19995 0.0000000
659.39995 0.0000000
663.59995 0.0000000
667.79995 0.0000000
671.99995 0.0000000
676.19995 0.0000000
680.39995 0.0000000
684.59995 0.0000000
688.79995 0.0000000
692.99995 0.0000000
697.19995 0.0000000
701.39995 0.0000000
705.59995 0.0000000
709.79995 0.0000000
713.99995 0.0000000
718.19995 0.0000000
722.39995 0.0000000
726.59995 0.0000000
730.79995 0.0000000
734.99995 0.0000000
739.19995 0.0000000
743.39995 0.0000000
747.59995 0.0000000
751.79995 0.0000000
755.99995 0.0000000
760.19995 0.0000000
764.39995 0.0000000
768.59995 1.68844796E-04
772.79995 1.24544167E-04
776.99995 9.09110458E-05
781.19995 6.58151112E-05
785.39995 4.72943830E-05
789.59995 3.31834344E-05
793.79995 2.24345877E-05
797.99995 1.47144956E-05
802.19995 9.49058995E-06
806.39995 6.05969353E-06
810.59995 3.80948245E-06
814.79995 2.35662242E-06
818.99995 1.09423330E-04
823.2 7.75369554E-05
827.4 5.42995695E-05
831.6 3.75657182E-05
835.8 2.56697676E-05
840.0 1.89907096E-05
844.2 1.32477862E-05
848.4 8.69866381E-06
852.6 6.06768572E-06
856.8 4.26295219E-06
861.0 2.99967223E-06
865.2 7.53558846E-03
869.4 6.48978679E-03
873.6 4.62751416E-03
877.8 3.22735403E-03
882.0 2.52040988E-03
886.2 2.02844036E-03
890.4 1.67119270E-03
894.6 1.38649635E-03
898.8 1.09546061E-03
903.0 7.96619861E-04
907.2 6.42958446E-04
911.4 4.56533104E-04
915.6 3.27305286E-04
919.8 2.36812964E-04
924.0 1.77109003E-04
928.2 1.38434247E-04
932.4 1.01414596E-04
936.6 7.83485739E-05
940.8 6.05849054E-05
945.0 4.38449642E-05
949.2 2.88263873E-05
953.4 2.03926484E-05
957.6 1.34614465E-05
961.8 9.72640373E-06
966.0 6.82247810E-06
970.2 4.60404362E-06
974.4 3.16425894E-06
978.6 2.22761196E-06
982.8 1.56252850E-06
987.0 1.12329838E-06
991.2 7.69258691E-07
995.4 5.26399674E-07
999.6 3.62082261E-07
1003.8 2.54488384E-07
1008.0 1.81481681E-07
1012.2 1.30677250E-07
1016.4 9.31150979E-08
1020.6 8.01299791E-08
1024.8 2.6535940
1029.0 2.1487586
1033.2 2.0064936
1037.4 2.0079484
1041.6 1.8831085
1045.8 1.5092299
1050.0 1.3045278
1054.2 1.2281741
1058.4 1.1766088
1062.6 1.1013954
1066.8 1.0067803
1071.0 0.94423676
1075.2 0.92341822
1079.3999 0.92681599
1083.5999 0.94277346
1087.7999 0.95010829
1091.9999 1.0229529
1096.1999 1.0400103
1100.3999 0.99626231
1104.5999 0.90871167
1108.7999 0.91545743
1112.9999 0.90800548
1117.1999 0.93062121
1121.3999 0.94749093
1125.5999 0.93675876
1129.7999 0.90387690
1133.9999 0.89265352
1138.1999 0.92181110
1142.3999 0.91688389
1146.5999 0.93297946
1150.7999 0.92170572
1154.9999 0.94404840
1159.1999 0.99885255
1163.3999 1.0557638
1167.5999 1.1342303
1171.7999 1.1561252
1175.9999 1.1735158
1180.1999 1.0680325
1184.3999 0.99803144
1188.5999 0.94614917
1192.7999 0.92395961
1196.9999 0.92056412
1201.1999 0.87966484
1205.3999 0.86920327
1209.5999 0.86468565
1213.7999 0.85891616
1217.9999 0.87498224
1222.1999 0.86722428
1226.3999 0.84937954
1230.5999 0.87548816
1234.7999 0.86097103
1238.9999 0.87501210
1243.1999 0.89655393
1247.3999 0.91040957
1251.5999 0.93318468
1255.7999 0.93243140
1259.9999 0.96261054
1264.1999 0.98454851
1268.3999 1.0091183
1272.5999 1.0478930
1276.7999 1.1266648
1280.9999 1.2320026
1285.1999 1.3528681
1289.3999 1.5063481
1293.5999 1.6969967
1297.7999 1.8102670
1301.9999 1.6439227
1306.1999 1.3952121
1310.3999 1.2062056
1314.5999 1.1075842
1318.7999 1.0580977
1322.9999 1.0298194
1327.1999 0.98142165
1331.3999 0.97820240
1335.5999 0.94901854
1339.7999 0.96789658
1343.9999 0.97065365
1348.1999 0.96738809
1352.3999 0.97806185
1356.5999 0.96592414
1360.7999 0.98056817
1364.9999 0.99420804
1369.1999 0.99583894
1373.3999 1.0172455
1377.5999 0.97795784
1381.7999 0.97128236
1385.9999 0.95863581
1390.1999 0.97430170
1394.3999 0.97865176
1398.5999 0.96467716
1402.7999 0.91584456
1406.9999 0.88628381
1411.1999 0.87383348
1415.3999 0.85774666
1419.5999 0.85917646
1423.7999 0.85688680
1427.9999 0.85528243
1432.1999 0.86879289
1436.3999 0.86609447
1440.5999 0.88001543
1444.7999 0.88412946
1448.9999 0.88254905
1453.1999 0.87243909
1457.3999 0.88351369
1461.5999 0.88749695
1465.7999 0.91156918
1469.9999 0.89696193
1474.1999 0.88257444
1478.3999 0.84381217
1482.5999 0.85657769
1486.7999 0.86060184
1490.9999 0.84928399
1495.1999 0.87814254
1499.3999 0.88664085
1503.5999 0.86348969
1507.7999 0.84894240
1511.9999 0.85023755
1516.1999 0.85041994
1520.3999 0.85021269
1524.5999 0.86121672
1528.7999 0.84635210
1532.9999 0.84386736
1537.1999 0.85485554
1541.3999 0.85408813
1545.5999 0.87544775
1549.7999 0.87188911
1553.9999 0.92848855
1558.1999 0.92553777
1562.3999 0.93520337
1566.5999 0.92129254
1570.7999 0.92355496
1574.9999 0.93230504
1579.1999 0.97404253
1583.3999 1.0483506
1587.5999 1.1159186
1591.7999 1.1710653
1595.9999 1.1923475
1600.1999 1.2553372
1604.3999 1.2009192
1608.5999 1.0983666
1612.7999 1.0049689
1616.9999 0.94302040
1621.1999 0.91416860
1625.3999 0.88478166
1629.5999 0.85716069
1633.7999 0.83602470
1637.9999 0.83014369
1642.2 0.79925334
1646.4 0.78701460
1650.6 0.78112090
1654.8 0.78902185
1659.0 0.79267716
1663.2 0.77470708
1667.4 0.77817434
1671.6 0.78257871
1675.8 0.78940588
1680.0 0.77013195
1684.2 0.77881235
1688.4 0.79727572
1692.6 0.75440121
1696.8 0.77464479
1701.0 0.77990061
1705.2 0.77473050
1709.4 0.78163183
1713.6 0.76953709
1717.8 0.75962925
1722.0 0.78102010
1726.2 0.81290859
1730.4 0.79711366
1734.6 0.81745094
1738.8 0.81088877
1743.0 0.81338006
1747.2 0.80911183
1751.4 0.81983244
1755.6 0.81779355
1759.8 0.81604797
1764.0 0.79032797
1768.2 0.77784526
1772.4 0.78827971
1776.6 0.79984891
1780.8 0.76636952
1785.0 0.80372572
1789.2 0.77611363
1793.4 0.79499853
1797.6 0.78807163
1801.8 0.80444127
1806.0 0.76676756
1810.2 0.77842736
1814.4 0.77799642
1818.6 0.79189837
1822.8 0.75299996
1827.0 0.76211393
1831.2 0.77690595
1835.4 0.74266142
1839.6 0.75674838
1843.8 0.73414034
1848.0 0.71394783
1852.2 0.71331030
1856.4 0.71267003
1860.6 0.71744996
1864.8 0.72190070
1869.0 0.72306240
1873.2 0.71305126
1877.4 0.70942467
1881.6 0.70876706
1885.8 0.70810729
1890.0 0.71701133
1894.2 0.71578848
1898.4 0.72628361
1902.6 0.73061109
1906.8 0.73026597
1911.0 0.73551917
1915.2 0.74223101
1919.4 0.75558847
1923.6 0.77245110
1927.8 0.76635784
1932.0 0.78651500
1936.2 0.79544312
1940.4 0.80202043
1944.6 0.80635977
1948.8 0.81198233
1953.0 0.82206476
1957.2 0.82611573
1961.4 0.81483442
1965.6 0.80752319
1969.8 0.78932017
1974.0 0.78720975
1978.2 0.77187717
1982.4 0.78299630
1986.6 0.77322066
1990.8 0.76808387
1995.0 0.77005672
1999.2 0.76514089
2003.4 0.76677358
2007.6 0.76828998
2011.8 0.77692848
2016.0 0.79494178
2020.2 0.78258336
2024.4 0.81053454
2028.6 0.83034110
2032.8 0.85471833
2037.0 0.85195941
2041.2 0.82754755
2045.4 0.82317585
2049.6 0.82556438
2053.8 0.80658168
2058.0 0.79133636
2062.2 0.78663170
2066.4 0.78334367
2070.6 0.79811877
2074.8 0.81413436
2079.0 0.81713116
2083.2 0.81161880
2087.4 0.81346315
2091.6 0.80815077
2095.8 0.81204218
2100.0 0.80358720
2104.2 0.80005896
2108.4 0.80080462
2112.6 0.79693580
2116.8 0.78670466
2121.0 0.77517706
2125.2 0.78225803
2129.4 0.78469813
2133.6 0.78489363
2137.8 0.77715969
2142.0 0.77098203
2146.2 0.76882291
2150.4 0.76486558
2154.5998 0.76177001
2158.7998 0.75512010
2162.9998 0.74482012
2167.1998 0.74847400
2171.3998 0.74842560
2175.5998 0.74003834
2179.7998 0.72057366
2183.9998 0.73898977
2188.1998 0.74216408
2192.3998 0.73755473
2196.5998 0.73742986
2200.7998 0.74366975
2204.9998 0.72983229
2209.1998 0.72998786
2213.3998 0.71564311
2217.5998 0.70434499
2221.7998 0.67673111
2225.9998 0.67352581
2230.1998 0.67231196
2234.3998 0.66564834
2238.5998 0.68365645
2242.7998 0.69353390
2246.9998 0.69494700
2251.1998 0.67996937
2255.3998 0.68683916
2259.5998 0.68977392
2263.7998 0.69898206
2267.9998 0.69901168
2272.1998 0.71512514
2276.3998 0.73582667
2280.5998 0.74221998
2284.7998 0.73263341
2288.9998 0.75500184
2293.1998 0.76499712
2297.3998 0.76419210
2301.5998 0.76806813
2305.7998 0.79908901
2309.9998 0.81863683
2314.1998 0.81434143
2318.3998 0.82977402
2322.5998 0.81082904
2326.7998 0.83105439
2330.9998 0.85946679
2335.1998 0.93102324
2339.3998 1.0148696
2343.5998 1.1452401
2347.7998 1.2781670
2351.9998 1.3189082
2356.1998 1.2517862
2360.3998 1.1086446
2364.5998 0.98625743
2368.7998 0.91024375
2372.9998 0.87262952
2377.1998 0.84297895
2381.3998 0.82002062
2385.5998 0.80193627
2389.7998 0.78459120
2393.9998 0.77898222
2398.1998 0.76316363
2402.3998 0.74944758
2406.5998 0.73377925
2410.7998 0.72489631
2414.9998 0.72261500
2419.1998 0.70185262
2423.3998 0.70312524
2427.5998 0.68557096
2431.7998 0.68102062
2435.9998 0.68018770
2440.1998 0.65205312
2444.3998 0.66175461
2448.5998 0.66124719
2452.7998 0.67087477
2456.9998 0.68920606
2461.1998 0.69559354
2465.3998 0.69790494
2469.5998 0.69727671
2473.7998 0.70206189
2477.9998 0.69242615
2482.1998 0.69408286
2486.3998 0.70323008
2490.5998 0.69280154
2494.7998 0.69509882
2498.9998 0.68257266
2503.1998 0.68664122
2507.3998 0.67004889
2511.5998 0.65874177
2515.7998 0.64689857
2519.9998 0.64100420
2524.1998 0.62560910
2528.3998 0.61925811
2532.5998 0.60229087
2536.7998 0.59064192
2540.9998 0.58823496
2545.1998 0.59378606
2549.3998 0.58602744
2553.5998 0.59853715
2557.7998 0.60165727
2561.9998 0.60354578
2566.1998 0.60346115
2570.3998 0.60396582
2574.5998 0.61593181
2578.7998 0.60954386
2582.9998 0.62156826
2587.1998 0.62087387
2591.3998 0.61841381
2595.5998 0.61167377
2599.7998 0.61789405
2603.9998 0.61352730
2608.1998 0.62658727
2612.3998 0.64246225
2616.5998 0.64417148
2620.7998 0.66992491
2624.9998 0.67533487
2629.1998 0.67503965
2633.3998 0.66578096
2637.5998 0.66513252
2641.7998 0.64062613
2645.9998 0.65482152
2650.1998 0.64837319
2654.3998 0.64714521
2658.5998 0.65523130
2662.7998 0.67249769
2666.9998 0.67313796
2671.1998 0.68154860
2675.3998 0.68578565
2679.5998 0.69109172
2683.7998 0.68429047
2687.9998 0.68758649
2692.1998 0.67733705
2696.3998 0.68496239
2700.5998 0.67648578
2704.7998 0.65637845
2708.9998 0.65662915
2713.1998 0.66467494
2717.3998 0.64714110
2721.5998 0.64612412
2725.7998 0.64658737
2729.9998 0.64617968
2734.1998 0.65641230
2738.3998 0.65349633
2742.5998 0.64239138
2746.7998 0.64110297
2750.9998 0.65397543
2755.1998 0.65270805
2759.3998 0.64821923
2763.5998 0.66005945
2767.7998 0.64135516
2771.9998 0.63337547
2776.1998 0.62485057
2780.3998 0.61879069
2784.5998 0.61410058
2788.7998 0.60140622
2792.9998 0.59898818
2797.1998 0.60601306
2801.3998 0.61136162
2805.5998 0.61918390
2809.7998 0.63846731
2813.9998 0.61670882
2818.1998 0.60808474
2822.3998 0.60428828
2826.5998 0.60137898
2830.7998 0.59434235
2834.9998 0.60840333
2839.1998 0.60615146
2843.3998 0.61040765
2847.5998 0.60467362
2851.7998 0.60650551
2855.9998 0.60680842
2860.1998 0.62065881
2864.3998 0.62426454
2868.5998 0.63479215
2872.7998 0.65535086
2876.9998 0.68197358
2881.1998 0.64974797
2885.3998 0.62498528
2889.5998 0.62849754
2893.7998 0.61878347
2897.9998 0.59614253
2902.1998 0.60275614
2906.3998 0.60442781
2910.5998 0.58757424
2914.7998 0.58353508
2918.9998 0.57051218
2923.1998 0.56237817
2927.3998 0.57741135
2931.5998 0.57572311
2935.7998 0.56751376
2939.9998 0.57856303
2944.1998 0.56399822
2948.3998 0.55486977
2952.5998 0.55457866
2956.7998 0.54518420
2960.9998 0.53608942
2965.1998 0.52569520
2969.3998 0.53224951
2973.5998 0.53089523
2977.7998 0.51549065
2981.9998 0.51996517
2986.1998 0.52827966
2990.3998 0.53173363
2994.5998 0.52162552
2998.7998 0.53110713
3002.9998 0.54426712
3007.1998 0.53398973
3011.3998 0.54554248
3015.5998 0.52984339
3019.7998 0.53103191
3023.9998 0.52310872
3028.1998 0.52978951
3032.3998 0.53284043
3036.5998 0.52229857
3040.7998 0.53670561
3044.9998 0.52760535
3049.1998 0.52286136
3053.3998 0.52738726
3057.5998 0.51590389
3061.7998 0.52149141
3065.9998 0.51727587
3070.1998 0.52064425
3074.3998 0.52401006
3078.5998 0.51691872
3082.7998 0.51241779
3086.9998 0.51091444
3091.1998 0.50849426
3095.3998 0.50534236
3099.5998 0.50561279
3103.7998 0.51261073
3107.9998 0.51179743
3112.1998 0.51124287
3116.3998 0.50139034
3120.5998 0.50322032
3124.7998 0.52431875
3128.9998 0.59093648
3133.1998 0.61382663
3137.3998 0.51872355
3141.5998 0.50030160
3145.7998 0.50016272
3149.9998 0.49418098
3154.1998 0.51188380
3158.3998 0.49753624
3162.5998 0.48658097
3166.7998 0.48991549
3170.9998 0.48434141
3175.1998 0.47792989
3179.3998 0.47288638
3183.5998 0.46701780
3187.7998 0.44162643
3191.9998 0.44876763
3196.1998 0.44033387
3200.3998 0.45954394
3204.5998 0.45842147
3208.7998 0.45349169
3212.9998 0.44896400
3217.1998 0.44563341
3221.3998 0.45701331
3225.5998 0.44766337
3229.7998 0.45513627
3233.9998 0.46205047
3238.1998 0.46966553
3242.3998 0.48832735
3246.5998 0.52559489
3250.7998 0.54750031
3254.9998 0.49205470
3259.1998 0.45981756
3263.3998 0.47628379
3267.5998 0.48008811
3271.7998 0.45504013
3275.9998 0.44530293
3280.2 0.44595194
3284.4 0.43811646
3288.6 0.43552321
3292.8 0.42743674
3297.0 0.41506061
3301.2 0.40134096
3305.4 0.39854464
3309.6 0.41067269
3313.8 0.42292550
3318.0 0.42414257
3322.2 0.42888483
3326.4 0.43945879
3330.6 0.43982559
3334.8 0.43711737
3339.0 0.42256281
3343.2 0.42434487
3347.4 0.42213836
3351.6 0.40462929
3355.8 0.40979767
3360.0 0.39606556
3364.2 0.39609092
3368.4 0.38923842
3372.6 0.39772081
3376.8 0.40278563
3381.0 0.39545736
3385.2 0.38304374
3389.4 0.38264105
3393.6 0.38087466
3397.8 0.37639657
3402.0 0.38784975
3406.2 0.37970704
3410.4 0.38946980
3414.6 0.39722261
3418.8 0.42144337
3423.0 0.41495830
3427.2 0.41252890
3431.4 0.43076739
3435.6 0.43680900
3439.8 0.45205978
3444.0 0.48071879
3448.2 0.46666637
3452.4 0.44335708
3456.6 0.44115758
3460.8 0.42145002
3465.0 0.41092974
3469.2 0.40666807
3473.4 0.39987659
3477.6 0.38654864
3481.8 0.37169203
3486.0 0.36738116
3490.2 0.36911500
3494.4 0.37934262
3498.6 0.37631387
3502.8 0.37388673
3507.0 0.38213900
3511.2 0.36896345
3515.4 0.36431485
3519.6 0.37103531
3523.8 0.36255425
3528.0 0.35865578
3532.2 0.35810316
3536.4 0.35755187
3540.6 0.35919321
3544.8 0.36216724
3549.0 0.36051661
3553.2 0.35917959
3557.4 0.37926406
3561.6 0.37698591
3565.8 0.38273415
3570.0 0.37591743
3574.2 0.36686721
3578.4 0.36100081
3582.6 0.37718725
3586.8 0.37695971
3591.0 0.37427288
3595.2 0.39157987
3599.4 0.38119280
3603.6 0.39352927
3607.8 0.41495907
3612.0 0.40780413
3616.2 0.41616493
3620.4 0.42380798
3624.6 0.44117051
3628.8 0.46916232
3633.0 0.47436038
3637.2 0.50064057
3641.4 0.54191029
3645.6 0.56201816
3649.8 0.56444103
3654.0 0.52486825
3658.2 0.51552606
3662.4 0.51038980
3666.6 0.48565063
3670.8 0.46370032
3675.0 0.42468730
3679.2 0.41585100
3683.4 0.39932343
3687.6 0.39128250
3691.8 0.40122533
3696.0 0.39030588
3700.2 0.38368836
3704.4 0.38410160
3708.6 0.37514767
3712.8 0.37252378
3717.0 0.37060666
3721.2 0.34774947
3725.4 0.35967115
3729.6 0.35784659
3733.8 0.36698803
3738.0 0.35905281
3742.2 0.35750306
3746.4 0.37362593
3750.6 0.37904754
3754.8 0.39337459
3759.0 0.38769859
3763.2 0.38476560
3767.4 0.37035012
3771.6 0.39076105
3775.8 0.39165023
3780.0 0.39408103
3784.2 0.39127216
3788.4 0.40601698
3792.6 0.42332742
3796.8 0.42030099
3801.0 0.40308377
3805.2 0.39356935
3809.4 0.38404757
3813.6 0.38673535
3817.8 0.41521147
3822.0 0.40394112
3826.2 0.39902467
3830.4 0.41450030
3834.6 0.41103071
3838.8 0.38065764
3843.0 0.40118381
3847.2 0.41713464
3851.4 0.39920115
3855.6 0.39159095
3859.8 0.39777914
3864.0 0.38293150
3868.2 0.37401974
3872.4 0.37524125
3876.6 0.38719648
3880.8 0.40124628
3885.0 0.40100175
3889.2 0.39298540
3893.4 0.39786789
3897.6 0.38600203
3901.8 0.39240626
3906.0 0.38052842
3910.2 0.40046009
3914.4 0.37689736
3918.6 0.38911539
3922.8 0.37289450
3927.0 0.37636223
3931.2 0.37926254
3935.4 0.39173195
3939.6 0.35726792
3943.8 0.35648012
3948.0 0.33513197
3952.2 0.33087790
3956.4 0.32622832
3960.6 0.33418059
3964.8 0.33306324
3969.0 0.33204374
3973.2 0.32606307
3977.4 0.33098000
3981.6 0.33435738
3985.8 0.32731003
3990.0 0.31630406
3994.2 0.31909430
3998.4 0.32036477
4002.6 0.31866488
4006.8 0.32359874
4011.0 0.32767886
4015.2 0.33355629
4019.4 0.33226401
4023.6 0.32961816
4027.8 0.33600122
4032.0 0.34561035
4036.2 0.34580052
4040.4 0.34894270
4044.6 0.36197275
4048.8 0.38327187
4053.0 0.38502544
4057.2 0.41379407
4061.4 0.41757065
4065.6 0.43149295
4069.8 0.46368560
4074.0 0.48272654
4078.2 0.54002261
4082.4 0.58898604
4086.6 0.57031816
4090.8 0.53192800
4095.0 0.49392340
4099.2 0.46719271
4103.4 0.44392720
4107.6 0.41457969
4111.8 0.40714651
4116.0 0.40307575
4120.2 0.38901109
4124.4 0.36728889
4128.6 0.37821421
4132.8 0.36584672
4137.0 0.36020565
4141.2 0.35409278
4145.4 0.34453401
4149.6 0.34074652
4153.8 0.34957796
4158.0 0.34962130
4162.2 0.41251561
4166.4 0.45090255
4170.6 0.37687466
4174.8 0.33468759
4179.0 0.32580042
4183.2 0.32303816
4187.4 0.31506690
4191.6 0.33552721
4195.8 0.36652631
4200.0 0.44538185
4204.2 0.62741590
4208.4 0.62590528
4212.6 0.42085627
4216.8 0.35426179
4221.0 0.33301735
4225.2 0.32384133
4229.4 0.31617481
4233.6 0.31007364
4237.8 0.31024560
4242.0 0.30802041
4246.2 0.30842638
4250.4 0.30797672
4254.6 0.30291939
4258.8 0.29952019
4263.0 0.29948461
4267.2 0.28800231
4271.4 0.28205138
4275.6 0.29441622
4279.8 0.29174009
4284.0 0.29533541
4288.2 0.28340173
4292.4 0.28568697
4296.6 0.28167135
4300.8 0.29147434
4304.9996 0.28632572
4309.1996 0.27892381
4313.3996 0.28529102
4317.5996 0.28348541
4321.7996 0.29209426
4325.9996 0.29358324
4330.1996 0.30531943
4334.3996 0.31189349
4338.5996 0.30747449
4342.7996 0.29856023
4346.9996 0.31166783
4351.1996 0.29874739
4355.3996 0.29131553
4359.5996 0.29187292
4363.7996 0.30831578
4367.9996 0.30252731
4372.1996 0.28657135
4376.3996 0.29030669
4380.5996 0.29295316
4384.7996 0.29784822
4388.9996 0.29299355
4393.1996 0.29575053
4397.3996 0.29456592
4401.5996 0.29616439
4405.7996 0.28533208
4409.9996 0.29014349
4414.1996 0.29953793
4418.3996 0.28511709
4422.5996 0.29314840
4426.7996 0.29430738
4430.9996 0.29212463
4435.1996 0.29251838
4439.3996 0.29460233
4443.5996 0.29265535
4447.7996 0.30388317
4451.9996 0.29006961
4456.1996 0.28394383
4460.3996 0.31047103
4464.5996 0.28978622
4468.7996 0.30323943
4472.9996 0.29555133
4477.1996 0.28672415
4481.3996 0.28263822
4485.5996 0.27940023
4489.7996 0.28774333
4493.9996 0.27267468
4498.1996 0.27505803
4502.3996 0.27783161
4506.5996 0.27479419
4510.7996 0.26186466
4514.9996 0.26663703
4519.1996 0.27303794
4523.3996 0.27243042
4527.5996 0.26411673
4531.7996 0.26505786
4535.9996 0.26279780
4540.1996 0.25768074
4544.3996 0.26279277
4548.5996 0.26810482
4552.7996 0.26626754
4556.9996 0.25973561
4561.1996 0.25592813
4565.3996 0.25207850
4569.5996 0.26079100
4573.7996 0.25141510
4577.9996 0.26837236
4582.1996 0.25293040
4586.3996 0.25404897
4590.5996 0.25009602
4594.7996 0.24976785
4598.9996 0.24944033
4603.1996 0.24911341
4607.3996 0.25478193
4611.5996 0.25585610
4615.7996 0.26170409
4619.9996 0.25528419
4624.1996 0.25601146
4628.3996 0.24716531
4632.5996 0.24684277
4636.7996 0.25383651
4640.9996 0.26131207
4645.1996 0.25686166
4649.3996 0.25056145
4653.5996 0.26038739
4657.7996 0.26452631
4661.9996 0.25122514
4666.1996 0.25403875
4670.3996 0.24396819
4674.5996 0.24365185
4678.7996 0.24852304
4682.9996 0.24439807
4687.1996 0.26715055
4691.3996 0.25501296
4695.5996 0.24803342
4699.7996 0.27689770
4703.9996 0.27319315
4708.1996 0.26083454
4712.3996 0.25604889
4716.5996 0.24443038
4720.7996 0.24407645
4724.9996 0.23990284
4729.1996 0.24773587
4733.3996 0.23928635
4737.5996 0.24043204
4741.7996 0.23867223
4745.9996 0.24059920
4750.1996 0.23806037
4754.3996 0.23936756
4758.5996 0.23847368
4762.7996 0.23714699
4766.9996 0.24539004
4771.1996 0.24174687
4775.3996 0.23623897
4779.5996 0.23593736
4783.7996 0.23563641
4787.9996 0.23533598
4792.1996 0.23503615
4796.3996 0.23473689
4800.5996 0.23443817
4804.7996 0.23925626
4808.9996 0.23384243
4813.1996 0.23422335
4817.3996 0.23324896
4821.5996 0.23429817
4825.7996 0.23273592
4829.9996 0.23236285
4834.1996 0.23461625
4838.3996 0.23788874
4842.5996 0.23902571
4846.7996 0.23680046
4850.9996 0.23639983
4855.1996 0.23572166
4859.3996 0.23247281
4863.5996 0.23439242
4867.7996 0.23286332
4871.9996 0.23241758
4876.1996 0.23759635
4880.3996 0.24800988
4884.5996 0.23584634
4888.7996 0.24403034
4892.9996 0.23931693
4897.1996 0.24672133
4901.3996 0.24094383
4905.5996 0.24876690
4909.7996 0.24480180
4913.9996 0.24592254
4918.1996 0.25308087
4922.3996 0.24694997
4926.5996 0.25167462
4930.7996 0.25998399
4934.9996 0.27992770
4939.1996 0.27353275
4943.3996 0.26826248
4947.5996 0.26972911
4951.7996 0.24596196
4955.9996 0.24184853
4960.1996 0.25311875
4964.3996 0.24864967
4968.5996 0.24000326
4972.7996 0.24131502
4976.9996 0.24265203
4981.1996 0.24297938
4985.3996 0.23871022
4989.5996 0.24343158
4993.7996 0.24844716
4997.9996 0.23317109
5002.1996 0.23567238
5006.3996 0.23406200
5010.5996 0.24158268
5014.7996 0.22791958
5018.9996 0.23037621
5023.1996 0.22976309
5027.3996 0.22895417
5031.5996 0.23061454
5035.7996 0.23017181
5039.9996 0.22962411
5044.1996 0.23172021
5048.3996 0.22799000
5052.5996 0.22610687
5056.7996 0.22215609
5060.9996 0.22199140
5065.1996 0.21838917
5069.3996 0.22264920
5073.5996 0.22314866
5077.7996 0.22573657
5081.9996 0.22758405
5086.1996 0.21893147
5090.3996 0.22365536
5094.5996 0.23039171
5098.7996 0.22772470
5102.9996 0.23001491
5107.1996 0.23423156
5111.3996 0.23041508
5115.5996 0.23214452
5119.7996 0.22757618
5123.9996 0.23903672
5128.1996 0.21981320
5132.3996 0.21252476
5136.5996 0.21576791
5140.7996 0.21290721
5144.9996 0.21408066
5149.1996 0.21440147
5153.3996 0.21863633
5157.5996 0.22270347
5161.7996 0.21261401
5165.9996 0.21861508
5170.1996 0.22455300
5174.3996 0.21630318
5178.5996 0.21271746
5182.7996 0.20946737
5186.9996 0.20921560
5191.1996 0.21012443
5195.3996 0.22255264
5199.5996 0.21206203
5203.7996 0.21333568
5207.9996 0.20796365
5212.1996 0.20850798
5216.3996 0.20835105
5220.5996 0.21176200
5224.7996 0.20964782
5228.9996 0.21445195
5233.1996 0.21519475
5237.3996 0.21033309
5241.5996 0.20890900
5245.7996 0.20861843
5249.9996 0.21465868
5254.1996 0.21334156
5258.3996 0.20886105
5262.5996 0.20736752
5266.7996 0.20579290
5270.9996 0.20482258
5275.1996 0.20654178
5279.3996 0.20836951
5283.5996 0.21527709
5287.7996 0.21825995
5291.9996 0.22241402
5296.1996 0.22951062
5300.3996 0.22035936
5304.5996 0.20958464
5308.7996 0.21029302
5312.9996 0.20814496
5317.1996 0.20492262
5321.3996 0.20814294
5325.5996 0.21436109
5329.7996 0.21664146
5333.9996 0.20992385
5338.1996 0.21158431
5342.3996 0.21477437
5346.5996 0.21867841
5350.7996 0.22202164
5354.9996 0.21110636
5359.1996 0.21322156
5363.3996 0.21720372
5367.5996 0.21787801
5371.7996 0.21327047
5375.9996 0.21291620
5380.1996 0.21610238
5384.3996 0.21592924
5388.5996 0.21360050
5392.7996 0.21887128
5396.9996 0.21665494
5401.1996 0.21973857
5405.3996 0.22502333
5409.5996 0.22190525
5413.7996 0.22839104
5417.9996 0.22475749
5422.1996 0.24004771
5426.3996 0.24184890
5430.5996 0.24820621
5434.7996 0.25521848
5438.9996 0.25420949
5443.1996 0.25942895
5447.3996 0.27400869
5451.5996 0.27555561
5455.7996 0.28758791
5459.9996 0.30090085
5464.1996 0.31939730
5468.3996 0.34081331
5472.5996 0.36665413
5476.7996 0.40224379
5480.9996 0.44669724
5485.1996 0.50110620
5489.3996 0.56521922
5493.5996 0.66274256
5497.7996 0.77874553
5501.9996 0.92486435
5506.1996 1.0722442
5510.3996 1.2613884
5514.5996 1.2964131
5518.7996 1.1087528
5522.9996 0.92290252
5527.1996 0.83971846
5531.3996 0.79096770
5535.5996 0.68501890
5539.7996 0.57794178
5543.9996 0.52070254
5548.1996 0.47498769
5552.3996 0.43318650
5556.5996 0.40133643
5560.7996 0.38186315
5564.9996 0.35756028
5569.1996 0.33293587
5573.3996 0.31247738
5577.5996 0.29192275
5581.7996 0.27434880
5585.9996 0.26880482
5590.1996 0.26330182
5594.3996 0.25008005
5598.5996 0.24848379
5602.7996 0.24383993
5606.9996 0.24413347
5611.1996 0.24845149
5615.3996 0.24777247
5619.5996 0.24262969
5623.7996 0.23477720
5627.9996 0.24651852
5632.1996 0.25286973
5636.3996 0.25803679
5640.5996 0.28417760
5644.7996 0.28272516
5648.9996 0.26358867
5653.1996 0.26625943
5657.3996 0.26949194
5661.5996 0.26176518
5665.7996 0.24159321
5669.9996 0.22195463
5674.1996 0.21978922
5678.3996 0.21423616
5682.5996 0.20774797
5686.7996 0.20646122
5690.9996 0.20071787
5695.1996 0.19188850
5699.3996 0.19083466
5703.5996 0.19178319
5707.7996 0.19145848
5711.9996 0.18254535
5716.1996 0.18084857
5720.3996 0.18064824
5724.5996 0.18644354
5728.7996 0.19379535
5732.9996 0.18613027
5737.1996 0.18343401
5741.3996 0.18290736
5745.5996 0.17945038
5749.7996 0.17925204
5753.9996 0.17905405
5758.1996 0.19115283
5762.3996 0.18388057
5766.5996 0.18520221
5770.7996 0.17826548
5774.9996 0.17806917
5779.1996 0.18131995
5783.3996 0.18713814
5787.5996 0.18568535
5791.7996 0.18132241
5795.9996 0.18315695
5800.1996 0.18332715
5804.3996 0.18197009
5808.5996 0.17651118
5812.7996 0.17631793
5816.9996 0.17612503
5821.1996 0.17756209
5825.3996 0.17574026
5829.5996 0.17554836
5833.7996 0.17535684
5837.9996 0.17950842
5842.1996 0.17497471
5846.3996 0.17478414
5850.5996 0.17459393
5854.7996 0.17700203
5858.9996 0.17421444
5863.1996 0.17402521
5867.3996 0.17383628
5871.5996 0.17364769
5875.7996 0.17834195
5879.9996 0.17431204
5884.1996 0.18392700
5888.3996 0.17420505
5892.5996 0.17420594
5896.7996 0.17252304
5900.9996 0.17233674
5905.1996 0.18464391
5909.3996 0.19159023
5913.5996 0.18494625
5917.7996 0.19870411
5921.9996 0.18373367
5926.1996 0.20674805
5930.3996 0.19462763
5934.5996 0.17984599
5938.7996 0.20016311
5942.9996 0.18647066
5947.1996 0.18186536
5951.3996 0.18338946
5955.5996 0.17759970
5959.7996 0.17509621
5963.9996 0.16958052
5968.1996 0.16939928
5972.3996 0.17183690
5976.5996 0.17828465
5980.7996 0.16885751
5984.9996 0.16867757
5989.1996 0.16849792
5993.3996 0.16831857
5997.5996 0.18512210
