300.0 0.0
320.0 0.0000000
323.2 0.0000000
326.4 0.0000000
329.6 0.0000000
332.8 0.0000000
336.0 0.0000000
339.2 0.0000000
342.4 0.0000000
345.6 0.0000000
348.8 0.0000000
352.0 0.0000000
355.2 0.0000000
358.4 0.0000000
361.6 0.0000000
364.8 0.0000000
368.0 0.0000000
371.2 0.0000000
374.4 0.0000000
377.6 0.0000000
380.8 0.0000000
384.0 0.0000000
387.2 0.0000000
390.4 0.0000000
393.6 0.0000000
396.8 0.0000000
400.0 0.0000000
403.2 0.0000000
406.4 0.0000000
409.6 0.0000000
412.8 0.0000000
416.0 0.0000000
419.2 0.0000000
422.4 0.0000000
425.6 0.0000000
428.8 0.0000000
432.0 0.0000000
435.2 0.0000000
438.4 0.0000000
441.6 0.0000000
444.8 0.0000000
448.0 0.0000000
451.2 0.0000000
454.4 0.0000000
457.6 0.0000000
460.8 0.0000000
464.0 0.0000000
467.2 0.0000000
470.4 0.0000000
473.6 0.0000000
476.8 0.0000000
480.0 0.0000000
483.2 0.0000000
486.4 0.0000000
489.6 0.0000000
492.8 0.0000000
496.0 0.0000000
499.2 0.0000000
502.4 0.0000000
505.6 0.0000000
508.8 0.0000000
512.0 0.0000000
515.2 0.0000000
518.4 0.0000000
521.6 0.0000000
524.8 0.0000000
528.0 0.0000000
531.2 0.0000000
534.4 0.0000000
537.6 0.0000000
540.8 0.0000000
544.0 0.0000000
547.2 0.0000000
550.4 0.0000000
553.6 0.0000000
556.8 0.0000000
560.0 0.0000000
563.2 0.0000000
566.4 0.0000000
569.6 0.0000000
572.8 0.0000000
576.0 0.0000000
579.2 0.0000000
582.4 0.0000000
585.6 0.38986975
588.8 0.37338212
592.0 0.35729986
595.2 0.34162661
598.4 0.32637474
601.6 0.31155026
604.8 0.29714394
608.0 0.28315392
611.2 0.26957604
614.4 0.25641423
617.6 0.24367309
620.8 0.23134285
624.0 0.39425573
627.2 0.37857819
630.4 0.36328009
633.6 0.34835190
636.8 0.33379653
640.0 0.35056895
643.2 0.35154504
646.4 0.33599997
649.6 0.34582809
652.8 0.36330804
656.0 0.38758108
659.2 1.1540699
662.4 1.1690587
665.6 0.98613417
668.8 0.81860512
672.0 0.76541770
675.2 0.74218518
678.4 0.74154413
681.6 0.75080955
684.8 0.72893572
688.0 0.65602171
691.2 0.65983731
694.4 0.58821023
697.6 0.53347069
700.8 0.49192387
704.0 0.47269198
707.2 0.47858459
710.4 0.45785353
713.6 0.46596885
716.8 0.47878778
720.0 0.46447647
723.2 0.41326645
726.4 0.39935443
729.6 0.36355722
732.8 0.36598021
736.0 0.36123154
739.2 0.34658751
742.4 0.34242046
745.6 0.35025403
748.8 0.36099917
752.0 0.38587373
755.2 0.39742172
758.4 0.41397589
761.6 0.43897200
764.8 0.48148397
768.0 0.54287040
771.2 0.64383548
774.4 0.79202050
777.6 1.0660222
780.8 6.6950665
784.0 5.4059300
787.2 5.0337791
790.4 5.0233197
793.6 4.6979036
796.8 3.7547910
800.0 3.2366347
803.2 3.0389166
806.4 2.9034908
809.6 2.7106090
812.8 2.4711816
816.0 2.3115625
819.2 2.2546732
822.4 2.2570975
825.6 2.2900457
828.8 2.3019481
832.0 2.4721498
835.2 2.5070283
838.4 2.3955700
841.6 2.1796186
844.8 2.1903694
848.0 2.1672232
851.2 2.2157960
854.4 2.2505147
857.6 2.2196929
860.8 2.1366751
864.0 2.1051569
867.2 2.1688240
870.4 2.1522024
873.6 2.1849067
876.8 2.1535425
880.0 2.2007170
883.2 2.3231897
886.4 2.4500272
889.6 2.6262326
892.8 2.6709821
896.0 2.7051780
899.2 2.4566250
902.4 2.2906158
905.6 2.1668453
908.8 2.1114821
912.0 2.0992355
915.2 2.0017195
918.4 1.9737506
921.6 1.9593858
924.8 1.9422693
928.0 1.9745158
931.2 1.9529969
934.4 1.9089135
937.6 1.9636089
940.8 1.9271671
944.0 1.9546829
947.2 1.9988292
950.4 2.0257168
953.6 2.0723243
956.8 2.0666187
960.0 2.1293790
963.2 2.1737204
966.4 2.2237101
969.6 2.3047700
972.8 2.4733481
976.0 2.6995232
979.2 2.9588358
982.4 3.2884085
985.6 3.6977832
988.8 3.9373851
992.0 3.5690820
995.2 3.0236387
998.4 2.6093383
1001.6 2.3917174
1004.8 2.2808015
1008.0 2.2159321
1011.2 2.1080899
1014.4 2.0975137
1017.6 2.0314112
1020.8 2.0682528
1024.0 2.0705957
1027.2 2.0601177
1030.4 2.0793266
1033.6 2.0500696
1036.8 2.0776703
1040.0 2.1030703
1043.2 2.1030405
1046.4 2.1447189
1049.6 2.0585191
1052.8 2.0411487
1056.0 2.0113199
1059.2 2.0409083
1062.4 2.0467491
1065.6 2.0143218
1068.8 1.9093381
1072.0 1.8448117
1075.2 1.8160596
1078.4 1.7798613
1081.6 1.7800789
1084.8 1.7726120
1088.0 1.7665948
1091.2 1.7917798
1094.4 1.7835202
1097.6 1.8094693
1100.8 1.8152175
1104.0 1.8092842
1107.2 1.7859194
1110.4 1.8059366
1113.6 1.8114314
1116.8 1.8578634
1120.0 1.8254542
1123.2 1.7935954
1126.4 1.7123731
1129.6 1.7358103
1132.8 1.7415010
1136.0 1.7161844
1139.2 1.7720195
1142.4 1.7866820
1145.6 1.7376240
1148.8 1.7060001
1152.0 1.7062659
1155.2 1.7043095
1158.4 1.7015880
1161.6 1.7212886
1164.8 1.6893133
1168.0 1.6821097
1171.2 1.7017533
1174.4 1.6979834
1177.6 1.7381645
1180.8 1.7288392
1184.0 1.8386769
1187.2 1.8304656
1190.4 1.8472043
1193.6 1.8174003
1196.8 1.8195461
1200.0 1.8344594
1203.2 1.9141705
1206.4 2.0576177
1209.6 2.1875041
1212.8 2.2927592
1216.0 2.3315446
1219.2 2.4517000
1222.4 2.3425550
1225.6 2.1399062
1228.8 1.9555738
1232.0 1.8328179
1235.2 1.7746146
1238.4 1.7155190
1241.6 1.6599928
1244.8 1.6171494
1248.0 1.6038860
1251.2 1.5412173
1254.4 1.5146964
1257.6 1.5004764
1260.8 1.5127687
1264.0 1.5169008
1267.2 1.4797213
1270.4 1.4835608
1273.6 1.4891794
1276.8 1.4993882
1280.0 1.4600848
1283.2 1.4738361
1286.4 1.5060260
1289.6 1.4224545
1292.8 1.4579899
1296.0 1.4652491
1299.2 1.4529384
1302.4 1.4632800
1305.6 1.4380940
1308.8 1.4170847
1312.0 1.4544441
1315.2 1.5111969
1318.4 1.4792721
1321.6 1.5144055
1324.8 1.4996773
1328.0 1.5017247
1331.2 1.4913144
1334.4 1.5085288
1337.6 1.5022557
1340.8 1.4965492
1344.0 1.4469773
1347.2 1.4217725
1350.4 1.4384800
1353.6 1.4572073
1356.8 1.3939435
1360.0 1.4595255
1363.2 1.4071163
1366.4 1.4390478
1369.6 1.4242367
1372.8 1.4515169
1376.0 1.3813571
1379.2 1.4001619
1382.4 1.3972024
1385.6 1.4199588
1388.8 1.3481231
1392.0 1.3623412
1395.2 1.3866574
1398.4 1.3235173
1401.6 1.3465776
1404.8 1.3043783
1408.0 1.2665973
1411.2 1.2635765
1414.4 1.2605658
1417.6 1.2671435
1420.8 1.2731272
1424.0 1.2733079
1427.2 1.2538486
1430.4 1.2456616
1433.6 1.2427100
1436.8 1.2397687
1440.0 1.2535634
1443.2 1.2496444
1446.4 1.2661706
1449.6 1.2719195
1452.8 1.2695348
1456.0 1.2768812
1459.2 1.2867423
1462.4 1.3080872
1465.6 1.3354390
1468.8 1.3230889
1472.0 1.3560375
1475.2 1.3695680
1478.4 1.3790269
1481.6 1.3846228
1484.8 1.3924110
1488.0 1.4078220
1491.2 1.4128828
1494.4 1.3917481
1497.6 1.3774475
1500.8 1.3446364
1504.0 1.3392942
1507.2 1.3115060
1510.4 1.3286819
1513.6 1.3104076
1516.8 1.3000382
1520.0 1.3017181
1523.2 1.2917690
1526.4 1.2928922
1529.6 1.2938216
1532.8 1.3067335
1536.0 1.3353661
1539.2 1.3129772
1542.4 1.3581945
1545.6 1.3896749
1548.8 1.4287248
1552.0 1.4223788
1555.2 1.3799485
1558.4 1.3710020
1561.6 1.3733288
1564.8 1.3401464
1568.0 1.3132505
1571.2 1.3038954
1574.4 1.2969124
1577.6 1.3198212
1580.8 1.3447304
1584.0 1.3481079
1587.2 1.3374606
1590.4 1.3389519
1593.6 1.3286779
1596.8 1.3335470
1600.0 1.3181579
1603.2 1.3108803
1606.4 1.3106192
1609.6 1.3028191
1612.8 1.2846524
1616.0 1.2644155
1619.2 1.2745473
1622.4 1.2771086
1625.6 1.2760191
1628.8 1.2620602
1632.0 1.2506598
1635.2 1.2458007
1638.4 1.2380451
1641.6 1.2317044
1644.8 1.2196405
1648.0 1.2017176
1651.2 1.2063259
1654.4 1.2049685
1657.6 1.1902058
1660.8 1.1576812
1664.0 1.1860247
1667.2 1.1898766
1670.4 1.1812575
1673.6 1.1798353
1676.8 1.1885920
1680.0 1.1652784
1683.2 1.1643357
1686.4 1.1402935
1689.6 1.1211531
1692.8 1.0761102
1696.0 1.0699362
1699.2 1.0669383
1702.4 1.0553095
1705.6 1.0827824
1708.8 1.0973392
1712.0 1.0984908
1715.2 1.0737612
1718.4 1.0835491
1721.6 1.0871187
1724.8 1.1005628
1728.0 1.0995464
1731.2 1.1238098
1734.4 1.1552340
1737.6 1.1641592
1740.8 1.1480299
1744.0 1.1819602
1747.2 1.1964781
1750.4 1.1940960
1753.6 1.1990287
1756.8 1.2462922
1760.0 1.2755942
1763.2 1.2677268
1766.4 1.2905610
1769.6 1.2599382
1772.8 1.2901856
1776.0 1.3330799
1779.2 1.4427575
1782.4 1.5712680
1785.6 1.7715172
1788.8 1.9753619
1792.0 2.0365052
1795.2 1.9311432
1798.4 1.7088004
1801.6 1.5188169
1804.8 1.4005244
1808.0 1.3414733
1811.2 1.2947606
1814.4 1.2584023
1817.6 1.2295835
1820.8 1.2019507
1824.0 1.1923313
1827.2 1.1671184
1830.4 1.1451638
1833.6 1.1202685
1836.8 1.1057696
1840.0 1.1013592
1843.2 1.0688149
1846.4 1.0698559
1849.6 1.0422752
1852.8 1.0344965
1856.0 1.0323750
1859.2 0.98885584
1862.4 1.0027431
1865.6 1.0011537
1868.8 1.0149007
1872.0 1.0417843
1875.2 1.0505877
1878.4 1.0532275
1881.6 1.0514332
1884.8 1.0577999
1888.0 1.0424489
1891.2 1.0441114
1894.4 1.0570328
1897.6 1.0405349
1900.8 1.0431637
1904.0 1.0235617
1907.2 1.0288584
1910.4 1.0032150
1913.6 0.98552036
1916.8 0.96705377
1920.0 0.95750421
1923.2 0.93379039
1926.4 0.92360431
1929.6 0.89761335
1932.8 0.87958431
1936.0 0.87533712
1939.2 0.88293183
1942.4 0.87074023
1945.6 0.88866156
1948.8 0.89262795
1952.0 0.89476442
1955.2 0.89397579
1958.4 0.89406335
1961.6 0.91110629
1964.8 0.90099579
1968.0 0.91809875
1971.2 0.91640574
1974.4 0.91211230
1977.6 0.90151948
1980.8 0.91003120
1984.0 0.90295166
1987.2 0.92151272
1990.4 0.94418633
1993.6 0.94602585
1996.8 0.98315042
2000.0 0.99039090
2003.2 0.98926193
2006.4 0.97501004
2009.6 0.97337985
2012.8 0.93686372
2016.0 0.95695913
2019.2 0.94688082
2022.4 0.94443649
2025.6 0.95558089
2028.8 0.98009121
2032.0 0.98035538
2035.2 0.99193043
2038.4 0.99742091
2041.6 1.0044599
2044.8 0.99390548
2048.0 0.99802333
2051.2 0.98248935
2054.4 0.99288863
2057.6 0.97995031
2060.8 0.95019430
2064.0 0.94993043
2067.2 0.96093816
2070.4 0.93497622
2073.6 0.93289810
2076.8 0.93295920
2080.0 0.93176639
2083.2 0.94590968
2086.4 0.94110131
2089.6 0.92451519
2092.8 0.92207026
2096.0 0.93998408
2099.2 0.93756616
2102.4 0.93052840
2105.6 0.94692683
2108.8 0.91951412
2112.0 0.90750420
2115.2 0.89472991
2118.4 0.88549978
2121.6 0.87824219
2124.8 0.85955495
2128.0 0.85557038
2131.2 0.86507213
2134.4 0.87217170
2137.6 0.88279063
2140.8 0.90972912
2144.0 0.87819219
2147.2 0.86538744
2150.4 0.85946524
2153.6 0.85481310
2156.8 0.84430408
2160.0 0.86376238
2163.2 0.86005223
2166.4 0.86557657
2169.6 0.85693806
2172.8 0.85902691
2176.0 0.85895008
2179.2 0.87804037
2182.4 0.88262445
2185.6 0.89698613
2188.8 0.92549872
2192.0 0.96253777
2195.2 0.91652483
2198.4 0.88108760
2201.6 0.88553071
2204.8 0.87134504
2208.0 0.83898413
2211.2 0.84780961
2214.4 0.84967917
2217.6 0.82552081
2220.8 0.81938404
2224.0 0.80064791
2227.2 0.78879070
2230.4 0.80942470
2233.6 0.80660915
2236.8 0.79466641
2240.0 0.80969012
2243.2 0.78887188
2246.4 0.77567780
2249.6 0.77484602
2252.8 0.76130438
2256.0 0.74819648
2259.2 0.73329163
2262.4 0.74203223
2265.6 0.73974484
2268.8 0.71789366
2272.0 0.72373682
2275.2 0.73491669
2278.4 0.73932743
2281.6 0.72488791
2284.8 0.73767310
2288.0 0.75555205
2291.2 0.74089450
2294.4 0.75652593
2297.6 0.73437089
2300.8 0.73563433
2304.0 0.72428095
2307.2 0.73315054
2310.4 0.73699123
2313.6 0.72203791
2316.8 0.74157292
2320.0 0.72862548
2323.2 0.72170448
2326.4 0.72758079
2329.6 0.71137655
2332.8 0.71871674
2336.0 0.71254712
2339.2 0.71682566
2342.4 0.72109747
2345.6 0.71098262
2348.8 0.70444041
2352.0 0.70202416
2355.2 0.69835144
2358.4 0.69367963
2361.6 0.69370818
2364.8 0.70296353
2368.0 0.70150405
2371.2 0.70040107
2374.4 0.68656796
2377.6 0.68873894
2380.8 0.71726722
2384.0 0.80800939
2387.2 0.83890319
2390.4 0.70858711
2393.6 0.68309504
2396.8 0.68257880
2400.0 0.67409414
2403.2 0.69790977
2406.4 0.67802674
2409.6 0.66278392
2412.8 0.66701156
2416.0 0.65911275
2419.2 0.65008283
2422.4 0.64292210
2425.6 0.63464785
2428.8 0.59986365
2432.0 0.60928106
2435.2 0.59755480
2438.4 0.62333649
2441.6 0.62152809
2444.8 0.61456299
2448.0 0.60814899
2451.2 0.60336292
2454.4 0.61848938
2457.6 0.60556138
2460.8 0.61539227
2464.0 0.62445951
2467.2 0.63446611
2470.4 0.65938061
2473.6 0.70938528
2476.8 0.73862141
2480.0 0.66352618
2483.2 0.61978048
2486.4 0.64169157
2489.6 0.64653194
2492.8 0.61253089
2496.0 0.59916085
2499.2 0.59977227
2502.4 0.58897740
2505.6 0.58523685
2508.8 0.57412183
2512.0 0.55725735
2515.2 0.53860545
2518.4 0.53462279
2521.6 0.55065572
2524.8 0.56684262
2528.0 0.56823164
2531.2 0.57434058
2534.4 0.58825141
2537.6 0.58849347
2540.8 0.58462322
2544.0 0.56491971
2547.2 0.56706411
2550.4 0.56387943
2553.6 0.54026598
2556.8 0.54693943
2560.0 0.52839226
2563.2 0.52820748
2566.4 0.51885515
2569.6 0.52994418
2572.8 0.53647238
2576.0 0.52649629
2579.2 0.50976121
2582.4 0.50901783
2585.6 0.50646228
2588.8 0.50030500
2592.0 0.51532024
2595.2 0.50429803
2598.4 0.51705652
2601.6 0.52713794
2604.8 0.55905682
2608.0 0.55023450
2611.2 0.54679561
2614.4 0.57074392
2617.6 0.57852000
2620.8 0.59848219
2624.0 0.63617373
2627.2 0.61733460
2630.4 0.58627015
2633.6 0.58313376
2636.8 0.55686688
2640.0 0.54275566
2643.2 0.53691876
2646.4 0.52774829
2649.6 0.50996166
2652.8 0.49017340
2656.0 0.48430285
2659.2 0.48640248
2662.4 0.49968925
2665.6 0.49551111
2668.8 0.49212855
2672.0 0.50280029
2675.2 0.48528114
2678.4 0.47898665
2681.6 0.48763946
2684.8 0.47631460
2688.0 0.47101703
2691.2 0.47011608
2694.4 0.46921775
2697.6 0.47119695
2700.8 0.47492290
2704.0 0.47258377
2707.2 0.47065809
2710.4 0.49679390
2713.6 0.49362895
2716.8 0.50097293
2720.0 0.49187118
2723.2 0.47985479
2726.4 0.47201061
2729.6 0.49299648
2732.8 0.49252123
2736.0 0.48883510
2739.2 0.51125604
2742.4 0.49751639
2745.6 0.51343399
2748.8 0.54120058
2752.0 0.53167999
2755.2 0.54238850
2758.4 0.55215460
2761.6 0.57457262
2764.8 0.61081380
2768.0 0.61736470
2771.2 0.65133953
2774.4 0.70478600
2777.6 0.73068303
2780.8 0.73357826
2784.0 0.68191099
2787.2 0.66954225
2790.4 0.66264296
2793.6 0.63030708
2796.8 0.60161227
2800.0 0.55080765
2803.2 0.53916317
2806.4 0.51755846
2809.6 0.50696445
2812.8 0.51967067
2816.0 0.50535691
2819.2 0.49662128
2822.4 0.49698892
2825.6 0.48524061
2828.8 0.48168543
2832.0 0.47904655
2835.2 0.44935158
2838.4 0.46460199
2841.6 0.46209198
2844.8 0.47373977
2848.0 0.46334344
2851.2 0.46119174
2854.4 0.48183259
2857.6 0.48866430
2860.8 0.50696886
2864.0 0.49949104
2867.2 0.49555114
2870.4 0.47683033
2873.6 0.50294685
2876.8 0.50392854
2880.0 0.50689304
2883.2 0.50311840
2886.4 0.52191067
2889.6 0.54398835
2892.8 0.53992695
2896.0 0.51764464
2899.2 0.50526571
2902.4 0.49288544
2905.6 0.49617815
2908.8 0.53254485
2912.0 0.51792675
2915.2 0.51146239
2918.4 0.53113252
2921.6 0.52652228
2924.8 0.48746309
2928.0 0.51358891
2931.2 0.53384322
2934.4 0.51073420
2937.6 0.50084323
2940.8 0.50860125
2944.0 0.48946667
2947.2 0.47792903
2950.4 0.47934335
2953.6 0.49446440
2956.8 0.51225054
2960.0 0.51178300
2963.2 0.50140017
2966.4 0.50747621
2969.6 0.49219298
2972.8 0.50020856
2976.0 0.48492205
2979.2 0.51016891
2982.4 0.48000768
2985.6 0.49542055
2988.8 0.47462702
2992.0 0.47889876
2995.2 0.48244640
2998.4 0.49816114
3001.6 0.45419973
3004.8 0.45306495
3008.0 0.42580789
3011.2 0.42027980
3014.4 0.41425294
3017.6 0.42422733
3020.8 0.42268604
3024.0 0.42127010
3027.2 0.41356260
3030.4 0.41967782
3033.6 0.42383826
3036.8 0.41478565
3040.0 0.40072337
3043.2 0.40414271
3046.4 0.40563598
3049.6 0.40336871
3052.8 0.40949771
3056.0 0.41454339
3059.2 0.42185950
3062.4 0.42010653
3065.6 0.41664386
3068.8 0.42459288
3072.0 0.43661323
3075.2 0.43673128
3078.4 0.44057679
3081.6 0.45690131
3084.8 0.48365185
3088.0 0.48572996
3091.2 0.52187878
3094.4 0.52649653
3097.6 0.54390073
3100.8 0.58431929
3104.0 0.60814732
3107.2 0.68014383
3110.4 0.74160957
3113.6 0.71790874
3116.8 0.66940171
3120.0 0.62140661
3123.2 0.58761764
3126.4 0.55820447
3129.6 0.52116185
3132.8 0.51168019
3136.0 0.50642848
3139.2 0.48862672
3142.4 0.46121889
3145.6 0.47481170
3148.8 0.45916346
3152.0 0.45196360
3155.2 0.44417602
3158.4 0.43207130
3161.6 0.42720893
3164.8 0.43816605
3168.0 0.43810540
3171.2 0.51678210
3174.4 0.56472403
3177.6 0.47188628
3180.8 0.41895470
3184.0 0.40772414
3187.2 0.40416259
3190.4 0.39408770
3193.6 0.41957137
3196.8 0.45821738
3200.0 0.55665660
3203.2 0.78396934
3206.4 0.78188187
3209.6 0.52560019
3212.8 0.44231895
3216.0 0.41568828
3219.2 0.40413186
3222.4 0.39446479
3225.6 0.38675523
3228.8 0.38687229
3232.0 0.38400099
3235.2 0.38441068
3238.4 0.38375422
3241.6 0.37735826
3244.8 0.37303081
3248.0 0.37289375
3251.2 0.35850796
3254.4 0.35101330
3257.6 0.36631083
3260.8 0.36289167
3264.0 0.36727351
3267.2 0.35234645
3270.4 0.35510066
3273.6 0.35002375
3276.8 0.36211726
3280.0 0.35563418
3283.2 0.34635645
3286.4 0.35417712
3289.6 0.35185036
3292.8 0.36244780
3296.0 0.36420763
3299.2 0.37867603
3302.4 0.38673681
3305.6 0.38116616
3308.8 0.37002701
3312.0 0.38618010
3315.2 0.37008262
3318.4 0.36079049
3321.6 0.36139518
3324.8 0.38166440
3328.0 0.37441045
3331.2 0.35457972
3334.4 0.35911706
3337.6 0.36230588
3340.8 0.36827359
3344.0 0.36218640
3347.2 0.36550930
3350.4 0.36396062
3353.6 0.36585072
3356.8 0.35238799
3360.0 0.35824728
3363.2 0.36976153
3366.4 0.35187885
3369.6 0.36170766
3372.8 0.36305436
3376.0 0.36027935
3379.2 0.36068255
3382.4 0.36316937
3385.6 0.36068717
3388.8 0.37444010
3392.0 0.35733831
3395.2 0.34971285
3398.4 0.38229823
3401.6 0.35674766
3404.8 0.37322569
3408.0 0.36368164
3411.2 0.35274071
3414.4 0.34763637
3417.6 0.34357715
3420.8 0.35375795
3424.0 0.33515781
3427.2 0.33801240
3430.4 0.34134534
3433.6 0.33753908
3436.8 0.32158643
3440.0 0.32737526
3443.2 0.33516076
3446.4 0.33434185
3449.6 0.32406795
3452.8 0.32515186
3456.0 0.32230929
3459.2 0.31596482
3462.4 0.32216331
3465.6 0.32860437
3468.8 0.32628205
3472.0 0.31820935
3475.2 0.31347725
3478.4 0.30869573
3481.6 0.31929672
3484.8 0.30775166
3488.0 0.32843858
3491.2 0.30947456
3494.4 0.31077719
3497.6 0.30587667
3500.8 0.30541068
3504.0 0.30494577
3507.2 0.30448192
3510.4 0.31134480
3513.6 0.31259179
3516.8 0.31966960
3520.0 0.31176254
3523.2 0.31258544
3526.4 0.30172157
3529.6 0.30126518
3532.8 0.30973661
3536.0 0.31879237
3539.2 0.31329826
3542.4 0.30555072
3545.6 0.31746775
3548.8 0.32244769
3552.0 0.30617127
3555.2 0.30953681
3558.4 0.29720554
3561.6 0.29675964
3564.8 0.30263096
3568.0 0.29754746
3571.2 0.32518199
3574.4 0.31034502
3577.6 0.30179015
3580.8 0.33684230
3584.0 0.33226892
3587.2 0.31717417
3590.4 0.31129241
3593.6 0.29710773
3596.8 0.29661828
3600.0 0.29148814
3603.2 0.30094561
3606.4 0.29062355
3609.6 0.29195720
3612.8 0.28976291
3616.0 0.29204473
3619.2 0.28890613
3622.4 0.29043540
3625.6 0.28929403
3628.8 0.28762826
3632.0 0.29756784
3635.2 0.29309282
3638.4 0.28635922
3641.6 0.28593805
3644.8 0.28551790
3648.0 0.28509867
3651.2 0.28468034
3654.4 0.28426307
3657.6 0.28384662
3660.8 0.28962454
3664.0 0.28301662
3667.2 0.28342336
3670.4 0.28219035
3673.6 0.28340563
3676.8 0.28146231
3680.0 0.28095776
3683.2 0.28362858
3686.4 0.28753027
3689.6 0.28884986
3692.8 0.28610682
3696.0 0.28556898
3699.2 0.28469625
3702.4 0.28071970
3705.6 0.28298476
3708.8 0.28108606
3712.0 0.28049570
3715.2 0.28669238
3718.4 0.29920205
3721.6 0.28447503
3724.8 0.29429197
3728.0 0.28855440
3731.2 0.29742733
3734.4 0.29040894
3737.6 0.29978293
3740.8 0.29495057
3744.0 0.29624662
3747.2 0.30481407
3750.4 0.29737568
3753.6 0.30300987
3756.8 0.31295723
3760.0 0.33690342
3763.2 0.32914725
3766.4 0.32274705
3769.6 0.32445300
3772.8 0.29581055
3776.0 0.29081115
3779.2 0.30430844
3782.4 0.29888201
3785.6 0.28843722
3788.8 0.28996193
3792.0 0.29151651
3795.2 0.29185787
3798.4 0.28667900
3801.6 0.29229730
3804.8 0.29826692
3808.0 0.27987820
3811.2 0.28283066
3814.4 0.28084862
3817.6 0.28982168
3820.8 0.27338240
3824.0 0.27628073
3827.2 0.27549729
3830.4 0.27447948
3833.6 0.27642190
3836.8 0.27584326
3840.0 0.27513915
3843.2 0.27760270
3846.4 0.27308664
3849.6 0.27078432
3852.8 0.26600710
3856.0 0.26576418
3859.2 0.26140678
3862.4 0.26646030
3865.6 0.26701236
3868.8 0.27006286
3872.0 0.27222675
3875.2 0.26183236
3878.4 0.26743650
3881.6 0.27544484
3884.8 0.27221024
3888.0 0.27490139
3891.2 0.27989373
3894.4 0.27528691
3897.6 0.27730653
3900.8 0.27180389
3904.0 0.28544393
3907.2 0.26244441
3910.4 0.25370014
3913.6 0.25752872
3916.8 0.25407213
3920.0 0.25543007
3923.2 0.25577047
3926.4 0.26077935
3929.6 0.26558661
3932.8 0.25351256
3936.0 0.26062515
3939.2 0.26766014
3942.4 0.25778437
3945.6 0.25346953
3948.8 0.24955602
3952.0 0.24921545
3955.2 0.25025728
3958.4 0.26501617
3961.6 0.25248295
3964.8 0.25395826
3968.0 0.24752325
3971.2 0.24813113
3974.4 0.24790442
3977.6 0.25192243
3980.8 0.24936724
3984.0 0.25504068
3987.2 0.25588313
3990.4 0.25006229
3993.6 0.24832965
3996.8 0.24794477
4000.0 0.25508314
4003.2 0.25347775
4006.4 0.24811503
4009.6 0.24630190
4012.8 0.24439304
4016.0 0.24320242
4019.2 0.24520521
4022.4 0.24733625
4025.6 0.25549555
4028.8 0.25899515
4032.0 0.26388332
4035.2 0.27226064
4038.4 0.26136413
4041.6 0.24854583
4044.8 0.24934720
4048.0 0.24676199
4051.2 0.24290425
4054.4 0.24668339
4057.6 0.25401378
4060.8 0.25667650
4064.0 0.24867928
4067.2 0.25060791
4070.4 0.25434738
4073.6 0.25893122
4076.8 0.26284972
4080.0 0.24988919
4083.2 0.25235459
4086.4 0.25702861
4089.6 0.25778750
4092.8 0.25229782
4096.0 0.25184068
4099.2 0.25557083
4102.4 0.25532764
4105.6 0.25253603
4108.8 0.25872880
4112.0 0.25607049
4115.2 0.25967631
4118.4 0.26588193
4121.6 0.26215860
4124.8 0.26978081
4128.0 0.26544937
4131.2 0.28346580
4134.4 0.28555056
4137.6 0.29301330
4140.8 0.30124706
4144.0 0.30001190
4147.2 0.30612677
4150.4 0.32328346
4153.6 0.32506093
4156.8 0.33920529
4160.0 0.35485587
4163.2 0.37661403
4166.4 0.40180805
4169.6 0.43221074
4172.8 0.47409496
4176.0 0.52641267
4179.2 0.59044582
4182.4 0.66589314
4185.6 0.78067428
4188.8 0.91718745
4192.0 1.0891262
4195.2 1.2625006
4198.4 1.4849935
4201.6 1.5260087
4204.8 1.3049276
4208.0 1.0860394
4211.2 0.98801082
4214.4 0.93051875
4217.6 0.80576307
4220.8 0.67971587
4224.0 0.61231041
4227.2 0.55847412
4230.4 0.50925398
4233.6 0.47174463
4236.8 0.44879216
4240.0 0.42017081
4243.2 0.39117980
4246.4 0.36709103
4249.6 0.34289607
4252.8 0.32220864
4256.0 0.31565362
4259.2 0.30914858
4262.4 0.29358393
4265.6 0.29166964
4268.8 0.28617916
4272.0 0.28648415
4275.2 0.29151112
4278.4 0.29067442
4281.6 0.28460214
4284.8 0.27535349
4288.0 0.28908449
4291.2 0.29649186
4294.4 0.30250904
4297.6 0.33310983
4300.8 0.33136222
4304.0 0.30889174
4307.2 0.31197926
4310.4 0.31572413
4313.6 0.30663043
4316.8 0.28296292
4320.0 0.25992647
4323.2 0.25735602
4326.4 0.25082013
4329.6 0.24319141
4332.8 0.24165279
4336.0 0.23489912
4339.2 0.22453621
4342.4 0.22327334
4345.6 0.22435328
4348.8 0.22394368
4352.0 0.21348995
4355.2 0.21147756
4358.4 0.21121539
4361.6 0.21796255
4364.8 0.22652741
4368.0 0.21753909
4371.2 0.21435967
4374.4 0.21371624
4377.6 0.20964953
4380.8 0.20939046
4384.0 0.20913191
4387.2 0.22323397
4390.4 0.21471329
4393.6 0.21622847
4396.8 0.20810267
4400.0 0.20784660
4403.2 0.21161364
4406.4 0.21837571
4409.6 0.21665251
4412.8 0.21153475
4416.0 0.21364753
4419.2 0.21381867
4422.4 0.21220872
4425.6 0.20581634
4428.8 0.20556478
4432.0 0.20531374
4435.2 0.20696260
4438.4 0.20481309
4441.6 0.20456351
4444.8 0.20431444
4448.0 0.20912516
4451.2 0.20381773
4454.4 0.20357007
4457.6 0.20332292
4460.8 0.20610139
4464.0 0.20283005
4467.2 0.20258436
4470.4 0.20233913
4473.6 0.20209438
4476.8 0.20753177
4480.0 0.20281701
4483.2 0.21397769
4486.4 0.20264217
4489.6 0.20261811
4492.8 0.20063590
4496.0 0.20039447
4499.2 0.21467887
4502.4 0.22272767
4505.6 0.21497746
4508.8 0.23094095
4512.0 0.21351558
4515.2 0.24023099
4518.4 0.22612001
4521.6 0.20892110
4524.8 0.23249447
4528.0 0.21656400
4531.2 0.21118984
4534.4 0.21293382
4537.6 0.20618635
4540.8 0.20325533
4544.0 0.19682881
4547.2 0.19659476
4550.4 0.19939971
4553.6 0.20685680
4556.8 0.19589533
4560.0 0.19566312
4563.2 0.19543135
4566.4 0.19520003
4569.6 0.21466154
4572.8 0.19937941
4576.0 0.19450867
4579.2 0.19427915
4582.4 0.19753823
4585.6 0.19618517
4588.8 0.19359307
4592.0 0.19336537
4595.2 0.19883363
4598.4 0.20498185
4601.6 0.21631607
4604.8 0.19245854
4608.0 0.21290548
4611.2 0.19256260
4614.4 0.20161252
4617.6 0.19155872
4620.8 0.20450424
4624.0 0.19910876
4627.2 0.19868410
4630.4 0.20260948
4633.6 0.21203543
4636.8 0.20198254
4640.0 0.19000067
4643.2 0.20278178
4646.4 0.22447164
4649.6 0.18933931
4652.8 0.18911971
4656.0 0.18944348
4659.2 0.18868174
4662.4 0.18846340
4665.6 0.18824546
4668.8 0.20665440
4672.0 0.20128284
4675.2 0.18759419
4678.4 0.18737794
4681.6 0.19740504
4684.8 0.21122500
4688.0 0.18673161
4691.2 0.18827519
4694.4 0.23010398
4697.6 0.19785973
4700.8 0.19612926
4704.0 0.18566264
4707.2 0.21094698
4710.4 0.22542623
4713.6 0.21531419
4716.8 0.23679990
4720.0 0.23179935
4723.2 0.24426097
4726.4 0.21227992
4729.6 0.22023883
4732.8 0.27120689
4736.0 0.24321617
4739.2 0.23337761
4742.4 0.21121301
4745.6 0.20408095
4748.8 0.25223407
4752.0 0.24056444
4755.2 0.23269959
4758.4 0.21671504
4761.6 0.19388370
4764.8 0.21908256
4768.0 0.18148747
4771.2 0.18128285
4774.4 0.18107860
4777.6 0.18087481
4780.8 0.18067139
4784.0 0.18046831
4787.2 0.18026569
4790.4 0.18006337
4793.6 0.17986149
4796.8 0.17965995
4800.0 0.17945884
4803.2 0.17925808
4806.4 0.17905772
4809.6 0.17885773
4812.8 0.17865814
4816.0 0.17845894
4819.2 0.17826007
4822.4 0.17806162
4825.6 0.17786352
4828.8 0.17766581
4832.0 0.17746848
4835.2 0.17727150
4838.4 0.17707494
4841.6 0.17687872
4844.8 0.17668284
4848.0 0.17648736
4851.2 0.17629227
4854.4 0.17609757
4857.6 0.17590317
4860.8 0.17570917
4864.0 0.17551558
4867.2 0.17532231
4870.4 0.17512943
4873.6 0.17493689
4876.8 0.17474473
4880.0 0.17455292
4883.2 0.17436150
4886.4 0.17417046
4889.6 0.17397977
4892.8 0.17378938
4896.0 0.17359939
4899.2 0.17340977
4902.4 0.17322050
4905.6 0.17303160
4908.8 0.17284305
4912.0 0.17265487
4915.2 0.17246702
4918.4 0.17227955
4921.6 0.17209245
4924.8 0.17190570
4928.0 0.17171924
4931.2 0.17153317
4934.4 0.17134750
4937.6 0.17116211
4940.8 0.17097713
4944.0 0.17079246
4947.2 0.17060810
4950.4 0.17042419
4953.6 0.17024064
4956.8 0.17005733
4960.0 0.16987438
4963.2 0.16969186
4966.4 0.16950963
4969.6 0.16932769
4972.8 0.16914615
4976.0 0.16896509
4979.2 0.16878414
4982.4 0.16860366
4985.6 0.16842352
4988.8 0.16824372
4992.0 0.16806425
4995.2 0.16788507
4998.4 0.16770624
5001.6 0.16752787
5004.8 0.16734970
5008.0 0.16717190
5011.2 0.16699442
5014.4 0.16681729
5017.6 0.16664053
5020.8 0.16646406
5024.0 0.16628793
5027.2 0.16611221
5030.4 0.16593678
5033.6 0.16576169
5036.8 0.16558689
5040.0 0.16541246
5043.2 0.16523834
5046.4 0.16506451
5049.6 0.16489105
5052.8 0.16471797
5056.0 0.16454510
5059.2 0.16437265
5062.4 0.16420053
5065.6 0.16402869
5068.8 0.16385721
5072.0 0.16368602
5075.2 0.16351512
5078.4 0.16334467
5081.6 0.16317442
5084.8 0.16300455
5088.0 0.16283497
5091.2 0.16266575
5094.4 0.16249682
5097.6 0.16232826
5100.8 0.16216001
5104.0 0.16199207
5107.2 0.16182438
5110.4 0.16165708
5113.6 0.16149008
5116.8 0.16132338
5120.0 0.16115701
5123.2 0.16099098
5126.4 0.16082521
5129.6 0.16065982
5132.8 0.16049474
5136.0 0.16032995
5139.2 0.16016538
5142.4 0.16000126
5145.6 0.15983735
5148.8 0.15967390
5152.0 0.15951063
5155.2 0.15934768
5158.4 0.15918507
5161.6 0.15902273
5164.8 0.15886080
5168.0 0.15869910
5171.2 0.15853766
5174.4 0.15837660
5177.6 0.15821587
5180.8 0.15805541
5184.0 0.15789521
5187.2 0.15773536
5190.4 0.15757583
5193.6 0.15741655
5196.8 0.15725759
5200.0 0.15709902
5203.2 0.15694065
5206.4 0.15678255
5209.6 0.15662485
5212.8 0.15646738
5216.0 0.15631028
5219.2 0.15615344
5222.4 0.15599686
5225.6 0.15584067
5228.8 0.15568469
5232.0 0.15552907
5235.2 0.15537369
5238.4 0.15521863
5241.6 0.15506388
5244.8 0.15490940
5248.0 0.15475528
5251.2 0.15460135
5254.4 0.15444779
5257.6 0.15429451
5260.8 0.15414150
5264.0 0.15398879
5267.2 0.15383644
5270.4 0.15368430
5273.6 0.15353246
5276.8 0.15338095
5280.0 0.15322967
5283.2 0.15307875
5286.4 0.15292805
5289.6 0.15277764
5292.8 0.15262756
5296.0 0.15247777
5299.2 0.15232819
5302.4 0.15217900
5305.6 0.15203007
5308.8 0.15188137
5312.0 0.15173300
5315.2 0.15158489
5318.4 0.15143710
5321.6 0.15128954
5324.8 0.15114236
5328.0 0.15099539
5331.2 0.15084864
5334.4 0.15070230
5337.6 0.15055621
5340.8 0.15041032
5344.0 0.15026478
5347.2 0.15011950
5350.4 0.14997451
5353.6 0.14982979
5356.8 0.14968534
5360.0 0.14954114
5363.2 0.14939725
5366.4 0.14925365
5369.6 0.14911035
5372.8 0.14896733
5376.0 0.14882450
5379.2 0.14868201
5382.4 0.14853981
5385.6 0.14839786
5388.8 0.14825615
5392.0 0.14811473
5395.2 0.14797366
5398.4 0.14783274
5401.6 0.14769213
5404.8 0.14755182
5408.0 0.14741179
5411.2 0.14727204
5414.4 0.14713250
5417.6 0.14699323
5420.8 0.14685433
5424.0 0.14671560
5427.2 0.14657715
5430.4 0.14643902
5433.6 0.14630114
5436.8 0.14616346
5440.0 0.14602610
5443.2 0.14588900
5446.4 0.14575216
5449.6 0.14561564
5452.8 0.14547931
5456.0 0.14534329
5459.2 0.14520752
5462.4 0.14507201
5465.6 0.14493677
5468.8 0.14480183
5472.0 0.14466707
5475.2 0.14453264
5478.4 0.14439844
5481.6 0.14426449
5484.8 0.14413083
5488.0 0.14399745
5491.2 0.14386426
5494.4 0.14373137
5497.6 0.14359877
5500.8 0.14346635
5504.0 0.14333427
5507.2 0.14320242
5510.4 0.14307080
5513.6 0.14293948
5516.8 0.14280836
5520.0 0.14267758
5523.2 0.14254698
5526.4 0.14241667
5529.6 0.14228661
5532.8 0.14215678
5536.0 0.14202724
5539.2 0.14189795
5542.4 0.14176889
5545.6 0.14164010
5548.8 0.14151154
5552.0 0.14138326
5555.2 0.14125520
5558.4 0.14112745
5561.6 0.14099993
5564.8 0.14087261
5568.0 0.14074560
5571.2 0.14061880
5574.4 0.14049231
5577.6 0.14036600
5580.8 0.14024000
5584.0 0.14011417
5587.2 0.13998866
5590.4 0.13986337
5593.6 0.13973835
5596.8 0.13961355
5600.0 0.13948900
5603.2 0.13936467
5606.4 0.13924067
5609.6 0.13911685
5612.8 0.13899329
5616.0 0.13886991
5619.2 0.13874687
5622.4 0.13862409
5625.6 0.13850148
5628.8 0.13837910
5632.0 0.13825700
5635.2 0.13813516
5638.4 0.13801356
5641.6 0.13789214
5644.8 0.13777104
5648.0 0.13765010
5651.2 0.13752948
5654.4 0.13740905
5657.6 0.13728888
5660.8 0.13716896
5664.0 0.13704929
5667.2 0.13692981
5670.4 0.13681063
5673.6 0.13669164
5676.8 0.13657293
5680.0 0.13645443
5683.2 0.13633616
5686.4 0.13621810
5689.6 0.13610035
5692.8 0.13598280
5696.0 0.13586544
5699.2 0.13574834
5702.4 0.13563152
5705.6 0.13551489
5708.8 0.13539855
5712.0 0.13528238
5715.2 0.13516648
5718.4 0.13505079
5721.6 0.13493535
5724.8 0.13482015
5728.0 0.13470517
5731.2 0.13459039
5734.4 0.13447587
5737.6 0.13436157
5740.8 0.13424756
5744.0 0.13413371
5747.2 0.13402011
5750.4 0.13390677
5753.6 0.13379365
5756.8 0.13368073
5760.0 0.13356806
5763.2 0.13345559
5766.4 0.13334338
5769.6 0.13323137
5772.8 0.13311960
5776.0 0.13300808
5779.2 0.13289678
5782.4 0.13278566
5785.6 0.13267484
5788.8 0.13256419
5792.0 0.13245378
5795.2 0.13234361
5798.4 0.13223365
5801.6 0.13212392
5804.8 0.13201439
5808.0 0.13190514
5811.2 0.13179605
5814.4 0.13168727
5817.6 0.13157865
5820.8 0.13147025
5824.0 0.13136202
5827.2 0.13125409
5830.4 0.13114640
5833.6 0.13103886
5836.8 0.13093162
5840.0 0.13082455
5843.2 0.13071771
5846.4 0.13061111
5849.6 0.13050467
5852.8 0.13039847
5856.0 0.13029253
5859.2 0.13018678
5862.4 0.13008121
5865.6 0.12997594
5868.8 0.12987088
5872.0 0.12976600
5875.2 0.12966128
5878.4 0.12955688
5881.6 0.12945268
5884.8 0.12934864
5888.0 0.12924482
5891.2 0.12914124
5894.4 0.12903795
5897.6 0.12893474
5900.8 0.12883180
5904.0 0.12872913
5907.2 0.12862660
5910.4 0.12852433
5913.6 0.12842223
5916.8 0.12832040
5920.0 0.12821874
5923.2 0.12811732
5926.4 0.12801607
5929.6 0.12791510
5932.8 0.12781426
5936.0 0.12771372
5939.2 0.12761331
5942.4 0.12751313
5945.6 0.12741317
5948.8 0.12731344
5952.0 0.12721390
5955.2 0.12711458
5958.4 0.12701544
5961.6 0.12691654
5964.8 0.12681785
5968.0 0.12671937
5971.2 0.12662104
5974.4 0.12652299
5977.6 0.12642512
5980.8 0.12632748
5984.0 0.12623005
5987.2 0.12613277
5990.4 0.12603575
5993.6 0.12593891
5996.8 0.12584230
6000.0 0.12574586
