300.0 0.0
450.0 0.0000000
454.5 0.0000000
459.0 0.0000000
463.5 0.0000000
468.0 0.0000000
472.5 0.0000000
477.0 0.0000000
481.5 0.0000000
486.0 0.0000000
490.5 0.0000000
495.0 0.0000000
499.5 0.0000000
504.0 0.0000000
508.5 0.0000000
513.0 0.0000000
517.5 0.0000000
522.0 0.0000000
526.5 0.0000000
531.0 0.0000000
535.5 0.0000000
540.0 0.0000000
544.5 0.0000000
549.0 0.0000000
553.5 0.0000000
558.0 0.0000000
562.5 0.0000000
567.0 0.0000000
571.5 0.0000000
576.0 0.0000000
580.5 0.0000000
585.0 0.0000000
589.5 0.0000000
594.0 0.0000000
598.5 0.0000000
603.0 0.0000000
607.5 0.0000000
612.0 0.0000000
616.5 0.0000000
621.0 0.0000000
625.5 0.0000000
630.0 0.0000000
634.5 0.0000000
639.0 0.0000000
643.5 0.0000000
648.0 0.0000000
652.5 0.0000000
657.0 0.0000000
661.5 0.0000000
666.0 0.0000000
670.5 0.0000000
675.0 0.0000000
679.5 0.0000000
684.0 0.0000000
688.5 0.0000000
693.0 0.0000000
697.5 0.0000000
702.0 0.0000000
706.5 0.0000000
711.0 0.0000000
715.5 0.0000000
720.0 0.0000000
724.5 0.0000000
729.0 0.0000000
733.5 0.0000000
738.0 0.0000000
742.5 0.0000000
747.0 0.0000000
751.5 0.0000000
756.0 0.0000000
760.5 0.0000000
765.0 0.0000000
769.5 0.0000000
774.0 0.0000000
778.5 0.0000000
783.0 0.0000000
787.5 0.0000000
792.0 0.0000000
796.5 0.0000000
801.0 0.0000000
805.5 0.0000000
810.0 0.0000000
814.5 0.0000000
819.0 0.0000000
823.5 3.41828991E-06
828.0 1.91896243E-06
832.5 1.05525930E-06
837.0 5.68064024E-07
841.5 2.99078977E-07
846.0 1.53959775E-07
850.5 7.74296041E-08
855.0 3.80077871E-08
859.5 1.82066842E-08
864.0 8.49966675E-09
868.5 3.85976850E-09
873.0 1.70752745E-09
877.5 1.06178356E-06
882.0 5.90627337E-07
886.5 3.22111021E-07
891.0 1.72151374E-07
895.5 9.01002366E-08
900.0 5.06232887E-08
904.5 2.65781370E-08
909.0 1.30176234E-08
913.5 6.70953071E-09
918.0 3.43362849E-09
922.5 1.75413839E-09
927.0 8.70830321E-04
931.5 6.55298005E-04
936.0 4.06539300E-04
940.5 2.45706557E-04
945.0 1.65582183E-04
949.5 1.14450711E-04
954.0 8.06386161E-05
958.5 5.69340955E-05
963.0 3.80912170E-05
967.5 2.33528372E-05
972.0 1.58053790E-05
976.5 9.36153265E-06
981.0 5.57099520E-06
985.5 3.32549871E-06
990.0 2.04105913E-06
994.5 1.30196031E-06
999.0 7.73384897E-07
1003.5 4.81815619E-07
1008.0 2.98546041E-07
1012.5 1.66516898E-07
1017.0 8.16159087E-08
1021.5 4.98770376E-08
1026.0 3.64062913E-08
1030.5 3.38769865E-08
1035.0 3.22885931E-08
1039.5 3.18391500E-08
1044.0 3.33838877E-08
1048.5 3.55524961E-08
1053.0 3.80258065E-08
1057.5 4.22029593E-08
1062.0 4.51574671E-08
1066.5 4.88964318E-08
1071.0 5.39273870E-08
1075.5 6.15569249E-08
1080.0 7.22692235E-08
1084.5 8.92887471E-08
1089.0 1.14500047E-07
1093.5 1.60786641E-07
1098.0 8.7214613
1102.5 7.0364118
1107.0 6.5467324
1111.5 6.5278959
1116.0 6.1001554
1120.5 4.8716965
1125.0 4.1961217
1129.5 3.9367292
1134.0 3.7583988
1138.5 3.5060370
1143.0 3.1939247
1147.5 2.9853721
1152.0 2.9097176
1156.5 2.9106843
1161.0 2.9509983
1165.5 2.9641616
1170.0 3.1810172
1174.5 3.2235682
1179.0 3.0780528
1183.5 2.7985876
1188.0 2.8104026
1192.5 2.7787590
1197.0 2.8390601
1201.5 2.8815534
1206.0 2.8401425
1210.5 2.7320566
1215.0 2.6899366
1219.5 2.7694318
1224.0 2.7463753
1228.5 2.7862604
1233.0 2.7444584
1237.5 2.8027492
1242.0 2.9568055
1246.5 3.1162279
1251.0 3.3382108
1255.5 3.3929362
1260.0 3.4342065
1264.5 3.1167164
1269.0 2.9042919
1273.5 2.7456641
1278.0 2.6738694
1282.5 2.6567395
1287.0 2.5317905
1291.5 2.4949129
1296.0 2.4752743
1300.5 2.4521942
1305.0 2.4914351
1309.5 2.4628379
1314.0 2.4058442
1318.5 2.4733462
1323.0 2.4260492
1327.5 2.4592824
1332.0 2.5133979
1336.5 2.5457706
1341.0 2.6028845
1345.5 2.5942729
1350.0 2.6715779
1354.5 2.7257111
1359.0 2.7868724
1363.5 2.8868926
1368.0 3.0963781
1372.5 3.3777142
1377.0 3.7002008
1381.5 4.1101742
1386.0 4.6194186
1390.5 4.9161658
1395.0 4.4539914
1399.5 3.7713635
1404.0 3.2529383
1408.5 2.9801195
1413.0 2.8404746
1417.5 2.7582960
1422.0 2.6227436
1426.5 2.6082857
1431.0 2.5248353
1435.5 2.5693605
1440.0 2.5710127
1444.5 2.5567575
1449.0 2.5793493
1453.5 2.5418348
1458.0 2.5748253
1462.5 2.6050646
1467.0 2.6037979
1471.5 2.6541531
1476.0 2.5462892
1480.5 2.5236311
1485.0 2.4856036
1489.5 2.5210121
1494.0 2.5270736
1498.5 2.4859078
1503.0 2.3552835
1507.5 2.2746658
1512.0 2.2382159
1516.5 2.1926301
1521.0 2.1919312
1525.5 2.1817796
1530.0 2.1734257
1534.5 2.2034547
1539.0 2.1923521
1543.5 2.2232959
1548.0 2.2294078
1552.5 2.2211778
1557.0 2.1915693
1561.5 2.2152038
1566.0 2.2210169
1570.5 2.2770026
1575.0 2.2363591
1579.5 2.1964271
1584.0 2.0961070
1588.5 2.1239338
1593.0 2.1300364
1597.5 2.0982289
1602.0 2.1656275
1606.5 2.1826794
1611.0 2.1219094
1615.5 2.0824726
1620.0 2.0819826
1624.5 2.0787866
1629.0 2.0746641
1633.5 2.0978758
1638.0 2.0581164
1642.5 2.0485597
1647.0 2.0716972
1651.5 2.0663283
1656.0 2.1144331
1660.5 2.1023045
1665.0 2.2350392
1669.5 2.2242360
1674.0 2.2437508
1678.5 2.2067416
1683.0 2.2085440
1687.5 2.2258399
1692.0 2.3217208
1696.5 2.4948153
1701.0 2.6513548
1705.5 2.7779434
1710.0 2.8239398
1714.5 2.9684274
1719.0 2.8352885
1723.5 2.5891140
1728.0 2.3652680
1732.5 2.2160316
1737.0 2.1449242
1741.5 2.0727904
1746.0 2.0050201
1750.5 1.9526128
1755.0 1.9359475
1759.5 1.8592753
1764.0 1.8262758
1768.5 1.8081410
1773.0 1.8219620
1777.5 1.8259500
1782.0 1.7802367
1786.5 1.7839006
1791.0 1.7897031
1795.5 1.8010178
1800.0 1.7528840
1804.5 1.7684659
1809.0 1.8061490
1813.5 1.7050391
1818.0 1.7467331
1822.5 1.7545295
1827.0 1.7389008
1831.5 1.7503891
1836.0 1.7193931
1840.5 1.6934235
1845.0 1.7371999
1849.5 1.8040892
1854.0 1.7651042
1858.5 1.8061380
1863.0 1.7876972
1867.5 1.7892669
1872.0 1.7760030
1876.5 1.7956384
1881.0 1.7873149
1885.5 1.7796764
1890.0 1.7199103
1894.5 1.6891539
1899.0 1.7082016
1903.5 1.7296323
1908.0 1.6537725
1912.5 1.7307780
1917.0 1.6678613
1921.5 1.7049292
1926.0 1.6866130
1930.5 1.7181398
1935.0 1.6343558
1939.5 1.6558615
1944.0 1.6516241
1948.5 1.6777788
1953.0 1.5921963
1957.5 1.6082808
1962.0 1.6362704
1966.5 1.5610845
1971.0 1.5875958
1975.5 1.5371802
1980.0 1.4920157
1984.5 1.4878221
1989.0 1.4836464
1993.5 1.4907576
1998.0 1.4971670
2002.5 1.4967523
2007.0 1.4732641
2011.5 1.4630375
2016.0 1.4589684
2020.5 1.4549172
2025.0 1.4705046
2029.5 1.4653109
2034.0 1.4840882
2038.5 1.4902257
2043.0 1.4868351
2047.5 1.4948417
2052.0 1.5057877
2056.5 1.5301610
2061.0 1.5615413
2065.5 1.5464944
2070.0 1.5843883
2074.5 1.5995760
2079.0 1.6100017
2083.5 1.6159132
2088.0 1.6243802
2092.5 1.6417333
2097.0 1.6470100
2101.5 1.6217605
2106.0 1.6044935
2110.5 1.5656885
2115.0 1.5588872
2119.5 1.5259773
2124.0 1.5453916
2128.5 1.5235771
2133.0 1.5109684
2137.5 1.5123702
2142.0 1.5002675
2146.5 1.5010304
2151.0 1.5015701
2155.5 1.5160133
2160.0 1.5486802
2164.5 1.5221757
2169.0 1.5740421
2173.5 1.6099602
2178.0 1.6546218
2182.5 1.6466991
2187.0 1.5970242
2191.5 1.5861229
2196.0 1.5882694
2200.5 1.5493637
2205.0 1.5177522
2209.5 1.5064296
2214.0 1.4978565
2218.5 1.5238028
2223.0 1.5520422
2227.5 1.5554223
2232.0 1.5426261
2236.5 1.5438366
2241.0 1.5314867
2245.5 1.5365961
2250.0 1.5183690
2254.5 1.5094959
2259.0 1.5087076
2263.5 1.4992461
2268.0 1.4778669
2272.5 1.4541223
2277.0 1.4653085
2281.5 1.4677888
2286.0 1.4660748
2290.5 1.4495822
2295.0 1.4360392
2299.5 1.4300152
2304.0 1.4206725
2308.5 1.4129608
2313.0 1.3986919
2317.5 1.3777165
2322.0 1.3825784
2326.5 1.3806040
2331.0 1.3632776
2335.5 1.3256247
2340.0 1.3576733
2344.5 1.3616765
2349.0 1.3514113
2353.5 1.3493849
2358.0 1.3589994
2362.5 1.3319526
2367.0 1.3304862
2371.5 1.3026340
2376.0 1.2803972
2380.5 1.2286022
2385.0 1.2212019
2389.5 1.2174317
2394.0 1.2038194
2398.5 1.2348075
2403.0 1.2510542
2407.5 1.2520142
2412.0 1.2234851
2416.5 1.2342929
2421.0 1.2380142
2425.5 1.2529769
2430.0 1.2514741
2434.5 1.2787383
2439.0 1.3141345
2443.5 1.3239261
2448.0 1.3052282
2452.5 1.3434408
2457.0 1.3595755
2461.5 1.3565044
2466.0 1.3617433
2470.5 1.4150435
2475.0 1.4479287
2479.5 1.4386179
2484.0 1.4641445
2488.5 1.4290279
2493.0 1.4629520
2497.5 1.5111970
2502.0 1.6351048
2506.5 1.7802880
2511.0 2.0066590
2515.5 2.2369876
2520.0 2.3056402
2524.5 2.1857979
2529.0 1.9336452
2533.5 1.7182297
2538.0 1.5840075
2542.5 1.5168402
2547.0 1.4636554
2551.5 1.4222007
2556.0 1.3892864
2560.5 1.3577297
2565.0 1.3465325
2569.5 1.3177361
2574.0 1.2926326
2578.5 1.2642239
2583.0 1.2475600
2587.5 1.2422843
2592.0 1.2052860
2596.5 1.2061712
2601.0 1.1747959
2605.5 1.1657511
2610.0 1.1630847
2614.5 1.1137929
2619.0 1.1291693
2623.5 1.1271155
2628.0 1.1423255
2632.5 1.1723119
2637.0 1.1819446
2641.5 1.1846411
2646.0 1.1823510
2650.5 1.1892381
2655.0 1.1717118
2659.5 1.1733135
2664.0 1.1875650
2668.5 1.1687657
2673.0 1.1714549
2677.5 1.1491846
2682.0 1.1548736
2686.5 1.1258388
2691.0 1.1057360
2695.5 1.0847770
2700.0 1.0738286
2704.5 1.0470040
2709.0 1.0353569
2713.5 1.0060018
2718.0 0.98558176
2722.5 0.98061067
2727.0 0.98890585
2731.5 0.97504145
2736.0 0.99489653
2740.5 0.99912417
2745.0 1.0013028
2749.5 1.0002084
2754.0 1.0000954
2758.5 1.0189453
2763.0 1.0074269
2767.5 1.0263361
2772.0 1.0242304
2776.5 1.0192204
2781.0 1.0071757
2785.5 1.0164754
2790.0 1.0083612
2794.5 1.0288786
2799.0 1.0539792
2803.5 1.0558183
2808.0 1.0970293
2812.5 1.1048857
2817.0 1.1034044
2821.5 1.0872904
2826.0 1.0852557
2830.5 1.0443349
2835.0 1.0665241
2839.5 1.0550836
2844.0 1.0521526
2848.5 1.0643593
2853.0 1.0914465
2857.5 1.0915279
2862.0 1.1042011
2866.5 1.1100981
2871.0 1.1177166
2875.5 1.1057595
2880.0 1.1101280
2884.5 1.0926405
2889.0 1.1039956
2893.5 1.0894027
2898.0 1.0561236
2902.5 1.0556314
2907.0 1.0676632
2911.5 1.0386235
2916.0 1.0361218
2920.5 1.0359970
2925.0 1.0344808
2929.5 1.0499891
2934.0 1.0444595
2938.5 1.0258635
2943.0 1.0229635
2947.5 1.0426471
2952.0 1.0397763
2956.5 1.0317845
2961.0 1.0497777
2965.5 1.0192041
2970.0 1.0057119
2974.5 0.99137813
2979.0 0.98097599
2983.5 0.97276318
2988.0 0.95189607
2992.5 0.94731629
2997.0 0.95766866
3001.5 0.96535891
3006.0 0.97694159
3010.5 1.0065780
3015.0 0.97151482
3019.5 0.95718378
3024.0 0.95046932
3028.5 0.94516212
3033.0 0.93338215
3037.5 0.95473039
3042.0 0.95046765
3046.5 0.95641023
3051.0 0.94670516
3055.5 0.94885260
3060.0 0.94860828
3064.5 0.96952868
3069.0 0.97442740
3073.5 0.99011797
3078.0 1.0214213
3082.5 1.0621234
3087.0 1.0111830
3091.5 0.97192591
3096.0 0.97666705
3100.5 0.96086419
3105.0 0.92502779
3109.5 0.93460655
3114.0 0.93651587
3118.5 0.90974170
3123.0 0.90283352
3127.5 0.88204771
3132.0 0.86884588
3136.5 0.89143205
3141.0 0.88819003
3145.5 0.87490058
3150.0 0.89130026
3154.5 0.86824709
3159.0 0.85359132
3163.5 0.85254246
3168.0 0.83751225
3172.5 0.82296419
3177.0 0.80644482
3181.5 0.81593114
3186.0 0.81329054
3190.5 0.78914553
3195.0 0.79544663
3199.5 0.80761099
3204.0 0.81233418
3208.5 0.79634792
3213.0 0.81027085
3217.5 0.82978392
3222.0 0.81356388
3226.5 0.83060384
3231.0 0.80615872
3235.5 0.80742544
3240.0 0.79484570
3244.5 0.80446011
3249.0 0.80855495
3253.5 0.79203290
3258.0 0.81334209
3262.5 0.79902452
3267.0 0.79131907
3271.5 0.79764616
3276.0 0.77976811
3280.5 0.78769994
3285.0 0.78082550
3289.5 0.78540081
3294.0 0.78996801
3298.5 0.77877563
3303.0 0.77149963
3307.5 0.76874399
3312.0 0.76461369
3316.5 0.75939125
3321.0 0.75931531
3325.5 0.76933789
3330.0 0.76763296
3334.5 0.76631886
3339.0 0.75107920
3343.5 0.75334942
3348.0 0.78444517
3352.5 0.88356394
3357.0 0.91722018
3361.5 0.77463174
3366.0 0.74666148
3370.5 0.74599522
3375.0 0.73662204
3379.5 0.76254308
3384.0 0.74071842
3388.5 0.72396845
3393.0 0.72848827
3397.5 0.71976483
3402.0 0.70980889
3406.5 0.70189643
3411.0 0.69277114
3415.5 0.65471429
3420.0 0.66490477
3424.5 0.65202194
3429.0 0.68006402
3433.5 0.67800206
3438.0 0.67031634
3442.5 0.66323394
3447.0 0.65792876
3451.5 0.67433560
3456.0 0.66015476
3460.5 0.67078543
3465.0 0.68058121
3469.5 0.69139838
3474.0 0.71845651
3478.5 0.77284259
3483.0 0.80459166
3487.5 0.72269750
3492.0 0.67496520
3496.5 0.69873905
3501.0 0.70392108
3505.5 0.66681832
3510.0 0.65218163
3514.5 0.65276575
3519.0 0.64093727
3523.5 0.63678765
3528.0 0.62461621
3532.5 0.60619360
3537.0 0.58583170
3541.5 0.58142829
3546.0 0.59879154
3550.5 0.61631823
3555.0 0.61775321
3559.5 0.62431860
3564.0 0.63936257
3568.5 0.63954842
3573.0 0.63526583
3577.5 0.61378181
3582.0 0.61603779
3586.5 0.61250490
3591.0 0.58678520
3595.5 0.59396267
3600.0 0.57375282
3604.5 0.57348436
3609.0 0.56326395
3613.5 0.57523447
3618.0 0.58225232
3622.5 0.57135808
3627.0 0.55313247
3631.5 0.55226165
3636.0 0.54942518
3640.5 0.54268283
3645.0 0.55890530
3649.5 0.54688793
3654.0 0.56065953
3658.5 0.57152575
3663.0 0.60606313
3667.5 0.59643102
3672.0 0.59263605
3676.5 0.61852193
3681.0 0.62687820
3685.5 0.64843601
3690.0 0.68919599
3694.5 0.66871172
3699.0 0.63499099
3703.5 0.63152343
3708.0 0.60300982
3712.5 0.58766413
3717.0 0.58127987
3721.5 0.57128865
3726.0 0.55197382
3730.5 0.53049713
3735.0 0.52408624
3739.5 0.52630091
3744.0 0.54061860
3748.5 0.53603995
3753.0 0.53232306
3757.5 0.54380763
3762.0 0.52480298
3766.5 0.51794016
3771.0 0.52724010
3775.5 0.51494050
3780.0 0.50915897
3784.5 0.50813097
3789.0 0.50710613
3793.5 0.50919122
3798.0 0.51316339
3802.5 0.51058203
3807.0 0.50844812
3811.5 0.53662622
3816.0 0.53315169
3820.5 0.54102725
3825.0 0.53114247
3829.5 0.51811290
3834.0 0.50959051
3838.5 0.53219235
3843.0 0.53162444
3847.5 0.52759153
3852.0 0.55173343
3856.5 0.53685111
3861.0 0.55397063
3865.5 0.58387011
3870.0 0.57354069
3874.5 0.58503318
3879.0 0.59550697
3883.5 0.61962271
3888.0 0.65863925
3892.5 0.66563642
3897.0 0.70219755
3901.5 0.75974143
3906.0 0.78757948
3910.5 0.79062164
3915.0 0.73486400
3919.5 0.72146350
3924.0 0.71395886
3928.5 0.67905223
3933.0 0.64807475
3937.5 0.59328842
3942.0 0.58068925
3946.5 0.55736631
3951.0 0.54590446
3955.5 0.55953252
3960.0 0.54406822
3964.5 0.53461194
3969.0 0.53495634
3973.5 0.52226043
3978.0 0.51838440
3982.5 0.51549530
3987.0 0.48349497
3991.5 0.49985668
3996.0 0.49710912
4000.5 0.50959140
4005.0 0.49836132
4009.5 0.49600038
4014.0 0.51815051
4018.5 0.52544796
4023.0 0.54507953
4027.5 0.53698957
4032.0 0.53270435
4036.5 0.51253247
4041.0 0.54055446
4045.5 0.54155970
4050.0 0.54469538
4054.5 0.54058957
4059.0 0.56073022
4063.5 0.58439648
4068.0 0.57998061
4072.5 0.55599481
4077.0 0.54264951
4081.5 0.52930534
4086.0 0.53279322
4090.5 0.57179207
4095.0 0.55604672
4099.5 0.54905736
4104.0 0.57012230
4108.5 0.56512320
4113.0 0.52315390
4117.5 0.55114365
4122.0 0.57282829
4126.5 0.54798317
4131.0 0.53732347
4135.5 0.54559857
4140.0 0.52502602
4144.5 0.51260531
4149.0 0.51407731
4153.5 0.53024787
4158.0 0.54927343
4162.5 0.54872447
4167.0 0.53754562
4171.5 0.54401273
4176.0 0.52758372
4180.5 0.53612959
4185.0 0.51970071
4189.5 0.54671156
4194.0 0.51434594
4198.5 0.53081626
4203.0 0.50849390
4207.5 0.51302689
4212.0 0.51678371
4216.5 0.53357190
4221.0 0.48644462
4225.5 0.48518851
4230.0 0.45596063
4234.5 0.45000345
4239.0 0.44351336
4243.5 0.45415452
4248.0 0.45246693
4252.5 0.45091385
4257.0 0.44262737
4261.5 0.44913536
4266.0 0.45355049
4270.5 0.44382685
4275.0 0.42874485
4279.5 0.43236795
4284.0 0.43393013
4288.5 0.43146965
4293.0 0.43799007
4297.5 0.44335091
4302.0 0.45113897
4306.5 0.44922811
4311.0 0.44548956
4315.5 0.45395249
4320.0 0.46676660
4324.5 0.46685550
4329.0 0.47092873
4333.5 0.48833901
4338.0 0.51688915
4342.5 0.51906896
4347.0 0.55765486
4351.5 0.56254476
4356.0 0.58109492
4360.5 0.62422848
4365.0 0.64963305
4369.5 0.72648412
4374.0 0.79207593
4378.5 0.76670259
4383.0 0.71484327
4387.5 0.66353863
4392.0 0.62741023
4396.5 0.59595931
4401.0 0.55636847
4405.5 0.54620427
4410.0 0.54055685
4414.5 0.52151555
4419.0 0.49222538
4423.5 0.50669348
4428.0 0.48995724
4432.5 0.48223805
4437.0 0.47389296
4441.5 0.46094361
4446.0 0.45572203
4450.5 0.46737534
4455.0 0.46727562
4459.5 0.55114961
4464.0 0.60223490
4468.5 0.50319302
4473.0 0.44671655
4477.5 0.43470961
4482.0 0.43088043
4486.5 0.42010850
4491.0 0.44724184
4495.5 0.48840064
4500.0 0.59328061
4504.5 0.83548784
4509.0 0.83320224
4513.5 0.56005824
4518.0 0.47128278
4522.5 0.44287619
4527.0 0.43053275
4531.5 0.42020375
4536.0 0.41196147
4540.5 0.41205651
4545.0 0.40896893
4549.5 0.40937591
4554.0 0.40864760
4558.5 0.40180808
4563.0 0.39717197
4567.5 0.39699784
4572.0 0.38165507
4576.5 0.37365007
4581.0 0.38990662
4585.5 0.38624004
4590.0 0.39087632
4594.5 0.37496367
4599.0 0.37786824
4603.5 0.37243977
4608.0 0.38528094
4612.5 0.37835681
4617.0 0.36846071
4621.5 0.37675437
4626.0 0.37425342
4630.5 0.38549903
4635.0 0.38734415
4639.5 0.40270397
4644.0 0.41124803
4648.5 0.40529659
4653.0 0.39342543
4657.5 0.41057196
4662.0 0.39343101
4666.5 0.38352659
4671.0 0.38414341
4675.5 0.40566105
4680.0 0.39792418
4684.5 0.37682268
4689.0 0.38161907
4693.5 0.38498190
4698.0 0.39129695
4702.5 0.38480350
4707.0 0.38830805
4711.5 0.38663709
4716.0 0.38861918
4720.5 0.37429386
4725.0 0.38049224
4729.5 0.39269555
4734.0 0.37367913
4738.5 0.38409168
4743.0 0.38549647
4747.5 0.38252488
4752.0 0.38292798
4756.5 0.38554314
4761.0 0.38288310
4765.5 0.39745659
4770.0 0.37927899
4774.5 0.37116140
4779.0 0.40571913
4783.5 0.37857890
4788.0 0.39603987
4792.5 0.38588771
4797.0 0.37425482
4801.5 0.36881560
4806.0 0.36448589
4810.5 0.37526238
4815.0 0.35550904
4819.5 0.35851425
4824.0 0.36202648
4828.5 0.35796705
4833.0 0.34102750
4837.5 0.34714448
4842.0 0.35537785
4846.5 0.35448739
4851.0 0.34357300
4855.5 0.34470063
4860.0 0.34166595
4864.5 0.33491966
4869.0 0.34146887
4873.5 0.34827438
4878.0 0.34579176
4882.5 0.33721557
4887.0 0.33218044
4891.5 0.32709360
4896.0 0.33830568
4900.5 0.32605335
4905.0 0.34794933
4909.5 0.32783881
4914.0 0.32919875
4918.5 0.32398814
4923.0 0.32347497
4927.5 0.32296309
4932.0 0.32245240
4936.5 0.32970053
4941.0 0.33100119
4945.5 0.33847553
4950.0 0.33008358
4954.5 0.33093509
4959.0 0.31941450
4963.5 0.31891239
4968.0 0.32786059
4972.5 0.33742628
4977.0 0.33159146
4981.5 0.32337248
4986.0 0.33596483
4990.5 0.34121490
4995.0 0.32397214
4999.5 0.32751423
5004.0 0.31444836
5008.5 0.31395832
5013.0 0.32015133
5017.5 0.31475523
5022.0 0.34396797
5026.5 0.32825491
5031.0 0.31918791
5035.5 0.35624027
5040.0 0.35138330
5044.5 0.33540094
5049.0 0.32916236
5053.5 0.31414542
5058.0 0.31361005
5062.5 0.30816847
5067.0 0.31814906
5071.5 0.30721948
5076.0 0.30861184
5080.5 0.30627510
5085.0 0.30866951
5089.5 0.30533507
5094.0 0.30693403
5098.5 0.30571070
5103.0 0.30393338
5107.5 0.31441882
5112.0 0.30967313
5116.5 0.30254179
5121.0 0.30208004
5125.5 0.30161944
5130.0 0.30115992
5134.5 0.30070141
5139.0 0.30024406
5143.5 0.29978773
5148.0 0.30587333
5152.5 0.29887831
5157.0 0.29929149
5161.5 0.29797316
5166.0 0.29924008
5170.5 0.29717204
5175.0 0.29662320
5179.5 0.29942670
5184.0 0.30352932
5188.5 0.30490586
5193.0 0.30199409
5197.5 0.30141014
5202.0 0.30047286
5206.5 0.29626009
5211.0 0.29863453
5215.5 0.29661500
5220.0 0.29597622
5224.5 0.30249882
5229.0 0.31568143
5233.5 0.30012739
5238.0 0.31046802
5242.5 0.30439901
5247.0 0.31374258
5251.5 0.30632311
5256.0 0.31619421
5260.5 0.31108099
5265.0 0.31243154
5269.5 0.32145026
5274.0 0.31358954
5278.5 0.31951433
5283.0 0.32998630
5287.5 0.35521713
5292.0 0.34702137
5296.5 0.34025604
5301.0 0.34203687
5305.5 0.31182611
5310.0 0.30654028
5314.5 0.32075113
5319.0 0.31501535
5323.5 0.30399126
5328.0 0.30558258
5332.5 0.30720526
5337.0 0.30754936
5341.5 0.30207673
5346.0 0.30798122
5350.5 0.31425524
5355.0 0.29486591
5359.5 0.29796150
5364.0 0.29585856
5368.5 0.30529583
5373.0 0.28796440
5377.5 0.29100278
5382.0 0.29016313
5386.5 0.28907672
5391.0 0.29110795
5395.5 0.29048416
5400.0 0.28972831
5404.5 0.29230803
5409.0 0.28753856
5413.5 0.28510031
5418.0 0.28005674
5422.5 0.27978727
5427.0 0.27518648
5431.5 0.28049263
5436.0 0.28106004
5440.5 0.28425720
5445.0 0.28652084
5449.5 0.27556726
5454.0 0.28145173
5458.5 0.28986573
5463.0 0.28644794
5467.5 0.28926590
5472.0 0.29450491
5476.5 0.28964368
5481.0 0.29175463
5485.5 0.28595158
5490.0 0.30028725
5494.5 0.27607855
5499.0 0.26686728
5503.5 0.27088168
5508.0 0.26723316
5512.5 0.26864871
5517.0 0.26899400
5521.5 0.27424887
5526.0 0.27929124
5530.5 0.26658162
5535.0 0.27404803
5539.5 0.28143212
5544.0 0.27103552
5548.5 0.26648644
5553.0 0.26235968
5557.5 0.26198944
5562.0 0.26307243
5566.5 0.27857417
5571.0 0.26538748
5575.5 0.26692584
5580.0 0.26015022
5584.5 0.26077709
5589.0 0.26052684
5593.5 0.26473722
5598.0 0.26204008
5602.5 0.26798958
5607.0 0.26886249
5611.5 0.26273441
5616.0 0.26090211
5620.5 0.26048589
5625.0 0.26797315
5629.5 0.26627457
5634.0 0.26062933
5638.5 0.25871307
5643.0 0.25669643
5647.5 0.25543439
5652.0 0.25752631
5656.5 0.25975281
5661.0 0.26830968
5665.5 0.27197266
5670.0 0.27709338
5674.5 0.28587735
5679.0 0.27442366
5683.5 0.26095328
5688.0 0.26178306
5692.5 0.25905746
5697.0 0.25499624
5701.5 0.25895208
5706.0 0.26663530
5710.5 0.26941848
5715.0 0.26101282
5719.5 0.26302558
5724.0 0.26693866
5728.5 0.27173758
5733.0 0.27583787
5737.5 0.26222551
5742.0 0.26480111
5746.5 0.26969397
5751.0 0.27047852
5755.5 0.26470715
5760.0 0.26421613
5764.5 0.26811805
5769.0 0.26785141
5773.5 0.26491150
5778.0 0.27139613
5782.5 0.26859617
5787.0 0.27236673
5791.5 0.27886376
5796.0 0.27494690
5800.5 0.28292891
5805.0 0.27837455
5809.5 0.29725569
5814.0 0.29942918
5818.5 0.30724168
5823.0 0.31586194
5827.5 0.31455362
5832.0 0.32095140
5836.5 0.33892471
5841.0 0.34077394
5845.5 0.35558715
5850.0 0.37197804
5854.5 0.39476961
5859.0 0.42116064
5863.5 0.45300886
5868.0 0.49688795
5872.5 0.55169815
5877.0 0.61878145
5881.5 0.69782066
5886.0 0.81807154
5890.5 0.96108472
5895.0 1.1412058
5899.5 1.3228164
5904.0 1.5558751
5908.5 1.5987829
5913.0 1.3671029
5917.5 1.1377391
5922.0 1.0350019
5926.5 0.97473586
5931.0 0.84401774
5935.5 0.71195757
5940.0 0.64132887
5944.5 0.58491755
5949.0 0.53334540
5953.5 0.49404177
5958.0 0.46998557
5962.5 0.43999502
5967.0 0.40961978
5971.5 0.38438016
5976.0 0.35903138
5980.5 0.33735704
5985.0 0.33048072
5989.5 0.32365730
5994.0 0.30735001
5998.5 0.30533385
