300.0 0.0
385.0 0.0000000
388.85 0.0000000
392.7 0.0000000
396.55 0.0000000
400.4 0.0000000
404.25 0.0000000
408.1 0.0000000
411.95 0.0000000
415.8 0.0000000
419.65 0.0000000
423.5 0.0000000
427.35 0.0000000
431.2 0.0000000
435.05 0.0000000
438.9 0.0000000
442.75 0.0000000
446.6 0.0000000
450.45 0.0000000
454.3 0.0000000
458.15 0.0000000
462.0 0.0000000
465.85 0.0000000
469.7 0.0000000
473.55 0.0000000
477.4 0.0000000
481.25 0.0000000
485.1 0.0000000
488.95 0.0000000
492.8 0.0000000
496.65 0.0000000
500.5 0.0000000
504.35 0.0000000
508.2 0.0000000
512.05 0.0000000
515.9 0.0000000
519.75 0.0000000
523.6 0.0000000
527.45 0.0000000
531.3 0.0000000
535.15 0.0000000
539.0 0.0000000
542.85 0.0000000
546.7 0.0000000
550.55 0.0000000
554.4 0.0000000
558.25 0.0000000
562.1 0.0000000
565.95 0.0000000
569.8 0.0000000
573.65 0.0000000
577.5 0.0000000
581.35 0.0000000
585.2 0.0000000
589.05 0.0000000
592.9 0.0000000
596.75 0.0000000
600.6 0.0000000
604.45 0.0000000
608.3 0.0000000
612.15 0.0000000
616.0 0.0000000
619.85 0.0000000
623.7 0.0000000
627.55 0.0000000
631.4 0.0000000
635.25 0.0000000
639.1 0.0000000
642.95 0.0000000
646.8 0.0000000
650.65 0.0000000
654.5 0.0000000
658.35 0.0000000
662.2 0.0000000
666.05 0.0000000
669.9 0.0000000
673.75 0.0000000
677.6 0.0000000
681.45 0.0000000
685.3 0.0000000
689.15 0.0000000
693.0 0.0000000
696.85 0.0000000
700.7 0.0000000
704.55 1.73888949E-03
708.4 1.48232700E-03
712.25 1.25654484E-03
716.1 1.05913333E-03
719.95 8.87406932E-04
723.8 7.39175477E-04
727.65 6.11883763E-04
731.5 5.03238000E-04
735.35 4.11243032E-04
739.2 3.33765493E-04
743.05 2.69029581E-04
746.9 2.15340304E-04
750.75 1.63511292E-03
754.6 1.40864286E-03
758.45 1.20786543E-03
762.3 1.03078759E-03
766.15 8.75478028E-04
770.0 8.11446807E-04
773.85 7.14925001E-04
777.7 5.97489823E-04
781.55 5.36878826E-04
785.4 4.91128769E-04
789.25 4.49248357E-04
793.1 2.73215212E-02
796.95 2.58782282E-02
800.8 2.02614833E-02
804.65 1.56358071E-02
808.5 1.35660563E-02
812.35 1.21683143E-02
816.2 1.12091806E-02
820.05 1.04306266E-02
823.9 9.27599426E-03
827.75 7.61964731E-03
831.6 6.97122840E-03
835.45 5.63276839E-03
839.3 4.61219065E-03
843.15 3.82503774E-03
847.0 3.29296873E-03
850.85 2.97466805E-03
854.7 2.52834754E-03
858.55 2.27672956E-03
862.4 2.06071232E-03
866.25 1.75304140E-03
870.1 1.36179093E-03
873.95 1.14346261E-03
877.8 8.99984851E-04
881.65 7.79550523E-04
885.5 6.58681151E-04
889.35 5.38100314E-04
893.2 4.50332620E-04
897.05 3.88056622E-04
900.9 3.34962999E-04
904.75 2.98165920E-04
908.6 2.54256156E-04
912.45 2.17916779E-04
916.3 1.88978520E-04
920.15 1.68473285E-04
924.0 1.53355533E-04
927.85 1.45839847E-04
931.7 1.42916528E-04
935.55 1.52189838E-04
939.4 0.92150337
943.25 0.74862510
947.1 0.70131993
950.95 0.70408142
954.8 0.66241181
958.65 0.53257132
962.5 0.46178070
966.35 0.43610674
970.2 0.41908532
974.05 0.39350009
977.9 0.36079016
981.75 0.33939826
985.6 0.33291215
989.45 0.33513081
993.3 0.34190714
997.15 0.34557915
1001.0 0.37315637
1004.85 0.38047600
1008.7 0.36551470
1012.55 0.33434325
1016.4 0.33777946
1020.25 0.33596933
1024.1 0.34529769
1027.95 0.35252979
1031.8 0.34949332
1035.65 0.33814615
1039.5 0.33485174
1043.35 0.34671792
1047.2 0.34578574
1051.05 0.35279047
1054.9 0.34944555
1058.75 0.35885099
1062.6 0.38067037
1066.45 0.40339786
1070.3 0.43448931
1074.15 0.44400331
1078.0 0.45182127
1081.85 0.41224071
1085.7 0.38618219
1089.55 0.36701307
1093.4 0.35928744
1097.25 0.35884172
1101.1 0.34373119
1104.95 0.34046209
1108.8 0.33950388
1112.65 0.33804089
1116.5 0.34517831
1120.35 0.34292105
1124.2 0.33664843
1128.05 0.34780082
1131.9 0.34282109
1135.75 0.34920922
1139.6 0.35861981
1143.45 0.36498457
1147.3 0.37495467
1151.15 0.37548772
1155.0 0.38849977
1158.85 0.39822868
1162.7 0.40905958
1166.55 0.42570114
1170.4 0.45869049
1174.25 0.50265294
1178.1 0.55314350
1181.95 0.61720252
1185.8 0.69678313
1189.65 0.74484879
1193.5 0.67781293
1197.35 0.57645625
1201.2 0.49938968
1205.05 0.45949599
1208.9 0.43985781
1212.75 0.42896658
1216.6 0.40962717
1220.45 0.40909809
1224.3 0.39768010
1228.15 0.40639037
1232.0 0.40834633
1235.85 0.40776563
1239.7 0.41306296
1243.55 0.40872213
1247.4 0.41571277
1251.25 0.42229730
1255.1 0.42378995
1258.95 0.43371391
1262.8 0.41774273
1266.65 0.41566232
1270.5 0.41100848
1274.35 0.41849256
1278.2 0.42112881
1282.05 0.41586953
1285.9 0.39553088
1289.75 0.38345167
1293.6 0.37874016
1297.45 0.37242791
1301.3 0.37370738
1305.15 0.37336585
1309.0 0.37331727
1312.85 0.37987286
1316.7 0.37934670
1320.55 0.38610572
1324.4 0.38857302
1328.25 0.38853717
1332.1 0.38473502
1335.95 0.39027303
1339.8 0.39268735
1343.65 0.40400860
1347.5 0.39819124
1351.35 0.39244795
1355.2 0.37582490
1359.05 0.38213062
1362.9 0.38454673
1366.75 0.38009951
1370.6 0.39364427
1374.45 0.39808595
1378.3 0.38830498
1382.15 0.38236424
1386.0 0.38354707
1389.85 0.38422677
1393.7 0.38472837
1397.55 0.39030856
1401.4 0.38415986
1405.25 0.38361618
1409.1 0.38920105
1412.95 0.38943869
1416.8 0.39977723
1420.65 0.39874688
1424.5 0.42526326
1428.35 0.42453840
1432.2 0.42960310
1436.05 0.42383224
1439.9 0.42549148
1443.75 0.43014497
1447.6 0.45004958
1451.45 0.48507783
1455.3 0.51707870
1459.15 0.54340196
1463.0 0.55405921
1466.85 0.58414942
1470.7 0.55960816
1474.55 0.51253283
1478.4 0.46959993
1482.25 0.44125998
1486.1 0.42834589
1489.95 0.41514209
1493.8 0.40272817
1497.65 0.39332825
1501.5 0.39108661
1505.35 0.37736797
1509.2 0.37240851
1513.05 0.37042964
1516.9 0.37499210
1520.75 0.37754574
1524.6 0.36978233
1528.45 0.37223378
1532.3 0.37513885
1536.15 0.37921426
1540.0 0.37073591
1543.85 0.37570137
1547.7 0.38541096
1551.55 0.36544192
1555.4 0.37602311
1559.25 0.37935206
1563.1 0.37760711
1566.95 0.38174507
1570.8 0.37659785
1574.65 0.37249684
1578.5 0.38375232
1582.35 0.40021545
1586.2 0.39321604
1590.05 0.40404221
1593.9 0.40158421
1597.75 0.40360296
1601.6 0.40226346
1605.45 0.40837955
1609.3 0.40814534
1613.15 0.40805188
1617.0 0.39594156
1620.85 0.39042413
1624.7 0.39640510
1628.55 0.40297517
1632.4 0.38682628
1636.25 0.40643317
1640.1 0.39319286
1643.95 0.40349841
1647.8 0.40071219
1651.65 0.40977785
1655.5 0.39129221
1659.35 0.39795598
1663.2 0.39844641
1667.05 0.40628764
1670.9 0.38701406
1674.75 0.39238811
1678.6 0.40070501
1682.45 0.38371047
1686.3 0.39166719
1690.15 0.38062209
1694.0 0.37078902
1697.85 0.37109125
1701.7 0.37138888
1705.55 0.37451288
1709.4 0.37747118
1713.25 0.37871268
1717.1 0.37409222
1720.95 0.37280768
1724.8 0.37307760
1728.65 0.37334353
1732.5 0.37865674
1736.35 0.37862673
1740.2 0.38480124
1744.05 0.38771859
1747.9 0.38815787
1751.75 0.39157513
1755.6 0.39577687
1759.45 0.40353730
1763.3 0.41319326
1767.15 0.41057682
1771.0 0.42203385
1774.85 0.42748803
1778.7 0.43168929
1782.55 0.43469322
1786.4 0.43839499
1790.25 0.44451538
1794.1 0.44738409
1797.95 0.44194177
1801.8 0.43863523
1805.65 0.42938936
1809.5 0.42887977
1813.35 0.42115033
1817.2 0.42784807
1821.05 0.42312768
1824.9 0.42093158
1828.75 0.42262763
1832.6 0.42053878
1836.45 0.42204463
1840.3 0.42348725
1844.15 0.42886144
1848.0 0.43942985
1851.85 0.43321171
1855.7 0.44931811
1859.55 0.46094471
1863.4 0.47514084
1867.25 0.47426721
1871.1 0.46131617
1874.95 0.45951292
1878.8 0.46147966
1882.65 0.45148554
1886.5 0.44355553
1890.35 0.44151673
1894.2 0.44026509
1898.05 0.44917247
1901.9 0.45879939
1905.75 0.46110204
1909.6 0.45859933
1913.45 0.46024874
1917.3 0.45784482
1921.15 0.46065220
1925.0 0.45645046
1928.85 0.45503673
1932.7 0.45604989
1936.55 0.45443115
1940.4 0.44917235
1944.25 0.44315577
1948.1 0.44777265
1951.95 0.44973803
1955.8 0.45041722
1959.65 0.44653863
1963.5 0.44354308
1967.35 0.44285136
1971.2 0.44111830
1975.05 0.43987522
1978.9 0.43657115
1982.75 0.43114328
1986.6 0.43378672
1990.45 0.43428504
1994.3 0.42993745
1998.15 0.41913313
2002.0 0.43036041
2005.85 0.43272492
2009.7 0.43054882
2013.55 0.43098566
2017.4 0.43514520
2021.25 0.42755005
2025.1 0.42814118
2028.95 0.42021680
2032.8 0.41406268
2036.65 0.39828891
2040.5 0.39685866
2044.35 0.39659730
2048.2 0.39311451
2052.05 0.40420857
2055.9 0.41051295
2059.75 0.41181338
2063.6 0.40339035
2067.45 0.40792152
2071.3 0.41012117
2075.15 0.41605720
2079.0 0.41653472
2082.85 0.42660585
2086.7 0.43943650
2090.55 0.44373861
2094.4 0.43848383
2098.25 0.45236114
2102.1 0.45884454
2105.95 0.45885432
2109.8 0.46167567
2113.65 0.48083434
2117.5 0.49312010
2121.35 0.49105197
2125.2 0.50088537
2129.05 0.48996320
2132.9 0.50271028
2136.75 0.52043867
2140.6 0.56435388
2144.45 0.61581498
2148.3 0.69563836
2152.15 0.77717721
2156.0 0.80276883
2159.85 0.76269013
2163.7 0.67616177
2167.55 0.60212582
2171.4 0.55627739
2175.25 0.53382498
2179.1 0.51620156
2182.95 0.50264263
2186.8 0.49204496
2190.65 0.48187771
2194.5 0.47890368
2198.35 0.46963832
2202.2 0.46164820
2206.05 0.45243654
2209.9 0.44739243
2213.75 0.44641519
2217.6 0.43400577
2221.45 0.43520945
2225.3 0.42474905
2229.15 0.42233106
2233.0 0.42221442
2236.85 0.40513256
2240.7 0.41154703
2244.55 0.41161683
2248.4 0.41799992
2252.25 0.42982098
2256.1 0.43420646
2259.95 0.43605173
2263.8 0.43605998
2267.65 0.43945512
2271.5 0.43381959
2275.35 0.43525341
2279.2 0.44138941
2283.05 0.43523684
2286.9 0.43707311
2290.75 0.42958176
2294.6 0.43252838
2298.45 0.42245239
2302.3 0.41569212
2306.15 0.40857971
2310.0 0.40521351
2313.85 0.39582863
2317.7 0.39215285
2321.55 0.38174075
2325.4 0.37468255
2329.25 0.37347859
2333.1 0.37732792
2336.95 0.37271771
2340.8 0.38100001
2344.65 0.38331276
2348.5 0.38484272
2352.35 0.38511494
2356.2 0.38576236
2360.05 0.39373606
2363.9 0.38997948
2367.75 0.39800468
2371.6 0.39789093
2375.45 0.39664331
2379.3 0.39264446
2383.15 0.39696431
2387.0 0.39448231
2390.85 0.40320909
2394.7 0.41376171
2398.55 0.41519952
2402.4 0.43214861
2406.25 0.43598971
2410.1 0.43614960
2413.95 0.43051222
2417.8 0.43043655
2421.65 0.41490743
2425.5 0.42443752
2429.35 0.42058998
2433.2 0.42012420
2437.05 0.42570764
2440.9 0.43726739
2444.75 0.43802503
2448.6 0.44384265
2452.45 0.44694787
2456.3 0.45075360
2460.15 0.44666106
2464.0 0.44915652
2467.85 0.44279942
2471.7 0.44812536
2475.55 0.44291571
2479.4 0.43007576
2483.25 0.43056449
2487.1 0.43616799
2490.95 0.42498004
2494.8 0.42462879
2498.65 0.42524952
2502.5 0.42529657
2506.35 0.43235078
2510.2 0.43074712
2514.05 0.42373821
2517.9 0.42319784
2521.75 0.43201011
2525.6 0.43148622
2529.45 0.42882928
2533.3 0.43697765
2537.15 0.42490062
2541.0 0.41991499
2544.85 0.41455936
2548.7 0.41083181
2552.55 0.40800765
2556.4 0.39985660
2560.25 0.39853004
2564.1 0.40348753
2567.95 0.40733430
2571.8 0.41283458
2575.65 0.42598814
2579.5 0.41175681
2583.35 0.40627977
2587.2 0.40402207
2591.05 0.40235353
2594.9 0.39791846
2598.75 0.40761080
2602.6 0.40637901
2606.45 0.40951052
2610.3 0.40593815
2614.15 0.40744293
2618.0 0.40792069
2621.85 0.41751134
2625.7 0.42021796
2629.55 0.42758921
2633.4 0.44173053
2637.25 0.45997983
2641.1 0.43853357
2644.95 0.42209819
2648.8 0.42474872
2652.65 0.41845745
2656.5 0.40340930
2660.35 0.40814993
2664.2 0.40954703
2668.05 0.39838445
2671.9 0.39590076
2675.75 0.38731381
2679.6 0.38203627
2683.45 0.39249873
2687.3 0.39160007
2691.15 0.38626114
2695.0 0.39403048
2698.85 0.38435322
2702.7 0.37836984
2706.55 0.37840822
2710.4 0.37223035
2714.25 0.36624867
2718.1 0.35937041
2721.95 0.36407629
2725.8 0.36337391
2729.65 0.35304731
2733.5 0.35633022
2737.35 0.36224926
2741.2 0.36483997
2745.05 0.35812184
2748.9 0.36485237
2752.75 0.37411880
2756.6 0.36727536
2760.45 0.37544662
2764.3 0.36486065
2768.15 0.36589712
2772.0 0.36065242
2775.85 0.36547524
2779.7 0.36779711
2783.55 0.36073312
2787.4 0.37090158
2791.25 0.36482629
2795.1 0.36175752
2798.95 0.36510137
2802.8 0.35735935
2806.65 0.36143899
2810.5 0.35872412
2814.35 0.36126819
2818.2 0.36381245
2822.05 0.35909453
2825.9 0.35617089
2829.75 0.35532799
2833.6 0.35384580
2837.45 0.35185128
2841.3 0.35223830
2845.15 0.35731429
2849.0 0.35694751
2852.85 0.35676020
2856.7 0.35008004
2860.55 0.35155299
2864.4 0.36649579
2868.25 0.41328955
2872.1 0.42953512
2875.95 0.36318475
2879.8 0.35047844
2883.65 0.35057276
2887.5 0.34656873
2891.35 0.35917896
2895.2 0.34930068
2899.05 0.34179395
2902.9 0.34432167
2906.75 0.34058702
2910.6 0.33625853
2914.45 0.33288783
2918.3 0.32893157
2922.15 0.31121317
2926.0 0.31641313
2929.85 0.31063053
2933.7 0.32435301
2937.55 0.32373074
2941.4 0.32041705
2945.25 0.31738368
2949.1 0.31519321
2952.95 0.32341000
2956.8 0.31695759
2960.65 0.32241488
2964.5 0.32748145
2968.35 0.33304968
2972.2 0.34646052
2976.05 0.37309170
2979.9 0.38883910
2983.75 0.34963864
2987.6 0.32689741
2991.45 0.33877468
2995.3 0.34165278
2999.15 0.32398999
3003.0 0.31721598
3006.85 0.31783679
3010.7 0.31240791
3014.55 0.31071302
3018.4 0.30509496
3022.25 0.29640767
3026.1 0.28675115
3029.95 0.28489318
3033.8 0.29370663
3037.65 0.30261743
3041.5 0.30363610
3045.35 0.30718037
3049.2 0.31490618
3053.05 0.31532139
3056.9 0.31353086
3060.75 0.30323696
3064.6 0.30466190
3068.45 0.30322269
3072.3 0.29078448
3076.15 0.29463875
3080.0 0.28490067
3083.85 0.28505373
3087.7 0.28025433
3091.55 0.28649637
3095.4 0.29028100
3099.25 0.28513303
3103.1 0.27631140
3106.95 0.27614948
3110.8 0.27500230
3114.65 0.27189478
3118.5 0.28029761
3122.35 0.27453926
3126.2 0.28172734
3130.05 0.28746691
3133.9 0.30513468
3137.75 0.30057636
3141.6 0.29895252
3145.45 0.31231111
3149.3 0.31683442
3153.15 0.32804427
3157.0 0.34899798
3160.85 0.33894813
3164.7 0.32216221
3168.55 0.32070711
3172.4 0.30651674
3176.25 0.29899806
3180.1 0.29602829
3183.95 0.29121304
3187.8 0.28163093
3191.65 0.27092567
3195.5 0.26790068
3199.35 0.26928267
3203.2 0.27686483
3207.05 0.27477372
3210.9 0.27311978
3214.75 0.27926874
3218.6 0.26975644
3222.45 0.26647237
3226.3 0.27150437
3230.15 0.26541194
3234.0 0.26267010
3237.85 0.26237708
3241.7 0.26208457
3245.55 0.26339924
3249.4 0.26569226
3253.25 0.26459303
3257.1 0.26372248
3260.95 0.27858600
3264.8 0.27702850
3268.65 0.28136992
3272.5 0.27647367
3276.35 0.26992968
3280.2 0.26572335
3284.05 0.27775240
3287.9 0.27769938
3291.75 0.27583325
3295.6 0.28870666
3299.45 0.28116342
3303.3 0.29038113
3307.15 0.30631849
3311.0 0.30115905
3314.85 0.30745777
3318.7 0.31323081
3322.55 0.32619470
3326.4 0.34703079
3330.25 0.35101640
3334.1 0.37061125
3337.95 0.40132225
3341.8 0.41637921
3345.65 0.41834018
3349.5 0.38916451
3353.35 0.38238874
3357.2 0.37872809
3361.05 0.36051238
3364.9 0.34435302
3368.75 0.31550449
3372.6 0.30906051
3376.45 0.29689273
3380.3 0.29102734
3384.15 0.29853812
3388.0 0.29052559
3391.85 0.28570989
3395.7 0.28612757
3399.55 0.27956474
3403.4 0.27771559
3407.25 0.27639183
3411.1 0.25944412
3414.95 0.26844040
3418.8 0.26717985
3422.65 0.27410874
3426.5 0.26828289
3430.35 0.26722544
3434.2 0.27938172
3438.05 0.28354186
3441.9 0.29436895
3445.75 0.29022956
3449.6 0.28814101
3453.45 0.27744848
3457.3 0.29284763
3461.15 0.29362229
3465.0 0.29555345
3468.85 0.29355463
3472.7 0.30472863
3476.55 0.31783682
3480.4 0.31567961
3484.25 0.30285826
3488.1 0.29581690
3491.95 0.28876457
3495.8 0.29089054
3499.65 0.31242192
3503.5 0.30405092
3507.35 0.30045798
3511.2 0.31222251
3515.05 0.30971956
3518.9 0.28693500
3522.75 0.30251482
3526.6 0.31465411
3530.45 0.30123296
3534.3 0.29559463
3538.15 0.30037147
3542.0 0.28926128
3545.85 0.28262839
3549.7 0.28365055
3553.55 0.29278970
3557.4 0.30351943
3561.25 0.30343974
3565.1 0.29747668
3568.95 0.30127662
3572.8 0.29239222
3576.65 0.29734552
3580.5 0.28844401
3584.35 0.30365628
3588.2 0.28588700
3592.05 0.29525524
3595.9 0.28304327
3599.75 0.28577232
3603.6 0.28807196
3607.45 0.29764366
3611.3 0.27154878
3615.15 0.27104104
3619.0 0.25489494
3622.85 0.25174358
3626.7 0.24828881
3630.55 0.25442585
3634.4 0.25365943
3638.25 0.25296682
3642.1 0.24849260
3645.95 0.25232303
3649.8 0.25498170
3653.65 0.24968934
3657.5 0.24137247
3661.35 0.24358131
3665.2 0.24463092
3669.05 0.24341205
3672.9 0.24726111
3676.75 0.25045982
3680.6 0.25503463
3684.45 0.25412852
3688.3 0.25218600
3692.15 0.25715211
3696.0 0.26459104
3699.85 0.26482129
3703.7 0.26731285
3707.55 0.27738297
3711.4 0.29379794
3715.25 0.29523566
3719.1 0.31739563
3722.95 0.32039344
3726.8 0.33117995
3730.65 0.35600024
3734.5 0.37073529
3738.35 0.41486847
3742.2 0.45262545
3746.05 0.43841594
3749.9 0.40903160
3753.75 0.37992525
3757.6 0.35947520
3761.45 0.34167919
3765.3 0.31918943
3769.15 0.31356284
3773.0 0.31052291
3776.85 0.29977936
3780.7 0.28312621
3784.55 0.29163679
3788.4 0.28218606
3792.25 0.27791923
3796.1 0.27328545
3799.95 0.26598832
3803.8 0.26314351
3807.65 0.27004480
3811.5 0.27015924
3815.35 0.31885430
3819.2 0.34862953
3823.05 0.29147944
3826.9 0.25892836
3830.75 0.25212765
3834.6 0.25006402
3838.45 0.24396552
3842.3 0.25988510
3846.15 0.28397918
3850.0 0.34517655
3853.85 0.48639759
3857.7 0.48536828
3861.55 0.32645491
3865.4 0.27487805
3869.25 0.25846916
3873.1 0.25142008
3876.95 0.24553895
3880.8 0.24087030
3884.65 0.24107327
3888.5 0.23941295
3892.35 0.23979720
3896.2 0.23951611
3900.05 0.23565021
3903.9 0.23307225
3907.75 0.23311082
3911.6 0.22423688
3915.45 0.21966565
3919.3 0.22936031
3923.15 0.22733957
3927.0 0.23020598
3930.85 0.22096595
3934.7 0.22281015
3938.55 0.21973969
3942.4 0.22745070
3946.25 0.22349516
3950.1 0.21777800
3953.95 0.22281110
3957.8 0.22146213
3961.65 0.22825046
3965.5 0.22947717
3969.35 0.23871626
3973.2 0.24392308
3977.05 0.24053295
3980.9 0.23362325
3984.75 0.24394637
3988.6 0.23389697
3992.45 0.22814026
3996.3 0.22863868
4000.15 0.24158452
4004.0 0.23711282
4007.85 0.22466743
4011.7 0.22765699
4015.55 0.22979392
4019.4 0.23369615
4023.25 0.22994846
4027.1 0.23217404
4030.95 0.23130555
4034.8 0.23262243
4038.65 0.22417356
4042.5 0.22801389
4046.35 0.23545872
4050.2 0.22418188
4054.05 0.23055729
4057.9 0.23152946
4061.75 0.22987241
4065.6 0.23024230
4069.45 0.23194298
4073.3 0.23047000
4077.15 0.23937416
4081.0 0.22855212
4084.85 0.22378330
4088.7 0.24475315
4092.55 0.22850551
4096.4 0.23917520
4100.25 0.23317105
4104.1 0.22626485
4107.95 0.22309741
4111.8 0.22059768
4115.65 0.22724266
4119.5 0.21539697
4123.35 0.21733473
4127.2 0.21958169
4131.05 0.21723589
4134.9 0.20706666
4138.75 0.21089332
4142.6 0.21601020
4146.45 0.21558349
4150.3 0.20905672
4154.15 0.20985396
4158.0 0.20811635
4161.85 0.20411466
4165.7 0.20821558
4169.55 0.21247691
4173.4 0.21107294
4177.25 0.20594570
4181.1 0.20297657
4184.95 0.19997250
4188.8 0.20693471
4192.65 0.19954376
4196.5 0.21305437
4200.35 0.20084421
4204.2 0.20178145
4208.05 0.19868991
4211.9 0.19847718
4215.75 0.19826479
4219.6 0.19805264
4223.45 0.20260799
4227.3 0.20351100
4231.15 0.20821247
4235.0 0.20315331
4238.85 0.20378068
4242.7 0.19678614
4246.55 0.19657604
4250.4 0.20219356
4254.25 0.20819747
4258.1 0.20470002
4261.95 0.19972630
4265.8 0.20760757
4269.65 0.21095708
4273.5 0.20039651
4277.35 0.20268825
4281.2 0.19469880
4285.05 0.19449168
4288.9 0.19842620
4292.75 0.19517802
4296.6 0.21339776
4300.45 0.20374946
4304.3 0.19821873
4308.15 0.22133693
4312.0 0.21842596
4315.85 0.20859273
4319.7 0.20481251
4323.55 0.19556361
4327.4 0.19532499
4331.25 0.19202876
4335.1 0.19834372
4338.95 0.19162229
4342.8 0.19258338
4346.65 0.19121699
4350.5 0.19280432
4354.35 0.19081278
4358.2 0.19190368
4362.05 0.19122991
4365.9 0.19020864
4369.75 0.19686413
4373.6 0.19398467
4377.45 0.18960717
4381.3 0.18940717
4385.15 0.18920754
4389.0 0.18900812
4392.85 0.18880902
4396.7 0.18861024
4400.55 0.18841167
4404.4 0.19232608
4408.25 0.18801542
4412.1 0.18836291
4415.95 0.18762027
4419.8 0.18850534
4423.65 0.18728916
4427.5 0.18702960
4431.35 0.18888430
4435.2 0.19156037
4439.05 0.19251749
4442.9 0.19076636
4446.75 0.19048458
4450.6 0.18997896
4454.45 0.18740074
4458.3 0.18898861
4462.15 0.18779583
4466.0 0.18747634
4469.85 0.19169451
4473.7 0.20013870
4477.55 0.19036335
4481.4 0.19701080
4485.25 0.19324636
4489.1 0.19926737
4492.95 0.19464207
4496.8 0.20100401
4500.65 0.19784170
4504.5 0.19878905
4508.35 0.20461817
4512.2 0.19970292
4516.05 0.20356601
4519.9 0.21033072
4523.75 0.22651246
4527.6 0.22138357
4531.45 0.21716298
4535.3 0.21839529
4539.15 0.19919240
4543.0 0.19590144
4546.85 0.20507257
4550.7 0.20149304
4554.55 0.19452617
4558.4 0.19562931
4562.25 0.19675325
4566.1 0.19705874
4569.95 0.19363570
4573.8 0.19750558
4577.65 0.20161565
4581.5 0.18925728
4585.35 0.19132604
4589.2 0.19005691
4593.05 0.19620301
4596.9 0.18514353
4600.75 0.18717654
4604.6 0.18671566
4608.45 0.18609537
4612.3 0.18748225
4616.15 0.18715948
4620.0 0.18675113
4623.85 0.18849318
4627.7 0.18549547
4631.55 0.18399961
4635.4 0.18082015
4639.25 0.18072161
4643.1 0.17782392
4646.95 0.18132815
4650.8 0.18177046
4654.65 0.18391435
4658.5 0.18545566
4662.35 0.17843947
4666.2 0.18232502
4670.05 0.18785292
4673.9 0.18571424
4677.75 0.18761815
4681.6 0.19109441
4685.45 0.18801692
4689.3 0.18946451
4693.15 0.18577167
4697.0 0.19516431
4700.85 0.17950331
4704.7 0.17358454
4708.55 0.17626700
4712.4 0.17396306
4716.25 0.17495504
4720.1 0.17525037
4723.95 0.17874572
4727.8 0.18210515
4731.65 0.17388771
4735.5 0.17882936
4739.35 0.18372108
4743.2 0.17700455
4747.05 0.17410284
4750.9 0.17147473
4754.75 0.17130055
4758.6 0.17207669
4762.45 0.18228833
4766.3 0.17372790
4770.15 0.17480366
4774.0 0.17043337
4777.85 0.17091098
4781.7 0.17081380
4785.55 0.17364213
4789.4 0.17194009
4793.25 0.17591234
4797.1 0.17655392
4800.95 0.17259674
4804.8 0.17145939
4808.65 0.17125204
4812.5 0.17624241
4816.35 0.17519274
4820.2 0.17154448
4824.05 0.17034855
4827.9 0.16908552
4831.75 0.16831857
4835.6 0.16976188
4839.45 0.17129487
4843.3 0.17700507
4847.15 0.17948973
4851.0 0.18293855
4854.85 0.18880925
4858.7 0.18131311
4862.55 0.17247821
4866.4 0.17309189
4870.25 0.17135413
4874.1 0.16873115
4877.95 0.17141297
4881.8 0.17656492
4885.65 0.17847459
4889.5 0.17297079
4893.35 0.17436951
4897.2 0.17702945
4901.05 0.18027887
4904.9 0.18306692
4908.75 0.17409709
4912.6 0.17587200
4916.45 0.17918769
4920.3 0.17977509
4924.15 0.17600372
4928.0 0.17574167
4931.85 0.17840229
4935.7 0.17829001
4939.55 0.17639749
4943.4 0.18078125
4947.25 0.17898123
4951.1 0.18155965
4954.95 0.18595789
4958.8 0.18341236
4962.65 0.18880518
4966.5 0.18583295
4970.35 0.19850875
4974.2 0.20003207
4978.05 0.20532486
4981.9 0.21116124
4985.75 0.21036182
4989.6 0.21471705
4993.45 0.22682206
4997.3 0.22814079
5001.15 0.23814249
5005.0 0.24920811
5008.85 0.26457107
5012.7 0.28235787
5016.55 0.30381697
5020.4 0.33336255
5024.25 0.37026492
5028.1 0.41543290
5031.95 0.46866193
5035.8 0.54961574
5039.65 0.64592367
5043.5 0.76724672
5047.35 0.88965541
5051.2 1.0467622
5055.05 1.0760031
5058.9 0.92039812
5062.75 0.76624477
5066.6 0.69729406
5070.45 0.65691847
5074.3 0.56901759
5078.15 0.48015058
5082.0 0.43266642
5085.85 0.39474428
5089.7 0.36006287
5093.55 0.33364278
5097.4 0.31750506
5101.25 0.29734573
5105.1 0.27691248
5108.95 0.25993803
5112.8 0.24287814
5116.65 0.22829305
5120.5 0.22371528
5124.35 0.21917009
5128.2 0.20819741
5132.05 0.20690121
5135.9 0.20306653
5139.75 0.20334302
5143.6 0.20697215
5147.45 0.20643891
5151.3 0.20218579
5155.15 0.19567284
5159.0 0.20549066
5162.85 0.21081777
5166.7 0.21515909
5170.55 0.23699294
5174.4 0.23581833
5178.25 0.21989085
5182.1 0.22215326
5185.95 0.22488508
5189.8 0.21847098
5193.65 0.20166638
5197.5 0.18530189
5201.35 0.18352227
5205.2 0.17891291
5209.05 0.17352109
5212.9 0.17247269
5216.75 0.16770044
5220.6 0.16034791
5224.45 0.15949155
5228.3 0.16030866
5232.15 0.16006151
5236.0 0.15263315
5239.85 0.15123726
5243.7 0.15109254
5247.55 0.15596320
5251.4 0.16213749
5255.25 0.15574796
5259.1 0.15351483
5262.95 0.15309702
5266.8 0.15022595
5270.65 0.15008231
5274.5 0.14993890
5278.35 0.16009417
5282.2 0.15402639
5286.05 0.15515648
5289.9 0.14936724
5293.75 0.14922483
5297.6 0.15197147
5301.45 0.15687104
5305.3 0.15567614
5309.15 0.15204066
5313.0 0.15360148
5316.85 0.15376678
5320.7 0.15265085
5324.55 0.14809312
5328.4 0.14795257
5332.25 0.14781222
5336.1 0.14903992
5339.95 0.14753217
5343.8 0.14739242
5347.65 0.14725292
5351.5 0.15076092
5355.35 0.14697447
5359.2 0.14683557
5363.05 0.14669685
5366.9 0.14874156
5370.75 0.14642002
5374.6 0.14628191
5378.45 0.14614402
5382.3 0.14600630
5386.15 0.14997469
5390.0 0.14660664
5393.85 0.15471539
5397.7 0.14655828
5401.55 0.14657977
5405.4 0.14518429
5409.25 0.14504799
5413.1 0.15542829
5416.95 0.16129823
5420.8 0.15572660
5424.65 0.16733435
5428.5 0.15474901
5432.35 0.17415713
5436.2 0.16397023
5440.05 0.15153810
5443.9 0.16868080
5447.75 0.15716380
5451.6 0.15330356
5455.45 0.15460975
5459.3 0.14974931
5463.15 0.14765882
5467.0 0.14302716
5470.85 0.14289401
5474.7 0.14497016
5478.55 0.15043049
5482.4 0.14249571
5486.25 0.14236335
5490.1 0.14223121
5493.95 0.14209923
5497.8 0.15630654
5501.65 0.14521587
5505.5 0.14170444
5509.35 0.14157325
5513.2 0.14398478
5517.05 0.14303480
5520.9 0.14118072
5524.75 0.14105037
5528.6 0.14507583
5532.45 0.14959952
5536.3 0.15791121
5540.15 0.14053048
5544.0 0.15549958
5547.85 0.14067705
5551.7 0.14732537
5555.55 0.14001371
5559.4 0.14951313
5563.25 0.14560480
5567.1 0.14533040
5570.95 0.14823851
5574.8 0.15517348
5578.65 0.14785312
5582.5 0.13911669
5586.35 0.14851157
5590.2 0.16443717
5594.05 0.13873509
5597.9 0.13860826
5601.75 0.13887966
5605.6 0.13835515
5609.45 0.13822889
5613.3 0.13810278
5617.15 0.15164518
5621.0 0.14773950
5624.85 0.13772570
5628.7 0.13760038
5632.55 0.14499894
5636.4 0.15518764
5640.25 0.13722548
5644.1 0.13839325
5647.95 0.16918068
5651.8 0.14550862
5655.65 0.14427069
5659.5 0.13660437
5663.35 0.15524498
5667.2 0.16594063
5671.05 0.15853485
5674.9 0.17439634
5678.75 0.17075428
5682.6 0.17997697
5686.45 0.15644982
5690.3 0.16235402
5694.15 0.19997369
5698.0 0.17937729
5701.85 0.17216182
5705.7 0.15584788
5709.55 0.15062085
5713.4 0.18620381
5717.25 0.17763081
5721.1 0.17186381
5724.95 0.16009566
5728.8 0.14326283
5732.65 0.16192037
5736.5 0.13416575
5740.35 0.13404572
5744.2 0.13392586
5748.05 0.13380621
5751.9 0.13368674
5755.75 0.13356741
5759.6 0.13344830
5763.45 0.13332932
5767.3 0.13321055
5771.15 0.13309196
5775.0 0.13297357
5778.85 0.13285531
5782.7 0.13273726
5786.55 0.13261937
5790.4 0.13250169
5794.25 0.13238417
5798.1 0.13226680
5801.95 0.13214964
5805.8 0.13203263
5809.65 0.13191584
5813.5 0.13179919
5817.35 0.13168271
5821.2 0.13156646
5825.05 0.13145034
5828.9 0.13133438
5832.75 0.13121860
5836.6 0.13110304
5840.45 0.13098763
5844.3 0.13087235
5848.15 0.13075730
5852.0 0.13064244
5855.85 0.13052772
5859.7 0.13041316
5863.55 0.13029879
5867.4 0.13018459
5871.25 0.13007058
5875.1 0.12995675
5878.95 0.12984310
5882.8 0.12972961
5886.65 0.12961625
5890.5 0.12950310
5894.35 0.12939012
5898.2 0.12927730
5902.05 0.12916468
5905.9 0.12905219
5909.75 0.12893993
5913.6 0.12882780
5917.45 0.12871584
5921.3 0.12860408
5925.15 0.12849249
5929.0 0.12838101
5932.85 0.12826976
5936.7 0.12815869
5940.55 0.12804773
5944.4 0.12793702
5948.25 0.12782638
5952.1 0.12771593
5955.95 0.12760574
5959.8 0.12749578
5963.65 0.12738578
5967.5 0.12727599
5971.35 0.12716646
5975.2 0.12705712
5979.05 0.12694775
5982.9 0.12683862
5986.75 0.12672998
5990.6 0.12662102
5994.45 0.12651254
5998.3 0.12640429
