300.0 0.0
345.0 0.0000000
348.45 0.0000000
351.9 0.0000000
355.35 0.0000000
358.8 0.0000000
362.25 0.0000000
365.7 0.0000000
369.15 0.0000000
372.6 0.0000000
376.05 0.0000000
379.5 0.0000000
382.95 0.0000000
386.4 0.0000000
389.85 0.0000000
393.3 0.0000000
396.75 0.0000000
400.2 0.0000000
403.65 0.0000000
407.1 0.0000000
410.55 0.0000000
414.0 0.0000000
417.45 0.0000000
420.9 0.0000000
424.35 0.0000000
427.8 0.0000000
431.25 0.0000000
434.7 0.0000000
438.15 0.0000000
441.6 0.0000000
445.05 0.0000000
448.5 0.0000000
451.95 0.0000000
455.4 0.0000000
458.85 0.0000000
462.3 0.0000000
465.75 0.0000000
469.2 0.0000000
472.65 0.0000000
476.1 0.0000000
479.55 0.0000000
483.0 0.0000000
486.45 0.0000000
489.9 0.0000000
493.35 0.0000000
496.8 0.0000000
500.25 0.0000000
503.7 0.0000000
507.15 0.0000000
510.6 0.0000000
514.05 0.0000000
517.5 0.0000000
520.95 0.0000000
524.4 0.0000000
527.85 0.0000000
531.3 0.0000000
534.75 0.0000000
538.2 0.0000000
541.65 0.0000000
545.1 0.0000000
548.55 0.0000000
552.0 0.0000000
555.45 0.0000000
558.9 0.0000000
562.35 0.0000000
565.8 0.0000000
569.25 0.0000000
572.7 0.0000000
576.15 0.0000000
579.6 0.0000000
583.05 0.0000000
586.5 0.0000000
589.95 0.0000000
593.4 0.0000000
596.85 0.0000000
600.3 0.0000000
603.75 0.0000000
607.2 0.0000000
610.65 0.0000000
614.1 0.0000000
617.55 0.0000000
621.0 0.0000000
624.45 0.0000000
627.9 0.0000000
631.35 8.45839828E-02
634.8 7.92789683E-02
638.25 7.39034042E-02
641.7 6.87623322E-02
645.15 6.39225021E-02
648.6 5.93091510E-02
652.05 5.49194403E-02
655.5 5.07467613E-02
658.95 4.68397141E-02
662.4 4.32142019E-02
665.85 3.95969748E-02
669.3 3.58183198E-02
672.75 8.63669515E-02
676.2 7.99226016E-02
679.65 7.39658102E-02
683.1 6.83175698E-02
686.55 6.29552454E-02
690.0 6.34806976E-02
693.45 6.10206611E-02
696.9 5.58116436E-02
700.35 5.48704192E-02
703.8 5.49638979E-02
707.25 5.58093898E-02
710.7 0.34361306
714.15 0.34569609
717.6 0.28955257
721.05 0.23862803
724.5 0.22147289
727.95 0.21311902
731.4 0.21127513
734.85 0.21220869
738.3 0.20434332
741.75 0.18236791
745.2 0.18186830
748.65 0.16072270
752.1 0.14447111
755.55 0.13200498
759.0 0.12566318
762.45 0.12602240
765.9 0.11939269
769.35 0.12031587
772.8 0.12239513
776.25 0.11750901
779.7 0.10349689
783.15 9.94287878E-02
786.6 8.97399336E-02
790.05 8.84999707E-02
793.5 8.40122029E-02
796.95 7.64909312E-02
800.4 7.13078454E-02
803.85 6.89199194E-02
807.3 6.70808330E-02
810.75 6.75660148E-02
814.2 6.54205009E-02
817.65 6.39108121E-02
821.1 6.34130314E-02
824.55 6.49225488E-02
828.0 6.81441873E-02
831.45 7.50428438E-02
834.9 8.55014995E-02
838.35 0.10631343
841.8 3.4567573
845.25 2.7968452
848.7 2.6095653
852.15 2.6093650
855.6 2.4451869
859.05 1.9581673
862.5 1.6912496
865.95 1.5910240
869.4 1.5230510
872.85 1.4245996
876.3 1.3012319
879.75 1.2194772
883.2 1.1916964
886.65 1.1951938
890.1 1.2148767
893.55 1.2234311
897.0 1.3162756
900.45 1.3372581
903.9 1.2800912
907.35 1.1667681
910.8 1.1745981
914.25 1.1642216
917.7 1.1923884
921.15 1.2131650
924.6 1.1986017
928.05 1.1557409
931.5 1.1406188
934.95 1.1770862
938.4 1.1700140
941.85 1.1897643
945.3 1.1746148
948.75 1.2023036
952.2 1.2712749
955.65 1.3428426
959.1 1.4417231
962.55 1.4686199
966.0 1.4897709
969.45 1.3550111
972.9 1.2654128
976.35 1.1988893
979.8 1.1700534
983.25 1.1650424
986.7 1.1126070
990.15 1.0987134
993.6 1.0923493
997.05 1.0844163
1000.5 1.1040487
1003.95 1.0936183
1007.4 1.0704910
1010.85 1.1027579
1014.3 1.0838490
1017.75 1.1008955
1021.2 1.1273582
1024.65 1.1441351
1028.1 1.1721002
1031.55 1.1705019
1035.0 1.2077179
1038.45 1.2345630
1041.9 1.2646810
1045.35 1.3125626
1048.8 1.4104686
1052.25 1.5415139
1055.7 1.6918421
1059.15 1.8827808
1062.6 2.1199560
1066.05 2.2602751
1069.5 2.0515130
1072.95 1.7402383
1076.4 1.5037193
1079.85 1.3800679
1083.3 1.3177381
1086.75 1.2818743
1090.2 1.2210187
1093.65 1.2164074
1097.1 1.1795324
1100.55 1.2024035
1104.0 1.2052387
1107.45 1.2005997
1110.9 1.2132599
1114.35 1.1976275
1117.8 1.2152033
1121.25 1.2315214
1124.7 1.2329590
1128.15 1.2588714
1131.6 1.2096868
1135.05 1.2008718
1138.5 1.1846890
1141.95 1.2034967
1145.4 1.2083184
1148.85 1.1905242
1152.3 1.1297492
1155.75 1.0927939
1159.2 1.0769624
1162.65 1.0566671
1166.1 1.0579621
1169.55 1.0546799
1173.0 1.0522461
1176.45 1.0684048
1179.9 1.0646269
1183.35 1.0812752
1186.8 1.0858670
1190.25 1.0834663
1193.7 1.0706031
1197.15 1.0837384
1200.6 1.0881703
1204.05 1.1172218
1207.5 1.0988655
1210.95 1.0807959
1214.4 1.0329059
1217.85 1.0481066
1221.3 1.0526052
1224.75 1.0383451
1228.2 1.0731992
1231.65 1.0831546
1235.1 1.0544554
1238.55 1.0362831
1242.0 1.0374584
1245.45 1.0372772
1248.9 1.0366234
1252.35 1.0496354
1255.8 1.0311238
1259.25 1.0277051
1262.7 1.0406924
1266.15 1.0393664
1269.6 1.0649600
1273.05 1.0602350
1276.5 1.1286422
1279.95 1.1246396
1283.4 1.1359671
1286.85 1.1186607
1290.3 1.1210002
1293.75 1.1312113
1297.2 1.1814278
1300.65 1.2711016
1304.1 1.3525442
1307.55 1.4188811
1311.0 1.4441575
1314.45 1.5199158
1317.9 1.4535205
1321.35 1.3289349
1324.8 1.2155107
1328.25 1.1401913
1331.7 1.1049286
1335.15 1.0690449
1338.6 1.0353205
1342.05 1.0094507
1345.5 1.0020128
1348.95 0.96419364
1352.4 0.94890684
1355.85 0.94128543
1359.3 0.95028907
1362.75 0.95417494
1366.2 0.93204170
1369.65 0.93571192
1373.1 0.94050694
1376.55 0.94820940
1380.0 0.92457098
1383.45 0.93450230
1386.9 0.95615798
1390.35 0.90427047
1393.8 0.92805672
1397.25 0.93387437
1400.7 0.92721021
1404.15 0.93499535
1407.6 0.92006278
1411.05 0.90776074
1414.5 0.93285686
1417.95 0.97046226
1421.4 0.95113558
1424.85 0.97492319
1428.3 0.96662372
1431.75 0.96912175
1435.2 0.96356940
1438.65 0.97586650
1442.1 0.97297317
1445.55 0.97043347
1449.0 0.93940198
1452.45 0.92412835
1455.9 0.93608576
1459.35 0.94938058
1462.8 0.90921956
1466.25 0.95309788
1469.7 0.91993093
1473.15 0.94188398
1476.6 0.93325210
1480.05 0.95220584
1483.5 0.90720284
1486.95 0.92058492
1490.4 0.91966474
1493.85 0.93568224
1497.3 0.88932794
1500.75 0.89969617
1504.2 0.91675729
1507.65 0.87596679
1511.1 0.89219540
1514.55 0.86516786
1518.0 0.84101033
1521.45 0.83990061
1524.9 0.83879012
1528.35 0.84405899
1531.8 0.84893769
1535.25 0.84994775
1538.7 0.83783072
1542.15 0.83322382
1545.6 0.83210778
1549.05 0.83099163
1552.5 0.84109706
1555.95 0.83932096
1559.4 0.85128248
1562.85 0.85600960
1566.3 0.85526210
1569.75 0.86107045
1573.2 0.86858273
1576.65 0.88386452
1580.1 0.90323430
1583.55 0.89575827
1587.0 0.91896063
1590.45 0.92903137
1593.9 0.93635154
1597.35 0.94105560
1600.8 0.94725484
1604.25 0.95865148
1607.7 0.96301031
1611.15 0.94950104
1614.6 0.94062793
1618.05 0.91908079
1621.5 0.91628206
1624.95 0.89810252
1628.4 0.91070390
1631.85 0.89900362
1635.3 0.89270490
1638.75 0.89467210
1642.2 0.88863879
1645.65 0.89021391
1649.1 0.89165401
1652.55 0.90135735
1656.0 0.92192745
1659.45 0.90727335
1662.9 0.93934679
1666.35 0.96196312
1669.8 0.98985863
1673.25 0.98632008
1676.7 0.95772648
1680.15 0.95233840
1683.6 0.95477390
1687.05 0.93250126
1690.5 0.91456461
1693.95 0.90881932
1697.4 0.90471512
1700.85 0.92146987
1704.3 0.93964630
1707.75 0.94279104
1711.2 0.93612063
1714.65 0.93793815
1718.1 0.93150657
1721.55 0.93568563
1725.0 0.92564160
1728.45 0.92127836
1731.9 0.92183912
1735.35 0.91709030
1738.8 0.90502673
1742.25 0.89148080
1745.7 0.89933842
1749.15 0.90185851
1752.6 0.90179908
1756.05 0.89263320
1759.5 0.88526112
1762.95 0.88250750
1766.4 0.87769306
1769.85 0.87387133
1773.3 0.86597675
1776.75 0.85390353
1780.2 0.85783118
1783.65 0.85751569
1787.1 0.84764969
1790.55 0.82510644
1794.0 0.84594071
1797.45 0.84932113
1800.9 0.84379542
1804.35 0.84340310
1807.8 0.85028899
1811.25 0.83422297
1814.7 0.83415699
1818.15 0.81752717
1821.6 0.80438751
1825.05 0.77262825
1828.5 0.76874775
1831.95 0.76714265
1835.4 0.75932246
1838.85 0.77964330
1842.3 0.79068387
1845.75 0.79207164
1849.2 0.77478343
1852.65 0.78239238
1856.1 0.78551668
1859.55 0.79578227
1863.0 0.79559630
1866.45 0.81371218
1869.9 0.83703828
1873.35 0.84408075
1876.8 0.83295202
1880.25 0.85815090
1883.7 0.86927736
1887.15 0.86812931
1890.6 0.87229902
1894.05 0.90728778
1897.5 0.92923576
1900.95 0.92411560
1904.4 0.94138038
1907.85 0.91964602
1911.3 0.94233948
1914.75 0.97430289
1918.2 1.0551463
1921.65 1.1498740
1925.1 1.2972533
1928.55 1.4474529
1932.0 1.4932086
1935.45 1.4168559
1938.9 1.2545205
1942.35 1.1157478
1945.8 1.0294950
1949.25 0.98670578
1952.7 0.95294118
1956.15 0.92675751
1959.6 0.90609473
1963.05 0.88627815
1966.5 0.87972593
1969.95 0.86165047
1973.4 0.84595793
1976.85 0.82807040
1980.3 0.81784809
1983.75 0.81507766
1987.2 0.79146832
1990.65 0.79271358
1994.1 0.77273822
1997.55 0.76742691
2001.0 0.76630676
2004.45 0.73443669
2007.9 0.74518871
2011.35 0.74444318
2014.8 0.75510573
2018.25 0.77555823
2021.7 0.78256476
2025.15 0.78498405
2028.6 0.78409714
2032.05 0.78929716
2035.5 0.77828658
2038.95 0.77997118
2042.4 0.79007137
2045.85 0.77817923
2049.3 0.78058404
2052.75 0.76634556
2056.2 0.77074134
2059.65 0.75194937
2063.1 0.73909628
2066.55 0.72564799
2070.0 0.71887785
2073.45 0.70145857
2076.9 0.69418585
2080.35 0.67501855
2083.8 0.66181928
2087.25 0.65897983
2090.7 0.66505533
2094.15 0.65622449
2097.6 0.67008919
2101.05 0.67343873
2104.5 0.67540914
2107.95 0.67517126
2111.4 0.67559355
2114.85 0.68883383
2118.3 0.68154693
2121.75 0.69484669
2125.2 0.69392610
2128.65 0.69103324
2132.1 0.68336052
2135.55 0.69016778
2139.0 0.68514979
2142.45 0.69959122
2145.9 0.71716964
2149.35 0.71893173
2152.8 0.74752265
2156.25 0.75340736
2159.7 0.75292665
2163.15 0.74245107
2166.6 0.74157995
2170.05 0.71411479
2173.5 0.72979379
2176.95 0.72246456
2180.4 0.72095430
2183.85 0.72981942
2187.3 0.74890488
2190.75 0.74947190
2194.2 0.75868905
2197.65 0.76325786
2201.1 0.76901501
2204.55 0.76130044
2208.0 0.76482081
2211.45 0.75327617
2214.9 0.76161152
2218.35 0.75204366
2221.8 0.72955263
2225.25 0.72969371
2228.7 0.73849612
2232.15 0.71888024
2235.6 0.71761680
2239.05 0.71799773
2242.5 0.71741199
2245.95 0.72863811
2249.4 0.72526777
2252.85 0.71281242
2256.3 0.71125257
2259.75 0.72540122
2263.2 0.72386390
2266.65 0.71875560
2270.1 0.73175216
2273.55 0.71088839
2277.0 0.70191777
2280.45 0.69234657
2283.9 0.68550980
2287.35 0.68019331
2290.8 0.66601473
2294.25 0.66321981
2297.7 0.67088014
2301.15 0.67668259
2304.6 0.68522078
2308.05 0.70643783
2311.5 0.68224436
2314.95 0.67258751
2318.4 0.66827303
2321.85 0.66494143
2325.3 0.65704823
2328.75 0.67247796
2332.2 0.66987479
2335.65 0.67446387
2339.1 0.66801506
2342.55 0.66992593
2346.0 0.67014772
2349.45 0.68532896
2352.9 0.68919510
2356.35 0.70070100
2359.8 0.72327429
2363.25 0.75253165
2366.7 0.71685350
2370.15 0.68942004
2373.6 0.69318068
2377.05 0.68235523
2380.5 0.65728110
2383.95 0.66446507
2387.4 0.66619992
2390.85 0.64751947
2394.3 0.64296466
2397.75 0.62851459
2401.2 0.61945450
2404.65 0.63591206
2408.1 0.63395196
2411.55 0.62481326
2415.0 0.63687742
2418.45 0.62074679
2421.9 0.61060411
2425.35 0.61018819
2428.8 0.59975809
2432.25 0.58966106
2435.7 0.57813853
2439.15 0.58525616
2442.6 0.58367693
2446.05 0.56665367
2449.5 0.57148474
2452.95 0.58053434
2456.4 0.58424097
2459.85 0.57304782
2463.3 0.58337575
2466.75 0.59774059
2470.2 0.58636522
2473.65 0.59896117
2477.1 0.58163780
2480.55 0.58285564
2484.0 0.57407367
2487.45 0.58131927
2490.9 0.58458054
2494.35 0.57293063
2497.8 0.58864778
2501.25 0.57858205
2504.7 0.57329583
2508.15 0.57817411
2511.6 0.56550276
2515.05 0.57154471
2518.5 0.56684273
2521.95 0.57045174
2525.4 0.57405722
2528.85 0.56620741
2532.3 0.56119740
2535.75 0.55947137
2539.2 0.55674207
2542.65 0.55321294
2546.1 0.55343091
2549.55 0.56101179
2553.0 0.56004328
2556.45 0.55935818
2559.9 0.54850191
2563.35 0.55042738
2566.8 0.57342547
2570.25 0.64619327
2573.7 0.67113125
2577.15 0.56707180
2580.6 0.54685795
2584.05 0.54663140
2587.5 0.54002041
2590.95 0.55928928
2594.4 0.54353940
2597.85 0.53149939
2601.3 0.53506970
2604.75 0.52891088
2608.2 0.52183950
2611.65 0.51626360
2615.1 0.50978893
2618.55 0.48200807
2622.0 0.48973742
2625.45 0.48047033
2628.9 0.50136536
2632.35 0.50007504
2635.8 0.49463266
2639.25 0.48963019
2642.7 0.48593479
2646.15 0.49827906
2649.6 0.48802170
2653.05 0.49610433
2656.5 0.50357610
2659.95 0.51180983
2663.4 0.53207809
2666.85 0.57261139
2670.3 0.59640038
2673.75 0.53593463
2677.2 0.50075936
2680.65 0.51862633
2684.1 0.52270299
2687.55 0.49536946
2691.0 0.48470852
2694.45 0.48535439
2697.9 0.47676727
2701.35 0.47388640
2704.8 0.46503007
2708.25 0.45150965
2711.7 0.43653145
2715.15 0.43343666
2718.6 0.44657186
2722.05 0.45983955
2725.5 0.46110669
2728.95 0.46620557
2732.4 0.47764185
2735.85 0.47798273
2739.3 0.47498235
2742.75 0.45911187
2746.2 0.46099281
2749.65 0.45854089
2753.1 0.43946958
2756.55 0.44503015
2760.0 0.43006635
2763.45 0.43004304
2766.9 0.42255333
2770.35 0.43171102
2773.8 0.43715736
2777.25 0.42915359
2780.7 0.41563371
2784.15 0.41514844
2787.6 0.41318405
2791.05 0.40827882
2794.5 0.42065358
2797.95 0.41177472
2801.4 0.42231351
2804.85 0.43067086
2808.3 0.45687896
2811.75 0.44979730
2815.2 0.44711310
2818.65 0.46682775
2822.1 0.47332165
2825.55 0.48979199
2829.0 0.52078456
2832.45 0.50550425
2835.9 0.48020136
2839.35 0.47776574
2842.8 0.45637202
2846.25 0.44493070
2849.7 0.44026765
2853.15 0.43286735
2856.6 0.41839367
2860.05 0.40226898
2863.5 0.39755991
2866.95 0.39939258
2870.4 0.41041440
2873.85 0.40709335
2877.3 0.40442386
2880.75 0.41330543
2884.2 0.39901224
2887.65 0.39394265
2891.1 0.40116665
2894.55 0.39195490
2898.0 0.38769895
2901.45 0.38706037
2904.9 0.38642341
2908.35 0.38815621
2911.8 0.39132869
2915.25 0.38950408
2918.7 0.38801879
2922.15 0.40967295
2925.6 0.40716949
2929.05 0.41333488
2932.5 0.40593097
2935.95 0.39611697
2939.4 0.38974246
2942.85 0.40717569
2946.3 0.40688807
2949.75 0.40394646
2953.2 0.42258224
2956.65 0.41133076
2960.1 0.42459923
2963.55 0.44767541
2967.0 0.43991169
2970.45 0.44888538
2973.9 0.45708326
2977.35 0.47576109
2980.8 0.50589675
2984.25 0.51145059
2987.7 0.53973162
2991.15 0.58416551
2994.6 0.60578108
2998.05 0.60833222
3001.5 0.56562626
3004.95 0.55550379
3008.4 0.54991502
3011.85 0.52320856
3015.3 0.49951181
3018.75 0.45744106
3022.2 0.44787964
3025.65 0.43003729
3029.1 0.42133698
3032.55 0.43200165
3036.0 0.42020407
3039.45 0.41303989
3042.9 0.41344497
3046.35 0.40376833
3049.8 0.40090588
3053.25 0.39880466
3056.7 0.37417272
3060.15 0.38696352
3063.6 0.38496405
3067.05 0.39476094
3070.5 0.38618881
3073.95 0.38448578
3077.4 0.40178782
3080.85 0.40757993
3084.3 0.42294592
3087.75 0.41680443
3091.2 0.41361284
3094.65 0.39807969
3098.1 0.41998005
3101.55 0.42089686
3105.0 0.42347026
3108.45 0.42041329
3111.9 0.43621626
3115.35 0.45477277
3118.8 0.45148033
3122.25 0.43294656
3125.7 0.42268893
3129.15 0.41242531
3132.6 0.41527417
3136.05 0.44581154
3139.5 0.43367162
3142.95 0.42835489
3146.4 0.44492829
3149.85 0.44116464
3153.3 0.40852845
3156.75 0.43051931
3160.2 0.44759682
3163.65 0.42831582
3167.1 0.42011356
3170.55 0.42671493
3174.0 0.41075119
3177.45 0.40115684
3180.9 0.40243185
3184.35 0.41521716
3187.8 0.43024626
3191.25 0.42994678
3194.7 0.42131534
3198.15 0.42651299
3201.6 0.41375718
3205.05 0.42058575
3208.5 0.40781996
3211.95 0.42914438
3215.4 0.40385944
3218.85 0.41691595
3222.3 0.39950225
3225.75 0.40318328
3229.2 0.40625593
3232.65 0.41957739
3236.1 0.38263133
3239.55 0.38175553
3243.0 0.35886368
3246.45 0.35427877
3249.9 0.34927118
3253.35 0.35775539
3256.8 0.35652962
3260.25 0.35540888
3263.7 0.34897846
3267.15 0.35421175
3270.6 0.35779676
3274.05 0.35022664
3277.5 0.33842236
3280.95 0.34137979
3284.4 0.34271103
3287.85 0.34086481
3291.3 0.34611431
3294.75 0.35044995
3298.2 0.35670698
3301.65 0.35529637
3305.1 0.35243875
3308.55 0.35923490
3312.0 0.36947891
3315.45 0.36965266
3318.9 0.37298185
3322.35 0.38687876
3325.8 0.40961087
3329.25 0.41145235
3332.7 0.44216064
3336.15 0.44616097
3339.6 0.46100020
3343.05 0.49535540
3346.5 0.51565653
3349.95 0.57681602
3353.4 0.62906647
3356.85 0.60908085
3360.3 0.56803727
3363.75 0.52741194
3367.2 0.49883029
3370.65 0.47395271
3374.1 0.44258627
3377.55 0.43461755
3381.0 0.43023917
3384.45 0.41519493
3387.9 0.39198077
3391.35 0.40360981
3394.8 0.39038223
3398.25 0.38433373
3401.7 0.37778288
3405.15 0.36755678
3408.6 0.36348888
3412.05 0.37288174
3415.5 0.37289998
3418.95 0.43994910
3422.4 0.48085290
3425.85 0.40187797
3429.3 0.35686553
3432.75 0.34736371
3436.2 0.34439310
3439.65 0.33587012
3443.1 0.35765502
3446.55 0.39066982
3450.0 0.47468480
3453.45 0.66864645
3456.9 0.66698778
3460.35 0.44844732
3463.8 0.37745953
3467.25 0.35479823
3470.7 0.34499705
3474.15 0.33680531
3477.6 0.33028227
3481.05 0.33044165
3484.5 0.32804805
3487.95 0.32845685
3491.4 0.32795456
3494.85 0.32254615
3498.3 0.31890401
3501.75 0.31884348
3505.2 0.30659723
3508.65 0.30024084
3512.1 0.31338096
3515.55 0.31051058
3519.0 0.31431511
3522.45 0.30159333
3525.9 0.30400401
3529.35 0.29970998
3532.8 0.31011915
3536.25 0.30462000
3539.7 0.29672456
3543.15 0.30347711
3546.6 0.30153552
3550.05 0.31067109
3553.5 0.31223330
3556.95 0.32469273
3560.4 0.33166116
3563.85 0.32693976
3567.3 0.31743947
3570.75 0.33135337
3574.2 0.31759524
3577.65 0.30967352
3581.1 0.31024504
3584.55 0.32770076
3588.0 0.32152668
3591.45 0.30454814
3594.9 0.30849707
3598.35 0.31128851
3601.8 0.31646881
3605.25 0.31128985
3608.7 0.31419805
3612.15 0.31291878
3615.6 0.31459597
3619.05 0.30306947
3622.5 0.30815962
3625.95 0.31811643
3629.4 0.30278122
3632.85 0.31128970
3636.3 0.31249988
3639.75 0.31016192
3643.2 0.31055972
3646.65 0.31275186
3650.1 0.31066471
3653.55 0.32256258
3657.0 0.30788001
3660.45 0.30135864
3663.9 0.32949156
3667.35 0.30751970
3670.8 0.32177556
3674.25 0.31359738
3677.7 0.30421183
3681.15 0.29985756
3684.6 0.29640341
3688.05 0.30523482
3691.5 0.28923184
3694.95 0.29174146
3698.4 0.29466465
3701.85 0.29142484
3705.3 0.27769530
3708.75 0.28273845
3712.2 0.28950775
3715.65 0.28884554
3719.1 0.28001338
3722.55 0.28099370
3726.0 0.27858043
3729.45 0.27313912
3732.9 0.27854055
3736.35 0.28415334
3739.8 0.28218871
3743.25 0.27524927
3746.7 0.27119768
3750.15 0.26710203
3753.6 0.27631688
3757.05 0.26636651
3760.5 0.28431490
3763.95 0.26793930
3767.4 0.26910791
3770.85 0.26490459
3774.3 0.26454100
3777.75 0.26417816
3781.2 0.26381603
3784.65 0.26980290
3788.1 0.27092412
3791.55 0.27709994
3795.0 0.27028623
3798.45 0.27104008
3801.9 0.26165906
3805.35 0.26130205
3808.8 0.26868957
3812.25 0.27658615
3815.7 0.27185959
3819.15 0.26517582
3822.6 0.27555871
3826.05 0.27992234
3829.5 0.26583144
3832.95 0.26879287
3836.4 0.25812238
3839.85 0.25777268
3843.3 0.26291090
3846.75 0.25853211
3850.2 0.28258404
3853.65 0.26972964
3857.1 0.26233220
3860.55 0.29284358
3864.0 0.28890911
3867.45 0.27582371
3870.9 0.27074754
3874.35 0.25844729
3877.8 0.25805831
3881.25 0.25363120
3884.7 0.26189759
3888.15 0.25295070
3891.6 0.25414744
3895.05 0.25227296
3898.5 0.25429541
3901.95 0.25159791
3905.4 0.25296521
3908.85 0.25200641
3912.3 0.25059041
3915.75 0.25928625
3919.2 0.25542256
3922.65 0.24958916
3926.1 0.24925667
3929.55 0.24892493
3933.0 0.24859379
3936.45 0.24826333
3939.9 0.24793358
3943.35 0.24760444
3946.8 0.25267926
3950.25 0.24694817
3953.7 0.24733688
3957.15 0.24629450
3960.6 0.24738890
3964.05 0.24572597
3967.5 0.24531877
3970.95 0.24768437
3974.4 0.25112557
3977.85 0.25231215
3981.3 0.24994977
3984.75 0.24951345
3988.2 0.24878432
3991.65 0.24534227
3995.1 0.24735492
3998.55 0.24572811
4002.0 0.24524470
4005.45 0.25069594
4008.9 0.26166970
4012.35 0.24882302
4015.8 0.25744373
4019.25 0.25245786
4022.7 0.26025513
4026.15 0.25414735
4029.6 0.26238534
4033.05 0.25818962
4036.5 0.25935805
4039.95 0.26689357
4043.4 0.26041445
4046.85 0.26538292
4050.3 0.27413061
4053.75 0.29514423
4057.2 0.28838673
4060.65 0.28281569
4064.1 0.28434721
4067.55 0.25927863
4071.0 0.25492939
4074.45 0.26679552
4077.9 0.26207152
4081.35 0.25294545
4084.8 0.25431499
4088.25 0.25571099
4091.7 0.25604296
4095.15 0.25153151
4098.6 0.25649348
4102.05 0.26176494
4105.5 0.24565761
4108.95 0.24828036
4112.4 0.24657144
4115.85 0.25448126
4119.3 0.24007663
4122.75 0.24265219
4126.2 0.24199431
4129.65 0.24113029
4133.1 0.24286692
4136.55 0.24238861
4140.0 0.24179983
4143.45 0.24399504
4146.9 0.24005535
4150.35 0.23806083
4153.8 0.23388968
4157.25 0.23370484
4160.7 0.22990124
4164.15 0.23437436
4167.6 0.23488864
4171.05 0.23760112
4174.5 0.23953404
4177.95 0.23041593
4181.4 0.23537621
4184.85 0.24245384
4188.3 0.23963563
4191.75 0.24203393
4195.2 0.24645905
4198.65 0.24243167
4202.1 0.24423958
4205.55 0.23942177
4209.0 0.25146681
4212.45 0.23123258
4215.9 0.22355488
4219.35 0.22695553
4222.8 0.22393589
4226.25 0.22515944
4229.7 0.22548619
4233.15 0.22992913
4236.6 0.23419529
4240.05 0.22357468
4243.5 0.22987434
4246.95 0.23610696
4250.4 0.22742203
4253.85 0.22364154
4257.3 0.22021425
4260.75 0.21993932
4264.2 0.22088446
4267.65 0.23393823
4271.1 0.22290061
4274.55 0.22422896
4278.0 0.21857253
4281.45 0.21913454
4284.9 0.21895953
4288.35 0.22253394
4291.8 0.22030210
4295.25 0.22534005
4298.7 0.22611023
4302.15 0.22099189
4305.6 0.21948566
4309.05 0.21917039
4312.5 0.22550593
4315.95 0.22411209
4319.4 0.21939546
4322.85 0.21781678
4326.3 0.21615304
4329.75 0.21512419
4333.2 0.21692014
4336.65 0.21882989
4340.1 0.22607410
4343.55 0.22919631
4347.0 0.23354812
4350.45 0.24098924
4353.9 0.23137002
4357.35 0.22004713
4360.8 0.22078109
4364.25 0.21851625
4367.7 0.21512382
4371.15 0.21849483
4374.6 0.22501233
4378.05 0.22739601
4381.5 0.22033525
4384.95 0.22206837
4388.4 0.22540663
4391.85 0.22949393
4395.3 0.23299234
4398.75 0.22152810
4402.2 0.22373798
4405.65 0.22790666
4409.1 0.22860430
4412.55 0.22376025
4416.0 0.22337890
4419.45 0.22671190
4422.9 0.22652052
4426.35 0.22406794
4429.8 0.22958720
4433.25 0.22725259
4436.7 0.23047721
4440.15 0.23601021
4443.6 0.23272996
4447.05 0.23952197
4450.5 0.23570134
4453.95 0.25172538
4457.4 0.25360349
4460.85 0.26025879
4464.3 0.26760033
4467.75 0.26653114
4471.2 0.27199215
4474.65 0.28726590
4478.1 0.28887558
4481.55 0.30147690
4485.0 0.31541961
4488.45 0.33479461
4491.9 0.35722816
4495.35 0.38429767
4498.8 0.42158240
4502.25 0.46815366
4505.7 0.52515435
4509.15 0.59231979
4512.6 0.69449043
4516.05 0.81601691
4519.5 0.96908939
4522.95 1.1234705
4526.4 1.3215970
4529.85 1.3582379
4533.3 1.1615810
4536.75 0.96683615
4540.2 0.87965655
4543.65 0.82855350
4547.1 0.71754110
4550.55 0.60535592
4554.0 0.54537952
4557.45 0.49747810
4560.9 0.45367941
4564.35 0.42030564
4567.8 0.39989600
4571.25 0.37443045
4574.7 0.34863031
4578.15 0.32719436
4581.6 0.30565944
4585.05 0.28724712
4588.5 0.28143129
4591.95 0.27565888
4595.4 0.26180622
4598.85 0.26012483
4602.3 0.25525334
4605.75 0.25555056
4609.2 0.26006028
4612.65 0.25933933
4616.1 0.25394654
4619.55 0.24571815
4623.0 0.25799656
4626.45 0.26463315
4629.9 0.27003008
4633.35 0.29737431
4636.8 0.29584292
4640.25 0.27580783
4643.7 0.27859160
4647.15 0.28196296
4650.6 0.27386805
4654.05 0.25275370
4657.5 0.23219897
4660.95 0.22992480
4664.4 0.22410703
4667.85 0.21731161
4671.3 0.21595734
4674.75 0.20994183
4678.2 0.20069906
4681.65 0.19958925
4685.1 0.20057367
4688.55 0.20022649
4692.0 0.19089794
4695.45 0.18911637
4698.9 0.18889976
4702.35 0.19495243
4705.8 0.20263214
4709.25 0.19461024
4712.7 0.19178392
4716.15 0.19122615
4719.6 0.18760495
4723.05 0.18739058
4726.5 0.18717663
4729.95 0.19981681
4733.4 0.19220780
4736.85 0.19358210
4740.3 0.18632461
4743.75 0.18611255
4747.2 0.18950318
4750.65 0.19557671
4754.1 0.19405127
4757.55 0.18948482
4761.0 0.19139491
4764.45 0.19156577
4767.9 0.19014075
4771.35 0.18442999
4774.8 0.18422136
4778.25 0.18401311
4781.7 0.18550777
4785.15 0.18359776
4788.6 0.18339065
4792.05 0.18318392
4795.5 0.18751404
4798.95 0.18277155
4802.4 0.18256591
4805.85 0.18236068
4809.3 0.18486927
4812.75 0.18195124
4816.2 0.18174711
4819.65 0.18154331
4823.1 0.18133989
4826.55 0.18623546
4830.0 0.18202071
4833.45 0.19205406
4836.9 0.18189608
4840.35 0.18189056
4843.8 0.18012705
4847.25 0.17992619
4850.7 0.19276857
4854.15 0.20001350
4857.6 0.19307062
4861.05 0.20742558
4864.5 0.19179134
4867.95 0.21580747
4871.4 0.20314884
4874.85 0.18771349
4878.3 0.20891212
4881.75 0.19461443
4885.2 0.18980141
4888.65 0.19138537
4892.1 0.18533675
4895.55 0.18271790
4899.0 0.17695600
4902.45 0.17676081
4905.9 0.17929818
4909.35 0.18601950
4912.8 0.17617732
4916.25 0.17598356
4919.7 0.17579012
4923.15 0.17559703
4926.6 0.19312057
4930.05 0.17938726
4933.5 0.17501979
4936.95 0.17482808
4940.4 0.17777593
4943.85 0.17657316
4947.3 0.17425491
4950.75 0.17406464
4954.2 0.17900215
4957.65 0.18455267
4961.1 0.19477364
4964.55 0.17330655
4968.0 0.19173482
4971.45 0.17342927
4974.9 0.18159512
4978.35 0.17255391
4981.8 0.18423040
4985.25 0.17938472
4988.7 0.17901698
4992.15 0.18256892
4995.6 0.19107834
4999.05 0.18203409
5002.5 0.17124970
5005.95 0.18278450
5009.4 0.20235206
5012.85 0.17069572
5016.3 0.17051172
5019.75 0.17081760
5023.2 0.17014466
5026.65 0.16996166
5030.1 0.16977894
5033.55 0.18639717
5037.0 0.18156691
5040.45 0.16923282
5043.9 0.16905142
5047.35 0.17811224
5050.8 0.19059694
5054.25 0.16850916
5057.7 0.16991577
5061.15 0.20768239
5064.6 0.17859441
5068.05 0.17704661
5071.5 0.16761178
5074.95 0.19045311
5078.4 0.20354193
5081.85 0.19442704
5085.3 0.21384551
5088.75 0.20934632
5092.2 0.22061838
5095.65 0.19174805
5099.1 0.19895291
5102.55 0.24501429
5106.0 0.21974422
5109.45 0.21087174
5112.9 0.19085963
5116.35 0.18442935
5119.8 0.22796354
5123.25 0.21743380
5126.7 0.21034163
5130.15 0.19590817
5133.6 0.17528255
5137.05 0.19807927
5140.5 0.16410115
5143.95 0.16392888
5147.4 0.16375688
5150.85 0.16358526
5154.3 0.16341391
5157.75 0.16324283
5161.2 0.16307212
5164.65 0.16290164
5168.1 0.16273151
5171.55 0.16256166
5175.0 0.16239214
5178.45 0.16222289
5181.9 0.16205396
5185.35 0.16188532
5188.8 0.16171701
5192.25 0.16154899
5195.7 0.16138123
5199.15 0.16121380
5202.6 0.16104664
5206.05 0.16087982
5209.5 0.16071327
5212.95 0.16054700
5216.4 0.16038108
5219.85 0.16021541
5223.3 0.16005002
5226.75 0.15988493
5230.2 0.15972017
5233.65 0.15955570
5237.1 0.15939146
5240.55 0.15922756
5244.0 0.15906399
5247.45 0.15890066
5250.9 0.15873763
5254.35 0.15857488
5257.8 0.15841243
5261.25 0.15825026
5264.7 0.15808840
5268.15 0.15792684
5271.6 0.15776557
5275.05 0.15760450
5278.5 0.15744379
5281.95 0.15728335
5285.4 0.15712319
5288.85 0.15696333
5292.3 0.15680374
5295.75 0.15664446
5299.2 0.15648542
5302.65 0.15632670
5306.1 0.15616827
5309.55 0.15601012
5313.0 0.15585220
5316.45 0.15569459
5319.9 0.15553729
5323.35 0.15538022
5326.8 0.15522347
5330.25 0.15506697
5333.7 0.15491071
5337.15 0.15475483
5340.6 0.15459928
5344.05 0.15444383
5347.5 0.15428869
5350.95 0.15413392
5354.4 0.15397938
5357.85 0.15382503
5361.3 0.15367100
5364.75 0.15351745
5368.2 0.15336387
5371.65 0.15321073
5375.1 0.15305790
5378.55 0.15290527
5382.0 0.15275294
5385.45 0.15260082
5388.9 0.15244894
5392.35 0.15229753
5395.8 0.15214621
5399.25 0.15199520
5402.7 0.15184438
5406.15 0.15169394
5409.6 0.15154375
5413.05 0.15139380
5416.5 0.15124413
5419.95 0.15109481
5423.4 0.15094574
5426.85 0.15079689
5430.3 0.15064827
5433.75 0.15049995
5437.2 0.15035194
5440.65 0.15020406
5444.1 0.15005653
5447.55 0.14990936
5451.0 0.14976226
5454.45 0.14961556
5457.9 0.14946915
5461.35 0.14932291
5464.8 0.14917696
5468.25 0.14903127
5471.7 0.14888574
5475.15 0.14874068
5478.6 0.14859571
5482.05 0.14845106
5485.5 0.14830668
5488.95 0.14816257
5492.4 0.14801866
5495.85 0.14787515
5499.3 0.14773180
5502.75 0.14758871
5506.2 0.14744578
5509.65 0.14730325
5513.1 0.14716090
5516.55 0.14701882
5520.0 0.14687701
5523.45 0.14673549
5526.9 0.14659412
5530.35 0.14645314
5533.8 0.14631236
5537.25 0.14617181
5540.7 0.14603141
5544.15 0.14589144
5547.6 0.14575158
5551.05 0.14561220
5554.5 0.14547288
5557.95 0.14533377
5561.4 0.14519502
5564.85 0.14505644
5568.3 0.14491828
5571.75 0.14478023
5575.2 0.14464234
5578.65 0.14450485
5582.1 0.14436762
5585.55 0.14423059
5589.0 0.14409375
5592.45 0.14395723
5595.9 0.14382097
5599.35 0.14368485
5602.8 0.14354903
5606.25 0.14341359
5609.7 0.14327824
5613.15 0.14314307
5616.6 0.14300831
5620.05 0.14287367
5623.5 0.14273942
5626.95 0.14260533
5630.4 0.14247139
5633.85 0.14233784
5637.3 0.14220449
5640.75 0.14207137
5644.2 0.14193845
5647.65 0.14180581
5651.1 0.14167345
5654.55 0.14154123
5658.0 0.14140940
5661.45 0.14127766
5664.9 0.14114624
5668.35 0.14101505
5671.8 0.14088410
5675.25 0.14075334
5678.7 0.14062297
5682.15 0.14049269
5685.6 0.14036267
5689.05 0.14023294
5692.5 0.14010334
5695.95 0.13997410
5699.4 0.13984500
5702.85 0.13971615
5706.3 0.13958758
5709.75 0.13945925
5713.2 0.13933104
5716.65 0.13920324
5720.1 0.13907559
5723.55 0.13894813
5727.0 0.13882098
5730.45 0.13869396
5733.9 0.13856728
5737.35 0.13844074
5740.8 0.13831459
5744.25 0.13818856
5747.7 0.13806266
5751.15 0.13793716
5754.6 0.13781188
5758.05 0.13768671
5761.5 0.13756186
5764.95 0.13743719
5768.4 0.13731281
5771.85 0.13718864
5775.3 0.13706464
5778.75 0.13694088
5782.2 0.13681737
5785.65 0.13669410
5789.1 0.13657109
5792.55 0.13644834
5796.0 0.13632567
5799.45 0.13620338
5802.9 0.13608123
5806.35 0.13595933
5809.8 0.13583764
5813.25 0.13571614
5816.7 0.13559498
5820.15 0.13547389
5823.6 0.13535309
5827.05 0.13523252
5830.5 0.13511223
5833.95 0.13499214
5837.4 0.13487218
5840.85 0.13475247
5844.3 0.13463312
5847.75 0.13451388
5851.2 0.13439479
5854.65 0.13427606
5858.1 0.13415755
5861.55 0.13403913
5865.0 0.13392101
5868.45 0.13380310
5871.9 0.13368541
5875.35 0.13356799
5878.8 0.13345069
5882.25 0.13333373
5885.7 0.13321690
5889.15 0.13310030
5892.6 0.13298394
5896.05 0.13286784
5899.5 0.13275182
5902.95 0.13263616
5906.4 0.13252062
5909.85 0.13240533
5913.3 0.13229026
5916.75 0.13217545
5920.2 0.13206080
5923.65 0.13194634
5927.1 0.13183220
5930.55 0.13171816
5934.0 0.13160440
5937.45 0.13149086
5940.9 0.13137744
5944.35 0.13126434
5947.8 0.13115136
5951.25 0.13103874
5954.7 0.13092622
5958.15 0.13081394
5961.6 0.13070188
5965.05 0.13058995
5968.5 0.13047835
5971.95 0.13036689
5975.4 0.13025564
5978.85 0.13014461
5982.3 0.13003381
5985.75 0.12992322
5989.2 0.12981278
5992.65 0.12970267
5996.1 0.12959269
5999.55 0.12948288
