300.0 0.0
310.0 0.0000000
313.1 0.0000000
316.2 0.0000000
319.3 0.0000000
322.4 0.0000000
325.5 0.0000000
328.6 0.0000000
331.7 0.0000000
334.8 0.0000000
337.9 0.0000000
341.0 0.0000000
344.1 0.0000000
347.2 0.0000000
350.3 0.0000000
353.4 0.0000000
356.5 0.0000000
359.6 0.0000000
362.7 0.0000000
365.8 0.0000000
368.9 0.0000000
372.0 0.0000000
375.1 0.0000000
378.2 0.0000000
381.3 0.0000000
384.4 0.0000000
387.5 0.0000000
390.6 0.0000000
393.7 0.0000000
396.8 0.0000000
399.89998 0.0000000
402.99998 0.0000000
406.09998 0.0000000
409.19998 0.0000000
412.3 0.0000000
415.4 0.0000000
418.5 0.0000000
421.6 0.0000000
424.7 0.0000000
427.8 0.0000000
430.9 0.0000000
434.0 0.0000000
437.1 0.0000000
440.2 0.0000000
443.3 0.0000000
446.4 0.0000000
449.5 0.0000000
452.6 0.0000000
455.7 0.0000000
458.8 0.0000000
461.9 0.0000000
465.0 0.0000000
468.1 0.0000000
471.2 0.0000000
474.3 0.0000000
477.4 0.0000000
480.5 0.0000000
483.6 0.0000000
486.7 0.0000000
489.8 0.0000000
492.9 0.0000000
496.0 0.0000000
499.1 0.0000000
502.2 0.0000000
505.3 0.0000000
508.4 0.0000000
511.5 0.0000000
514.6 0.0000000
517.7 0.0000000
520.8 0.0000000
523.9 0.0000000
527.0 0.0000000
530.1 0.0000000
533.2 0.0000000
536.3 0.0000000
539.4 0.0000000
542.5 0.0000000
545.6 0.0000000
548.7 0.0000000
551.8 0.0000000
554.9 0.0000000
558.0 0.0000000
561.1 0.0000000
564.2 0.0000000
567.3 0.80868721
570.4 0.77704442
573.5 0.74616069
576.6 0.71609288
579.7 0.68680954
582.8 0.65825242
585.9 0.63039106
589.0 0.60326087
592.1 0.57686704
595.2 0.55121154
598.3 0.52630317
601.4 0.50214660
604.5 0.79800844
607.6 0.76885384
610.7 0.74029708
613.8 0.71234828
616.9 0.68501312
620.0 0.72204334
623.1 0.72677642
626.2 0.69738537
629.3 0.72071826
632.4 0.76034188
635.5 0.81476831
638.6 2.1131504
641.7 2.1439180
644.8 1.8113675
647.9 1.5061768
651.0 1.4107922
654.1 1.3704554
657.2 1.3718381
660.3 1.3916917
663.4 1.3538811
666.5 1.2209909
669.6 1.2307267
672.7 1.0995667
675.8 0.99951792
678.9 0.92383677
682.0 0.88987190
685.1 0.90324193
688.2 0.86637396
691.3 0.88410187
694.4 0.91094410
697.5 0.88626033
700.6 0.79088038
703.7 0.76657021
706.8 0.70001459
709.9 0.70691526
713.0 0.70000744
716.1 0.67384928
719.2 0.66798180
722.3 0.68558431
725.4 0.70905435
728.5 0.76058483
731.6 0.78618997
734.7 0.82198507
737.8 0.87493676
740.9 0.96342725
744.0 1.0906038
747.1 1.2986262
750.2 1.6041821
753.3 2.1688583
756.4 9.9542027
759.5 8.0277100
762.6 7.4660311
765.7 7.4415679
768.8 6.9511924
771.9 5.5491619
775.0 4.7777705
778.1 4.4806800
781.2 4.2760625
784.3 3.9874136
787.4 3.6310704
790.5 3.3926952
793.6 3.3054790
796.69995 3.3053503
799.79995 3.3498964
802.89995 3.3636057
805.99995 3.6083744
809.09995 3.6553223
812.19995 3.4890699
815.29995 3.1711595
818.39995 3.1834219
821.5 3.1464763
824.6 3.2136383
827.7 3.2606118
830.8 3.2126524
833.9 3.0893371
837.0 3.0406811
840.1 3.1294923
843.2 3.1024039
846.3 3.1464157
849.4 3.0981913
852.5 3.1629639
855.6 3.3357372
858.7 3.5144582
861.8 3.7636051
864.9 3.8240888
868.0 3.8693829
871.1 3.5105605
874.2 3.2702746
877.3 3.0907023
880.4 3.0089610
883.5 2.9887726
886.6 2.8473449
889.7 2.8050265
892.8 2.7821145
895.9 2.7553546
899.0 2.7986205
902.1 2.7656868
905.2 2.7008977
908.3 2.7758749
911.4 2.7220101
914.5 2.7585092
917.6 2.8184090
920.7 2.8539054
923.8 2.9171147
926.9 2.9066534
930.0 2.9924395
933.1 3.0522346
936.2 3.1198702
939.3 3.2309642
942.4 3.4644823
945.5 3.7782512
948.6 4.1378760
951.7 4.5951262
954.8 5.1630964
957.9 5.4933319
961.0 4.9756041
964.1 4.2119441
967.2 3.6320224
970.3 3.3265612
973.4 3.1698782
976.5 3.0773938
979.6 2.9254267
982.7 2.9085751
985.8 2.8148203
988.9 2.8637540
992.0 2.8648944
995.1 2.8483171
998.2 2.8727906
1001.3 2.8303275
1004.4 2.8663774
1007.5 2.8993514
1010.6 2.8972573
1013.7 2.9525945
1016.8 2.8319404
1019.9 2.8060892
1023.0 2.7631674
1026.1 2.8018870
1029.2 2.8079834
1032.3 2.7616150
1035.4 2.6159132
1038.5 2.5258081
1041.6 2.4847794
1044.7 2.4336324
1047.8 2.4323204
1050.9 2.4205246
1054.0 2.4107308
1057.1 2.4435086
1060.2 2.4306722
1063.3 2.4644513
1066.4 2.4706991
1069.5 2.4610567
1072.6 2.4277384
1075.7 2.4534051
1078.8 2.4593303
1081.9 2.5208004
1085.0 2.4752941
1088.1 2.4305971
1091.2 2.3191082
1094.3 2.3494182
1097.4 2.3556929
1100.5 2.3200498
1103.6 2.3940952
1106.7 2.4124668
1109.8 2.3448353
1112.9 2.3008027
1116.0 2.2998118
1119.1 2.2958348
1122.2 2.2908385
1125.3 2.3160229
1128.4 2.2716942
1131.5 2.2607150
1134.6 2.2858152
1137.7 2.2794616
1140.8 2.3320909
1143.9 2.3182809
1147.0 2.4641945
1150.1 2.4518309
1153.2 2.4728880
1156.3 2.4316547
1159.4 2.4331982
1162.5 2.4518096
1165.6 2.5569644
1168.7 2.7471054
1171.8 2.9189546
1174.9 3.0577774
1178.0 3.1078587
1181.1 3.2662997
1184.2 3.1192555
1187.3 2.8479302
1190.4 2.6012580
1193.5 2.4367125
1196.6 2.3581202
1199.7 2.2784278
1202.8 2.2035608
1205.9 2.1456017
1209.0 2.1269319
1212.1 2.0421314
1215.2 2.0053341
1218.3 1.9848782
1221.4 1.9995058
1224.5 2.0033402
1227.6 1.9526603
1230.7 1.9561553
1233.8 1.9619955
1236.9 1.9738764
1240.0 1.9206170
1243.1 1.9371822
1246.2 1.9779449
1249.3 1.8667337
1252.4 1.9118884
1255.5 1.9199294
1258.6 1.9023422
1261.7 1.9144245
1264.8 1.8800491
1267.9 1.8511877
1271.0 1.8985682
1274.1 1.9711810
1277.2 1.9281083
1280.3 1.9724468
1283.4 1.9518303
1286.5 1.9530687
1289.6 1.9381213
1292.7 1.9590771
1295.8 1.9495288
1298.9 1.9407344
1302.0 1.8751147
1305.1 1.8411483
1308.2 1.8614732
1311.3 1.8843864
1314.4 1.8013207
1317.5 1.8847606
1320.6 1.8158288
1323.7 1.8557603
1326.8 1.8354057
1329.9 1.8692904
1333.0 1.7777345
1336.1 1.8007228
1339.2 1.7957141
1342.3 1.8237454
1345.4 1.7303348
1348.5 1.7474303
1351.6 1.7774527
1354.7 1.6954104
1357.8 1.7238293
1360.9 1.6687276
1364.0 1.6193504
1367.1 1.6144540
1370.2 1.6095811
1373.3 1.6169538
1376.4 1.6235640
1379.5 1.6227744
1382.6 1.5969759
1385.7 1.5855615
1388.8 1.5808253
1391.9 1.5761119
1395.0 1.5926723
1398.1 1.5867243
1401.2 1.6067319
1404.3 1.6130515
1407.4 1.6090586
1410.5 1.6174004
1413.6 1.6289203
1416.7 1.6549593
1419.8 1.6885667
1422.9 1.6719681
1426.0 1.7126025
1429.1 1.7286836
1432.2 1.7396147
1435.3 1.7456663
1438.4 1.7544775
1441.5 1.7728827
1444.6 1.7782437
1447.7 1.7506517
1450.8 1.7316869
1453.9 1.6894900
1457.0 1.6818377
1460.1 1.6460270
1463.2 1.6666611
1466.3 1.6428331
1469.4 1.6289397
1472.5 1.6301544
1475.6 1.6168160
1478.7 1.6173466
1481.8 1.6176375
1484.9 1.6329054
1488.0 1.6677942
1491.1 1.6389607
1494.2 1.6945076
1497.3 1.7328705
1500.4 1.7806305
1503.5 1.7717960
1506.6 1.7180498
1509.7 1.7060281
1512.8 1.7080437
1515.9 1.6659192
1519.0 1.6316519
1522.1 1.6192051
1525.2 1.6097184
1528.3 1.6373276
1531.4 1.6673919
1534.5 1.6707450
1537.6 1.6567254
1540.7 1.6577517
1543.8 1.6442204
1546.9 1.6494358
1550.0 1.6296046
1553.1 1.6198186
1556.2 1.6187111
1559.3 1.6083009
1562.4 1.5851127
1565.5 1.5593963
1568.6 1.5711427
1571.7 1.5735533
1574.8 1.5714682
1577.9 1.5535465
1581.0 1.5387918
1584.1 1.5320985
1587.2 1.5218531
1590.2999 1.5133587
1593.3999 1.4978460
1596.4999 1.4751581
1599.5999 1.4801383
1602.6999 1.4778006
1605.7999 1.4590340
1608.8999 1.4185231
1611.9999 1.4526000
1615.0999 1.4566658
1618.1999 1.4454699
1621.2999 1.4430890
1624.3999 1.4531568
1627.4999 1.4240271
1630.5999 1.4222517
1633.6999 1.3922758
1636.7999 1.3683105
1639.9 1.3127695
1643.0 1.3046747
1646.1 1.3004606
1649.2 1.2857367
1652.3 1.3186462
1655.4 1.3358070
1658.5 1.3366437
1661.6 1.3060030
1664.7 1.3173556
1667.8 1.3211434
1670.9 1.3369255
1674.0 1.3351376
1677.1 1.3640366
1680.2 1.4016021
1683.3 1.4118528
1686.4 1.3917240
1689.5 1.4322748
1692.6 1.4492810
1695.7 1.4458131
1698.8 1.4512029
1701.9 1.5078036
1705.0 1.5426395
1708.1 1.5325171
1711.2 1.5595045
1714.3 1.5219011
1717.4 1.5578264
1720.5 1.6089907
1723.6 1.7406911
1726.7 1.8950045
1729.8 2.1356876
1732.9 2.3805208
1736.0 2.4532652
1739.1 2.3254540
1742.2 2.0569301
1745.3 1.8275492
1748.4 1.6845756
1751.5 1.6129417
1754.6 1.5561932
1757.7 1.5119296
1760.8 1.4767557
1763.9 1.4430342
1767.0 1.4309574
1770.1 1.4001844
1773.2 1.3733425
1776.3 1.3429968
1779.4 1.3251342
1782.5 1.3193711
1785.6 1.2799232
1788.7 1.2807097
1791.8 1.2472469
1794.9 1.2374973
1798.0 1.2345206
1801.1 1.1820618
1804.2 1.1982398
1807.3 1.1959205
1810.4 1.2119175
1813.5 1.2435861
1816.6 1.2536591
1819.7 1.2563744
1822.8 1.2538015
1825.9 1.2609601
1829.0 1.2422353
1832.1 1.2437918
1835.2 1.2587568
1838.3 1.2386906
1841.4 1.2414012
1844.5 1.2176646
1847.6 1.2235560
1850.7 1.1926616
1853.8 1.1712359
1856.9 1.1489083
1860.0 1.1371875
1863.1 1.1086587
1866.2 1.0962058
1869.3 1.0650095
1872.4 1.0432785
1875.5 1.0379043
1878.6 1.0465713
1881.7 1.0317876
1884.8 1.0526856
1887.9 1.0570461
1891.0 1.0592386
1894.1 1.0579689
1897.2 1.0577376
1900.3 1.0775609
1903.4 1.0652682
1906.5 1.0851498
1909.6 1.0828108
1912.7 1.0774025
1915.8 1.0645602
1918.9 1.0742793
1922.0 1.0655943
1925.1 1.0871651
1928.2 1.1135743
1931.3 1.1154041
1934.4 1.1588236
1937.5 1.1670049
1940.6 1.1653234
1943.7 1.1481900
1946.8 1.1459271
1949.9 1.1026088
1953.0 1.1259246
1956.1 1.1137370
1959.2 1.1105337
1962.3 1.1233075
1965.4 1.1517823
1968.5 1.1517560
1971.6 1.1650153
1974.7 1.1711237
1977.8 1.1790473
1980.9 1.1663220
1984.0 1.1708177
1987.1 1.1522640
1990.2 1.1641279
1993.3 1.1486313
1996.4 1.1134377
1999.5 1.1128138
2002.6 1.1253918
2005.7 1.0946795
2008.8 1.0919410
2011.9 1.0917078
2015.0 1.0900090
2018.1 1.1062475
2021.2 1.1003205
2024.3 1.0806308
2027.4 1.0774775
2030.5 1.0981100
2033.6 1.0949869
2036.7 1.0864724
2039.8 1.1053196
2042.9 1.0730318
2046.0 1.0587320
2049.1 1.0435493
2052.2 1.0325078
2055.3 1.0237726
2058.4 1.0017227
2061.5 0.99681520
2064.6 1.0076200
2067.7 1.0156223
2070.8 1.0277182
2073.9 1.0588027
2077.0 1.0218316
2080.1 1.0066713
2083.2 0.99952340
2086.3 0.99385685
2089.4 0.98138595
2092.5 1.0037464
2095.6 0.99917960
2098.7 1.0053414
2101.8 0.99505568
2104.9 0.99722868
2108.0 0.99688804
2111.1 1.0187877
2114.2 1.0238498
2117.3 1.0402496
2120.4 1.0730488
2123.5 1.1157157
2126.6 1.0621175
2129.7 1.0207988
2132.8 1.0256944
2135.9 1.0090157
2139.0 0.97130430
2142.1 0.98128253
2145.2 0.98320758
2148.3 0.95502144
2151.4 0.94769323
2154.5 0.92580026
2157.6 0.91187066
2160.7 0.93550068
2163.8 0.93202436
2166.9 0.91800618
2170.0 0.93514001
2173.1 0.91088116
2176.2 0.89543551
2179.3 0.89426523
2182.4 0.87843096
2185.5 0.86310488
2188.6 0.84571415
2191.7 0.85559630
2194.8 0.85276151
2197.9 0.82738107
2201.0 0.83392358
2204.1 0.84661168
2207.2 0.85149807
2210.3 0.83467776
2213.4 0.84920657
2216.5 0.86959159
2219.6 0.85252929
2222.7 0.87032002
2225.8 0.84464288
2228.9 0.84590697
2232.0 0.83266580
2235.1 0.84267515
2238.2 0.84690195
2241.3 0.82953519
2244.4 0.85179073
2247.5 0.83673507
2250.6 0.82860535
2253.7 0.83516979
2256.8 0.81639141
2259.9 0.82463610
2263.0 0.81738037
2266.1 0.82211065
2269.2 0.82683194
2272.3 0.81505901
2275.4 0.80738640
2278.5 0.80444545
2281.6 0.80006647
2284.7 0.79454577
2287.8 0.79441023
2290.9 0.80483949
2294.0 0.80299962
2297.1 0.80156893
2300.2 0.78557342
2303.3 0.78789324
2306.4 0.82035798
2309.5 0.92395067
2312.6 0.95907927
2315.7 0.80992794
2318.8 0.78062969
2321.9 0.77987987
2325.0 0.77002847
2328.1 0.79707086
2331.2 0.77420557
2334.3 0.75664729
2337.4 0.76131988
2340.5 0.75215274
2343.6 0.74169916
2346.7 0.73338228
2349.8 0.72379941
2352.9 0.68399262
2356.0 0.69459289
2359.1 0.68108994
2362.2 0.71033543
2365.3 0.70813513
2368.4 0.70006204
2371.5 0.69262010
2374.6 0.68703514
2377.7 0.70412219
2380.8 0.68927026
2383.9 0.70032471
2387.0 0.71050608
2390.1 0.72175252
2393.2 0.74995059
2396.3 0.80666924
2399.4 0.83975446
2402.5 0.75423342
2405.6 0.70437372
2408.7 0.72913742
2411.8 0.73449862
2414.9 0.69574052
2418.0 0.68042636
2421.1 0.68099326
2424.2 0.66861171
2427.3 0.66424167
2430.4 0.65150517
2433.5 0.63225043
2436.6 0.61097562
2439.7 0.60634607
2442.8 0.62441516
2445.9 0.64265257
2449.0 0.64410967
2452.1 0.65091562
2455.2 0.66656011
2458.3 0.66671354
2461.4 0.66220921
2464.5 0.63977557
2467.6 0.64208859
2470.7 0.63836813
2473.8 0.61152595
2476.9 0.61896926
2480.0 0.59787315
2483.1 0.59755802
2486.2 0.58687401
2489.3 0.59931111
2492.4 0.60658705
2495.5 0.59520268
2498.6 0.57618290
2501.7 0.57524228
2504.8 0.57225460
2507.9 0.56519938
2511.0 0.58206135
2514.1 0.56951332
2517.2 0.58382112
2520.3 0.59510219
2523.4 0.63102829
2526.5 0.62096399
2529.6 0.61697787
2532.7 0.64389050
2535.8 0.65255272
2538.9 0.67495531
2542.0 0.71734202
2545.1 0.69598216
2548.2 0.66084927
2551.3 0.65720385
2554.4 0.62749583
2557.5 0.61149311
2560.6 0.60481650
2563.7 0.59438795
2566.8 0.57426047
2569.9 0.55188632
2573.0 0.54518723
2576.1 0.54746109
2579.2 0.56232381
2582.3 0.55753100
2585.4 0.55363512
2588.5 0.56554890
2591.6 0.54575503
2594.7 0.53858924
2597.8 0.54823059
2600.9 0.53541261
2604.0 0.52937305
2607.1 0.52827609
2610.2 0.52718258
2613.3 0.52932221
2616.4 0.53342324
2619.5 0.53071195
2622.6 0.52846622
2625.7 0.55772442
2628.8 0.55408430
2631.9 0.56223977
2635.0 0.55193877
2638.1 0.53837103
2641.2 0.52948803
2644.3 0.55294383
2647.4 0.55232531
2650.5 0.54810727
2653.6 0.57315850
2656.7 0.55766976
2659.8 0.57542384
2662.9 0.60645032
2666.0 0.59569126
2669.1 0.60759681
2672.2 0.61844337
2675.3 0.64345556
2678.4 0.68393844
2681.5 0.69116968
2684.6 0.72909683
2687.7 0.78880572
2690.8 0.81766808
2693.9 0.82078570
2697.0 0.76286310
2700.1 0.74891502
2703.2 0.74108839
2706.3 0.70482063
2709.4 0.67263472
2712.5 0.61574209
2715.6 0.60263669
2718.7 0.57840413
2721.8 0.56648213
2724.9 0.58059579
2728.0 0.56452209
2731.1 0.55468357
2734.2 0.55501425
2737.3 0.54181635
2740.4 0.53776944
2743.5 0.53474683
2746.6 0.50152755
2749.7 0.51847488
2752.8 0.51560056
2755.9 0.52852219
2759.0 0.51685059
2762.1 0.51437783
2765.2 0.53732347
2768.3 0.54486549
2771.4 0.56519610
2774.5 0.55678159
2777.6 0.55231285
2780.7 0.53137386
2783.8 0.56040007
2786.9 0.56141627
2790.0 0.56464094
2793.1 0.56035906
2796.2 0.58120966
2799.3 0.60571265
2802.4 0.60110825
2805.5 0.57622248
2808.6 0.56236619
2811.7 0.54851240
2814.8 0.55210191
2817.9 0.59248739
2821.0 0.57614625
2824.1 0.56887877
2827.2 0.59067780
2830.3 0.58547235
2833.4 0.54196763
2836.5 0.57093859
2839.6 0.59337580
2842.7 0.56761438
2845.8 0.55654824
2848.9 0.56509459
2852.0 0.54376304
2855.1 0.53087580
2858.2 0.53237700
2861.3 0.54909927
2864.4 0.56877649
2867.5 0.56818342
2870.6 0.55658406
2873.7 0.56325591
2876.8 0.54622221
2879.9 0.55504614
2883.0 0.53801453
2886.1 0.56595296
2889.2 0.53242564
2892.3 0.54945141
2895.4 0.52632302
2898.5 0.53099251
2901.6 0.53485823
2904.7 0.55221027
2907.8 0.50341558
2910.9 0.50209463
2914.0 0.47182852
2917.1 0.46564457
2920.2 0.45890975
2923.3 0.46990076
2926.4 0.46813518
2929.5 0.46650901
2932.6 0.45791700
2935.7 0.46463063
2938.8 0.46917880
2941.9 0.45910126
2945.0 0.44348204
2948.1 0.44721138
2951.2 0.44880891
2954.3 0.44624588
2957.4 0.45297125
2960.5 0.45849687
2963.6 0.46653217
2966.7 0.46453738
2969.8 0.46065286
2972.9 0.46938506
2976.0 0.48261544
2979.1 0.48268807
2982.2 0.48688003
2985.3 0.50485998
2988.4 0.53435475
2991.5 0.53658694
2994.6 0.57645231
2997.7 0.58148414
3000.8 0.60063517
3003.9 0.64519387
3007.0 0.67142534
3010.1 0.75082517
3013.2 0.81858271
3016.3 0.79232949
3019.4 0.73870802
3022.5 0.68566406
3025.6 0.64830595
3028.7 0.61578381
3031.8 0.57485390
3034.9 0.56433028
3038.0 0.55847406
3041.1 0.53878105
3044.2 0.50850177
3047.3 0.52342832
3050.4 0.50612015
3053.5 0.49812740
3056.6 0.48948887
3059.7 0.47609541
3062.8 0.47068447
3065.9 0.48270223
3069.0 0.48258117
3072.1 0.56918114
3075.2 0.62191451
3078.3 0.51961690
3081.4 0.46127993
3084.5 0.44886488
3087.6 0.44489458
3090.7 0.43375626
3093.8 0.46175405
3096.9 0.50422984
3100.0 0.61248654
3103.1 0.86250299
3106.2 0.86011213
3109.3 0.57812536
3112.4 0.48646837
3115.5 0.45712987
3118.6 0.44437310
3121.7 0.43369636
3124.8 0.42517409
3127.9 0.42525688
3131.0 0.42205524
3134.1 0.42246011
3137.2 0.42169344
3140.3 0.41462079
3143.4 0.40982226
3146.5 0.40962803
3149.6 0.39378318
3152.7 0.38551018
3155.8 0.40226853
3158.9 0.39847165
3162.0 0.40324059
3165.1 0.38681099
3168.2 0.38979369
3171.3 0.38418049
3174.4 0.39741260
3177.4998 0.39025685
3180.5998 0.38003632
3183.6998 0.38857713
3186.7998 0.38598436
3189.8998 0.39756873
3192.9998 0.39945787
3196.0998 0.41528380
3199.1998 0.42408022
3202.2998 0.41792876
3205.3998 0.40567374
3208.4998 0.42333969
3211.5998 0.40565190
3214.6998 0.39542642
3217.7998 0.39604896
3220.8998 0.41821936
3223.9998 0.41022918
3227.0998 0.38846207
3230.1998 0.39339340
3233.2998 0.39684668
3236.3998 0.40334287
3239.4998 0.39663634
3242.5998 0.40023527
3245.6998 0.39849976
3248.7998 0.40052938
3251.8998 0.38575223
3254.9998 0.39212745
3258.0998 0.40469059
3261.1998 0.38508064
3264.2998 0.39579788
3267.3998 0.39723247
3270.4998 0.39415753
3273.5998 0.39456004
3276.6998 0.39724168
3279.8 0.39448813
3282.9 0.40949005
3286.0 0.39074951
3289.1 0.38237405
3292.2 0.41796228
3295.3 0.38999051
3298.4 0.40796474
3301.5 0.39749414
3304.6 0.38549903
3307.7 0.37988427
3310.8 0.37541270
3313.9 0.38649997
3317.0 0.36614347
3320.1 0.36922690
3323.2 0.37283230
3326.3 0.36864009
3329.4 0.35118440
3332.5 0.35747233
3335.6 0.36593923
3338.7 0.36501083
3341.8 0.35376143
3344.9 0.35491148
3348.0 0.35177594
3351.1 0.34481934
3354.2 0.35155126
3357.3 0.35854661
3360.4 0.35597980
3363.5 0.34714022
3366.6 0.34194642
3369.7 0.33669972
3372.8 0.34823042
3375.9 0.33560839
3379.0 0.35813513
3382.1 0.33742565
3385.2 0.33881503
3388.3 0.33344212
3391.4 0.33290392
3394.5 0.33236709
3397.6 0.33183151
3400.7 0.33928031
3403.8 0.34060851
3406.9 0.34828940
3410.0 0.33964396
3413.1 0.34051001
3416.2 0.32864627
3419.3 0.32811993
3422.4 0.33731648
3425.5 0.34714779
3428.6 0.34113479
3431.7 0.33266944
3434.8 0.34561366
3437.9 0.35100418
3441.0 0.33325699
3444.1 0.33689076
3447.2 0.32344139
3450.3 0.32292792
3453.4 0.32928827
3456.5 0.32372880
3459.6 0.35376415
3462.7 0.33759379
3465.8 0.32825938
3468.9 0.36635420
3472.0 0.36134896
3475.1 0.34490344
3478.2 0.33847842
3481.3 0.32302722
3484.4 0.32246751
3487.5 0.31686321
3490.6 0.32711610
3493.7 0.31586957
3496.8 0.31729212
3499.9 0.31488073
3503.0 0.31733349
3506.1 0.31389663
3509.2 0.31553158
3512.3 0.31426513
3515.4 0.31242934
3518.5 0.32319888
3521.6 0.31831181
3524.7 0.31097287
3527.8 0.31048962
3530.9 0.31000760
3534.0 0.30952671
3537.1 0.30904695
3540.2 0.30856839
3543.3 0.30809096
3546.4 0.31433645
3549.5 0.30713949
3552.6 0.30755565
3555.7 0.30619255
3558.8 0.30748609
3561.9 0.30535269
3565.0 0.30478051
3568.1 0.30765277
3571.2 0.31185964
3574.3 0.31326550
3577.4 0.31026551
3580.5 0.30965728
3583.6 0.30868605
3586.7 0.30434996
3589.8 0.30678102
3592.9 0.30469829
3596.0 0.30403402
3599.1 0.31072587
3602.2 0.32425842
3605.3 0.30827361
3608.4 0.31888649
3611.5 0.31264466
3614.6 0.32223284
3617.7 0.31460431
3620.8 0.32473370
3623.9 0.31947401
3627.0 0.32085264
3630.1 0.33010584
3633.2 0.32202503
3636.3 0.32810065
3639.4 0.33884528
3642.5 0.36474395
3645.6 0.35631916
3648.7 0.34936357
3651.8 0.35118300
3654.9 0.32015616
3658.0 0.31472105
3661.1 0.32930270
3664.2 0.32340571
3667.3 0.31208003
3670.4 0.31370568
3673.5 0.31536350
3676.6 0.31570870
3679.7 0.31008300
3682.8 0.31613600
3685.9 0.32256800
3689.0 0.30265811
3692.1 0.30582780
3695.2 0.30366173
3698.3 0.31334004
3701.4 0.29554456
3704.5 0.29865542
3707.6 0.29778627
3710.7 0.29666391
3713.8 0.29874107
3716.9 0.29809347
3720.0 0.29731047
3723.1 0.29995027
3726.2 0.29504883
3729.3 0.29253972
3732.4 0.28735748
3735.5 0.28707391
3738.6 0.28234637
3741.7 0.28778356
3744.8 0.28835866
3747.9 0.29163170
3751.0 0.29394695
3754.1 0.28270259
3757.2 0.28873244
3760.3 0.29735687
3763.4 0.29384366
3766.5 0.29672721
3769.6 0.30209410
3772.7 0.29710042
3775.8 0.29925856
3778.9 0.29329923
3782.0 0.30799586
3785.1 0.28315899
3788.2 0.27370495
3791.3 0.27781561
3794.4 0.27406719
3797.5 0.27551240
3800.6 0.27585998
3803.7 0.28124231
3806.8 0.28640655
3809.9 0.27336669
3813.0 0.28101650
3816.1 0.28858158
3819.2 0.27791438
3822.3 0.27324343
3825.4 0.26900581
3828.5 0.26861989
3831.6 0.26972404
3834.7 0.28561109
3837.8 0.27208498
3840.9 0.27365583
3844.0 0.26670325
3847.1 0.26733974
3850.2 0.26707706
3853.3 0.27138707
3856.4 0.26861599
3859.5 0.27470851
3862.6 0.27559701
3865.7 0.26930931
3868.8 0.26742503
3871.9 0.26699233
3875.0 0.27466038
3878.1 0.27291325
3881.2 0.26712120
3884.3 0.26515123
3887.4 0.26307848
3890.5 0.26177916
3893.6 0.26391715
3896.7 0.26619291
3899.8 0.27495578
3902.9 0.27870324
3906.0 0.28394437
3909.1 0.29293901
3912.2 0.28119612
3915.3 0.26738739
3918.4 0.26823166
3921.5 0.26543304
3924.6 0.26126611
3927.7 0.26531339
3930.8 0.27317932
3933.9 0.27602476
3937.0 0.26740709
3940.1 0.26946327
3943.2 0.27346620
3946.3 0.27837634
3949.4 0.28257066
3952.5 0.26862019
3955.6 0.27125275
3958.7 0.27625880
3961.8 0.27705649
3964.9 0.27113888
3968.0 0.27063009
3971.1 0.27462080
3974.2 0.27434179
3977.3 0.27132484
3980.4 0.27796048
3983.5 0.27508694
3986.6 0.27894264
3989.7 0.28559044
3992.8 0.28157312
3995.9 0.28974137
3999.0 0.28507131
4002.1 0.30440018
4005.2 0.30661941
4008.3 0.31461290
4011.4 0.32343316
4014.5 0.32208669
4017.6 0.32863078
4020.7 0.34702688
4023.8 0.34891301
4026.9 0.36407241
4030.0 0.38084650
4033.1 0.40417305
4036.2 0.43118376
4039.3 0.46378025
4042.4 0.50869215
4045.5 0.56479269
4048.6 0.63345522
4051.7 0.71435404
4054.8 0.83743674
4057.9 0.98381507
4061.0 1.1681721
4064.1 1.3540463
4067.2 1.5925747
4070.3 1.6364611
4073.4 1.3992927
4076.5 1.1645046
4079.6 1.0593290
4082.7 0.99762613
4085.8 0.86382085
4088.9 0.72864741
4092.0 0.65634978
4095.1 0.59860516
4098.2 0.54581523
4101.3 0.50558245
4104.4 0.48095471
4107.5 0.45025516
4110.6 0.41916326
4113.7 0.39332774
4116.8 0.36738154
4119.9 0.34519625
4123.0 0.33815342
4126.1 0.33116505
4129.2 0.31447321
4132.3 0.31240419
4135.4 0.30650526
4138.5 0.30681378
4141.6 0.31217903
4144.7 0.31126469
4147.8 0.30474430
4150.9 0.29482383
4154.0 0.30950764
4157.1 0.31741971
4160.2 0.32384267
4163.3 0.35658070
4166.4 0.35468930
4169.5 0.33061776
4172.6 0.33390301
4175.7 0.33789149
4178.8 0.32814026
4181.9 0.30279502
4185.0 0.27812797
4188.1 0.27536163
4191.2 0.26835304
4194.3 0.26017609
4197.4 0.25851521
4200.5 0.25127590
4203.6 0.24017677
4206.7 0.23881230
4209.8 0.23995373
4212.9 0.23950201
4216.0 0.22830908
4219.1 0.22614416
4222.2 0.22585103
4225.3 0.23305254
4228.4 0.24219668
4231.5 0.23257354
4234.6 0.22916149
4237.7 0.22846079
4240.8 0.22410095
4243.9 0.22381149
4247.0 0.22352262
4250.1 0.23858176
4253.2 0.22946246
4256.3 0.23106888
4259.4 0.22237304
4262.5 0.22208709
4265.6 0.22609970
4268.7 0.23331176
4271.8 0.23145792
4274.9 0.22597797
4278.0 0.22822244
4281.1 0.22839271
4284.2 0.22666059
4287.3 0.21982086
4290.4 0.21954016
4293.5 0.21926007
4296.6 0.22100890
4299.7 0.21870159
4302.8 0.21842320
4305.9 0.21814543
4309.0 0.22326972
4312.1 0.21759151
4315.2 0.21731539
4318.3 0.21703984
4321.4 0.21999390
4324.5 0.21649042
4327.6 0.21621656
4330.7 0.21594326
4333.8 0.21567051
4336.9 0.22146133
4340.0 0.21641858
4343.1 0.22831556
4346.2 0.21620899
4349.3 0.21617183
4352.4 0.21404567
4355.5 0.21377678
4358.6 0.22900298
4361.7 0.23757629
4364.8 0.22929731
4367.9 0.24631116
4371.0 0.22771409
4374.1 0.25619262
4377.2 0.24113142
4380.3 0.22277907
4383.4 0.24790314
4386.5 0.23090483
4389.6 0.22516306
4392.7 0.22701065
4395.8 0.21980569
4398.9 0.21666983
4402.0 0.20980832
4405.1 0.20954800
4408.2 0.21252678
4411.3 0.22046344
4414.4 0.20877023
4417.5 0.20851205
4420.6 0.20825437
4423.7 0.20799720
4426.8 0.22872290
4429.9 0.21242887
4433.0 0.20722878
4436.1 0.20697372
4439.2 0.21043506
4442.3 0.20898305
4445.4 0.20621142
4448.5 0.20595843
4451.6 0.21177213
4454.7 0.21830942
4457.8 0.23036897
4460.9 0.20495124
4464.0 0.22671400
4467.1 0.20504145
4470.2 0.21466710
4473.3 0.20395212
4476.4 0.21772429
4479.5 0.21196948
4482.6 0.21150684
4485.7 0.21567485
4488.8 0.22569743
4491.9 0.21498616
4495.0 0.20222290
4498.1 0.21581550
4501.2 0.23888768
4504.3 0.20148915
4507.4 0.20124558
4510.5 0.20158020
4513.6 0.20075980
4516.7 0.20051768
4519.8 0.20027600
4522.9 0.21985070
4526.0 0.21412569
4529.1 0.19955392
4532.2 0.19931419
4535.3 0.20996985
4538.4 0.22465855
4541.5 0.19859780
4544.6 0.20022979
4547.7 0.24470273
4550.8 0.21040264
4553.9 0.20855242
4557.0 0.19741334
4560.1 0.22428720
4563.2 0.23967062
4566.3 0.22890866
4569.4 0.25173891
4572.5 0.24641113
4575.6 0.25964591
4578.7 0.22563981
4581.8 0.23408850
4584.9 0.28824797
4588.0 0.25848627
4591.1 0.24801825
4594.2 0.22445260
4597.3 0.21686326
4600.4 0.26801977
4603.5 0.25560775
4606.6 0.24723952
4609.7 0.23024538
4612.8 0.20597896
4615.9 0.23273896
4619.0 0.19279139
4622.1 0.19256505
4625.2 0.19233915
4628.3 0.19211376
4631.4 0.19188879
4634.5 0.19166422
4637.6 0.19144018
4640.7 0.19121647
4643.8 0.19099326
4646.9 0.19077048
4650.0 0.19054817
4653.1 0.19032627
4656.2 0.19010480
4659.3 0.18988378
4662.4 0.18966322
4665.5 0.18944308
4668.6 0.18922336
4671.7 0.18900408
4674.8 0.18878523
4677.9 0.18856680
4681.0 0.18834883
4684.1 0.18813126
4687.2 0.18791416
4690.3 0.18769746
4693.4 0.18748114
4696.5 0.18726528
4699.6 0.18704987
4702.7 0.18683489
4705.8 0.18662027
4708.9 0.18640609
4712.0 0.18619241
4715.1 0.18597907
4718.2 0.18576618
4721.3 0.18555368
4724.4 0.18534163
4727.5 0.18512996
4730.6 0.18491875
4733.7 0.18470795
4736.8 0.18449758
4739.9 0.18428755
4743.0 0.18407798
4746.1 0.18386881
4749.2 0.18366005
4752.3 0.18345170
4755.4 0.18324377
4758.5 0.18303625
4761.6 0.18282911
4764.7 0.18262243
4767.8 0.18241613
4770.9 0.18221022
4774.0 0.18200469
4777.1 0.18179959
4780.2 0.18159494
4783.3 0.18139060
4786.4 0.18118674
4789.5 0.18098323
4792.6 0.18078008
4795.7 0.18057741
4798.8 0.18037516
4801.9 0.18017322
4805.0 0.17997168
4808.1 0.17977062
4811.2 0.17956987
4814.3 0.17936949
4817.4 0.17916957
4820.5 0.17897010
4823.6 0.17877088
4826.7 0.17857212
4829.8 0.17837375
4832.9 0.17817579
4836.0 0.17797820
4839.1 0.17778094
4842.2 0.17758410
4845.3 0.17738773
4848.4 0.17719163
4851.5 0.17699593
4854.6 0.17680065
4857.7 0.17660569
4860.8 0.17641123
4863.9 0.17621706
4867.0 0.17602326
4870.1 0.17582992
4873.2 0.17563690
4876.3 0.17544429
4879.4 0.17525202
4882.5 0.17506014
4885.6 0.17486861
4888.7 0.17467748
4891.8 0.17448673
4894.9 0.17429635
4898.0 0.17410631
4901.1 0.17391668
4904.2 0.17372741
4907.3 0.17353852
4910.4 0.17334999
4913.5 0.17316180
4916.6 0.17297398
4919.7 0.17278661
4922.8 0.17259949
4925.9 0.17241283
4929.0 0.17222647
4932.1 0.17204049
4935.2 0.17185488
4938.3 0.17166966
4941.4 0.17148481
4944.5 0.17130029
4947.6 0.17111613
4950.7 0.17093232
4953.8 0.17074889
4956.9 0.17056580
4960.0 0.17038307
4963.1 0.17020074
4966.2 0.17001870
4969.3 0.16983706
4972.4 0.16965578
4975.5 0.16947484
4978.6 0.16929421
4981.7 0.16911399
4984.8 0.16893408
4987.9 0.16875461
4991.0 0.16857541
4994.1 0.16839658
4997.2 0.16821808
5000.3 0.16803993
5003.4 0.16786219
5006.5 0.16768476
5009.6 0.16750765
5012.7 0.16733092
5015.8 0.16715452
5018.9 0.16697851
5022.0 0.16680275
5025.1 0.16662741
5028.2 0.16645239
5031.3 0.16627771
5034.4 0.16610338
5037.5 0.16592941
5040.6 0.16575573
5043.7 0.16558240
5046.8 0.16540945
5049.9 0.16523679
5053.0 0.16506450
5056.1 0.16489255
5059.2 0.16472092
5062.3 0.16454966
5065.4 0.16437867
5068.5 0.16420810
5071.6 0.16403778
5074.7 0.16386785
5077.8 0.16369823
5080.9 0.16352895
5084.0 0.16336003
5087.1 0.16319136
5090.2 0.16302310
5093.3 0.16285513
5096.4 0.16268748
5099.5 0.16252021
5102.6 0.16235326
5105.7 0.16218661
5108.8 0.16202027
5111.9 0.16185431
5115.0 0.16168864
5118.1 0.16152331
5121.2 0.16135828
5124.3 0.16119356
5127.4 0.16102922
5130.5 0.16086519
5133.6 0.16070142
5136.7 0.16053805
5139.8 0.16037498
5142.9 0.16021220
5146.0 0.16004977
5149.1 0.15988767
5152.2 0.15972587
5155.3 0.15956436
5158.4 0.15940323
5161.5 0.15924238
5164.6 0.15908182
5167.7 0.15892163
5170.8 0.15876174
5173.9 0.15860213
5177.0 0.15844287
5180.1 0.15828392
5183.2 0.15812528
5186.3 0.15796693
5189.4 0.15780891
5192.5 0.15765119
5195.6 0.15749380
5198.7 0.15733673
5201.8 0.15717997
5204.9 0.15702352
5208.0 0.15686733
5211.1 0.15671149
5214.2 0.15655597
5217.3 0.15640074
5220.4 0.15624578
5223.5 0.15609118
5226.6 0.15593690
5229.7 0.15578283
5232.8 0.15562913
5235.9 0.15547572
5239.0 0.15532266
5242.1 0.15516986
5245.2 0.15501736
5248.3 0.15486515
5251.4 0.15471330
5254.5 0.15456168
5257.6 0.15441039
5260.7 0.15425943
5263.8 0.15410875
5266.9 0.15395831
5270.0 0.15380824
5273.1 0.15365843
5276.2 0.15350892
5279.3 0.15335974
5282.4 0.15321083
5285.5 0.15306221
5288.6 0.15291391
5291.7 0.15276590
5294.8 0.15261817
5297.9 0.15247077
5301.0 0.15232360
5304.1 0.15217677
5307.2 0.15203020
5310.3 0.15188394
5313.4 0.15173796
5316.5 0.15159231
5319.6 0.15144688
5322.7 0.15130179
5325.8 0.15115698
5328.9 0.15101244
5332.0 0.15086822
5335.1 0.15072429
5338.2 0.15058063
5341.3 0.15043727
5344.4 0.15029415
5347.5 0.15015137
5350.6 0.15000884
5353.7 0.14986661
5356.8 0.14972466
5359.9 0.14958300
5363.0 0.14944163
5366.1 0.14930055
5369.2 0.14915973
5372.3 0.14901920
5375.4 0.14887893
5378.5 0.14873897
5381.6 0.14859927
5384.7 0.14845988
5387.8 0.14832076
5390.9 0.14818187
5394.0 0.14804332
5397.1 0.14790501
5400.2 0.14776701
5403.3 0.14762928
5406.4 0.14749181
5409.5 0.14735460
5412.6 0.14721774
5415.7 0.14708109
5418.8 0.14694475
5421.9 0.14680865
5425.0 0.14667284
5428.1 0.14653730
5431.2 0.14640205
5434.3 0.14626706
5437.4 0.14613235
5440.5 0.14599787
5443.6 0.14586371
5446.7 0.14572984
5449.8 0.14559622
5452.9 0.14546281
5456.0 0.14532971
5459.1 0.14519693
5462.2 0.14506438
5465.3 0.14493206
5468.4 0.14480005
5471.5 0.14466828
5474.6 0.14453681
5477.7 0.14440559
5480.8 0.14427465
5483.9 0.14414395
5487.0 0.14401354
5490.1 0.14388339
5493.2 0.14375351
5496.3 0.14362389
5499.4 0.14349455
5502.5 0.14336544
5505.6 0.14323659
5508.7 0.14310801
5511.8 0.14297973
5514.9 0.14285168
5518.0 0.14272386
5521.1 0.14259633
5524.2 0.14246908
5527.3 0.14234203
5530.4 0.14221534
5533.5 0.14208883
5536.6 0.14196259
5539.7 0.14183661
5542.8 0.14171092
5545.9 0.14158545
5549.0 0.14146025
5552.1 0.14133531
5555.2 0.14121062
5558.3 0.14108618
5561.4 0.14096202
5564.5 0.14083807
5567.6 0.14071441
5570.7 0.14059101
5573.8 0.14046785
5576.9 0.14034496
5580.0 0.14022230
5583.1 0.14009990
5586.2 0.13997777
5589.3 0.13985585
5592.4 0.13973421
5595.5 0.13961282
5598.6 0.13949168
5601.7 0.13937078
5604.8 0.13925014
5607.9 0.13912973
5611.0 0.13900961
5614.1 0.13888972
5617.2 0.13877006
5620.3 0.13865066
5623.4 0.13853151
5626.5 0.13841261
5629.6 0.13829394
5632.7 0.13817556
5635.8 0.13805740
5638.9 0.13793947
5642.0 0.13782176
5645.1 0.13770434
5648.2 0.13758717
5651.3 0.13747020
5654.4 0.13735354
5657.5 0.13723707
5660.6 0.13712087
5663.7 0.13700491
5666.8 0.13688914
5669.9 0.13677366
5673.0 0.13665845
5676.1 0.13654344
5679.2 0.13642864
5682.3 0.13631414
5685.4 0.13619988
5688.5 0.13608582
5691.6 0.13597199
5694.7 0.13585846
5697.8 0.13574512
5700.9 0.13563204
5704.0 0.13551916
5707.1 0.13540655
5710.2 0.13529420
5713.3 0.13518204
5716.4 0.13507013
5719.5 0.13495849
5722.6 0.13484704
5725.7 0.13473584
5728.8 0.13462487
5731.9 0.13451417
5735.0 0.13440368
5738.1 0.13429344
5741.2 0.13418338
5744.3 0.13407362
5747.4 0.13396403
5750.5 0.13385473
5753.6 0.13374561
5756.7 0.13363673
5759.8 0.13352810
5762.9 0.13341971
5766.0 0.13331152
5769.1 0.13320360
5772.2 0.13309586
5775.3 0.13298839
5778.4 0.13288116
5781.5 0.13277414
5784.6 0.13266732
5787.7 0.13256076
5790.8 0.13245441
5793.9 0.13234831
5797.0 0.13224244
5800.1 0.13213678
5803.2 0.13203135
5806.3 0.13192613
5809.4 0.13182119
5812.5 0.13171642
5815.6 0.13161188
5818.7 0.13150759
5821.8 0.13140351
5824.9 0.13129963
5828.0 0.13119601
5831.1 0.13109262
5834.2 0.13098939
5837.3 0.13088644
5840.4 0.13078371
5843.5 0.13068119
5846.6 0.13057891
5849.7 0.13047682
5852.8 0.13037498
5855.9 0.13027333
5859.0 0.13017191
5862.1 0.13007073
5865.2 0.12996976
5868.3 0.12986901
5871.4 0.12976845
5874.5 0.12966815
5877.6 0.12956804
5880.7 0.12946814
5883.8 0.12936848
5886.9 0.12926908
5890.0 0.12916982
5893.1 0.12907083
5896.2 0.12897205
5899.3 0.12887344
5902.4 0.12877510
5905.5 0.12867694
5908.6 0.12857901
5911.7 0.12848130
5914.8 0.12838380
5917.9 0.12828653
5921.0 0.12818946
5924.1 0.12809257
5927.2 0.12799591
5930.3 0.12789947
5933.4 0.12780325
5936.5 0.12770723
5939.6 0.12761146
5942.7 0.12751590
5945.8 0.12742050
5948.9 0.12732533
5952.0 0.12723038
5955.1 0.12713565
5958.2 0.12704110
5961.3 0.12694679
5964.4 0.12685266
5967.5 0.12675877
5970.6 0.12666506
5973.7 0.12657157
5976.8 0.12647828
5979.9 0.12638523
5983.0 0.12629238
5986.1 0.12619974
5989.2 0.12610725
5992.3 0.12601504
5995.4 0.12592299
5998.5 0.12583117
