300.0 0.0
450.0 0.0000000
454.5 0.0000000
459.0 0.0000000
463.5 0.0000000
468.0 0.0000000
472.5 0.0000000
477.0 0.0000000
481.5 0.0000000
486.0 0.0000000
490.5 0.0000000
495.0 0.0000000
499.5 0.0000000
504.0 0.0000000
508.5 0.0000000
513.0 0.0000000
517.5 0.0000000
522.0 0.0000000
526.5 0.0000000
531.0 0.0000000
535.5 0.0000000
540.0 0.0000000
544.5 0.0000000
549.0 0.0000000
553.5 0.0000000
558.0 0.0000000
562.5 0.0000000
567.0 0.0000000
571.5 0.0000000
576.0 0.0000000
580.5 0.0000000
585.0 0.0000000
589.5 0.0000000
594.0 0.0000000
598.5 0.0000000
603.0 0.0000000
607.5 0.0000000
612.0 0.0000000
616.5 0.0000000
621.0 0.0000000
625.5 0.0000000
630.0 0.0000000
634.5 0.0000000
639.0 0.0000000
643.5 0.0000000
648.0 0.0000000
652.5 0.0000000
657.0 0.0000000
661.5 0.0000000
666.0 0.0000000
670.5 0.0000000
675.0 0.0000000
679.5 0.0000000
684.0 0.0000000
688.5 0.0000000
693.0 0.0000000
697.5 0.0000000
702.0 0.0000000
706.5 0.0000000
711.0 0.0000000
715.5 0.0000000
720.0 0.0000000
724.5 0.0000000
729.0 0.0000000
733.5 0.0000000
738.0 0.0000000
742.5 0.0000000
747.0 0.0000000
751.5 0.0000000
756.0 0.0000000
760.5 0.0000000
765.0 0.0000000
769.5 0.0000000
774.0 0.0000000
778.5 0.0000000
783.0 0.0000000
787.5 0.0000000
792.0 0.0000000
796.5 0.0000000
801.0 0.0000000
805.5 0.0000000
810.0 0.0000000
814.5 0.0000000
819.0 0.0000000
823.5 1.07749599E-06
828.0 6.07864706E-07
832.5 3.35900580E-07
837.0 1.81692769E-07
841.5 9.61159401E-08
846.0 4.97125932E-08
850.5 2.51184797E-08
855.0 1.23870141E-08
859.5 5.96087446E-09
864.0 2.79543566E-09
868.5 1.27513944E-09
873.0 5.66621750E-10
877.5 3.53892347E-07
882.0 1.97714598E-07
886.5 1.08293882E-07
891.0 5.81253055E-08
895.5 3.05504386E-08
900.0 1.72370100E-08
904.5 9.08739395E-09
909.0 4.46923210E-09
913.5 2.31293229E-09
918.0 1.18843890E-09
922.5 6.09569728E-10
927.0 3.03819106E-04
931.5 2.29522731E-04
936.0 1.42947902E-04
940.5 8.67293857E-05
945.0 5.86706374E-05
949.5 4.07070147E-05
954.0 2.87887906E-05
958.5 2.04017979E-05
963.0 1.36999715E-05
967.5 8.42989357E-06
972.0 5.72608906E-06
976.5 3.40376687E-06
981.0 2.03277045E-06
985.5 1.21771029E-06
990.0 7.49998321E-07
994.5 4.80074846E-07
999.0 2.86151817E-07
1003.5 1.78880427E-07
1008.0 1.11214277E-07
1012.5 6.22387333E-08
1017.0 3.06068948E-08
1021.5 1.87661779E-08
1026.0 1.37425840E-08
1030.5 1.28293651E-08
1035.0 1.22671562E-08
1039.5 1.21349899E-08
1044.0 1.27640023E-08
1048.5 1.36358089E-08
1053.0 1.46298120E-08
1057.5 1.62870215E-08
1062.0 1.74806800E-08
1066.5 1.89854994E-08
1071.0 2.10020570E-08
1075.5 2.40450468E-08
1080.0 2.83130976E-08
1084.5 3.50838718E-08
1089.0 4.51213467E-08
1093.5 6.35453219E-08
1098.0 3.4567573
1102.5 2.7968452
1107.0 2.6095653
1111.5 2.6093650
1116.0 2.4451869
1120.5 1.9581673
1125.0 1.6912496
1129.5 1.5910240
1134.0 1.5230510
1138.5 1.4245996
1143.0 1.3012319
1147.5 1.2194772
1152.0 1.1916964
1156.5 1.1951938
1161.0 1.2148767
1165.5 1.2234311
1170.0 1.3162756
1174.5 1.3372581
1179.0 1.2800912
1183.5 1.1667681
1188.0 1.1745981
1192.5 1.1642216
1197.0 1.1923884
1201.5 1.2131650
1206.0 1.1986017
1210.5 1.1557409
1215.0 1.1406188
1219.5 1.1770862
1224.0 1.1700140
1228.5 1.1897643
1233.0 1.1746148
1237.5 1.2023036
1242.0 1.2712749
1246.5 1.3428426
1251.0 1.4417231
1255.5 1.4686199
1260.0 1.4897709
1264.5 1.3550111
1269.0 1.2654128
1273.5 1.1988893
1278.0 1.1700534
1282.5 1.1650424
1287.0 1.1126070
1291.5 1.0987134
1296.0 1.0923493
1300.5 1.0844163
1305.0 1.1040487
1309.5 1.0936183
1314.0 1.0704910
1318.5 1.1027579
1323.0 1.0838490
1327.5 1.1008955
1332.0 1.1273582
1336.5 1.1441351
1341.0 1.1721002
1345.5 1.1705019
1350.0 1.2077179
1354.5 1.2345630
1359.0 1.2646810
1363.5 1.3125626
1368.0 1.4104686
1372.5 1.5415139
1377.0 1.6918421
1381.5 1.8827808
1386.0 2.1199560
1390.5 2.2602751
1395.0 2.0515130
1399.5 1.7402383
1404.0 1.5037193
1408.5 1.3800679
1413.0 1.3177381
1417.5 1.2818743
1422.0 1.2210187
1426.5 1.2164074
1431.0 1.1795324
1435.5 1.2024035
1440.0 1.2052387
1444.5 1.2005997
1449.0 1.2132599
1453.5 1.1976275
1458.0 1.2152033
1462.5 1.2315214
1467.0 1.2329590
1471.5 1.2588714
1476.0 1.2096868
1480.5 1.2008718
1485.0 1.1846890
1489.5 1.2034967
1494.0 1.2083184
1498.5 1.1905242
1503.0 1.1297492
1507.5 1.0927939
1512.0 1.0769624
1516.5 1.0566671
1521.0 1.0579621
1525.5 1.0546799
1530.0 1.0522461
1534.5 1.0684048
1539.0 1.0646269
1543.5 1.0812752
1548.0 1.0858670
1552.5 1.0834663
1557.0 1.0706031
1561.5 1.0837384
1566.0 1.0881703
1570.5 1.1172218
1575.0 1.0988655
1579.5 1.0807959
1584.0 1.0329059
1588.5 1.0481066
1593.0 1.0526052
1597.5 1.0383451
1602.0 1.0731992
1606.5 1.0831546
1611.0 1.0544554
1615.5 1.0362831
1620.0 1.0374584
1624.5 1.0372772
1629.0 1.0366234
1633.5 1.0496354
1638.0 1.0311238
1642.5 1.0277051
1647.0 1.0406924
1651.5 1.0393664
1656.0 1.0649600
1660.5 1.0602350
1665.0 1.1286422
1669.5 1.1246396
1674.0 1.1359671
1678.5 1.1186607
1683.0 1.1210002
1687.5 1.1312113
1692.0 1.1814278
1696.5 1.2711016
1701.0 1.3525442
1705.5 1.4188811
1710.0 1.4441575
1714.5 1.5199158
1719.0 1.4535205
1723.5 1.3289349
1728.0 1.2155107
1732.5 1.1401913
1737.0 1.1049286
1741.5 1.0690449
1746.0 1.0353205
1750.5 1.0094507
1755.0 1.0020128
1759.5 0.96419364
1764.0 0.94890684
1768.5 0.94128543
1773.0 0.95028907
1777.5 0.95417494
1782.0 0.93204170
1786.5 0.93571192
1791.0 0.94050694
1795.5 0.94820940
1800.0 0.92457098
1804.5 0.93450230
1809.0 0.95615798
1813.5 0.90427047
1818.0 0.92805672
1822.5 0.93387437
1827.0 0.92721021
1831.5 0.93499535
1836.0 0.92006278
1840.5 0.90776074
1845.0 0.93285686
1849.5 0.97046226
1854.0 0.95113558
1858.5 0.97492319
1863.0 0.96662372
1867.5 0.96912175
1872.0 0.96356940
1876.5 0.97586650
1881.0 0.97297317
1885.5 0.97043347
1890.0 0.93940198
1894.5 0.92412835
1899.0 0.93608576
1903.5 0.94938058
1908.0 0.90921956
1912.5 0.95309788
1917.0 0.91993093
1921.5 0.94188398
1926.0 0.93325210
1930.5 0.95220584
1935.0 0.90720284
1939.5 0.92058492
1944.0 0.91966474
1948.5 0.93568224
1953.0 0.88932794
1957.5 0.89969617
1962.0 0.91675729
1966.5 0.87596679
1971.0 0.89219540
1975.5 0.86516786
1980.0 0.84101033
1984.5 0.83990061
1989.0 0.83879012
1993.5 0.84405899
1998.0 0.84893769
2002.5 0.84994775
2007.0 0.83783072
2011.5 0.83322382
2016.0 0.83210778
2020.5 0.83099163
2025.0 0.84109706
2029.5 0.83932096
2034.0 0.85128248
2038.5 0.85600960
2043.0 0.85526210
2047.5 0.86107045
2052.0 0.86858273
2056.5 0.88386452
2061.0 0.90323430
2065.5 0.89575827
2070.0 0.91896063
2074.5 0.92903137
2079.0 0.93635154
2083.5 0.94105560
2088.0 0.94725484
2092.5 0.95865148
2097.0 0.96301031
2101.5 0.94950104
2106.0 0.94062793
2110.5 0.91908079
2115.0 0.91628206
2119.5 0.89810252
2124.0 0.91070390
2128.5 0.89900362
2133.0 0.89270490
2137.5 0.89467210
2142.0 0.88863879
2146.5 0.89021391
2151.0 0.89165401
2155.5 0.90135735
2160.0 0.92192745
2164.5 0.90727335
2169.0 0.93934679
2173.5 0.96196312
2178.0 0.98985863
2182.5 0.98632008
2187.0 0.95772648
2191.5 0.95233840
2196.0 0.95477390
2200.5 0.93250126
2205.0 0.91456461
2209.5 0.90881932
2214.0 0.90471512
2218.5 0.92146987
2223.0 0.93964630
2227.5 0.94279104
2232.0 0.93612063
2236.5 0.93793815
2241.0 0.93150657
2245.5 0.93568563
2250.0 0.92564160
2254.5 0.92127836
2259.0 0.92183912
2263.5 0.91709030
2268.0 0.90502673
2272.5 0.89148080
2277.0 0.89933842
2281.5 0.90185851
2286.0 0.90179908
2290.5 0.89263320
2295.0 0.88526112
2299.5 0.88250750
2304.0 0.87769306
2308.5 0.87387133
2313.0 0.86597675
2317.5 0.85390353
2322.0 0.85783118
2326.5 0.85751569
2331.0 0.84764969
2335.5 0.82510644
2340.0 0.84594071
2344.5 0.84932113
2349.0 0.84379542
2353.5 0.84340310
2358.0 0.85028899
2362.5 0.83422297
2367.0 0.83415699
2371.5 0.81752717
2376.0 0.80438751
2380.5 0.77262825
2385.0 0.76874775
2389.5 0.76714265
2394.0 0.75932246
2398.5 0.77964330
2403.0 0.79068387
2407.5 0.79207164
2412.0 0.77478343
2416.5 0.78239238
2421.0 0.78551668
2425.5 0.79578227
2430.0 0.79559630
2434.5 0.81371218
2439.0 0.83703828
2443.5 0.84408075
2448.0 0.83295202
2452.5 0.85815090
2457.0 0.86927736
2461.5 0.86812931
2466.0 0.87229902
2470.5 0.90728778
2475.0 0.92923576
2479.5 0.92411560
2484.0 0.94138038
2488.5 0.91964602
2493.0 0.94233948
2497.5 0.97430289
2502.0 1.0551463
2506.5 1.1498740
2511.0 1.2972533
2515.5 1.4474529
2520.0 1.4932086
2524.5 1.4168559
2529.0 1.2545205
2533.5 1.1157478
2538.0 1.0294950
2542.5 0.98670578
2547.0 0.95294118
2551.5 0.92675751
2556.0 0.90609473
2560.5 0.88627815
2565.0 0.87972593
2569.5 0.86165047
2574.0 0.84595793
2578.5 0.82807040
2583.0 0.81784809
2587.5 0.81507766
2592.0 0.79146832
2596.5 0.79271358
2601.0 0.77273822
2605.5 0.76742691
2610.0 0.76630676
2614.5 0.73443669
2619.0 0.74518871
2623.5 0.74444318
2628.0 0.75510573
2632.5 0.77555823
2637.0 0.78256476
2641.5 0.78498405
2646.0 0.78409714
2650.5 0.78929716
2655.0 0.77828658
2659.5 0.77997118
2664.0 0.79007137
2668.5 0.77817923
2673.0 0.78058404
2677.5 0.76634556
2682.0 0.77074134
2686.5 0.75194937
2691.0 0.73909628
2695.5 0.72564799
2700.0 0.71887785
2704.5 0.70145857
2709.0 0.69418585
2713.5 0.67501855
2718.0 0.66181928
2722.5 0.65897983
2727.0 0.66505533
2731.5 0.65622449
2736.0 0.67008919
2740.5 0.67343873
2745.0 0.67540914
2749.5 0.67517126
2754.0 0.67559355
2758.5 0.68883383
2763.0 0.68154693
2767.5 0.69484669
2772.0 0.69392610
2776.5 0.69103324
2781.0 0.68336052
2785.5 0.69016778
2790.0 0.68514979
2794.5 0.69959122
2799.0 0.71716964
2803.5 0.71893173
2808.0 0.74752265
2812.5 0.75340736
2817.0 0.75292665
2821.5 0.74245107
2826.0 0.74157995
2830.5 0.71411479
2835.0 0.72979379
2839.5 0.72246456
2844.0 0.72095430
2848.5 0.72981942
2853.0 0.74890488
2857.5 0.74947190
2862.0 0.75868905
2866.5 0.76325786
2871.0 0.76901501
2875.5 0.76130044
2880.0 0.76482081
2884.5 0.75327617
2889.0 0.76161152
2893.5 0.75204366
2898.0 0.72955263
2902.5 0.72969371
2907.0 0.73849612
2911.5 0.71888024
2916.0 0.71761680
2920.5 0.71799773
2925.0 0.71741199
2929.5 0.72863811
2934.0 0.72526777
2938.5 0.71281242
2943.0 0.71125257
2947.5 0.72540122
2952.0 0.72386390
2956.5 0.71875560
2961.0 0.73175216
2965.5 0.71088839
2970.0 0.70191777
2974.5 0.69234657
2979.0 0.68550980
2983.5 0.68019331
2988.0 0.66601473
2992.5 0.66321981
2997.0 0.67088014
3001.5 0.67668259
3006.0 0.68522078
3010.5 0.70643783
3015.0 0.68224436
3019.5 0.67258751
3024.0 0.66827303
3028.5 0.66494143
3033.0 0.65704823
3037.5 0.67247796
3042.0 0.66987479
3046.5 0.67446387
3051.0 0.66801506
3055.5 0.66992593
3060.0 0.67014772
3064.5 0.68532896
3069.0 0.68919510
3073.5 0.70070100
3078.0 0.72327429
3082.5 0.75253165
3087.0 0.71685350
3091.5 0.68942004
3096.0 0.69318068
3100.5 0.68235523
3105.0 0.65728110
3109.5 0.66446507
3114.0 0.66619992
3118.5 0.64751947
3123.0 0.64296466
3127.5 0.62851459
3132.0 0.61945450
3136.5 0.63591206
3141.0 0.63395196
3145.5 0.62481326
3150.0 0.63687742
3154.5 0.62074679
3159.0 0.61060411
3163.5 0.61018819
3168.0 0.59975809
3172.5 0.58966106
3177.0 0.57813853
3181.5 0.58525616
3186.0 0.58367693
3190.5 0.56665367
3195.0 0.57148474
3199.5 0.58053434
3204.0 0.58424097
3208.5 0.57304782
3213.0 0.58337575
3217.5 0.59774059
3222.0 0.58636522
3226.5 0.59896117
3231.0 0.58163780
3235.5 0.58285564
3240.0 0.57407367
3244.5 0.58131927
3249.0 0.58458054
3253.5 0.57293063
3258.0 0.58864778
3262.5 0.57858205
3267.0 0.57329583
3271.5 0.57817411
3276.0 0.56550276
3280.5 0.57154471
3285.0 0.56684273
3289.5 0.57045174
3294.0 0.57405722
3298.5 0.56620741
3303.0 0.56119740
3307.5 0.55947137
3312.0 0.55674207
3316.5 0.55321294
3321.0 0.55343091
3325.5 0.56101179
3330.0 0.56004328
3334.5 0.55935818
3339.0 0.54850191
3343.5 0.55042738
3348.0 0.57342547
3352.5 0.64619327
3357.0 0.67113125
3361.5 0.56707180
3366.0 0.54685795
3370.5 0.54663140
3375.0 0.54002041
3379.5 0.55928928
3384.0 0.54353940
3388.5 0.53149939
3393.0 0.53506970
3397.5 0.52891088
3402.0 0.52183950
3406.5 0.51626360
3411.0 0.50978893
3415.5 0.48200807
3420.0 0.48973742
3424.5 0.48047033
3429.0 0.50136536
3433.5 0.50007504
3438.0 0.49463266
3442.5 0.48963019
3447.0 0.48593479
3451.5 0.49827906
3456.0 0.48802170
3460.5 0.49610433
3465.0 0.50357610
3469.5 0.51180983
3474.0 0.53207809
3478.5 0.57261139
3483.0 0.59640038
3487.5 0.53593463
3492.0 0.50075936
3496.5 0.51862633
3501.0 0.52270299
3505.5 0.49536946
3510.0 0.48470852
3514.5 0.48535439
3519.0 0.47676727
3523.5 0.47388640
3528.0 0.46503007
3532.5 0.45150965
3537.0 0.43653145
3541.5 0.43343666
3546.0 0.44657186
3550.5 0.45983955
3555.0 0.46110669
3559.5 0.46620557
3564.0 0.47764185
3568.5 0.47798273
3573.0 0.47498235
3577.5 0.45911187
3582.0 0.46099281
3586.5 0.45854089
3591.0 0.43946958
3595.5 0.44503015
3600.0 0.43006635
3604.5 0.43004304
3609.0 0.42255333
3613.5 0.43171102
3618.0 0.43715736
3622.5 0.42915359
3627.0 0.41563371
3631.5 0.41514844
3636.0 0.41318405
3640.5 0.40827882
3645.0 0.42065358
3649.5 0.41177472
3654.0 0.42231351
3658.5 0.43067086
3663.0 0.45687896
3667.5 0.44979730
3672.0 0.44711310
3676.5 0.46682775
3681.0 0.47332165
3685.5 0.48979199
3690.0 0.52078456
3694.5 0.50550425
3699.0 0.48020136
3703.5 0.47776574
3708.0 0.45637202
3712.5 0.44493070
3717.0 0.44026765
3721.5 0.43286735
3726.0 0.41839367
3730.5 0.40226898
3735.0 0.39755991
3739.5 0.39939258
3744.0 0.41041440
3748.5 0.40709335
3753.0 0.40442386
3757.5 0.41330543
3762.0 0.39901224
3766.5 0.39394265
3771.0 0.40116665
3775.5 0.39195490
3780.0 0.38769895
3784.5 0.38706037
3789.0 0.38642341
3793.5 0.38815621
3798.0 0.39132869
3802.5 0.38950408
3807.0 0.38801879
3811.5 0.40967295
3816.0 0.40716949
3820.5 0.41333488
3825.0 0.40593097
3829.5 0.39611697
3834.0 0.38974246
3838.5 0.40717569
3843.0 0.40688807
3847.5 0.40394646
3852.0 0.42258224
3856.5 0.41133076
3861.0 0.42459923
3865.5 0.44767541
3870.0 0.43991169
3874.5 0.44888538
3879.0 0.45708326
3883.5 0.47576109
3888.0 0.50589675
3892.5 0.51145059
3897.0 0.53973162
3901.5 0.58416551
3906.0 0.60578108
3910.5 0.60833222
3915.0 0.56562626
3919.5 0.55550379
3924.0 0.54991502
3928.5 0.52320856
3933.0 0.49951181
3937.5 0.45744106
3942.0 0.44787964
3946.5 0.43003729
3951.0 0.42133698
3955.5 0.43200165
3960.0 0.42020407
3964.5 0.41303989
3969.0 0.41344497
3973.5 0.40376833
3978.0 0.40090588
3982.5 0.39880466
3987.0 0.37417272
3991.5 0.38696352
3996.0 0.38496405
4000.5 0.39476094
4005.0 0.38618881
4009.5 0.38448578
4014.0 0.40178782
4018.5 0.40757993
4023.0 0.42294592
4027.5 0.41680443
4032.0 0.41361284
4036.5 0.39807969
4041.0 0.41998005
4045.5 0.42089686
4050.0 0.42347026
4054.5 0.42041329
4059.0 0.43621626
4063.5 0.45477277
4068.0 0.45148033
4072.5 0.43294656
4077.0 0.42268893
4081.5 0.41242531
4086.0 0.41527417
4090.5 0.44581154
4095.0 0.43367162
4099.5 0.42835489
4104.0 0.44492829
4108.5 0.44116464
4113.0 0.40852845
4117.5 0.43051931
4122.0 0.44759682
4126.5 0.42831582
4131.0 0.42011356
4135.5 0.42671493
4140.0 0.41075119
4144.5 0.40115684
4149.0 0.40243185
4153.5 0.41521716
4158.0 0.43024626
4162.5 0.42994678
4167.0 0.42131534
4171.5 0.42651299
4176.0 0.41375718
4180.5 0.42058575
4185.0 0.40781996
4189.5 0.42914438
4194.0 0.40385944
4198.5 0.41691595
4203.0 0.39950225
4207.5 0.40318328
4212.0 0.40625593
4216.5 0.41957739
4221.0 0.38263133
4225.5 0.38175553
4230.0 0.35886368
4234.5 0.35427877
4239.0 0.34927118
4243.5 0.35775539
4248.0 0.35652962
4252.5 0.35540888
4257.0 0.34897846
4261.5 0.35421175
4266.0 0.35779676
4270.5 0.35022664
4275.0 0.33842236
4279.5 0.34137979
4284.0 0.34271103
4288.5 0.34086481
4293.0 0.34611431
4297.5 0.35044995
4302.0 0.35670698
4306.5 0.35529637
4311.0 0.35243875
4315.5 0.35923490
4320.0 0.36947891
4324.5 0.36965266
4329.0 0.37298185
4333.5 0.38687876
4338.0 0.40961087
4342.5 0.41145235
4347.0 0.44216064
4351.5 0.44616097
4356.0 0.46100020
4360.5 0.49535540
4365.0 0.51565653
4369.5 0.57681602
4374.0 0.62906647
4378.5 0.60908085
4383.0 0.56803727
4387.5 0.52741194
4392.0 0.49883029
4396.5 0.47395271
4401.0 0.44258627
4405.5 0.43461755
4410.0 0.43023917
4414.5 0.41519493
4419.0 0.39198077
4423.5 0.40360981
4428.0 0.39038223
4432.5 0.38433373
4437.0 0.37778288
4441.5 0.36755678
4446.0 0.36348888
4450.5 0.37288174
4455.0 0.37289998
4459.5 0.43994910
4464.0 0.48085290
4468.5 0.40187797
4473.0 0.35686553
4477.5 0.34736371
4482.0 0.34439310
4486.5 0.33587012
4491.0 0.35765502
4495.5 0.39066982
4500.0 0.47468480
4504.5 0.66864645
4509.0 0.66698778
4513.5 0.44844732
4518.0 0.37745953
4522.5 0.35479823
4527.0 0.34499705
4531.5 0.33680531
4536.0 0.33028227
4540.5 0.33044165
4545.0 0.32804805
4549.5 0.32845685
4554.0 0.32795456
4558.5 0.32254615
4563.0 0.31890401
4567.5 0.31884348
4572.0 0.30659723
4576.5 0.30024084
4581.0 0.31338096
4585.5 0.31051058
4590.0 0.31431511
4594.5 0.30159333
4599.0 0.30400401
4603.5 0.29970998
4608.0 0.31011915
4612.5 0.30462000
4617.0 0.29672456
4621.5 0.30347711
4626.0 0.30153552
4630.5 0.31067109
4635.0 0.31223330
4639.5 0.32469273
4644.0 0.33166116
4648.5 0.32693976
4653.0 0.31743947
4657.5 0.33135337
4662.0 0.31759524
4666.5 0.30967352
4671.0 0.31024504
4675.5 0.32770076
4680.0 0.32152668
4684.5 0.30454814
4689.0 0.30849707
4693.5 0.31128851
4698.0 0.31646881
4702.5 0.31128985
4707.0 0.31419805
4711.5 0.31291878
4716.0 0.31459597
4720.5 0.30306947
4725.0 0.30815962
4729.5 0.31811643
4734.0 0.30278122
4738.5 0.31128970
4743.0 0.31249988
4747.5 0.31016192
4752.0 0.31055972
4756.5 0.31275186
4761.0 0.31066471
4765.5 0.32256258
4770.0 0.30788001
4774.5 0.30135864
4779.0 0.32949156
4783.5 0.30751970
4788.0 0.32177556
4792.5 0.31359738
4797.0 0.30421183
4801.5 0.29985756
4806.0 0.29640341
4810.5 0.30523482
4815.0 0.28923184
4819.5 0.29174146
4824.0 0.29466465
4828.5 0.29142484
4833.0 0.27769530
4837.5 0.28273845
4842.0 0.28950775
4846.5 0.28884554
4851.0 0.28001338
4855.5 0.28099370
4860.0 0.27858043
4864.5 0.27313912
4869.0 0.27854055
4873.5 0.28415334
4878.0 0.28218871
4882.5 0.27524927
4887.0 0.27119768
4891.5 0.26710203
4896.0 0.27631688
4900.5 0.26636651
4905.0 0.28431490
4909.5 0.26793930
4914.0 0.26910791
4918.5 0.26490459
4923.0 0.26454100
4927.5 0.26417816
4932.0 0.26381603
4936.5 0.26980290
4941.0 0.27092412
4945.5 0.27709994
4950.0 0.27028623
4954.5 0.27104008
4959.0 0.26165906
4963.5 0.26130205
4968.0 0.26868957
4972.5 0.27658615
4977.0 0.27185959
4981.5 0.26517582
4986.0 0.27555871
4990.5 0.27992234
4995.0 0.26583144
4999.5 0.26879287
5004.0 0.25812238
5008.5 0.25777268
5013.0 0.26291090
5017.5 0.25853211
5022.0 0.28258404
5026.5 0.26972964
5031.0 0.26233220
5035.5 0.29284358
5040.0 0.28890911
5044.5 0.27582371
5049.0 0.27074754
5053.5 0.25844729
5058.0 0.25805831
5062.5 0.25363120
5067.0 0.26189759
5071.5 0.25295070
5076.0 0.25414744
5080.5 0.25227296
5085.0 0.25429541
5089.5 0.25159791
5094.0 0.25296521
5098.5 0.25200641
5103.0 0.25059041
5107.5 0.25928625
5112.0 0.25542256
5116.5 0.24958916
5121.0 0.24925667
5125.5 0.24892493
5130.0 0.24859379
5134.5 0.24826333
5139.0 0.24793358
5143.5 0.24760444
5148.0 0.25267926
5152.5 0.24694817
5157.0 0.24733688
5161.5 0.24629450
5166.0 0.24738890
5170.5 0.24572597
5175.0 0.24531877
5179.5 0.24768437
5184.0 0.25112557
5188.5 0.25231215
5193.0 0.24994977
5197.5 0.24951345
5202.0 0.24878432
5206.5 0.24534227
5211.0 0.24735492
5215.5 0.24572811
5220.0 0.24524470
5224.5 0.25069594
5229.0 0.26166970
5233.5 0.24882302
5238.0 0.25744373
5242.5 0.25245786
5247.0 0.26025513
5251.5 0.25414735
5256.0 0.26238534
5260.5 0.25818962
5265.0 0.25935805
5269.5 0.26689357
5274.0 0.26041445
5278.5 0.26538292
5283.0 0.27413061
5287.5 0.29514423
5292.0 0.28838673
5296.5 0.28281569
5301.0 0.28434721
5305.5 0.25927863
5310.0 0.25492939
5314.5 0.26679552
5319.0 0.26207152
5323.5 0.25294545
5328.0 0.25431499
5332.5 0.25571099
5337.0 0.25604296
5341.5 0.25153151
5346.0 0.25649348
5350.5 0.26176494
5355.0 0.24565761
5359.5 0.24828036
5364.0 0.24657144
5368.5 0.25448126
5373.0 0.24007663
5377.5 0.24265219
5382.0 0.24199431
5386.5 0.24113029
5391.0 0.24286692
5395.5 0.24238861
5400.0 0.24179983
5404.5 0.24399504
5409.0 0.24005535
5413.5 0.23806083
5418.0 0.23388968
5422.5 0.23370484
5427.0 0.22990124
5431.5 0.23437436
5436.0 0.23488864
5440.5 0.23760112
5445.0 0.23953404
5449.5 0.23041593
5454.0 0.23537621
5458.5 0.24245384
5463.0 0.23963563
5467.5 0.24203393
5472.0 0.24645905
5476.5 0.24243167
5481.0 0.24423958
5485.5 0.23942177
5490.0 0.25146681
5494.5 0.23123258
5499.0 0.22355488
5503.5 0.22695553
5508.0 0.22393589
5512.5 0.22515944
5517.0 0.22548619
5521.5 0.22992913
5526.0 0.23419529
5530.5 0.22357468
5535.0 0.22987434
5539.5 0.23610696
5544.0 0.22742203
5548.5 0.22364154
5553.0 0.22021425
5557.5 0.21993932
5562.0 0.22088446
5566.5 0.23393823
5571.0 0.22290061
5575.5 0.22422896
5580.0 0.21857253
5584.5 0.21913454
5589.0 0.21895953
5593.5 0.22253394
5598.0 0.22030210
5602.5 0.22534005
5607.0 0.22611023
5611.5 0.22099189
5616.0 0.21948566
5620.5 0.21917039
5625.0 0.22550593
5629.5 0.22411209
5634.0 0.21939546
5638.5 0.21781678
5643.0 0.21615304
5647.5 0.21512419
5652.0 0.21692014
5656.5 0.21882989
5661.0 0.22607410
5665.5 0.22919631
5670.0 0.23354812
5674.5 0.24098924
5679.0 0.23137002
5683.5 0.22004713
5688.0 0.22078109
5692.5 0.21851625
5697.0 0.21512382
5701.5 0.21849483
5706.0 0.22501233
5710.5 0.22739601
5715.0 0.22033525
5719.5 0.22206837
5724.0 0.22540663
5728.5 0.22949393
5733.0 0.23299234
5737.5 0.22152810
5742.0 0.22373798
5746.5 0.22790666
5751.0 0.22860430
5755.5 0.22376025
5760.0 0.22337890
5764.5 0.22671190
5769.0 0.22652052
5773.5 0.22406794
5778.0 0.22958720
5782.5 0.22725259
5787.0 0.23047721
5791.5 0.23601021
5796.0 0.23272996
5800.5 0.23952197
5805.0 0.23570134
5809.5 0.25172538
5814.0 0.25360349
5818.5 0.26025879
5823.0 0.26760033
5827.5 0.26653114
5832.0 0.27199215
5836.5 0.28726590
5841.0 0.28887558
5845.5 0.30147690
5850.0 0.31541961
5854.5 0.33479461
5859.0 0.35722816
5863.5 0.38429767
5868.0 0.42158240
5872.5 0.46815366
5877.0 0.52515435
5881.5 0.59231979
5886.0 0.69449043
5890.5 0.81601691
5895.0 0.96908939
5899.5 1.1234705
5904.0 1.3215970
5908.5 1.3582379
5913.0 1.1615810
5917.5 0.96683615
5922.0 0.87965655
5926.5 0.82855350
5931.0 0.71754110
5935.5 0.60535592
5940.0 0.54537952
5944.5 0.49747810
5949.0 0.45367941
5953.5 0.42030564
5958.0 0.39989600
5962.5 0.37443045
5967.0 0.34863031
5971.5 0.32719436
5976.0 0.30565944
5980.5 0.28724712
5985.0 0.28143129
5989.5 0.27565888
5994.0 0.26180622
5998.5 0.26012483
