300.0 0.0
450.0 0.0000000
454.5 0.0000000
459.0 0.0000000
463.5 0.0000000
468.0 0.0000000
472.5 0.0000000
477.0 0.0000000
481.5 0.0000000
486.0 0.0000000
490.5 0.0000000
495.0 0.0000000
499.5 0.0000000
504.0 0.0000000
508.5 0.0000000
513.0 0.0000000
517.5 0.0000000
522.0 0.0000000
526.5 0.0000000
531.0 0.0000000
535.5 0.0000000
540.0 0.0000000
544.5 0.0000000
549.0 0.0000000
553.5 0.0000000
558.0 0.0000000
562.5 0.0000000
567.0 0.0000000
571.5 0.0000000
576.0 0.0000000
580.5 0.0000000
585.0 0.0000000
589.5 0.0000000
594.0 0.0000000
598.5 0.0000000
603.0 0.0000000
607.5 0.0000000
612.0 0.0000000
616.5 0.0000000
621.0 0.0000000
625.5 0.0000000
630.0 0.0000000
634.5 0.0000000
639.0 0.0000000
643.5 0.0000000
648.0 0.0000000
652.5 0.0000000
657.0 0.0000000
661.5 0.0000000
666.0 0.0000000
670.5 0.0000000
675.0 0.0000000
679.5 0.0000000
684.0 0.0000000
688.5 0.0000000
693.0 0.0000000
697.5 0.0000000
702.0 0.0000000
706.5 0.0000000
711.0 0.0000000
715.5 0.0000000
720.0 0.0000000
724.5 0.0000000
729.0 0.0000000
733.5 0.0000000
738.0 0.0000000
742.5 0.0000000
747.0 0.0000000
751.5 0.0000000
756.0 0.0000000
760.5 0.0000000
765.0 0.0000000
769.5 0.0000000
774.0 0.0000000
778.5 0.0000000
783.0 0.0000000
787.5 0.0000000
792.0 0.0000000
796.5 0.0000000
801.0 0.0000000
805.5 0.0000000
810.0 0.0000000
814.5 0.0000000
819.0 0.0000000
823.5 2.45784031E-06
828.0 1.38172265E-06
832.5 7.60881051E-07
837.0 4.10158435E-07
841.5 2.16237694E-07
846.0 1.11464985E-07
850.5 5.61328903E-08
855.0 2.75903123E-08
859.5 1.32337208E-08
864.0 6.18608009E-09
868.5 2.81275336E-09
873.0 1.24591748E-09
877.5 7.75716785E-07
882.0 4.32036842E-07
886.5 2.35910861E-07
891.0 1.26236003E-07
895.5 6.61490205E-08
900.0 3.72107039E-08
904.5 1.95594829E-08
909.0 9.59124247E-09
913.5 4.94926722E-09
918.0 2.53572918E-09
922.5 1.29690880E-09
927.0 6.44571555E-04
931.5 4.85583267E-04
936.0 3.01585009E-04
940.5 1.82474541E-04
945.0 1.23104182E-04
949.5 8.51818841E-05
954.0 6.00810417E-05
958.5 4.24647369E-05
963.0 2.84405287E-05
967.5 1.74544457E-05
972.0 1.18255157E-05
976.5 7.01144927E-06
981.0 4.17671026E-06
985.5 2.49572076E-06
990.0 1.53330416E-06
994.5 9.79041147E-07
999.0 5.82136011E-07
1003.5 3.63021940E-07
1008.0 2.25155460E-07
1012.5 1.25702741E-07
1017.0 6.16699012E-08
1021.5 3.77231402E-08
1026.0 2.75605814E-08
1030.5 2.56696016E-08
1035.0 2.44884841E-08
1039.5 2.41695997E-08
1044.0 2.53651198E-08
1048.5 2.70370251E-08
1053.0 2.89436173E-08
1057.5 3.21513873E-08
1062.0 3.44323254E-08
1066.5 3.73155622E-08
1071.0 4.11903791E-08
1075.5 4.70580233E-08
1080.0 5.52939206E-08
1084.5 6.83731400E-08
1089.0 8.77517934E-08
1093.5 1.23327396E-07
1098.0 6.6950665
1102.5 5.4059300
1107.0 5.0337791
1111.5 5.0233197
1116.0 4.6979036
1120.5 3.7547910
1125.0 3.2366347
1129.5 3.0389166
1134.0 2.9034908
1138.5 2.7106090
1143.0 2.4711816
1147.5 2.3115625
1152.0 2.2546732
1156.5 2.2570975
1161.0 2.2900457
1165.5 2.3019481
1170.0 2.4721498
1174.5 2.5070283
1179.0 2.3955700
1183.5 2.1796186
1188.0 2.1903694
1192.5 2.1672232
1197.0 2.2157960
1201.5 2.2505147
1206.0 2.2196929
1210.5 2.1366751
1215.0 2.1051569
1219.5 2.1688240
1224.0 2.1522024
1228.5 2.1849067
1233.0 2.1535425
1237.5 2.2007170
1242.0 2.3231897
1246.5 2.4500272
1251.0 2.6262326
1255.5 2.6709821
1260.0 2.7051780
1264.5 2.4566250
1269.0 2.2906158
1273.5 2.1668453
1278.0 2.1114821
1282.5 2.0992355
1287.0 2.0017195
1291.5 1.9737506
1296.0 1.9593858
1300.5 1.9422693
1305.0 1.9745158
1309.5 1.9529969
1314.0 1.9089135
1318.5 1.9636089
1323.0 1.9271671
1327.5 1.9546829
1332.0 1.9988292
1336.5 2.0257168
1341.0 2.0723243
1345.5 2.0666187
1350.0 2.1293790
1354.5 2.1737204
1359.0 2.2237101
1363.5 2.3047700
1368.0 2.4733481
1372.5 2.6995232
1377.0 2.9588358
1381.5 3.2884085
1386.0 3.6977832
1390.5 3.9373851
1395.0 3.5690820
1399.5 3.0236387
1404.0 2.6093383
1408.5 2.3917174
1413.0 2.2808015
1417.5 2.2159321
1422.0 2.1080899
1426.5 2.0975137
1431.0 2.0314112
1435.5 2.0682528
1440.0 2.0705957
1444.5 2.0601177
1449.0 2.0793266
1453.5 2.0500696
1458.0 2.0776703
1462.5 2.1030703
1467.0 2.1030405
1471.5 2.1447189
1476.0 2.0585191
1480.5 2.0411487
1485.0 2.0113199
1489.5 2.0409083
1494.0 2.0467491
1498.5 2.0143218
1503.0 1.9093381
1507.5 1.8448117
1512.0 1.8160596
1516.5 1.7798613
1521.0 1.7800789
1525.5 1.7726120
1530.0 1.7665948
1534.5 1.7917798
1539.0 1.7835202
1543.5 1.8094693
1548.0 1.8152175
1552.5 1.8092842
1557.0 1.7859194
1561.5 1.8059366
1566.0 1.8114314
1570.5 1.8578634
1575.0 1.8254542
1579.5 1.7935954
1584.0 1.7123731
1588.5 1.7358103
1593.0 1.7415010
1597.5 1.7161844
1602.0 1.7720195
1606.5 1.7866820
1611.0 1.7376240
1615.5 1.7060001
1620.0 1.7062659
1624.5 1.7043095
1629.0 1.7015880
1633.5 1.7212886
1638.0 1.6893133
1642.5 1.6821097
1647.0 1.7017533
1651.5 1.6979834
1656.0 1.7381645
1660.5 1.7288392
1665.0 1.8386769
1669.5 1.8304656
1674.0 1.8472043
1678.5 1.8174003
1683.0 1.8195461
1687.5 1.8344594
1692.0 1.9141705
1696.5 2.0576177
1701.0 2.1875041
1705.5 2.2927592
1710.0 2.3315446
1714.5 2.4517000
1719.0 2.3425550
1723.5 2.1399062
1728.0 1.9555738
1732.5 1.8328179
1737.0 1.7746146
1741.5 1.7155190
1746.0 1.6599928
1750.5 1.6171494
1755.0 1.6038860
1759.5 1.5412173
1764.0 1.5146964
1768.5 1.5004764
1773.0 1.5127687
1777.5 1.5169008
1782.0 1.4797213
1786.5 1.4835608
1791.0 1.4891794
1795.5 1.4993882
1800.0 1.4600848
1804.5 1.4738361
1809.0 1.5060260
1813.5 1.4224545
1818.0 1.4579899
1822.5 1.4652491
1827.0 1.4529384
1831.5 1.4632800
1836.0 1.4380940
1840.5 1.4170847
1845.0 1.4544441
1849.5 1.5111969
1854.0 1.4792721
1858.5 1.5144055
1863.0 1.4996773
1867.5 1.5017247
1872.0 1.4913144
1876.5 1.5085288
1881.0 1.5022557
1885.5 1.4965492
1890.0 1.4469773
1894.5 1.4217725
1899.0 1.4384800
1903.5 1.4572073
1908.0 1.3939435
1912.5 1.4595255
1917.0 1.4071163
1921.5 1.4390478
1926.0 1.4242367
1930.5 1.4515169
1935.0 1.3813571
1939.5 1.4001619
1944.0 1.3972024
1948.5 1.4199588
1953.0 1.3481231
1957.5 1.3623412
1962.0 1.3866574
1966.5 1.3235173
1971.0 1.3465776
1975.5 1.3043783
1980.0 1.2665973
1984.5 1.2635765
1989.0 1.2605658
1993.5 1.2671435
1998.0 1.2731272
2002.5 1.2733079
2007.0 1.2538486
2011.5 1.2456616
2016.0 1.2427100
2020.5 1.2397687
2025.0 1.2535634
2029.5 1.2496444
2034.0 1.2661706
2038.5 1.2719195
2043.0 1.2695348
2047.5 1.2768812
2052.0 1.2867423
2056.5 1.3080872
2061.0 1.3354390
2065.5 1.3230889
2070.0 1.3560375
2074.5 1.3695680
2079.0 1.3790269
2083.5 1.3846228
2088.0 1.3924110
2092.5 1.4078220
2097.0 1.4128828
2101.5 1.3917481
2106.0 1.3774475
2110.5 1.3446364
2115.0 1.3392942
2119.5 1.3115060
2124.0 1.3286819
2128.5 1.3104076
2133.0 1.3000382
2137.5 1.3017181
2142.0 1.2917690
2146.5 1.2928922
2151.0 1.2938216
2155.5 1.3067335
2160.0 1.3353661
2164.5 1.3129772
2169.0 1.3581945
2173.5 1.3896749
2178.0 1.4287248
2182.5 1.4223788
2187.0 1.3799485
2191.5 1.3710020
2196.0 1.3733288
2200.5 1.3401464
2205.0 1.3132505
2209.5 1.3038954
2214.0 1.2969124
2218.5 1.3198212
2223.0 1.3447304
2227.5 1.3481079
2232.0 1.3374606
2236.5 1.3389519
2241.0 1.3286779
2245.5 1.3335470
2250.0 1.3181579
2254.5 1.3108803
2259.0 1.3106192
2263.5 1.3028191
2268.0 1.2846524
2272.5 1.2644155
2277.0 1.2745473
2281.5 1.2771086
2286.0 1.2760191
2290.5 1.2620602
2295.0 1.2506598
2299.5 1.2458007
2304.0 1.2380451
2308.5 1.2317044
2313.0 1.2196405
2317.5 1.2017176
2322.0 1.2063259
2326.5 1.2049685
2331.0 1.1902058
2335.5 1.1576812
2340.0 1.1860247
2344.5 1.1898766
2349.0 1.1812575
2353.5 1.1798353
2358.0 1.1885920
2362.5 1.1652784
2367.0 1.1643357
2371.5 1.1402935
2376.0 1.1211531
2380.5 1.0761102
2385.0 1.0699362
2389.5 1.0669383
2394.0 1.0553095
2398.5 1.0827824
2403.0 1.0973392
2407.5 1.0984908
2412.0 1.0737612
2416.5 1.0835491
2421.0 1.0871187
2425.5 1.1005628
2430.0 1.0995464
2434.5 1.1238098
2439.0 1.1552340
2443.5 1.1641592
2448.0 1.1480299
2452.5 1.1819602
2457.0 1.1964781
2461.5 1.1940960
2466.0 1.1990287
2470.5 1.2462922
2475.0 1.2755942
2479.5 1.2677268
2484.0 1.2905610
2488.5 1.2599382
2493.0 1.2901856
2497.5 1.3330799
2502.0 1.4427575
2506.5 1.5712680
2511.0 1.7715172
2515.5 1.9753619
2520.0 2.0365052
2524.5 1.9311432
2529.0 1.7088004
2533.5 1.5188169
2538.0 1.4005244
2542.5 1.3414733
2547.0 1.2947606
2551.5 1.2584023
2556.0 1.2295835
2560.5 1.2019507
2565.0 1.1923313
2569.5 1.1671184
2574.0 1.1451638
2578.5 1.1202685
2583.0 1.1057696
2587.5 1.1013592
2592.0 1.0688149
2596.5 1.0698559
2601.0 1.0422752
2605.5 1.0344965
2610.0 1.0323750
2614.5 0.98885584
2619.0 1.0027431
2623.5 1.0011537
2628.0 1.0149007
2632.5 1.0417843
2637.0 1.0505877
2641.5 1.0532275
2646.0 1.0514332
2650.5 1.0577999
2655.0 1.0424489
2659.5 1.0441114
2664.0 1.0570328
2668.5 1.0405349
2673.0 1.0431637
2677.5 1.0235617
2682.0 1.0288584
2686.5 1.0032150
2691.0 0.98552036
2695.5 0.96705377
2700.0 0.95750421
2704.5 0.93379039
2709.0 0.92360431
2713.5 0.89761335
2718.0 0.87958431
2722.5 0.87533712
2727.0 0.88293183
2731.5 0.87074023
2736.0 0.88866156
2740.5 0.89262795
2745.0 0.89476442
2749.5 0.89397579
2754.0 0.89406335
2758.5 0.91110629
2763.0 0.90099579
2767.5 0.91809875
2772.0 0.91640574
2776.5 0.91211230
2781.0 0.90151948
2785.5 0.91003120
2790.0 0.90295166
2794.5 0.92151272
2799.0 0.94418633
2803.5 0.94602585
2808.0 0.98315042
2812.5 0.99039090
2817.0 0.98926193
2821.5 0.97501004
2826.0 0.97337985
2830.5 0.93686372
2835.0 0.95695913
2839.5 0.94688082
2844.0 0.94443649
2848.5 0.95558089
2853.0 0.98009121
2857.5 0.98035538
2862.0 0.99193043
2866.5 0.99742091
2871.0 1.0044599
2875.5 0.99390548
2880.0 0.99802333
2884.5 0.98248935
2889.0 0.99288863
2893.5 0.97995031
2898.0 0.95019430
2902.5 0.94993043
2907.0 0.96093816
2911.5 0.93497622
2916.0 0.93289810
2920.5 0.93295920
2925.0 0.93176639
2929.5 0.94590968
2934.0 0.94110131
2938.5 0.92451519
2943.0 0.92207026
2947.5 0.93998408
2952.0 0.93756616
2956.5 0.93052840
2961.0 0.94692683
2965.5 0.91951412
2970.0 0.90750420
2974.5 0.89472991
2979.0 0.88549978
2983.5 0.87824219
2988.0 0.85955495
2992.5 0.85557038
2997.0 0.86507213
3001.5 0.87217170
3006.0 0.88279063
3010.5 0.90972912
3015.0 0.87819219
3019.5 0.86538744
3024.0 0.85946524
3028.5 0.85481310
3033.0 0.84430408
3037.5 0.86376238
3042.0 0.86005223
3046.5 0.86557657
3051.0 0.85693806
3055.5 0.85902691
3060.0 0.85895008
3064.5 0.87804037
3069.0 0.88262445
3073.5 0.89698613
3078.0 0.92549872
3082.5 0.96253777
3087.0 0.91652483
3091.5 0.88108760
3096.0 0.88553071
3100.5 0.87134504
3105.0 0.83898413
3109.5 0.84780961
3114.0 0.84967917
3118.5 0.82552081
3123.0 0.81938404
3127.5 0.80064791
3132.0 0.78879070
3136.5 0.80942470
3141.0 0.80660915
3145.5 0.79466641
3150.0 0.80969012
3154.5 0.78887188
3159.0 0.77567780
3163.5 0.77484602
3168.0 0.76130438
3172.5 0.74819648
3177.0 0.73329163
3181.5 0.74203223
3186.0 0.73974484
3190.5 0.71789366
3195.0 0.72373682
3199.5 0.73491669
3204.0 0.73932743
3208.5 0.72488791
3213.0 0.73767310
3217.5 0.75555205
3222.0 0.74089450
3226.5 0.75652593
3231.0 0.73437089
3235.5 0.73563433
3240.0 0.72428095
3244.5 0.73315054
3249.0 0.73699123
3253.5 0.72203791
3258.0 0.74157292
3262.5 0.72862548
3267.0 0.72170448
3271.5 0.72758079
3276.0 0.71137655
3280.5 0.71871674
3285.0 0.71254712
3289.5 0.71682566
3294.0 0.72109747
3298.5 0.71098262
3303.0 0.70444041
3307.5 0.70202416
3312.0 0.69835144
3316.5 0.69367963
3321.0 0.69370818
3325.5 0.70296353
3330.0 0.70150405
3334.5 0.70040107
3339.0 0.68656796
3343.5 0.68873894
3348.0 0.71726722
3352.5 0.80800939
3357.0 0.83890319
3361.5 0.70858711
3366.0 0.68309504
3370.5 0.68257880
3375.0 0.67409414
3379.5 0.69790977
3384.0 0.67802674
3388.5 0.66278392
3393.0 0.66701156
3397.5 0.65911275
3402.0 0.65008283
3406.5 0.64292210
3411.0 0.63464785
3415.5 0.59986365
3420.0 0.60928106
3424.5 0.59755480
3429.0 0.62333649
3433.5 0.62152809
3438.0 0.61456299
3442.5 0.60814899
3447.0 0.60336292
3451.5 0.61848938
3456.0 0.60556138
3460.5 0.61539227
3465.0 0.62445951
3469.5 0.63446611
3474.0 0.65938061
3478.5 0.70938528
3483.0 0.73862141
3487.5 0.66352618
3492.0 0.61978048
3496.5 0.64169157
3501.0 0.64653194
3505.5 0.61253089
3510.0 0.59916085
3514.5 0.59977227
3519.0 0.58897740
3523.5 0.58523685
3528.0 0.57412183
3532.5 0.55725735
3537.0 0.53860545
3541.5 0.53462279
3546.0 0.55065572
3550.5 0.56684262
3555.0 0.56823164
3559.5 0.57434058
3564.0 0.58825141
3568.5 0.58849347
3573.0 0.58462322
3577.5 0.56491971
3582.0 0.56706411
3586.5 0.56387943
3591.0 0.54026598
3595.5 0.54693943
3600.0 0.52839226
3604.5 0.52820748
3609.0 0.51885515
3613.5 0.52994418
3618.0 0.53647238
3622.5 0.52649629
3627.0 0.50976121
3631.5 0.50901783
3636.0 0.50646228
3640.5 0.50030500
3645.0 0.51532024
3649.5 0.50429803
3654.0 0.51705652
3658.5 0.52713794
3663.0 0.55905682
3667.5 0.55023450
3672.0 0.54679561
3676.5 0.57074392
3681.0 0.57852000
3685.5 0.59848219
3690.0 0.63617373
3694.5 0.61733460
3699.0 0.58627015
3703.5 0.58313376
3708.0 0.55686688
3712.5 0.54275566
3717.0 0.53691876
3721.5 0.52774829
3726.0 0.50996166
3730.5 0.49017340
3735.0 0.48430285
3739.5 0.48640248
3744.0 0.49968925
3748.5 0.49551111
3753.0 0.49212855
3757.5 0.50280029
3762.0 0.48528114
3766.5 0.47898665
3771.0 0.48763946
3775.5 0.47631460
3780.0 0.47101703
3784.5 0.47011608
3789.0 0.46921775
3793.5 0.47119695
3798.0 0.47492290
3802.5 0.47258377
3807.0 0.47065809
3811.5 0.49679390
3816.0 0.49362895
3820.5 0.50097293
3825.0 0.49187118
3829.5 0.47985479
3834.0 0.47201061
3838.5 0.49299648
3843.0 0.49252123
3847.5 0.48883510
3852.0 0.51125604
3856.5 0.49751639
3861.0 0.51343399
3865.5 0.54120058
3870.0 0.53167999
3874.5 0.54238850
3879.0 0.55215460
3883.5 0.57457262
3888.0 0.61081380
3892.5 0.61736470
3897.0 0.65133953
3901.5 0.70478600
3906.0 0.73068303
3910.5 0.73357826
3915.0 0.68191099
3919.5 0.66954225
3924.0 0.66264296
3928.5 0.63030708
3933.0 0.60161227
3937.5 0.55080765
3942.0 0.53916317
3946.5 0.51755846
3951.0 0.50696445
3955.5 0.51967067
3960.0 0.50535691
3964.5 0.49662128
3969.0 0.49698892
3973.5 0.48524061
3978.0 0.48168543
3982.5 0.47904655
3987.0 0.44935158
3991.5 0.46460199
3996.0 0.46209198
4000.5 0.47373977
4005.0 0.46334344
4009.5 0.46119174
4014.0 0.48183259
4018.5 0.48866430
4023.0 0.50696886
4027.5 0.49949104
4032.0 0.49555114
4036.5 0.47683033
4041.0 0.50294685
4045.5 0.50392854
4050.0 0.50689304
4054.5 0.50311840
4059.0 0.52191067
4063.5 0.54398835
4068.0 0.53992695
4072.5 0.51764464
4077.0 0.50526571
4081.5 0.49288544
4086.0 0.49617815
4090.5 0.53254485
4095.0 0.51792675
4099.5 0.51146239
4104.0 0.53113252
4108.5 0.52652228
4113.0 0.48746309
4117.5 0.51358891
4122.0 0.53384322
4126.5 0.51073420
4131.0 0.50084323
4135.5 0.50860125
4140.0 0.48946667
4144.5 0.47792903
4149.0 0.47934335
4153.5 0.49446440
4158.0 0.51225054
4162.5 0.51178300
4167.0 0.50140017
4171.5 0.50747621
4176.0 0.49219298
4180.5 0.50020856
4185.0 0.48492205
4189.5 0.51016891
4194.0 0.48000768
4198.5 0.49542055
4203.0 0.47462702
4207.5 0.47889876
4212.0 0.48244640
4216.5 0.49816114
4221.0 0.45419973
4225.5 0.45306495
4230.0 0.42580789
4234.5 0.42027980
4239.0 0.41425294
4243.5 0.42422733
4248.0 0.42268604
4252.5 0.42127010
4257.0 0.41356260
4261.5 0.41967782
4266.0 0.42383826
4270.5 0.41478565
4275.0 0.40072337
4279.5 0.40414271
4284.0 0.40563598
4288.5 0.40336871
4293.0 0.40949771
4297.5 0.41454339
4302.0 0.42185950
4306.5 0.42010653
4311.0 0.41664386
4315.5 0.42459288
4320.0 0.43661323
4324.5 0.43673128
4329.0 0.44057679
4333.5 0.45690131
4338.0 0.48365185
4342.5 0.48572996
4347.0 0.52187878
4351.5 0.52649653
4356.0 0.54390073
4360.5 0.58431929
4365.0 0.60814732
4369.5 0.68014383
4374.0 0.74160957
4378.5 0.71790874
4383.0 0.66940171
4387.5 0.62140661
4392.0 0.58761764
4396.5 0.55820447
4401.0 0.52116185
4405.5 0.51168019
4410.0 0.50642848
4414.5 0.48862672
4419.0 0.46121889
4423.5 0.47481170
4428.0 0.45916346
4432.5 0.45196360
4437.0 0.44417602
4441.5 0.43207130
4446.0 0.42720893
4450.5 0.43816605
4455.0 0.43810540
4459.5 0.51678210
4464.0 0.56472403
4468.5 0.47188628
4473.0 0.41895470
4477.5 0.40772414
4482.0 0.40416259
4486.5 0.39408770
4491.0 0.41957137
4495.5 0.45821738
4500.0 0.55665660
4504.5 0.78396934
4509.0 0.78188187
4513.5 0.52560019
4518.0 0.44231895
4522.5 0.41568828
4527.0 0.40413186
4531.5 0.39446479
4536.0 0.38675523
4540.5 0.38687229
4545.0 0.38400099
4549.5 0.38441068
4554.0 0.38375422
4558.5 0.37735826
4563.0 0.37303081
4567.5 0.37289375
4572.0 0.35850796
4576.5 0.35101330
4581.0 0.36631083
4585.5 0.36289167
4590.0 0.36727351
4594.5 0.35234645
4599.0 0.35510066
4603.5 0.35002375
4608.0 0.36211726
4612.5 0.35563418
4617.0 0.34635645
4621.5 0.35417712
4626.0 0.35185036
4630.5 0.36244780
4635.0 0.36420763
4639.5 0.37867603
4644.0 0.38673681
4648.5 0.38116616
4653.0 0.37002701
4657.5 0.38618010
4662.0 0.37008262
4666.5 0.36079049
4671.0 0.36139518
4675.5 0.38166440
4680.0 0.37441045
4684.5 0.35457972
4689.0 0.35911706
4693.5 0.36230588
4698.0 0.36827359
4702.5 0.36218640
4707.0 0.36550930
4711.5 0.36396062
4716.0 0.36585072
4720.5 0.35238799
4725.0 0.35824728
4729.5 0.36976153
4734.0 0.35187885
4738.5 0.36170766
4743.0 0.36305436
4747.5 0.36027935
4752.0 0.36068255
4756.5 0.36316937
4761.0 0.36068717
4765.5 0.37444010
4770.0 0.35733831
4774.5 0.34971285
4779.0 0.38229823
4783.5 0.35674766
4788.0 0.37322569
4792.5 0.36368164
4797.0 0.35274071
4801.5 0.34763637
4806.0 0.34357715
4810.5 0.35375795
4815.0 0.33515781
4819.5 0.33801240
4824.0 0.34134534
4828.5 0.33753908
4833.0 0.32158643
4837.5 0.32737526
4842.0 0.33516076
4846.5 0.33434185
4851.0 0.32406795
4855.5 0.32515186
4860.0 0.32230929
4864.5 0.31596482
4869.0 0.32216331
4873.5 0.32860437
4878.0 0.32628205
4882.5 0.31820935
4887.0 0.31347725
4891.5 0.30869573
4896.0 0.31929672
4900.5 0.30775166
4905.0 0.32843858
4909.5 0.30947456
4914.0 0.31077719
4918.5 0.30587667
4923.0 0.30541068
4927.5 0.30494577
4932.0 0.30448192
4936.5 0.31134480
4941.0 0.31259179
4945.5 0.31966960
4950.0 0.31176254
4954.5 0.31258544
4959.0 0.30172157
4963.5 0.30126518
4968.0 0.30973661
4972.5 0.31879237
4977.0 0.31329826
4981.5 0.30555072
4986.0 0.31746775
4990.5 0.32244769
4995.0 0.30617127
4999.5 0.30953681
5004.0 0.29720554
5008.5 0.29675964
5013.0 0.30263096
5017.5 0.29754746
5022.0 0.32518199
5026.5 0.31034502
5031.0 0.30179015
5035.5 0.33684230
5040.0 0.33226892
5044.5 0.31717417
5049.0 0.31129241
5053.5 0.29710773
5058.0 0.29661828
5062.5 0.29148814
5067.0 0.30094561
5071.5 0.29062355
5076.0 0.29195720
5080.5 0.28976291
5085.0 0.29204473
5089.5 0.28890613
5094.0 0.29043540
5098.5 0.28929403
5103.0 0.28762826
5107.5 0.29756784
5112.0 0.29309282
5116.5 0.28635922
5121.0 0.28593805
5125.5 0.28551790
5130.0 0.28509867
5134.5 0.28468034
5139.0 0.28426307
5143.5 0.28384662
5148.0 0.28962454
5152.5 0.28301662
5157.0 0.28342336
5161.5 0.28219035
5166.0 0.28340563
5170.5 0.28146231
5175.0 0.28095776
5179.5 0.28362858
5184.0 0.28753027
5188.5 0.28884986
5193.0 0.28610682
5197.5 0.28556898
5202.0 0.28469625
5206.5 0.28071970
5211.0 0.28298476
5215.5 0.28108606
5220.0 0.28049570
5224.5 0.28669238
5229.0 0.29920205
5233.5 0.28447503
5238.0 0.29429197
5242.5 0.28855440
5247.0 0.29742733
5251.5 0.29040894
5256.0 0.29978293
5260.5 0.29495057
5265.0 0.29624662
5269.5 0.30481407
5274.0 0.29737568
5278.5 0.30300987
5283.0 0.31295723
5287.5 0.33690342
5292.0 0.32914725
5296.5 0.32274705
5301.0 0.32445300
5305.5 0.29581055
5310.0 0.29081115
5314.5 0.30430844
5319.0 0.29888201
5323.5 0.28843722
5328.0 0.28996193
5332.5 0.29151651
5337.0 0.29185787
5341.5 0.28667900
5346.0 0.29229730
5350.5 0.29826692
5355.0 0.27987820
5359.5 0.28283066
5364.0 0.28084862
5368.5 0.28982168
5373.0 0.27338240
5377.5 0.27628073
5382.0 0.27549729
5386.5 0.27447948
5391.0 0.27642190
5395.5 0.27584326
5400.0 0.27513915
5404.5 0.27760270
5409.0 0.27308664
5413.5 0.27078432
5418.0 0.26600710
5422.5 0.26576418
5427.0 0.26140678
5431.5 0.26646030
5436.0 0.26701236
5440.5 0.27006286
5445.0 0.27222675
5449.5 0.26183236
5454.0 0.26743650
5458.5 0.27544484
5463.0 0.27221024
5467.5 0.27490139
5472.0 0.27989373
5476.5 0.27528691
5481.0 0.27730653
5485.5 0.27180389
5490.0 0.28544393
5494.5 0.26244441
5499.0 0.25370014
5503.5 0.25752872
5508.0 0.25407213
5512.5 0.25543007
5517.0 0.25577047
5521.5 0.26077935
5526.0 0.26558661
5530.5 0.25351256
5535.0 0.26062515
5539.5 0.26766014
5544.0 0.25778437
5548.5 0.25346953
5553.0 0.24955602
5557.5 0.24921545
5562.0 0.25025728
5566.5 0.26501617
5571.0 0.25248295
5575.5 0.25395826
5580.0 0.24752325
5584.5 0.24813113
5589.0 0.24790442
5593.5 0.25192243
5598.0 0.24936724
5602.5 0.25504068
5607.0 0.25588313
5611.5 0.25006229
5616.0 0.24832965
5620.5 0.24794477
5625.0 0.25508314
5629.5 0.25347775
5634.0 0.24811503
5638.5 0.24630190
5643.0 0.24439304
5647.5 0.24320242
5652.0 0.24520521
5656.5 0.24733625
5661.0 0.25549555
5665.5 0.25899515
5670.0 0.26388332
5674.5 0.27226064
5679.0 0.26136413
5683.5 0.24854583
5688.0 0.24934720
5692.5 0.24676199
5697.0 0.24290425
5701.5 0.24668339
5706.0 0.25401378
5710.5 0.25667650
5715.0 0.24867928
5719.5 0.25060791
5724.0 0.25434738
5728.5 0.25893122
5733.0 0.26284972
5737.5 0.24988919
5742.0 0.25235459
5746.5 0.25702861
5751.0 0.25778750
5755.5 0.25229782
5760.0 0.25184068
5764.5 0.25557083
5769.0 0.25532764
5773.5 0.25253603
5778.0 0.25872880
5782.5 0.25607049
5787.0 0.25967631
5791.5 0.26588193
5796.0 0.26215860
5800.5 0.26978081
5805.0 0.26544937
5809.5 0.28346580
5814.0 0.28555056
5818.5 0.29301330
5823.0 0.30124706
5827.5 0.30001190
5832.0 0.30612677
5836.5 0.32328346
5841.0 0.32506093
5845.5 0.33920529
5850.0 0.35485587
5854.5 0.37661403
5859.0 0.40180805
5863.5 0.43221074
5868.0 0.47409496
5872.5 0.52641267
5877.0 0.59044582
5881.5 0.66589314
5886.0 0.78067428
5890.5 0.91718745
5895.0 1.0891262
5899.5 1.2625006
5904.0 1.4849935
5908.5 1.5260087
5913.0 1.3049276
5917.5 1.0860394
5922.0 0.98801082
5926.5 0.93051875
5931.0 0.80576307
5935.5 0.67971587
5940.0 0.61231041
5944.5 0.55847412
5949.0 0.50925398
5953.5 0.47174463
5958.0 0.44879216
5962.5 0.42017081
5967.0 0.39117980
5971.5 0.36709103
5976.0 0.34289607
5980.5 0.32220864
5985.0 0.31565362
5989.5 0.30914858
5994.0 0.29358393
5998.5 0.29166964
