300.0 0.0
375.0 0.0000000
378.75 0.0000000
382.5 0.0000000
386.25 0.0000000
390.0 0.0000000
393.75 0.0000000
397.5 0.0000000
401.25 0.0000000
405.0 0.0000000
408.75 0.0000000
412.5 0.0000000
416.25 0.0000000
420.0 0.0000000
423.75 0.0000000
427.5 0.0000000
431.25 0.0000000
435.0 0.0000000
438.75 0.0000000
442.5 0.0000000
446.25 0.0000000
450.0 0.0000000
453.75 0.0000000
457.5 0.0000000
461.25 0.0000000
465.0 0.0000000
468.75 0.0000000
472.5 0.0000000
476.25 0.0000000
480.0 0.0000000
483.75 0.0000000
487.5 0.0000000
491.25 0.0000000
495.0 0.0000000
498.75 0.0000000
502.5 0.0000000
506.25 0.0000000
510.0 0.0000000
513.75 0.0000000
517.5 0.0000000
521.25 0.0000000
525.0 0.0000000
528.75 0.0000000
532.5 0.0000000
536.25 0.0000000
540.0 0.0000000
543.75 0.0000000
547.5 0.0000000
551.25 0.0000000
555.0 0.0000000
558.75 0.0000000
562.5 0.0000000
566.25 0.0000000
570.0 0.0000000
573.75 0.0000000
577.5 0.0000000
581.25 0.0000000
585.0 0.0000000
588.75 0.0000000
592.5 0.0000000
596.25 0.0000000
600.0 0.0000000
603.75 0.0000000
607.5 0.0000000
611.25 0.0000000
615.0 0.0000000
618.75 0.0000000
622.5 0.0000000
626.25 0.0000000
630.0 0.0000000
633.75 0.0000000
637.5 0.0000000
641.25 0.0000000
645.0 0.0000000
648.75 0.0000000
652.5 0.0000000
656.25 0.0000000
660.0 0.0000000
663.75 0.0000000
667.5 0.0000000
671.25 0.0000000
675.0 0.0000000
678.75 0.0000000
682.5 0.0000000
686.25 8.36801901E-02
690.0 7.23763630E-02
693.75 6.23245612E-02
697.5 5.34209162E-02
701.25 4.55666445E-02
705.0 3.86787914E-02
708.75 3.26630808E-02
712.5 2.74404343E-02
716.25 2.29318514E-02
720.0 1.90575793E-02
723.75 1.57518536E-02
727.5 1.29446872E-02
731.25 6.74392655E-02
735.0 5.88737577E-02
738.75 5.11977077E-02
742.5 4.43499051E-02
746.25 3.82688381E-02
750.0 3.60676497E-02
753.75 3.23453918E-02
757.5 2.75505614E-02
761.25 2.51769442E-02
765.0 2.33999733E-02
768.75 2.20031850E-02
772.5 0.64965236
776.25 0.64052474
780.0 0.52606720
783.75 0.42706218
787.5 0.38844433
791.25 0.36021948
795.0 0.33708686
798.75 0.31584451
802.5 0.28319681
806.25 0.23566981
810.0 0.21860634
813.75 0.17920023
817.5 0.14899859
821.25 0.12559754
825.0 0.10998520
828.75 0.10115354
832.5 8.76354724E-02
836.25 8.05005953E-02
840.0 7.43892789E-02
843.75 6.46780729E-02
847.5 5.13920225E-02
851.25 4.41790037E-02
855.0 3.56417224E-02
858.75 3.16749699E-02
862.5 2.74878237E-02
866.25 2.30913870E-02
870.0 1.98940877E-02
873.75 1.76666435E-02
877.5 1.57343745E-02
881.25 1.44691411E-02
885.0 1.27610965E-02
888.75 1.13263419E-02
892.5 1.01850145E-02
896.25 9.42685921E-03
900.0 8.92060343E-03
903.75 8.83130170E-03
907.5 9.02115088E-03
911.25 1.00279087E-02
915.0 11.361186
918.75 9.1586628
922.5 8.5144186
926.25 8.4831200
930.0 7.9209580
933.75 6.3208370
937.5 5.4400449
941.25 5.0997906
945.0 4.8650270
948.75 4.5348830
952.5 4.1280475
956.25 3.8555939
960.0 3.7550697
963.75 3.7535300
967.5 3.8027151
971.25 3.8168781
975.0 4.0931458
978.75 4.1449041
982.5 3.9549711
986.25 3.5933316
990.0 3.6059506
993.75 3.5628543
997.5 3.6376371
1001.25 3.6895337
1005.0 3.6340201
1008.75 3.4933403
1012.5 3.4371595
1016.25 3.5363650
1020.0 3.5045857
1023.75 3.5531251
1027.5 3.4975171
1031.25 3.5694742
1035.0 3.7632308
1038.75 3.9635792
1042.5 4.2432079
1046.25 4.3100300
1050.0 4.3597035
1053.75 3.9541728
1057.5 3.6823769
1061.25 3.4791000
1065.0 3.3860464
1068.75 3.3623021
1072.5 3.2022285
1076.25 3.1536863
1080.0 3.1269913
1083.75 3.0959947
1087.5 3.1436810
1091.25 3.1057763
1095.0 3.0321369
1098.75 3.1154075
1102.5 3.0540762
1106.25 3.0941436
1110.0 3.1604342
1113.75 3.1993361
1117.5 3.2692800
1121.25 3.2566488
1125.0 3.3518367
1128.75 3.4178734
1132.5 3.4926569
1136.25 3.6160438
1140.0 3.8763475
1143.75 4.2262845
1147.5 4.6273212
1151.25 5.1372962
1155.0 5.7707620
1158.75 6.1382585
1162.5 5.5583038
1166.25 4.7039952
1170.0 4.0552835
1173.75 3.7132776
1177.5 3.5374820
1181.25 3.4334066
1185.0 3.2630410
1188.75 3.2434368
1192.5 3.1381106
1196.25 3.1918788
1200.0 3.1923690
1203.75 3.1731241
1207.5 3.1996150
1211.25 3.1515632
1215.0 3.1909418
1218.75 3.2268829
1222.5 3.2237909
1226.25 3.2845931
1230.0 3.1496372
1233.75 3.1201613
1237.5 3.0717268
1241.25 3.1140554
1245.0 3.1201191
1248.75 3.0679004
1252.5 2.9053838
1256.25 2.8046787
1260.0 2.7585051
1263.75 2.7011244
1267.5 2.6990728
1271.25 2.6853945
1275.0 2.6739461
1278.75 2.7097151
1282.5 2.6948993
1286.25 2.7317643
1290.0 2.7381063
1293.75 2.7268414
1297.5 2.6893578
1301.25 2.7172205
1305.0 2.7232146
1308.75 2.7907012
1312.5 2.7397573
1316.25 2.6897328
1320.0 2.5658338
1323.75 2.5988410
1327.5 2.6052554
1331.25 2.5653212
1335.0 2.6466656
1338.75 2.6664455
1342.5 2.5911818
1346.25 2.5420232
1350.0 2.5404317
1353.75 2.5355451
1357.5 2.5295374
1361.25 2.5568538
1365.0 2.5074353
1368.75 2.4948413
1372.5 2.5220630
1376.25 2.5145788
1380.0 2.5721543
1383.75 2.5564454
1387.5 2.7168448
1391.25 2.7027144
1395.0 2.7254255
1398.75 2.6794913
1402.5 2.6807046
1406.25 2.7007208
1410.0 2.8160436
1413.75 3.0249081
1417.5 3.2135627
1421.25 3.3658004
1425.0 3.4203229
1428.75 3.5940621
1432.5 3.4316633
1436.25 3.1326187
1440.0 2.8607934
1443.75 2.6793694
1447.5 2.5925066
1451.25 2.5044665
1455.0 2.4217613
1458.75 2.3576651
1462.5 2.3367574
1466.25 2.2429705
1470.0 2.2019486
1473.75 2.1788905
1477.5 2.1943505
1481.25 2.1979640
1485.0 2.1417837
1488.75 2.1450427
1492.5 2.1508741
1496.25 2.1633258
1500.0 2.1044002
1503.75 2.1219945
1507.5 2.1660812
1511.25 2.0437622
1515.0 2.0926595
1518.75 2.1009216
1522.5 2.0811455
1526.25 2.0938320
1530.0 2.0557160
1533.75 2.0236497
1537.5 2.0749259
1541.25 2.1537483
1545.0 2.1061659
1548.75 2.1540692
1552.5 2.1310327
1556.25 2.1318660
1560.0 2.1150382
1563.75 2.1373920
1567.5 2.1264651
1571.25 2.1163676
1575.0 2.0443246
1578.75 2.0068195
1582.5 2.0284972
1586.25 2.0529869
1590.0 1.9620330
1593.75 2.0524428
1597.5 1.9769235
1601.25 2.0199354
1605.0 1.9973249
1608.75 2.0337381
1612.5 1.9336916
1616.25 1.9582574
1620.0 1.9523746
1623.75 1.9824109
1627.5 1.8804580
1631.25 1.8986193
1635.0 1.9308165
1638.75 1.8412945
1642.5 1.8717529
1646.25 1.8115324
1650.0 1.7575525
1653.75 1.7518640
1657.5 1.7462052
1661.25 1.7538329
1665.0 1.7606320
1668.75 1.7594073
1672.5 1.7310760
1676.25 1.7183467
1680.0 1.7128602
1683.75 1.7074022
1687.5 1.7249897
1691.25 1.7181978
1695.0 1.7395108
1698.75 1.7460008
1702.5 1.7413296
1706.25 1.7500075
1710.0 1.7621217
1713.75 1.7899361
1717.5 1.8259250
1721.25 1.8076220
1725.0 1.8511924
1728.75 1.8682120
1732.5 1.8796624
1736.25 1.8858383
1740.0 1.8949945
1743.75 1.9145088
1747.5 1.9199340
1751.25 1.8897867
1755.0 1.8689636
1758.75 1.8230804
1762.5 1.8144852
1766.25 1.7755210
1770.0 1.7974470
1773.75 1.7714236
1777.5 1.7561220
1781.25 1.7571117
1785.0 1.7424186
1788.75 1.7426763
1792.5 1.7426766
1796.25 1.7588104
1800.0 1.7960697
1803.75 1.7647060
1807.5 1.8241928
1811.25 1.8651642
1815.0 1.9162354
1818.75 1.9063963
1822.5 1.8482471
1826.25 1.8349977
1830.0 1.8368503
1833.75 1.7912430
1837.5 1.7540991
1841.25 1.7404233
1845.0 1.7299346
1848.75 1.7593099
1852.5 1.7913145
1856.25 1.7946180
1860.0 1.7792640
1863.75 1.7800723
1867.5 1.7652522
1871.25 1.7705618
1875.0 1.7489893
1878.75 1.7382041
1882.5 1.7367352
1886.25 1.7252885
1890.0 1.7001411
1893.75 1.6722918
1897.5 1.6846209
1901.25 1.6869389
1905.0 1.6844382
1908.75 1.6649671
1912.5 1.6488966
1916.25 1.6414692
1920.0 1.6302398
1923.75 1.6208906
1927.5 1.6040293
1931.25 1.5794915
1935.0 1.5845824
1938.75 1.5818402
1942.5 1.5615163
1946.25 1.5179316
1950.0 1.5541637
1953.75 1.5582815
1957.5 1.5460749
1961.25 1.5432999
1965.0 1.5538379
1968.75 1.5224667
1972.5 1.5203463
1976.25 1.4880865
1980.0 1.4622599
1983.75 1.4027030
1987.5 1.3938532
1991.25 1.3891523
1995.0 1.3732284
1998.75 1.4081773
2002.5 1.4263014
2006.25 1.4269937
2010.0 1.3940862
2013.75 1.4060081
2017.5 1.4098545
2021.25 1.4264984
2025.0 1.4243942
2028.75 1.4550248
2032.5 1.4948914
2036.25 1.5056190
2040.0 1.4839517
2043.75 1.5269830
2047.5 1.5449053
2051.25 1.5410017
2055.0 1.5465392
2058.75 1.6066442
2062.5 1.6435457
2066.25 1.6325451
2070.0 1.6610752
2073.75 1.6208103
2077.5 1.6588534
2081.25 1.7131127
2085.0 1.8530955
2088.75 2.0171130
2092.5 2.2730126
2096.25 2.5332639
2100.0 2.6103425
2103.75 2.4740331
2107.5 2.1880753
2111.25 1.9438241
2115.0 1.7915288
2118.75 1.7151321
2122.5 1.6545817
2126.25 1.6073196
2130.0 1.5697321
2133.75 1.5336983
2137.5 1.5206759
2141.25 1.4877912
2145.0 1.4590918
2148.75 1.4266779
2152.5 1.4075319
2156.25 1.4012415
2160.0 1.3591824
2163.75 1.3598547
2167.5 1.3241659
2171.25 1.3136591
2175.0 1.3103439
2178.75 1.2545151
2182.5 1.2715353
2186.25 1.2689255
2190.0 1.2857491
2193.75 1.3191936
2197.5 1.3297251
2201.25 1.3324513
2205.0 1.3295698
2208.75 1.3370079
2212.5 1.3170034
2216.25 1.3185037
2220.0 1.3342164
2223.75 1.3127991
2227.5 1.3155237
2231.25 1.2902253
2235.0 1.2963231
2238.75 1.2634509
2242.5 1.2406158
2246.25 1.2168311
2250.0 1.2042848
2253.75 1.1739439
2257.5 1.1606309
2261.25 1.1274782
2265.0 1.1043528
2268.75 1.0985452
2272.5 1.1075994
2276.25 1.0918365
2280.0 1.1138314
2283.75 1.1183259
2287.5 1.1205266
2291.25 1.1190648
2295.0 1.1187023
2298.75 1.1395483
2302.5 1.1264303
2306.25 1.1473336
2310.0 1.1447417
2313.75 1.1389059
2317.5 1.1252145
2321.25 1.1353704
2325.0 1.1260760
2328.75 1.1487538
2332.5 1.1765391
2336.25 1.1783527
2340.0 1.2240988
2343.75 1.2326168
2347.5 1.2307169
2351.25 1.2125007
2355.0 1.2099903
2358.75 1.1641344
2362.5 1.1886334
2366.25 1.1756508
2370.0 1.1721542
2373.75 1.1855204
2377.5 1.2154535
2381.25 1.2153074
2385.0 1.2291790
2388.75 1.2355043
2392.5 1.2437435
2396.25 1.2302015
2400.0 1.2348253
2403.75 1.2151411
2407.5 1.2275357
2411.25 1.2110801
2415.0 1.1738621
2418.75 1.1730939
2422.5 1.1862416
2426.25 1.1537607
2430.0 1.1507672
2433.75 1.1504145
2437.5 1.1485178
2441.25 1.1655204
2445.0 1.1591690
2448.75 1.1383219
2452.5 1.1348964
2456.25 1.1565230
2460.0 1.1531291
2463.75 1.1440588
2467.5 1.1638000
2471.25 1.1297022
2475.0 1.1145474
2478.75 1.0984662
2482.5 1.0867467
2486.25 1.0774570
2490.0 1.0541574
2493.75 1.0489005
2497.5 1.0601766
2501.25 1.0685025
2505.0 1.0811338
2508.75 1.1137371
2512.5 1.0747545
2516.25 1.0587174
2520.0 1.0511092
2523.75 1.0450604
2527.5 1.0318584
2531.25 1.0552789
2535.0 1.0503881
2538.75 1.0567760
2542.5 1.0458755
2546.25 1.0480711
2550.0 1.0476249
2553.75 1.0705496
2557.5 1.0757790
2561.25 1.0929195
2565.0 1.1272857
2568.75 1.1720123
2572.5 1.1156174
2576.25 1.0721295
2580.0 1.0771828
2583.75 1.0595802
2587.5 1.0198958
2591.25 1.0302895
2595.0 1.0322272
2598.75 1.0025549
2602.5 0.99478185
2606.25 0.97172314
2610.0 0.95702595
2613.75 0.98174793
2617.5 0.97802198
2621.25 0.96323562
2625.0 0.98113608
2628.75 0.95560873
2632.5 0.93933100
2636.25 0.93802989
2640.0 0.92134881
2643.75 0.90520352
2647.5 0.88689572
2651.25 0.89718962
2655.0 0.89414811
2658.75 0.86746919
2662.5 0.87426168
2666.25 0.88749576
2670.0 0.89255017
2673.75 0.87485254
2677.5 0.89001322
2681.25 0.91130900
2685.0 0.89336091
2688.75 0.91193533
2692.5 0.88496411
2696.25 0.88622254
2700.0 0.87228537
2703.75 0.88270563
2707.5 0.88706768
2711.25 0.86881316
2715.0 0.89205694
2718.75 0.87622541
2722.5 0.86764860
2726.25 0.87445873
2730.0 0.85473478
2733.75 0.86330420
2737.5 0.85564649
2741.25 0.86053634
2745.0 0.86541617
2748.75 0.85303277
2752.5 0.84494251
2756.25 0.84180486
2760.0 0.83716303
2763.75 0.83132768
2767.5 0.83112723
2771.25 0.84197932
2775.0 0.83999568
2778.75 0.83844048
2782.5 0.82165194
2786.25 0.82402104
2790.0 0.85791487
2793.75 0.96618348
2797.5 1.0028486
2801.25 0.84683222
2805.0 0.81614327
2808.75 0.81530356
2812.5 0.80494994
2816.25 0.83316213
2820.0 0.80920666
2823.75 0.79080123
2827.5 0.79563117
2831.25 0.78599811
2835.0 0.77502227
2838.75 0.76628053
2842.5 0.75621754
2846.25 0.71458036
2850.0 0.72560656
2853.75 0.71145386
2857.5 0.74195421
2861.25 0.73960739
2865.0 0.73112774
2868.75 0.72330827
2872.5 0.71742922
2876.25 0.73522443
2880.0 0.71966994
2883.75 0.73116475
2887.5 0.74174672
2891.25 0.75343925
2895.0 0.78282523
2898.75 0.84197646
2902.5 0.87645400
2906.25 0.78714550
2910.0 0.73506361
2913.75 0.76085830
2917.5 0.76640439
2921.25 0.72591716
2925.0 0.70989430
2928.75 0.71044147
2932.5 0.69748098
2936.25 0.69287932
2940.0 0.67955160
2943.75 0.65942723
2947.5 0.63719875
2951.25 0.63233161
2955.0 0.65113521
2958.75 0.67011213
2962.5 0.67159063
2966.25 0.67864567
2970.0 0.69491464
2973.75 0.69503260
2977.5 0.69029534
2981.25 0.66687018
2985.0 0.66924101
2988.75 0.66532344
2992.5 0.63730997
2996.25 0.64502871
3000.0 0.62300748
3003.75 0.62264228
3007.5 0.61147374
3011.25 0.62439543
3015.0 0.63193887
3018.75 0.62004238
3022.5 0.60019386
3026.25 0.59917915
3030.0 0.59603256
3033.75 0.58865017
3037.5 0.60617673
3041.25 0.59307468
3045.0 0.60793954
3048.75 0.61965126
3052.5 0.65702182
3056.25 0.64650613
3060.0 0.64231950
3063.75 0.67029959
3067.5 0.67927867
3071.25 0.70255923
3075.0 0.74663746
3078.75 0.72436464
3082.5 0.68776065
3086.25 0.68392855
3090.0 0.65297616
3093.75 0.63628834
3097.5 0.62930620
3101.25 0.61842126
3105.0 0.59744710
3108.75 0.57413799
3112.5 0.56713772
3116.25 0.56947207
3120.0 0.58490038
3123.75 0.57988375
3127.5 0.57580048
3131.25 0.58815938
3135.0 0.56754351
3138.75 0.56006151
3142.5 0.57005668
3146.25 0.55669862
3150.0 0.55038959
3153.75 0.54921985
3157.5 0.54805386
3161.25 0.55024904
3165.0 0.55448300
3168.75 0.55163556
3172.5 0.54927236
3176.25 0.57965213
3180.0 0.57583880
3183.75 0.58428401
3187.5 0.57354927
3191.25 0.55942124
3195.0 0.55016243
3198.75 0.57450449
3202.5 0.57383227
3206.25 0.56942070
3210.0 0.59541559
3213.75 0.57929575
3217.5 0.59770775
3221.25 0.62990385
3225.0 0.61869723
3228.75 0.63103068
3232.5 0.64226317
3236.25 0.66820502
3240.0 0.71020937
3243.75 0.71768242
3247.5 0.75702655
3251.25 0.81898201
3255.0 0.84890622
3258.75 0.85210073
3262.5 0.79192901
3266.25 0.77741110
3270.0 0.76924878
3273.75 0.73156697
3277.5 0.69812548
3281.25 0.63904554
3285.0 0.62541360
3288.75 0.60023600
3292.5 0.58783549
3296.25 0.60245198
3300.0 0.58574492
3303.75 0.57550883
3307.5 0.57582420
3311.25 0.56210458
3315.0 0.55787945
3318.75 0.55471730
3322.5 0.52023268
3326.25 0.53778654
3330.0 0.53477985
3333.75 0.54815620
3337.5 0.53602576
3341.25 0.53343624
3345.0 0.55720592
3348.75 0.56500053
3352.5 0.58605510
3356.25 0.57730317
3360.0 0.57264316
3363.75 0.55090785
3367.5 0.58097422
3371.25 0.58200091
3375.0 0.58531690
3378.75 0.58085155
3382.5 0.60243702
3386.25 0.62780631
3390.0 0.62300557
3393.75 0.59718609
3397.5 0.58279926
3401.25 0.56841636
3405.0 0.57211030
3408.75 0.61393178
3412.5 0.59697235
3416.25 0.58941573
3420.0 0.61197436
3423.75 0.60655415
3427.5 0.56145799
3431.25 0.59144449
3435.0 0.61466032
3438.75 0.58794886
3442.5 0.57646084
3446.25 0.58528727
3450.0 0.56316876
3453.75 0.54979753
3457.5 0.55132818
3461.25 0.56862092
3465.0 0.58897209
3468.75 0.58833241
3472.5 0.57629681
3476.25 0.58317971
3480.0 0.56551915
3483.75 0.57463014
3487.5 0.55697376
3491.25 0.58587164
3495.0 0.55114073
3498.75 0.56874084
3502.5 0.54477733
3506.25 0.54958725
3510.0 0.55356491
3513.75 0.57149971
3517.5 0.52097869
3521.25 0.51958978
3525.0 0.48824862
3528.75 0.48182929
3532.5 0.47484058
3536.25 0.48619294
3540.0 0.48434603
3543.75 0.48264357
3547.5 0.47373483
3551.25 0.48066056
3555.0 0.48534563
3558.75 0.47490138
3562.5 0.45872581
3566.25 0.46256444
3570.0 0.46419787
3573.75 0.46152821
3577.5 0.46846485
3581.25 0.47416028
3585.0 0.48245057
3588.75 0.48036835
3592.5 0.47633234
3596.25 0.48534223
3600.0 0.49900246
3603.75 0.49905762
3607.5 0.50337166
3611.25 0.52193981
3615.0 0.55241048
3618.75 0.55469620
3622.5 0.59588343
3626.25 0.60106117
3630.0 0.62083256
3633.75 0.66686344
3637.5 0.69394875
3641.25 0.77598178
3645.0 0.84597659
3648.75 0.81881291
3652.5 0.76336956
3656.25 0.70852727
3660.0 0.66989756
3663.75 0.63626778
3667.5 0.59395343
3671.25 0.58305782
3675.0 0.57698518
3678.75 0.55661809
3682.5 0.52531636
3686.25 0.54071593
3690.0 0.52281630
3693.75 0.51454037
3697.5 0.50559807
3701.25 0.49174526
3705.0 0.48613814
3708.75 0.49853179
3712.5 0.49838808
3716.25 0.58780259
3720.0 0.64223725
3723.75 0.53657681
3727.5 0.47631806
3731.25 0.46348107
3735.0 0.45936453
3738.75 0.44784740
3742.5 0.47673717
3746.25 0.52057207
3750.0 0.63231426
3753.75 0.89039177
3757.5 0.88789117
3761.25 0.59677529
3765.0 0.50214326
3768.75 0.47184232
3772.5 0.45865831
3776.25 0.44762221
3780.0 0.43881050
3783.75 0.43888012
3787.5 0.43556029
3791.25 0.43596250
3795.0 0.43515578
3798.75 0.42784208
3802.5 0.42287546
3806.25 0.42266005
3810.0 0.40629670
3813.75 0.39774671
3817.5 0.41502234
3821.25 0.41109058
3825.0 0.41599593
3828.75 0.39903265
3832.5 0.40209553
3836.25 0.39629135
3840.0 0.40992630
3843.75 0.40253124
3847.5 0.39197564
3851.25 0.40077084
3855.0 0.39808297
3858.75 0.41001633
3862.5 0.41195044
3866.25 0.42825657
3870.0 0.43731281
3873.75 0.43095466
3877.5 0.41830340
3881.25 0.43650448
3885.0 0.41825241
3888.75 0.40769547
3892.5 0.40832353
3896.25 0.43116647
3900.0 0.42291465
3903.75 0.40046099
3907.5 0.40553099
3911.25 0.40907714
3915.0 0.41575962
3918.75 0.40883300
3922.5 0.41252887
3926.25 0.41072637
3930.0 0.41280460
3933.75 0.39756143
3937.5 0.40411845
3941.25 0.41705203
3945.0 0.39683002
3948.75 0.40786090
3952.5 0.40932581
3956.25 0.40614396
3960.0 0.40654546
3963.75 0.40929523
3967.5 0.40644491
3971.25 0.42188784
3975.0 0.40256688
3978.75 0.39392540
3982.5 0.43057486
3986.25 0.40174609
3990.0 0.42024863
3993.75 0.40944964
3997.5 0.39708108
4001.25 0.39128515
4005.0 0.38666704
4008.75 0.39807406
4012.5 0.37709600
4016.25 0.38025966
4020.0 0.38396063
4023.75 0.37963134
4027.5 0.36164382
4031.25 0.36810750
4035.0 0.37681445
4038.75 0.37584674
4042.5 0.36425200
4046.25 0.36542475
4050.0 0.36218509
4053.75 0.35501161
4057.5 0.36193132
4061.25 0.36912182
4065.0 0.36646798
4068.75 0.35735700
4072.5 0.35199952
4076.25 0.34658793
4080.0 0.35844630
4083.75 0.34544346
4087.5 0.36861911
4091.25 0.34729281
4095.0 0.34871227
4098.75 0.34317198
4102.5 0.34260774
4106.25 0.34204492
4110.0 0.34148350
4113.75 0.34913844
4117.5 0.35049474
4121.25 0.35838783
4125.0 0.34948125
4128.75 0.35036194
4132.5 0.33814493
4136.25 0.33759332
4140.0 0.34704509
4143.75 0.35714939
4147.5 0.35095274
4151.25 0.34223372
4155.0 0.35553962
4158.75 0.36107436
4162.5 0.34280798
4166.25 0.34653574
4170.0 0.33269161
4173.75 0.33215377
4177.5 0.33868599
4181.25 0.33295819
4185.0 0.36383927
4188.75 0.34719837
4192.5 0.33758864
4196.25 0.37675530
4200.0 0.37159726
4203.75 0.35467514
4207.5 0.34805810
4211.25 0.33216015
4215.0 0.33157513
4218.75 0.32580328
4222.5 0.33633590
4226.25 0.32476315
4230.0 0.32621655
4233.75 0.32372820
4237.5 0.32624066
4241.25 0.32269821
4245.0 0.32436991
4248.75 0.32305896
4252.5 0.32116279
4256.25 0.33222410
4260.0 0.32719141
4263.75 0.31963885
4267.5 0.31913328
4271.25 0.31862903
4275.0 0.31812596
4278.75 0.31762409
4282.5 0.31712353
4286.25 0.31662413
4290.0 0.32303375
4293.75 0.31562898
4297.5 0.31604800
4301.25 0.31463867
4305.0 0.31595927
4308.75 0.31375858
4312.5 0.31316212
4316.25 0.31610480
4320.0 0.32041860
4323.75 0.32185435
4327.5 0.31876352
4331.25 0.31813005
4335.0 0.31712371
4338.75 0.31266075
4342.5 0.31514975
4346.25 0.31300184
4350.0 0.31231114
4353.75 0.31917670
4357.5 0.33306846
4361.25 0.31664091
4365.0 0.32753322
4368.75 0.32111365
4372.5 0.33095282
4376.25 0.32310936
4380.0 0.33350384
4383.75 0.32809350
4387.5 0.32950071
4391.25 0.33899441
4395.0 0.33068743
4398.75 0.33691770
4402.5 0.34794202
4406.25 0.37452632
4410.0 0.36586609
4413.75 0.35871485
4417.5 0.36057374
4421.25 0.32870874
4425.0 0.32312012
4428.75 0.33808225
4432.5 0.33201957
4436.25 0.32038403
4440.0 0.32204473
4443.75 0.32373834
4447.5 0.32408446
4451.25 0.31830150
4455.0 0.32450667
4458.75 0.33110061
4462.5 0.31065625
4466.25 0.31390181
4470.0 0.31167069
4473.75 0.32159621
4477.5 0.30332422
4481.25 0.30650932
4485.0 0.30560967
4488.75 0.30445024
4492.5 0.30657429
4496.25 0.30590212
4500.0 0.30509108
4503.75 0.30779234
4507.5 0.30275527
4511.25 0.30017322
4515.0 0.29484847
4518.75 0.29455030
4522.5 0.28969255
4526.25 0.29526398
4530.0 0.29584679
4533.75 0.29919755
4537.5 0.30156550
4541.25 0.29002267
4545.0 0.29620147
4548.75 0.30504161
4552.5 0.30143031
4556.25 0.30438098
4560.0 0.30987883
4563.75 0.30474916
4567.5 0.30695546
4571.25 0.30083567
4575.0 0.31590238
4578.75 0.29042098
4582.5 0.28071782
4586.25 0.28492701
4590.0 0.28107595
4593.75 0.28255144
4597.5 0.28290120
4601.25 0.28841412
4605.0 0.29370311
4608.75 0.28032446
4612.5 0.28816220
4616.25 0.29591271
4620.0 0.28496784
4623.75 0.28017178
4627.5 0.27582026
4631.25 0.27541819
4635.0 0.27654383
4638.75 0.29282576
4642.5 0.27895156
4646.25 0.28055552
4650.0 0.27342132
4653.75 0.27406752
4657.5 0.27379194
4661.25 0.27820393
4665.0 0.27535692
4668.75 0.28159592
4672.5 0.28250021
4676.25 0.27604872
4680.0 0.27411103
4683.75 0.27366132
4687.5 0.28151453
4691.25 0.27971742
4695.0 0.27377480
4698.75 0.27174962
4702.5 0.26961920
4706.25 0.26828155
4710.0 0.27046657
4713.75 0.27279267
4717.5 0.28176650
4721.25 0.28560039
4725.0 0.29096475
4728.75 0.30017507
4732.5 0.28813574
4736.25 0.27398011
4740.0 0.27483913
4743.75 0.27196556
4747.5 0.26769015
4751.25 0.27183095
4755.0 0.27988395
4758.75 0.28279302
4762.5 0.27395806
4766.25 0.27605855
4770.0 0.28015330
4773.75 0.28517732
4777.5 0.28946778
4781.25 0.27517083
4785.0 0.27786154
4788.75 0.28298342
4792.5 0.28379437
4796.25 0.27772689
4800.0 0.27719975
4803.75 0.28128129
4807.5 0.28098947
4811.25 0.27789342
4815.0 0.28468361
4818.75 0.28173456
4822.5 0.28567734
4826.25 0.29247940
4830.0 0.28835905
4833.75 0.29671782
4837.5 0.29192913
4841.25 0.31171638
4845.0 0.31398234
4848.75 0.32216096
4852.5 0.33118585
4856.25 0.32980019
4860.0 0.33649391
4863.75 0.35532275
4867.5 0.35724649
4871.25 0.37276015
4875.0 0.38992637
4878.75 0.41380045
4882.5 0.44144538
4886.25 0.47480777
4890.0 0.52077675
4893.75 0.57819813
4897.5 0.64847690
4901.25 0.73127908
4905.0 0.85726035
4908.75 1.0070829
4912.5 1.1957757
4916.25 1.3860137
4920.0 1.6301401
4923.75 1.6750275
4927.5 1.4322405
4931.25 1.1918998
4935.0 1.0842278
4938.75 1.0210540
4942.5 0.88408858
4946.25 0.74572849
4950.0 0.67172247
4953.75 0.61261314
4957.5 0.55857652
4961.25 0.51739281
4965.0 0.49217984
4968.75 0.46075457
4972.5 0.42892906
4976.25 0.40248358
4980.0 0.37592596
4983.75 0.35321763
4987.5 0.34600428
4991.25 0.33884689
4995.0 0.32176155
4998.75 0.31963825
5002.5 0.31359655
5006.25 0.31390601
5010.0 0.31938899
5013.75 0.31844729
5017.5 0.31177035
5021.25 0.30161524
5025.0 0.31663105
5028.75 0.32471892
5032.5 0.33128315
5036.25 0.36476624
5040.0 0.36282435
5043.75 0.33819416
5047.5 0.34154809
5051.25 0.34562120
5055.0 0.33564043
5058.75 0.30970991
5062.5 0.28447407
5066.25 0.28163922
5070.0 0.27446559
5073.75 0.26609731
5077.5 0.26439354
5081.25 0.25698474
5085.0 0.24562874
5088.75 0.24422866
5092.5 0.24539131
5096.25 0.24492472
5100.0 0.23347394
5103.75 0.23125570
5107.5 0.23095155
5111.25 0.23831122
5115.0 0.24765703
5118.75 0.23781246
5122.5 0.23431918
5126.25 0.23359834
5130.0 0.22913617
5133.75 0.22883593
5137.5 0.22853631
5141.25 0.24392869
5145.0 0.23460066
5148.75 0.23623867
5152.5 0.22734405
5156.25 0.22704752
5160.0 0.23114550
5163.75 0.23851411
5167.5 0.23661457
5171.25 0.23100831
5175.0 0.23329845
5178.75 0.23346822
5182.5 0.23169339
5186.25 0.22469766
5190.0 0.22440664
5193.75 0.22411625
5197.5 0.22589973
5201.25 0.22353731
5205.0 0.22324872
5208.75 0.22296077
5212.5 0.22819403
5216.25 0.22238658
5220.0 0.22210038
5223.75 0.22181480
5227.5 0.22482981
5231.25 0.22124533
5235.0 0.22096151
5238.75 0.22067827
5242.5 0.22039559
5246.25 0.22630928
5250.0 0.22115219
5253.75 0.23330523
5257.5 0.22093019
5261.25 0.22088829
5265.0 0.21871188
5268.75 0.21843328
5272.5 0.23398702
5276.25 0.24274264
5280.0 0.23427950
5283.75 0.25165862
5287.5 0.23265375
5291.25 0.26174545
5295.0 0.24635352
5298.75 0.22759973
5302.5 0.25326306
5306.25 0.23589312
5310.0 0.23002331
5313.75 0.23190676
5317.5 0.22454253
5321.25 0.22133526
5325.0 0.21432231
5328.75 0.21405269
5332.5 0.21709180
5336.25 0.22519505
5340.0 0.21324722
5343.75 0.21297987
5347.5 0.21271302
5351.25 0.21244672
5355.0 0.23361181
5358.75 0.21696581
5362.5 0.21165106
5366.25 0.21138696
5370.0 0.21491846
5373.75 0.21343191
5377.5 0.21059772
5381.25 0.21033581
5385.0 0.21626942
5388.75 0.22294179
5392.5 0.23525329
5396.25 0.20929314
5400.0 0.23151308
5403.75 0.20937826
5407.5 0.21920384
5411.25 0.20825893
5415.0 0.22231825
5418.75 0.21643840
5422.5 0.21596242
5426.25 0.22021459
5430.0 0.23044431
5433.75 0.21950416
5437.5 0.20646925
5441.25 0.22034365
5445.0 0.24389590
5448.75 0.20570996
5452.5 0.20545790
5456.25 0.20579617
5460.0 0.20495526
5463.75 0.20470473
5467.5 0.20445468
5471.25 0.22443414
5475.0 0.21858622
5478.75 0.20370759
5482.5 0.20345958
5486.25 0.21433339
5490.0 0.22932364
5493.75 0.20271847
5497.5 0.20438103
5501.25 0.24977197
5505.0 0.21475787
5508.75 0.21286595
5512.5 0.20149325
5516.25 0.22891884
5520.0 0.24461603
5523.75 0.23362829
5527.5 0.25692514
5531.25 0.25148362
5535.0 0.26498663
5538.75 0.23027739
5542.5 0.23889594
5546.25 0.29416305
5550.0 0.26378644
5553.75 0.25309980
5557.5 0.22904770
5561.25 0.22129951
5565.0 0.27349821
5568.75 0.26082844
5572.5 0.25228530
5576.25 0.23494069
5580.0 0.21017611
5583.75 0.23747770
5587.5 0.19671372
5591.25 0.19647971
5595.0 0.19624618
5598.75 0.19601317
5602.5 0.19578062
5606.25 0.19554846
5610.0 0.19531687
5613.75 0.19508563
5617.5 0.19485490
5621.25 0.19462463
5625.0 0.19439484
5628.75 0.19416550
5632.5 0.19393659
5636.25 0.19370817
5640.0 0.19348021
5643.75 0.19325270
5647.5 0.19302562
5651.25 0.19279902
5655.0 0.19257283
5658.75 0.19234712
5662.5 0.19212188
5666.25 0.19189705
5670.0 0.19167271
5673.75 0.19144879
5677.5 0.19122529
5681.25 0.19100225
5685.0 0.19077967
5688.75 0.19055755
5692.5 0.19033581
5696.25 0.19011454
5700.0 0.18989377
5703.75 0.18967338
5707.5 0.18945344
5711.25 0.18923393
5715.0 0.18901484
5718.75 0.18879621
5722.5 0.18857801
5726.25 0.18836029
5730.0 0.18814297
5733.75 0.18792601
5737.5 0.18770954
5741.25 0.18749352
5745.0 0.18727788
5748.75 0.18706270
5752.5 0.18684794
5756.25 0.18663362
5760.0 0.18641970
5763.75 0.18620624
5767.5 0.18599318
5771.25 0.18578056
5775.0 0.18556829
5778.75 0.18535650
5782.5 0.18514515
5786.25 0.18493418
5790.0 0.18472366
5793.75 0.18451352
5797.5 0.18430378
5801.25 0.18409450
5805.0 0.18388568
5808.75 0.18367717
5812.5 0.18346910
5816.25 0.18326151
5820.0 0.18305425
5823.75 0.18284740
5827.5 0.18264100
5831.25 0.18243507
5835.0 0.18222943
5838.75 0.18202424
5842.5 0.18181945
5846.25 0.18161511
5850.0 0.18141115
5853.75 0.18120752
5857.5 0.18100438
5861.25 0.18080164
5865.0 0.18059926
5868.75 0.18039727
5872.5 0.18019573
5876.25 0.17999452
5880.0 0.17979380
5883.75 0.17959343
5887.5 0.17939343
5891.25 0.17919387
5895.0 0.17899467
5898.75 0.17879592
5902.5 0.17859749
5906.25 0.17839950
5910.0 0.17820187
5913.75 0.17800462
5917.5 0.17780782
5921.25 0.17761137
5925.0 0.17741528
5928.75 0.17721961
5932.5 0.17702432
5936.25 0.17682943
5940.0 0.17663492
5943.75 0.17644076
5947.5 0.17624700
5951.25 0.17605369
5955.0 0.17586067
5958.75 0.17566808
5962.5 0.17547582
5966.25 0.17528397
5970.0 0.17509252
5973.75 0.17490143
5977.5 0.17471074
5981.25 0.17452042
5985.0 0.17433044
5988.75 0.17414084
5992.5 0.17395166
5996.25 0.17376281
6000.0 0.17357433
