300.0 0.0
325.0 0.0000000
328.25 0.0000000
331.5 0.0000000
334.75 0.0000000
338.0 0.0000000
341.25 0.0000000
344.5 0.0000000
347.75 0.0000000
351.0 0.0000000
354.25 0.0000000
357.5 0.0000000
360.75 0.0000000
364.0 0.0000000
367.25 0.0000000
370.5 0.0000000
373.75 0.0000000
377.0 0.0000000
380.25 0.0000000
383.5 0.0000000
386.75 0.0000000
390.0 0.0000000
393.25 0.0000000
396.5 0.0000000
399.75 0.0000000
403.0 0.0000000
406.25 0.0000000
409.5 0.0000000
412.75 0.0000000
416.0 0.0000000
419.25 0.0000000
422.5 0.0000000
425.75 0.0000000
429.0 0.0000000
432.25 0.0000000
435.5 0.0000000
438.75 0.0000000
442.0 0.0000000
445.25 0.0000000
448.5 0.0000000
451.75 0.0000000
455.0 0.0000000
458.25 0.0000000
461.5 0.0000000
464.75 0.0000000
468.0 0.0000000
471.25 0.0000000
474.5 0.0000000
477.75 0.0000000
481.0 0.0000000
484.25 0.0000000
487.5 0.0000000
490.75 0.0000000
494.0 0.0000000
497.25 0.0000000
500.5 0.0000000
503.75 0.0000000
507.0 0.0000000
510.25 0.0000000
513.5 0.0000000
516.75 0.0000000
520.0 0.0000000
523.25 0.0000000
526.5 0.0000000
529.75 0.0000000
533.0 0.0000000
536.25 0.0000000
539.5 0.0000000
542.75 0.0000000
546.0 0.0000000
549.25 0.0000000
552.5 0.0000000
555.75 0.0000000
559.0 0.0000000
562.25 0.0000000
565.5 0.0000000
568.75 0.0000000
572.0 0.0000000
575.25 0.0000000
578.5 0.0000000
581.75 0.0000000
585.0 0.0000000
588.25 0.0000000
591.5 0.0000000
594.75 0.40501526
598.0 0.38644513
601.25 0.36842027
604.5 0.35092953
607.75 0.33396843
611.0 0.31753227
614.25 0.30161899
617.5 0.28623706
620.75 0.27137184
624.0 0.25714737
627.25 0.24369779
630.5 0.23023681
633.75 0.40651205
637.0 0.38902417
640.25 0.37202123
643.5 0.35549259
646.75 0.33942375
650.0 0.35519144
653.25 0.35486788
656.5 0.33786920
659.75 0.34698847
663.0 0.36386037
666.25 0.38543817
669.5 1.2346095
672.75 1.2477623
676.0 1.0500804
679.25 0.86964875
682.5 0.81121874
685.75 0.78471541
689.0 0.78214812
692.25 0.78999722
695.5 0.76509637
698.75 0.68686247
702.0 0.68913150
705.25 0.61276227
708.5 0.55429095
711.75 0.50977319
715.0 0.48853865
718.25 0.49330121
721.5 0.47065300
724.75 0.47768524
728.0 0.48947221
731.25 0.47351670
734.5 0.42011946
737.75 0.40482101
741.0 0.36748153
744.25 0.36887580
747.5 0.36305374
750.75 0.34733349
754.0 0.34214488
757.25 0.34890634
760.5 0.35849324
763.75 0.38199046
767.0 0.39218304
770.25 0.40726784
773.5 0.43052098
776.75 0.47064057
780.0 0.52928466
783.25 0.62854856
786.5 0.77231973
789.75 1.0280085
793.0 7.6413846
796.25 6.1675234
799.5 5.7406273
802.75 5.7264047
806.0 5.3533115
809.25 4.2769380
812.5 3.6852834
815.75 3.4588137
819.0 3.3034036
822.25 3.0827739
825.5 2.8094072
828.75 2.6269517
832.0 2.5613399
835.25 2.5631421
838.5 2.5996003
841.75 2.6121538
845.0 2.8042738
848.25 2.8428116
851.5 2.7154541
854.75 2.4697883
858.0 2.4810925
861.25 2.4540153
864.5 2.5081422
867.75 2.5465624
871.0 2.5108254
874.25 2.4160955
877.5 2.3796511
880.75 2.4507978
884.0 2.4312043
887.25 2.4673302
890.5 2.4311125
893.75 2.4835577
897.0 2.6209197
900.25 2.7631221
903.5 2.9608982
906.75 3.0103939
910.0 3.0479732
913.25 2.7670567
916.5 2.5792665
919.75 2.4391453
923.0 2.3760953
926.25 2.3615932
929.5 2.2512071
932.75 2.2190845
936.0 2.2022755
939.25 2.1823893
942.5 2.2179670
945.75 2.1931517
949.0 2.1430233
952.25 2.2037888
955.5 2.1622679
958.75 2.1925137
962.0 2.2413955
965.25 2.2709053
968.5 2.3225033
971.75 2.3154638
975.0 2.3851209
978.25 2.4341187
981.5 2.4894171
984.75 2.5794618
988.0 2.7673852
991.25 3.0196385
994.5 3.3088193
997.75 3.6764021
1001.0 4.1329899
1004.25 4.3996406
1007.5 3.9870620
1010.75 3.3768685
1014.0 2.9134197
1017.25 2.6697571
1020.5 2.5453014
1023.75 2.4722860
1027.0 2.3513782
1030.25 2.3389986
1033.5 2.2647250
1036.75 2.3052304
1040.0 2.3072770
1043.25 2.2950428
1046.5 2.3158820
1049.75 2.2827480
1053.0 2.3129287
1056.25 2.3406482
1059.5 2.3400624
1062.75 2.3858778
1066.0 2.2894511
1069.25 2.2696049
1072.5 2.2359214
1075.75 2.2682934
1079.0 2.2742660
1082.25 2.2377262
1085.5 2.1206207
1088.75 2.0484946
1092.0 2.0161183
1095.25 1.9754943
1098.5 1.9753002
1101.75 1.9665829
1105.0 1.9594802
1108.25 1.9869840
1111.5 1.9773984
1114.75 2.0057383
1118.0 2.0116808
1121.25 2.0046799
1124.5 1.9783747
1127.75 2.0001295
1131.0 2.0057967
1134.25 2.0567839
1137.5 2.0204880
1140.75 1.9848177
1144.0 1.8945495
1147.25 1.9200902
1150.5 1.9259961
1153.75 1.8976163
1157.0 1.9589626
1160.25 1.9747796
1163.5 1.9201772
1166.75 1.8848604
1170.0 1.8847854
1173.25 1.8822583
1176.5 1.8788888
1179.75 1.9002763
1183.0 1.8646190
1186.25 1.8563141
1189.5 1.8776362
1192.75 1.8731233
1196.0 1.9170897
1199.25 1.9064485
1202.5 2.0271940
1205.75 2.0177681
1209.0 2.0358453
1212.25 2.0026314
1215.5 2.0046315
1218.75 2.0206962
1222.0 2.1081200
1225.25 2.2656956
1228.5 2.4082878
1231.75 2.5237186
1235.0 2.5659583
1238.25 2.6977203
1241.5 2.5771725
1244.75 2.3538184
1248.0 2.1506875
1251.25 2.0153368
1254.5 1.9510033
1257.75 1.8857124
1261.0 1.8243681
1264.25 1.7769823
1267.5 1.7621121
1270.75 1.6927929
1274.0 1.6632057
1277.25 1.6471409
1280.5 1.6601828
1283.75 1.6642673
1287.0 1.6230388
1290.25 1.6268145
1293.5 1.6325406
1296.75 1.6432968
1300.0 1.5997999
1303.25 1.6144438
1306.5 1.6492749
1309.75 1.5573504
1313.0 1.5958443
1316.25 1.6033785
1319.5 1.5895019
1322.75 1.6004093
1326.0 1.5724660
1329.25 1.5491045
1332.5 1.5895472
1335.75 1.6511614
1339.0 1.6158804
1342.25 1.6538516
1345.5 1.6373664
1348.75 1.6392030
1352.0 1.6274456
1355.25 1.6458349
1358.5 1.6385982
1361.75 1.6319844
1365.0 1.5775521
1368.25 1.5497072
1371.5 1.5675503
1374.75 1.5875871
1378.0 1.5183101
1381.25 1.5893756
1384.5 1.5319513
1387.75 1.5663571
1391.0 1.5498825
1394.25 1.5792115
1397.5 1.5025408
1400.75 1.5226536
1404.0 1.5190961
1407.25 1.5434951
1410.5 1.4650860
1413.75 1.4802119
1417.0 1.5063022
1420.25 1.4374013
1423.5 1.4621290
1426.75 1.4160031
1430.0 1.3746939
1433.25 1.3711225
1436.5 1.3675650
1439.75 1.3744104
1443.0 1.3806100
1446.25 1.3805166
1449.5 1.3591357
1452.75 1.3499813
1456.0 1.3465044
1459.25 1.3430415
1462.5 1.3577080
1465.75 1.3531879
1469.0 1.3708060
1472.25 1.3767525
1475.5 1.3738955
1478.75 1.3815697
1482.0 1.3919629
1485.25 1.4147735
1488.5 1.4440718
1491.75 1.4304368
1495.0 1.4657727
1498.25 1.4801109
1501.5 1.4900454
1504.75 1.4958043
1508.0 1.5039299
1511.25 1.5202855
1514.5 1.5254613
1517.75 1.5023589
1521.0 1.4866424
1524.25 1.4509590
1527.5 1.4449252
1530.75 1.4146832
1534.0 1.4329458
1537.25 1.4129782
1540.5 1.4015408
1543.75 1.4030966
1547.0 1.3921204
1550.25 1.3930796
1553.5 1.3938307
1556.75 1.4074891
1560.0 1.4380734
1563.25 1.4137120
1566.5 1.4621407
1569.75 1.4957678
1573.0 1.5375302
1576.25 1.5304345
1579.5 1.4845239
1582.75 1.4746449
1586.0 1.4768940
1589.25 1.4409630
1592.5 1.4118035
1595.75 1.4015087
1599.0 1.3937677
1602.25 1.4181492
1605.5 1.4446723
1608.75 1.4480597
1612.0 1.4363850
1615.25 1.4377493
1618.5 1.4264826
1621.75 1.4314759
1625.0 1.4147261
1628.25 1.4066870
1631.5 1.4061797
1634.75 1.3975860
1638.0 1.3778770
1641.25 1.3559554
1644.5 1.3666034
1647.75 1.3691331
1651.0 1.3677497
1654.25 1.3525753
1657.5 1.3401480
1660.75 1.3347337
1664.0 1.3262190
1667.25 1.3192232
1670.5 1.3061014
1673.75 1.2867115
1677.0 1.2914487
1680.25 1.2898002
1683.5 1.2738056
1686.75 1.2388103
1690.0 1.2689500
1693.25 1.2728814
1696.5 1.2634733
1699.75 1.2617654
1703.0 1.2709428
1706.25 1.2458313
1709.5 1.2446415
1712.75 1.2187637
1716.0 1.1981324
1719.25 1.1498311
1722.5 1.1430695
1725.75 1.1397036
1729.0 1.1271211
1732.25 1.1562992
1735.5 1.1716787
1738.75 1.1727431
1742.0 1.1461810
1745.25 1.1564674
1748.5 1.1601158
1751.75 1.1742996
1755.0 1.1730533
1758.25 1.1987737
1761.5 1.2321254
1764.75 1.2414752
1768.0 1.2241083
1771.25 1.2601165
1774.5 1.2754223
1777.75 1.2727122
1781.0 1.2777987
1784.25 1.3279901
1787.5 1.3590324
1790.75 1.3504719
1794.0 1.3746156
1797.25 1.3418224
1800.5 1.3738557
1803.75 1.4193470
1807.0 1.5359230
1810.25 1.6725159
1813.5 1.8854259
1816.75 2.1021085
1820.0 2.1668983
1823.25 2.0545287
1826.5 1.8177497
1829.75 1.6154492
1833.0 1.4894432
1836.25 1.4264644
1839.5 1.3766203
1842.75 1.3377970
1846.0 1.3069979
1849.25 1.2774678
1852.5 1.2670883
1855.75 1.2401428
1859.0 1.2166659
1862.25 1.1900716
1865.5 1.1745270
1868.75 1.1697013
1872.0 1.1350011
1875.25 1.1359706
1878.5 1.1065536
1881.75 1.0981647
1885.0 1.0957826
1888.25 1.0494668
1891.5 1.0640802
1894.75 1.0622692
1898.0 1.0767298
1901.25 1.1051227
1904.5 1.1143322
1907.75 1.1170034
1911.0 1.1149724
1914.25 1.1215953
1917.5 1.1051922
1920.75 1.1068288
1924.0 1.1203996
1927.25 1.1027881
1930.5 1.1054498
1933.75 1.0845559
1937.0 1.0900466
1940.25 1.0627598
1943.5 1.0438992
1946.75 1.0242254
1950.0 1.0139997
1953.25 0.98877823
1956.5 0.97788548
1959.75 0.95026350
1963.0 0.93107587
1966.25 0.92647994
1969.5 0.93441772
1972.75 0.92141622
1976.0 0.94027996
1979.25 0.94437605
1982.5 0.94653589
1985.75 0.94560152
1989.0 0.94559425
1992.25 0.96351838
1995.5 0.95272624
1998.75 0.97070998
2002.0 0.96881920
2005.25 0.96418023
2008.5 0.95288432
2011.75 0.96178192
2015.0 0.95420194
2018.25 0.97371697
2021.5 0.99757344
2024.75 0.99941552
2028.0 1.0385301
2031.25 1.0460731
2034.5 1.0447756
2037.75 1.0296208
2041.0 1.0277967
2044.25 0.98914075
2047.5 1.0102574
2050.75 0.99951911
2054.0 0.99684060
2057.25 1.0085045
2060.5 1.0342712
2063.75 1.0344493
2067.0 1.0465614
2070.25 1.0522524
2073.5 1.0595760
2076.75 1.0483418
2080.0 1.0525843
2083.25 1.0361021
2086.5 1.0469693
2089.75 1.0332282
2093.0 1.0017598
2096.25 1.0013874
2099.5 1.0128961
2102.75 0.98543811
2106.0 0.98315620
2109.25 0.98312920
2112.5 0.98178124
2115.75 0.99659163
2119.0 0.99143440
2122.25 0.97387189
2125.5 0.97120768
2128.75 0.98998582
2132.0 0.98734963
2135.25 0.97984940
2138.5 0.99702698
2141.75 0.96807677
2145.0 0.95534688
2148.25 0.94181502
2151.5 0.93201619
2154.75 0.92429525
2158.0 0.90454799
2161.25 0.90027535
2164.5 0.91019368
2167.75 0.91758305
2171.0 0.92867368
2174.25 0.95692915
2177.5 0.92367566
2180.75 0.91012907
2184.0 0.90382266
2187.25 0.89885312
2190.5 0.88772655
2193.75 0.90810806
2197.0 0.90413040
2200.25 0.90986055
2203.5 0.90070409
2206.75 0.90282333
2210.0 0.90266675
2213.25 0.92265123
2216.5 0.92739075
2219.75 0.94240236
2223.0 0.97227776
2226.25 1.0111053
2229.5 0.96269125
2232.75 0.92539281
2236.0 0.92998320
2239.25 0.91501051
2242.5 0.88095611
2245.75 0.89015073
2249.0 0.89204150
2252.25 0.86660874
2255.5 0.86009735
2258.75 0.84036285
2262.0 0.82785118
2265.25 0.84943932
2268.5 0.84641731
2271.75 0.83381891
2275.0 0.84951574
2278.25 0.82760841
2281.5 0.81370252
2284.75 0.81276631
2288.0 0.79849970
2291.25 0.78469032
2294.5 0.76899886
2297.75 0.77810496
2301.0 0.77564651
2304.25 0.75267690
2307.5 0.75874501
2310.75 0.77040690
2314.0 0.77497154
2317.25 0.75977820
2320.5 0.77312034
2323.75 0.79179859
2327.0 0.77637941
2330.25 0.79270005
2333.5 0.76942807
2336.75 0.77069443
2340.0 0.75874346
2343.25 0.76797813
2346.5 0.77194428
2349.75 0.75622600
2353.0 0.77662891
2356.25 0.76301354
2359.5 0.75571060
2362.75 0.76180845
2366.0 0.74478775
2369.25 0.75241822
2372.5 0.74590552
2375.75 0.75033021
2379.0 0.75474757
2382.25 0.74410748
2385.5 0.73720795
2388.75 0.73462707
2392.0 0.73073184
2395.25 0.72579217
2398.5 0.72577083
2401.75 0.73540229
2405.0 0.73382401
2408.25 0.73261899
2411.5 0.71809953
2414.75 0.72032017
2418.0 0.75010449
2421.25 0.84494263
2424.5 0.87718815
2427.75 0.74087387
2431.0 0.71417141
2434.25 0.71358287
2437.5 0.70466489
2440.75 0.72951096
2444.0 0.70867968
2447.25 0.69270098
2450.5 0.69707251
2453.75 0.68877149
2457.0 0.67928982
2460.25 0.67176241
2463.5 0.66307294
2466.75 0.62668914
2470.0 0.63648558
2473.25 0.62419456
2476.5 0.65108275
2479.75 0.64915127
2483.0 0.64183456
2486.25 0.63509452
2489.5 0.63005537
2492.75 0.64580911
2496.0 0.63226908
2499.25 0.64249218
2502.5 0.65191674
2505.75 0.66232079
2509.0 0.68828499
2512.25 0.74043447
2515.5 0.77090120
2518.75 0.69248009
2522.0 0.64678454
2525.25 0.66960806
2528.5 0.67461652
2531.75 0.63909847
2535.0 0.62510937
2538.25 0.62570822
2541.5 0.61440825
2544.75 0.61046833
2548.0 0.59883702
2551.25 0.58121067
2554.5 0.56172246
2557.75 0.55753458
2561.0 0.57421947
2564.25 0.59106296
2567.5 0.59247530
2570.75 0.59880841
2574.0 0.61327475
2577.25 0.61349005
2580.5 0.60941869
2583.75 0.58884418
2587.0 0.59104389
2590.25 0.58768946
2593.5 0.56304538
2596.75 0.56996632
2600.0 0.55060565
2603.25 0.55038053
2606.5 0.54060376
2609.75 0.55212516
2613.0 0.55889380
2616.25 0.54846871
2619.5 0.53100425
2622.75 0.53019905
2626.0 0.52750653
2629.25 0.52106327
2632.5 0.53667051
2635.75 0.52516145
2639.0 0.53841680
2642.25 0.54888332
2645.5 0.58208573
2648.75 0.57286733
2652.0 0.56925464
2655.25 0.59415287
2658.5 0.60221392
2661.75 0.62295860
2665.0 0.66215432
2668.25 0.64250982
2671.5 0.61014444
2674.75 0.60684651
2678.0 0.57947928
2681.25 0.56476367
2684.5 0.55865920
2687.75 0.54908705
2691.0 0.53055203
2694.25 0.50993681
2697.5 0.50380200
2700.75 0.50595862
2704.0 0.51975119
2707.25 0.51537728
2710.5 0.51183140
2713.75 0.52290207
2717.0 0.50465530
2720.25 0.49808273
2723.5 0.50705338
2726.75 0.49525109
2730.0 0.48971683
2733.25 0.48875406
2736.5 0.48779422
2739.75 0.48982584
2743.0 0.49367303
2746.25 0.49121562
2749.5 0.48918831
2752.75 0.51632607
2756.0 0.51300985
2759.25 0.52061504
2762.5 0.51112986
2765.75 0.49861705
2769.0 0.49044076
2772.25 0.51221967
2775.5 0.51169944
2778.75 0.50784379
2782.0 0.53110927
2785.25 0.51680970
2788.5 0.53331733
2791.75 0.56213063
2795.0 0.55221385
2798.25 0.56330746
2801.5 0.57342124
2804.75 0.59667265
2808.0 0.63427591
2811.25 0.64104635
2814.5 0.67629063
2817.75 0.73174798
2821.0 0.75859803
2824.25 0.76156598
2827.5 0.70789254
2830.75 0.69501823
2834.0 0.68782252
2837.25 0.65422583
2840.5 0.62441152
2843.75 0.57165354
2847.0 0.55954111
2850.25 0.53709370
2853.5 0.52607429
2856.75 0.53923333
2860.0 0.52435541
2863.25 0.51526660
2866.5 0.51562333
2869.75 0.50341034
2873.0 0.49969810
2876.25 0.49693686
2879.5 0.46611077
2882.75 0.48190707
2886.0 0.47928083
2889.25 0.49133867
2892.5 0.48053351
2895.75 0.47827947
2899.0 0.49966171
2902.25 0.50672245
2905.5 0.52567893
2908.75 0.51790100
2912.0 0.51379204
2915.25 0.49435923
2918.5 0.52141172
2921.75 0.52240539
2925.0 0.52545440
2928.25 0.52151757
2931.5 0.54097235
2934.75 0.56383055
2938.0 0.55959553
2941.25 0.53647715
2944.5 0.52362406
2947.75 0.51077092
2951.0 0.51415986
2954.25 0.55181968
2957.5 0.53664839
2960.75 0.52992660
2964.0 0.55028224
2967.25 0.54548138
2970.5 0.50499326
2973.75 0.53203499
2977.0 0.55299234
2980.25 0.52903098
2983.5 0.51876277
2986.75 0.52677524
2990.0 0.50693464
2993.25 0.49496359
2996.5 0.49640661
2999.75 0.51204365
3003.0 0.53043908
3006.25 0.52993190
3009.5 0.51915842
3012.75 0.52542698
3016.0 0.50958121
3019.25 0.51785773
3022.5 0.50201029
3025.75 0.52812427
3029.0 0.49688029
3032.25 0.51281309
3035.5 0.49126872
3038.75 0.49566919
3042.0 0.49932000
3045.25 0.51556259
3048.5 0.47004578
3051.75 0.46885169
3055.0 0.44062641
3058.25 0.43488774
3061.5 0.42863354
3064.75 0.43893597
3068.0 0.43732306
3071.25 0.43584004
3074.5 0.42784825
3077.75 0.43415684
3081.0 0.43844277
3084.25 0.42906064
3087.5 0.41449738
3090.75 0.41801715
3094.0 0.41954461
3097.25 0.41718262
3100.5 0.42350435
3103.75 0.42870525
3107.0 0.43625367
3110.25 0.43442336
3113.5 0.43082535
3116.75 0.43902734
3120.0 0.45143822
3123.25 0.45154226
3126.5 0.45550004
3129.75 0.47235867
3133.0 0.49999437
3136.25 0.50212282
3139.5 0.53947031
3142.75 0.54422224
3146.0 0.56219029
3149.25 0.60394430
3152.5 0.62854803
3155.75 0.70293224
3159.0 0.76642746
3162.25 0.74190468
3165.5 0.69174945
3168.75 0.64212710
3172.0 0.60718805
3175.25 0.57677305
3178.5 0.53847754
3181.75 0.52866048
3185.0 0.52321446
3188.25 0.50480336
3191.5 0.47646996
3194.75 0.49049360
3198.0 0.47431052
3201.25 0.46685550
3204.5 0.45879397
3207.75 0.44627401
3211.0 0.44123524
3214.25 0.45253512
3217.5 0.45245549
3220.75 0.53368926
3224.0 0.58317792
3227.25 0.48728833
3230.5 0.43261299
3233.75 0.42100072
3237.0 0.41730773
3240.25 0.40689012
3243.5 0.43318573
3246.75 0.47306836
3250.0 0.57467693
3253.25 0.80931878
3256.5 0.80713427
3259.75 0.54255575
3263.0 0.45657125
3266.25 0.42906693
3269.5 0.41712347
3272.75 0.40713090
3276.0 0.39915943
3279.25 0.39926589
3282.5 0.39628837
3285.75 0.39669695
3289.0 0.39600536
3292.25 0.38939133
3295.5 0.38491216
3298.75 0.38475710
3302.0 0.36990049
3305.25 0.36215487
3308.5 0.37792462
3311.75 0.37438390
3315.0 0.37889117
3318.25 0.36347920
3321.5 0.36630762
3324.75 0.36105785
3328.0 0.37351960
3331.25 0.36681959
3334.5 0.35723764
3337.75 0.36529139
3341.0 0.36287907
3344.25 0.37379578
3347.5 0.37559780
3350.75 0.39050525
3354.0 0.39880416
3357.25 0.39304623
3360.5 0.38154688
3363.75 0.39818931
3367.0 0.38157827
3370.25 0.37198487
3373.5 0.37259573
3376.75 0.39347982
3380.0 0.38598832
3383.25 0.36553204
3386.5 0.37019715
3389.75 0.37347183
3393.0 0.37961078
3396.25 0.37332374
3399.5 0.37673622
3402.75 0.37512752
3406.0 0.37706316
3409.25 0.36317578
3412.5 0.36920226
3415.75 0.38105604
3419.0 0.36261520
3422.25 0.37273169
3425.5 0.37410718
3428.75 0.37123549
3432.0 0.37163886
3435.25 0.37418905
3438.5 0.37161946
3441.75 0.38577670
3445.0 0.36814526
3448.25 0.36027756
3451.5 0.39383462
3454.75 0.36750120
3458.0 0.38446361
3461.25 0.37462017
3464.5 0.36333856
3467.75 0.35806942
3471.0 0.35387716
3474.25 0.36435154
3477.5 0.34518349
3480.75 0.34811246
3484.0 0.35153386
3487.25 0.34760302
3490.5 0.33116433
3493.75 0.33711499
3497.0 0.34512129
3500.25 0.34426728
3503.5 0.33367801
3506.75 0.33478358
3510.0 0.33184651
3513.25 0.32530421
3516.5 0.33167565
3519.75 0.33829644
3523.0 0.33589530
3526.25 0.32757464
3529.5 0.32269338
3532.75 0.31776157
3536.0 0.32866380
3539.25 0.31677037
3542.5 0.33805323
3545.75 0.31852436
3549.0 0.31985536
3552.25 0.31480217
3555.5 0.31431308
3558.75 0.31382516
3562.0 0.31333837
3565.25 0.32039124
3568.5 0.32166481
3571.75 0.32893819
3575.0 0.32079229
3578.25 0.32162943
3581.5 0.31044200
3584.75 0.30996323
3588.0 0.31866977
3591.25 0.32797700
3594.5 0.32231510
3597.75 0.31433532
3601.0 0.32658538
3604.25 0.33169860
3607.5 0.31494597
3610.75 0.31839868
3614.0 0.30570540
3617.25 0.30523786
3620.5 0.31126791
3623.75 0.30603042
3627.0 0.33444312
3630.25 0.31917438
3633.5 0.31036717
3636.75 0.34640554
3640.0 0.34169248
3643.25 0.32616025
3646.5 0.32010272
3649.75 0.30550784
3653.0 0.30499586
3656.25 0.29971227
3659.5 0.30942780
3662.75 0.29880634
3666.0 0.30016902
3669.25 0.29790461
3672.5 0.30024207
3675.75 0.29700702
3679.0 0.29857078
3682.25 0.29738912
3685.5 0.29566845
3688.75 0.30587733
3692.0 0.30126894
3695.25 0.29433933
3698.5 0.29389822
3701.75 0.29345825
3705.0 0.29301926
3708.25 0.29258126
3711.5 0.29214430
3714.75 0.29170832
3718.0 0.29763806
3721.25 0.29083934
3724.5 0.29124936
3727.75 0.28997439
3731.0 0.29121527
3734.25 0.28921053
3737.5 0.28868425
3740.75 0.29142064
3744.0 0.29542151
3747.25 0.29676932
3750.5 0.29394314
3753.75 0.29338264
3757.0 0.29247817
3760.25 0.28838524
3763.5 0.29070434
3766.75 0.28874615
3770.0 0.28813201
3773.25 0.29448956
3776.5 0.30733132
3779.75 0.29219642
3783.0 0.30227181
3786.25 0.29637086
3789.5 0.30547604
3792.75 0.29825991
3796.0 0.30787927
3799.25 0.30290842
3802.5 0.30423149
3805.75 0.31302169
3809.0 0.30537501
3812.25 0.31115270
3815.5 0.32135898
3818.75 0.34593910
3822.0 0.33796614
3825.25 0.33138594
3828.5 0.33312893
3831.75 0.30371279
3835.0 0.29857215
3838.25 0.31242165
3841.5 0.30684265
3844.75 0.29611215
3848.0 0.29766980
3851.25 0.29925808
3854.5 0.29960090
3857.75 0.29427719
3861.0 0.30003679
3864.25 0.30615672
3867.5 0.28727433
3870.75 0.29029751
3874.0 0.28825590
3877.25 0.29745814
3880.5 0.28057870
3883.75 0.28354621
3887.0 0.28273514
3890.25 0.28168356
3893.5 0.28366992
3896.75 0.28306904
3900.0 0.28233951
3903.25 0.28486049
3906.5 0.28021944
3909.75 0.27785012
3913.0 0.27294153
3916.25 0.27268562
3919.5 0.26820818
3922.75 0.27338645
3926.0 0.27394620
3929.25 0.27706915
3932.5 0.27928236
3935.75 0.26861203
3939.0 0.27435464
3942.25 0.28256330
3945.5 0.27923837
3948.75 0.28199220
3952.0 0.28710639
3955.25 0.28237405
3958.5 0.28443885
3961.75 0.27878803
3965.0 0.29277155
3968.25 0.26917517
3971.5 0.26020044
3974.75 0.26412085
3978.0 0.26056957
3981.25 0.26195604
3984.5 0.26229891
3987.75 0.26742932
3991.0 0.27235276
3994.25 0.25996497
3997.5 0.26725233
4000.75 0.27445975
4004.0 0.26432693
4007.25 0.25989649
4010.5 0.25587779
4013.75 0.25552264
4017.0 0.25658488
4020.25 0.27171060
4023.5 0.25885484
4026.75 0.26036131
4030.0 0.25375822
4033.25 0.25437555
4036.5 0.25413728
4039.75 0.25825036
4043.0 0.25562513
4046.25 0.26143497
4049.5 0.26229253
4052.75 0.25632006
4056.0 0.25453827
4059.25 0.25413796
4062.5 0.26144871
4065.75 0.25979739
4069.0 0.25429520
4072.25 0.25243121
4075.5 0.25046921
4078.75 0.24924338
4082.0 0.25129026
4085.25 0.25346851
4088.5 0.26182425
4091.75 0.26540458
4095.0 0.27040771
4098.25 0.27898592
4101.5 0.26781431
4104.75 0.25467399
4108.0 0.25548947
4111.25 0.25283498
4114.5 0.24887681
4117.75 0.25274330
4121.0 0.26024804
4124.25 0.26297033
4127.5 0.25477141
4130.75 0.25674167
4134.0 0.26056698
4137.25 0.26525712
4140.5 0.26926547
4143.75 0.25598305
4147.0 0.25850296
4150.25 0.26328513
4153.5 0.26405677
4156.75 0.25842801
4160.0 0.25795418
4163.25 0.26176926
4166.5 0.26151454
4169.75 0.25864977
4173.0 0.26498678
4176.25 0.26225859
4179.5 0.26594585
4182.75 0.27229548
4186.0 0.26847664
4189.25 0.27627668
4192.5 0.27183515
4195.75 0.29027888
4199.0 0.29240751
4202.25 0.30004317
4205.5 0.30846795
4208.75 0.30719671
4212.0 0.31345147
4215.25 0.33101171
4218.5 0.33282471
4221.75 0.34729964
4225.0 0.36331609
4228.25 0.38558498
4231.5 0.41137058
4234.75 0.44248763
4238.0 0.48535767
4241.25 0.53890711
4244.5 0.60444760
4247.75 0.68166995
4251.0 0.79915416
4254.25 0.93887955
4257.5 1.1148620
4260.75 1.2923065
4264.0 1.5200211
4267.25 1.5619720
4270.5 1.3356535
4273.75 1.1115887
4277.0 1.0112334
4280.25 0.95237070
4283.5 0.82466859
4286.75 0.69564992
4290.0 0.62665164
4293.25 0.57154292
4296.5 0.52116048
4299.75 0.48276448
4303.0 0.45926660
4306.25 0.42996868
4309.5 0.40029362
4312.75 0.37563616
4316.0 0.35087100
4319.25 0.32969585
4322.5 0.32298210
4325.75 0.31631976
4329.0 0.30038813
4332.25 0.29842356
4335.5 0.29280016
4338.75 0.29310644
4342.0 0.29824373
4345.25 0.29738188
4348.5 0.29116374
4351.75 0.28169638
4355.0 0.29573789
4358.25 0.30330983
4361.5 0.30945936
4364.75 0.34075657
4368.0 0.33896229
4371.25 0.31597030
4374.5 0.31912237
4377.75 0.32294676
4381.0 0.31363896
4384.25 0.28942493
4387.5 0.26585728
4390.75 0.26322311
4394.0 0.25653332
4397.25 0.24872606
4400.5 0.24714769
4403.75 0.24023588
4407.0 0.22963315
4410.25 0.22833729
4413.5 0.22943734
4416.75 0.22901413
4420.0 0.21831958
4423.25 0.21625757
4426.5 0.21598540
4429.75 0.22288075
4433.0 0.23163448
4436.25 0.22243936
4439.5 0.21918422
4442.75 0.21852221
4446.0 0.21436004
4449.25 0.21409115
4452.5 0.21382280
4455.75 0.22823694
4459.0 0.21952121
4462.25 0.22106624
4465.5 0.21275470
4468.75 0.21248898
4472.0 0.21633618
4475.25 0.22324501
4478.5 0.22147930
4481.75 0.21624357
4485.0 0.21839936
4488.25 0.21857029
4491.5 0.21692061
4494.75 0.21038248
4498.0 0.21012148
4501.25 0.20986104
4504.5 0.21154259
4507.75 0.20934172
4511.0 0.20908284
4514.25 0.20882449
4517.5 0.21373753
4520.75 0.20830928
4524.0 0.20805243
4527.25 0.20779611
4530.5 0.21063191
4533.75 0.20728494
4537.0 0.20703015
4540.25 0.20677584
4543.5 0.20652203
4546.75 0.21207479
4550.0 0.20725313
4553.25 0.21865404
4556.5 0.20706713
4559.75 0.20703885
4563.0 0.20500977
4566.25 0.20475946
4569.5 0.21935114
4572.75 0.22757113
4576.0 0.21964851
4579.25 0.23595472
4582.5 0.21814723
4585.75 0.24543786
4589.0 0.23101701
4592.25 0.21344189
4595.5 0.23752123
4598.75 0.22124249
4602.0 0.21574847
4605.25 0.21752635
4608.5 0.21062969
4611.75 0.20763193
4615.0 0.20106356
4618.25 0.20082100
4621.5 0.20368274
4624.75 0.21129638
4628.0 0.20009623
4631.25 0.19985564
4634.5 0.19961546
4637.75 0.19937578
4641.0 0.21924989
4644.25 0.20363764
4647.5 0.19865949
4650.75 0.19842172
4654.0 0.20174687
4657.25 0.20036159
4660.5 0.19771099
4663.75 0.19747508
4667.0 0.20305616
4670.25 0.20933142
4673.5 0.22090246
4676.75 0.19653578
4680.0 0.21741226
4683.25 0.19663547
4686.5 0.20587336
4689.75 0.19560383
4693.0 0.20881924
4696.25 0.20330654
4699.5 0.20286955
4702.75 0.20687421
4706.0 0.21649498
4709.25 0.20622726
4712.5 0.19399039
4715.75 0.20703645
4719.0 0.22917764
4722.25 0.19330560
4725.5 0.19307823
4728.75 0.19340561
4732.0 0.19262478
4735.25 0.19239876
4738.5 0.19217312
4741.75 0.21096273
4745.0 0.20547584
4748.25 0.19149892
4751.5 0.19127508
4754.75 0.20150748
4758.0 0.21561113
4761.25 0.19060607
4764.5 0.19217856
4767.75 0.23487081
4771.0 0.20195535
4774.25 0.20018584
4777.5 0.18949969
4780.75 0.21530314
4784.0 0.23007773
4787.25 0.21975352
4790.5 0.24167837
4793.75 0.23657104
4797.0 0.24928522
4800.25 0.21664293
4803.5 0.22476186
4806.75 0.27677226
4810.0 0.24820323
4813.25 0.23815919
4816.5 0.21553707
4819.75 0.20825574
4823.0 0.25738987
4826.25 0.24547784
4829.5 0.23744865
4832.75 0.22113442
4836.0 0.19783440
4839.25 0.22354327
4842.5 0.18517981
4845.75 0.18496816
4849.0 0.18475689
4852.25 0.18454611
4855.5 0.18433571
4858.75 0.18412566
4862.0 0.18391611
4865.25 0.18370683
4868.5 0.18349805
4871.75 0.18328963
4875.0 0.18308166
4878.25 0.18287405
4881.5 0.18266685
4884.75 0.18246004
4888.0 0.18225367
4891.25 0.18204767
4894.5 0.18184204
4897.75 0.18163686
4901.0 0.18143201
4904.25 0.18122759
4907.5 0.18102357
4910.75 0.18081991
4914.0 0.18061671
4917.25 0.18041384
4920.5 0.18021134
4923.75 0.18000926
4927.0 0.17980756
4930.25 0.17960630
4933.5 0.17940533
4936.75 0.17920481
4940.0 0.17900471
4943.25 0.17880493
4946.5 0.17860554
4949.75 0.17840655
4953.0 0.17820793
4956.25 0.17800969
4959.5 0.17781186
4962.75 0.17761442
4966.0 0.17741734
4969.25 0.17722058
4972.5 0.17702425
4975.75 0.17682829
4979.0 0.17663269
4982.25 0.17643748
4985.5 0.17624265
4988.75 0.17604820
4992.0 0.17585410
4995.25 0.17566040
4998.5 0.17546707
5001.75 0.17527410
5005.0 0.17508146
5008.25 0.17488922
5011.5 0.17469740
5014.75 0.17450587
5018.0 0.17431475
5021.25 0.17412397
5024.5 0.17393352
5027.75 0.17374352
5031.0 0.17355391
5034.25 0.17336455
5037.5 0.17317559
5040.75 0.17298704
5044.0 0.17279880
5047.25 0.17261088
5050.5 0.17242338
5053.75 0.17223634
5057.0 0.17204948
5060.25 0.17186306
5063.5 0.17167701
5066.75 0.17149132
5070.0 0.17130597
5073.25 0.17112093
5076.5 0.17093626
5079.75 0.17075203
5083.0 0.17056805
5086.25 0.17038445
5089.5 0.17020118
5092.75 0.17001827
5096.0 0.16983576
5099.25 0.16965356
5102.5 0.16947170
5105.75 0.16929024
5109.0 0.16910912
5112.25 0.16892834
5115.5 0.16874787
5118.75 0.16856776
5122.0 0.16838801
5125.25 0.16820855
5128.5 0.16802950
5131.75 0.16785081
5135.0 0.16767237
5138.25 0.16749434
5141.5 0.16731665
5144.75 0.16713926
5148.0 0.16696225
5151.25 0.16678555
5154.5 0.16660915
5157.75 0.16643322
5161.0 0.16625749
5164.25 0.16608217
5167.5 0.16590714
5170.75 0.16573249
5174.0 0.16555814
5177.25 0.16538417
5180.5 0.16521053
5183.75 0.16503721
5187.0 0.16486418
5190.25 0.16469151
5193.5 0.16451918
5196.75 0.16434716
5200.0 0.16417547
5203.25 0.16400416
5206.5 0.16383310
5209.75 0.16366243
5213.0 0.16349210
5216.25 0.16332206
5219.5 0.16315228
5222.75 0.16298293
5226.0 0.16281383
5229.25 0.16264516
5232.5 0.16247673
5235.75 0.16230862
5239.0 0.16214085
5242.25 0.16197339
5245.5 0.16180632
5248.75 0.16163950
5252.0 0.16147296
5255.25 0.16130683
5258.5 0.16114101
5261.75 0.16097549
5265.0 0.16081023
5268.25 0.16064537
5271.5 0.16048081
5274.75 0.16031651
5278.0 0.16015257
5281.25 0.15998898
5284.5 0.15982565
5287.75 0.15966260
5291.0 0.15949994
5294.25 0.15933755
5297.5 0.15917550
5300.75 0.15901376
5304.0 0.15885229
5307.25 0.15869121
5310.5 0.15853035
5313.75 0.15836988
5317.0 0.15820964
5320.25 0.15804975
5323.5 0.15789017
5326.75 0.15773088
5330.0 0.15757194
5333.25 0.15741323
5336.5 0.15725489
5339.75 0.15709685
5343.0 0.15693907
5346.25 0.15678164
5349.5 0.15662456
5352.75 0.15646769
5356.0 0.15631114
5359.25 0.15615493
5362.5 0.15599899
5365.75 0.15584338
5369.0 0.15568802
5372.25 0.15553296
5375.5 0.15537824
5378.75 0.15522382
5382.0 0.15506963
5385.25 0.15491584
5388.5 0.15476231
5391.75 0.15460902
5395.0 0.15445611
5398.25 0.15430343
5401.5 0.15415110
5404.75 0.15399900
5408.0 0.15384729
5411.25 0.15369581
5414.5 0.15354457
5417.75 0.15339372
5421.0 0.15324314
5424.25 0.15309280
5427.5 0.15294281
5430.75 0.15279308
5434.0 0.15264365
5437.25 0.15249449
5440.5 0.15234563
5443.75 0.15219705
5447.0 0.15204877
5450.25 0.15190078
5453.5 0.15175311
5456.75 0.15160573
5460.0 0.15145855
5463.25 0.15131173
5466.5 0.15116519
5469.75 0.15101892
5473.0 0.15087292
5476.25 0.15072720
5479.5 0.15058182
5482.75 0.15043664
5486.0 0.15029177
5489.25 0.15014720
5492.5 0.15000294
5495.75 0.14985894
5499.0 0.14971519
5502.25 0.14957172
5505.5 0.14942859
5508.75 0.14928567
5512.0 0.14914306
5515.25 0.14900073
5518.5 0.14885871
5521.75 0.14871688
5525.0 0.14857540
5528.25 0.14843415
5531.5 0.14829318
5534.75 0.14815256
5538.0 0.14801213
5541.25 0.14787202
5544.5 0.14773217
5547.75 0.14759260
5551.0 0.14745329
5554.25 0.14731430
5557.5 0.14717551
5560.75 0.14703704
5564.0 0.14689881
5567.25 0.14676087
5570.5 0.14662318
5573.75 0.14648582
5577.0 0.14634866
5580.25 0.14621179
5583.5 0.14607520
5586.75 0.14593886
5590.0 0.14580283
5593.25 0.14566705
5596.5 0.14553152
5599.75 0.14539628
5603.0 0.14526124
5606.25 0.14512657
5609.5 0.14499208
5612.75 0.14485790
5616.0 0.14472398
5619.25 0.14459029
5622.5 0.14445691
5625.75 0.14432377
5629.0 0.14419089
5632.25 0.14405827
5635.5 0.14392592
5638.75 0.14379382
5642.0 0.14366198
5645.25 0.14353046
5648.5 0.14339915
5651.75 0.14326806
5655.0 0.14313729
5658.25 0.14300676
5661.5 0.14287652
5664.75 0.14274649
5668.0 0.14261675
5671.25 0.14248723
5674.5 0.14235802
5677.75 0.14222905
5681.0 0.14210033
5684.25 0.14197186
5687.5 0.14184365
5690.75 0.14171566
5694.0 0.14158800
5697.25 0.14146055
5700.5 0.14133336
5703.75 0.14120635
5707.0 0.14107971
5710.25 0.14095332
5713.5 0.14082712
5716.75 0.14070116
5720.0 0.14057548
5723.25 0.14045009
5726.5 0.14032491
5729.75 0.14019994
5733.0 0.14007530
5736.25 0.13995083
5739.5 0.13982667
5742.75 0.13970272
5746.0 0.13957904
5749.25 0.13945562
5752.5 0.13933246
5755.75 0.13920952
5759.0 0.13908684
5762.25 0.13896440
5765.5 0.13884223
5768.75 0.13872027
5772.0 0.13859856
5775.25 0.13847707
5778.5 0.13835588
5781.75 0.13823491
5785.0 0.13811415
5788.25 0.13799366
5791.5 0.13787344
5794.75 0.13775341
5798.0 0.13763371
5801.25 0.13751417
5804.5 0.13739491
5807.75 0.13727586
5811.0 0.13715708
5814.25 0.13703854
5817.5 0.13692023
5820.75 0.13680215
5824.0 0.13668433
5827.25 0.13656671
5830.5 0.13644941
5833.75 0.13633226
5837.0 0.13621537
5840.25 0.13609877
5843.5 0.13598239
5846.75 0.13586621
5850.0 0.13575029
5853.25 0.13563459
5856.5 0.13551915
5859.75 0.13540392
5863.0 0.13528892
5866.25 0.13517419
5869.5 0.13505968
5872.75 0.13494539
5876.0 0.13483138
5879.25 0.13471754
5882.5 0.13460396
5885.75 0.13449061
5889.0 0.13437751
5892.25 0.13426463
5895.5 0.13415197
5898.75 0.13403958
5902.0 0.13392736
5905.25 0.13381545
5908.5 0.13370372
5911.75 0.13359222
5915.0 0.13348091
5918.25 0.13336988
5921.5 0.13325912
5924.75 0.13314849
5928.0 0.13303818
5931.25 0.13292804
5934.5 0.13281818
5937.75 0.13270850
5941.0 0.13259904
5944.25 0.13248980
5947.5 0.13238086
5950.75 0.13227208
5954.0 0.13216351
5957.25 0.13205524
5960.5 0.13194717
5963.75 0.13183931
5967.0 0.13173163
5970.25 0.13162424
5973.5 0.13151707
5976.75 0.13141008
5980.0 0.13130330
5983.25 0.13119680
5986.5 0.13109054
5989.75 0.13098441
5993.0 0.13087857
5996.25 0.13077296
5999.5 0.13066752
