300.0 0.0
345.0 0.0000000
348.45 0.0000000
351.9 0.0000000
355.35 0.0000000
358.8 0.0000000
362.25 0.0000000
365.7 0.0000000
369.15 0.0000000
372.6 0.0000000
376.05 0.0000000
379.5 0.0000000
382.95 0.0000000
386.4 0.0000000
389.85 0.0000000
393.3 0.0000000
396.75 0.0000000
400.2 0.0000000
403.65 0.0000000
407.1 0.0000000
410.55 0.0000000
414.0 0.0000000
417.45 0.0000000
420.9 0.0000000
424.35 0.0000000
427.8 0.0000000
431.25 0.0000000
434.7 0.0000000
438.15 0.0000000
441.6 0.0000000
445.05 0.0000000
448.5 0.0000000
451.95 0.0000000
455.4 0.0000000
458.85 0.0000000
462.3 0.0000000
465.75 0.0000000
469.2 0.0000000
472.65 0.0000000
476.1 0.0000000
479.55 0.0000000
483.0 0.0000000
486.45 0.0000000
489.9 0.0000000
493.35 0.0000000
496.8 0.0000000
500.25 0.0000000
503.7 0.0000000
507.15 0.0000000
510.6 0.0000000
514.05 0.0000000
517.5 0.0000000
520.95 0.0000000
524.4 0.0000000
527.85 0.0000000
531.3 0.0000000
534.75 0.0000000
538.2 0.0000000
541.65 0.0000000
545.1 0.0000000
548.55 0.0000000
552.0 0.0000000
555.45 0.0000000
558.9 0.0000000
562.35 0.0000000
565.8 0.0000000
569.25 0.0000000
572.7 0.0000000
576.15 0.0000000
579.6 0.0000000
583.05 0.0000000
586.5 0.0000000
589.95 0.0000000
593.4 0.0000000
596.85 0.0000000
600.3 0.0000000
603.75 0.0000000
607.2 0.0000000
610.65 0.0000000
614.1 0.0000000
617.55 0.0000000
621.0 0.0000000
624.45 0.0000000
627.9 0.0000000
631.35 0.11763684
634.8 0.11010411
638.25 0.10249598
641.7 9.52349231E-02
645.15 8.84113908E-02
648.6 8.19201097E-02
652.05 7.57557899E-02
655.5 6.99075907E-02
658.95 6.44411221E-02
662.4 5.93762733E-02
665.85 5.43364882E-02
669.3 4.90889363E-02
672.75 0.11821716
676.2 0.10926031
679.65 0.10099238
683.1 9.31664482E-02
686.55 8.57500359E-02
690.0 8.63622874E-02
693.45 8.29170942E-02
696.9 7.57498220E-02
700.35 7.43856952E-02
703.8 7.44265616E-02
707.25 7.54851848E-02
710.7 0.46422881
714.15 0.46651936
717.6 0.39031947
721.05 0.32131863
724.5 0.29789373
727.95 0.28634751
731.4 0.28356588
734.85 0.28451636
738.3 0.27368292
741.75 0.24399561
745.2 0.24307583
748.65 0.21459343
752.1 0.19269900
755.55 0.17589407
759.0 0.16727665
762.45 0.16758861
765.9 0.15861671
769.35 0.15968752
772.8 0.16229041
776.25 0.15566276
779.7 0.13697107
783.15 0.13146345
786.6 0.11854242
790.05 0.11679621
793.5 0.11077190
796.95 0.10076321
800.4 9.38506722E-02
803.85 9.06266570E-02
807.3 8.81300643E-02
810.75 8.86893645E-02
814.2 8.57979879E-02
817.65 8.37455019E-02
821.1 8.30217972E-02
824.55 8.49256366E-02
828.0 8.90645385E-02
831.45 9.79987457E-02
834.9 0.11156380
838.35 0.13860486
841.8 4.5030141
845.25 3.6404009
848.7 3.3938963
852.15 3.3909180
855.6 3.1750381
859.05 2.5406461
862.5 2.1926138
865.95 2.0610740
869.4 1.9715004
872.85 1.8426483
876.3 1.6818014
879.75 1.5749488
883.2 1.5379167
886.65 1.5412855
890.1 1.5655141
893.55 1.5753821
897.0 1.6937059
900.45 1.7194633
903.9 1.6447809
907.35 1.4981073
910.8 1.5070949
914.25 1.4927354
917.7 1.5277860
921.15 1.5533334
924.6 1.5336356
928.05 1.4777865
931.5 1.4574649
934.95 1.5030544
938.4 1.4930277
941.85 1.5172238
945.3 1.4969202
948.75 1.5312080
952.2 1.6179965
955.65 1.7079825
959.1 1.8325776
962.55 1.8655809
966.0 1.8912547
969.45 1.7191005
972.9 1.6044279
976.35 1.5191427
979.8 1.4816936
983.25 1.4744484
986.7 1.4072341
990.15 1.3888252
993.6 1.3799549
997.05 1.3691199
1000.5 1.3930836
1003.95 1.3791137
1007.4 1.3491627
1010.85 1.3890252
1014.3 1.3644230
1017.75 1.3850906
1021.2 1.4175795
1024.65 1.4378643
1028.1 1.4721835
1031.55 1.4693573
1035.0 1.5152369
1038.45 1.5480659
1041.9 1.5849658
1045.35 1.6440803
1048.8 1.7657621
1052.25 1.9287826
1055.7 2.1157496
1059.15 2.3532832
1062.6 2.6483335
1066.05 2.8221490
1069.5 2.5601604
1072.95 2.1705871
1076.4 1.8746156
1079.85 1.7195873
1083.3 1.6410904
1086.75 1.5956215
1090.2 1.5191095
1093.65 1.5126183
1097.1 1.4660375
1100.55 1.4937283
1104.0 1.4965183
1107.45 1.4900327
1110.9 1.5050169
1114.35 1.4849113
1117.8 1.5059829
1121.25 1.5254806
1124.7 1.5265403
1128.15 1.5578908
1131.6 1.4963244
1135.05 1.4847314
1138.5 1.4640472
1141.95 1.4866076
1145.4 1.4918828
1148.85 1.4692458
1152.3 1.3936136
1155.75 1.3474225
1159.2 1.3273100
1162.65 1.3017194
1166.1 1.3027400
1169.55 1.2981291
1173.0 1.2945690
1176.45 1.3138790
1179.9 1.3086687
1183.35 1.3285635
1186.8 1.3336365
1190.25 1.3301235
1193.7 1.3137777
1197.15 1.3293389
1200.6 1.3342183
1204.05 1.3692702
1207.5 1.3462172
1210.95 1.3235368
1214.4 1.2643749
1217.85 1.2824609
1221.3 1.2874454
1224.75 1.2694941
1228.2 1.3115824
1231.65 1.3232235
1235.1 1.2876542
1238.55 1.2649657
1242.0 1.2659050
1245.45 1.2651917
1248.9 1.2639048
1252.35 1.2792770
1255.8 1.2562340
1259.25 1.2515922
1262.7 1.2669283
1266.15 1.2648369
1269.6 1.2954968
1273.05 1.2892679
1276.5 1.3719426
1279.95 1.3665725
1283.4 1.3798295
1286.85 1.3583112
1290.3 1.3606569
1293.75 1.3725542
1297.2 1.4329684
1300.65 1.5411823
1304.1 1.6393453
1307.55 1.7191390
1311.0 1.7491467
1314.45 1.8402578
1317.9 1.7592543
1321.35 1.6079042
1324.8 1.4701612
1328.25 1.3785876
1331.7 1.3354946
1335.15 1.2916825
1338.6 1.2505106
1342.05 1.2188524
1345.5 1.2094653
1348.95 1.1631726
1352.4 1.1441010
1355.85 1.1342911
1359.3 1.1445177
1362.75 1.1485759
1366.2 1.1213294
1369.65 1.1251425
1373.1 1.1303059
1376.55 1.1389593
1380.0 1.1099807
1383.45 1.1213157
1386.9 1.1467026
1390.35 1.0839128
1393.8 1.1118507
1397.25 1.1182468
1400.7 1.1097007
1404.15 1.1184502
1407.6 1.1000322
1411.05 1.0847788
1414.5 1.1142119
1417.95 1.1585523
1421.4 1.1349186
1424.85 1.1627307
1428.3 1.1522682
1431.75 1.1546839
1435.2 1.1475127
1438.65 1.1615976
1442.1 1.1575989
1445.55 1.1540267
1449.0 1.1165947
1452.45 1.0979220
1455.9 1.1116062
1459.35 1.1268672
1462.8 1.0786967
1466.25 1.1302309
1469.7 1.0903982
1473.15 1.1159084
1476.6 1.1051780
1480.05 1.1271126
1483.5 1.0733590
1486.95 1.0887034
1490.4 1.0871298
1493.85 1.1055728
1497.3 1.0503379
1500.75 1.0621158
1504.2 1.0817834
1507.65 1.0332000
1511.1 1.0518857
1514.55 1.0195808
1518.0 0.99068642
1521.45 0.98895681
1524.9 0.98722970
1528.35 0.99301094
1531.8 0.99833024
1535.25 0.99909937
1538.7 0.98444581
1542.15 0.97862661
1545.6 0.97691250
1549.05 0.97520131
1552.5 0.98665696
1555.95 0.98417294
1559.4 0.99779445
1562.85 1.0029310
1566.3 1.0016533
1569.75 1.0080531
1573.2 1.0164437
1576.65 1.0339180
1580.1 1.0561604
1583.55 1.0470083
1587.0 1.0737095
1590.45 1.0850548
1593.9 1.0931820
1597.35 1.0982515
1600.8 1.1050631
1604.25 1.1179324
1607.7 1.1225897
1611.15 1.1064239
1614.6 1.0956725
1618.05 1.0701734
1621.5 1.0665174
1624.95 1.0449697
1628.4 1.0592409
1631.85 1.0452483
1635.3 1.0375456
1638.75 1.0394536
1642.2 1.0320699
1645.65 1.0335263
1649.1 1.0348266
1652.55 1.0457143
1656.0 1.0691981
1659.45 1.0518305
1662.9 1.0886302
1666.35 1.1144494
1669.8 1.1463661
1673.25 1.1418705
1676.7 1.1083834
1680.15 1.1017677
1683.6 1.1042061
1687.05 1.0780790
1690.5 1.0569823
1693.95 1.0499864
1697.4 1.0448920
1700.85 1.0638852
1704.3 1.0845079
1707.75 1.0877751
1711.2 1.0797209
1714.65 1.0814601
1718.1 1.0736914
1721.55 1.0781553
1725.0 1.0662345
1728.45 1.0608640
1731.9 1.0611670
1735.35 1.0553607
1738.8 1.0411447
1742.25 1.0252342
1745.7 1.0339422
1749.15 1.0365115
1752.6 1.0361168
1756.05 1.0252644
1759.5 1.0164793
1762.95 1.0130024
1766.4 1.0071639
1769.85 1.0024693
1773.3 0.99310791
1776.75 0.97896290
1780.2 0.98316616
1783.65 0.98250669
1787.1 0.97090942
1790.55 0.94480377
1794.0 0.96837038
1797.45 0.97194993
1800.9 0.96533972
1804.35 0.96460539
1807.8 0.97219425
1811.25 0.95354497
1814.7 0.95319110
1818.15 0.93391639
1821.6 0.91863954
1825.05 0.88211477
1828.5 0.87743199
1831.95 0.87534928
1835.4 0.86617917
1838.85 0.88910711
1842.3 0.90144259
1845.75 0.90277028
1849.2 0.88281822
1852.65 0.89123905
1856.1 0.89454883
1859.55 0.90598810
1863.0 0.90552640
1866.45 0.92589045
1869.9 0.95217156
1873.35 0.95992064
1876.8 0.94700712
1880.25 0.97539234
1883.7 0.98777246
1887.15 0.98620325
1890.6 0.99067473
1894.05 1.0301369
1897.5 1.0547768
1900.95 1.0486873
1904.4 1.0679983
1907.85 1.0430669
1911.3 1.0685265
1914.75 1.1044825
1918.2 1.1958176
1921.65 1.3028375
1925.1 1.4694439
1928.55 1.6391600
1932.0 1.6905440
1935.45 1.6036929
1938.9 1.4195910
1942.35 1.2622396
1945.8 1.1643696
1949.25 1.1156949
1952.7 1.0772475
1956.15 1.0473877
1959.6 1.0237818
1963.05 1.0011444
1966.5 0.99349850
1969.95 0.97284734
1973.4 0.95489651
1976.85 0.93447834
1980.3 0.92271894
1983.75 0.91937137
1987.2 0.89252651
1990.65 0.89371681
1994.1 0.87098843
1997.55 0.86479634
2001.0 0.86332953
2004.45 0.82722920
2007.9 0.83914232
2011.35 0.83810657
2014.8 0.84991229
2018.25 0.87272972
2021.7 0.88041025
2025.15 0.88292819
2028.6 0.88172799
2032.05 0.88737214
2035.5 0.87479359
2038.95 0.87648779
2042.4 0.88763654
2045.85 0.87407851
2049.3 0.87658250
2052.75 0.86040002
2056.2 0.86514217
2059.65 0.84386075
2063.1 0.82925272
2066.55 0.81398398
2070.0 0.80621213
2073.45 0.78650409
2076.9 0.77817965
2080.35 0.75652826
2083.8 0.74157423
2087.25 0.73823297
2090.7 0.74487871
2094.15 0.73483008
2097.6 0.75019497
2101.05 0.75378430
2104.5 0.75582916
2107.95 0.75540304
2111.4 0.75571597
2114.85 0.77036458
2118.3 0.76205540
2121.75 0.77676415
2125.2 0.77557361
2128.65 0.77218026
2132.1 0.76344895
2135.55 0.77089518
2139.0 0.76513332
2142.45 0.78110087
2145.9 0.80056429
2149.35 0.80236834
2152.8 0.83410865
2156.25 0.84050548
2159.7 0.83980054
2163.15 0.82795042
2166.6 0.82681382
2170.05 0.79603356
2173.5 0.81334996
2176.95 0.80502260
2180.4 0.80318159
2183.85 0.81289834
2187.3 0.83399343
2190.75 0.83446217
2194.2 0.84456050
2197.65 0.84948194
2201.1 0.85572439
2204.55 0.84697711
2208.0 0.85073066
2211.45 0.83772922
2214.9 0.84683806
2218.35 0.83604079
2221.8 0.81088442
2225.25 0.81088841
2228.7 0.82051605
2232.15 0.79857218
2235.6 0.79702002
2239.05 0.79729474
2242.5 0.79649675
2245.95 0.80881089
2249.4 0.80492157
2252.85 0.79095322
2256.3 0.78907800
2259.75 0.80462807
2263.2 0.80277699
2266.65 0.79696757
2270.1 0.81123185
2273.55 0.78796005
2277.0 0.77787745
2280.45 0.76713347
2283.9 0.75942278
2287.35 0.75339919
2290.8 0.73756409
2294.25 0.73433936
2297.7 0.74269056
2301.15 0.74898267
2304.6 0.75830060
2308.05 0.78164440
2311.5 0.75474423
2314.95 0.74393249
2318.4 0.73903275
2321.85 0.73522198
2325.3 0.72637004
2328.75 0.74330074
2332.2 0.74029726
2335.65 0.74524218
2339.1 0.73799181
2342.55 0.73997796
2346.0 0.74009848
2349.45 0.75673753
2352.9 0.76087922
2356.35 0.77345306
2359.8 0.79823750
2363.25 0.83038974
2366.7 0.79088980
2370.15 0.76049775
2373.6 0.76452088
2377.05 0.75245827
2380.5 0.72468990
2383.95 0.73249155
2387.4 0.73428512
2390.85 0.71358037
2394.3 0.70844686
2397.75 0.69241410
2401.2 0.68232358
2404.65 0.70033985
2408.1 0.69807017
2411.55 0.68789804
2415.0 0.70106941
2418.45 0.68320543
2421.9 0.67193669
2425.35 0.67137384
2428.8 0.65979499
2432.25 0.64858627
2435.7 0.63581365
2439.15 0.64354175
2442.6 0.64170629
2446.05 0.62289476
2449.5 0.62810904
2452.95 0.63795793
2456.4 0.64193332
2459.85 0.62953931
2463.3 0.64078838
2466.75 0.65646780
2470.2 0.64387786
2473.65 0.65761048
2477.1 0.63849539
2480.55 0.63973689
2484.0 0.63000423
2487.45 0.63786113
2490.9 0.64134473
2494.35 0.62847096
2497.8 0.64561683
2501.25 0.63448405
2504.7 0.62859517
2508.15 0.63385171
2511.6 0.61987007
2515.05 0.62640208
2518.5 0.62115926
2521.95 0.62502408
2525.4 0.62888420
2528.85 0.62019598
2532.3 0.61462063
2535.75 0.61264312
2539.2 0.60956782
2542.65 0.60561830
2546.1 0.60577142
2549.55 0.61398298
2553.0 0.61283708
2556.45 0.61200178
2559.9 0.60004014
2563.35 0.60206294
2566.8 0.62713152
2570.25 0.70661688
2573.7 0.73378569
2577.15 0.61992639
2580.6 0.59774667
2584.05 0.59741741
2587.5 0.59011185
2590.95 0.61108494
2594.4 0.59379613
2597.85 0.58056444
2601.3 0.58438569
2604.75 0.57758170
2608.2 0.56978327
2611.65 0.56361979
2615.1 0.55647719
2618.55 0.52608222
2622.0 0.53444749
2625.45 0.52426523
2628.9 0.54699284
2632.35 0.54551345
2635.8 0.53950596
2639.25 0.53397995
2642.7 0.52988088
2646.15 0.54327095
2649.6 0.53201854
2653.05 0.54076010
2656.5 0.54883367
2659.95 0.55773586
2663.4 0.57974857
2666.85 0.62383378
2670.3 0.64966804
2673.75 0.58372778
2677.2 0.54534656
2680.65 0.56473309
2684.1 0.56910056
2687.55 0.53927308
2691.0 0.52760124
2694.45 0.52823836
2697.9 0.51882786
2701.35 0.51562887
2704.8 0.50592977
2708.25 0.49115950
2711.7 0.47480759
2715.15 0.47138351
2718.6 0.48560914
2722.05 0.49997562
2725.5 0.50129235
2728.95 0.50677395
2732.4 0.51914251
2735.85 0.51945031
2739.3 0.51612741
2742.75 0.49882221
2746.2 0.50080580
2749.65 0.49808255
2753.1 0.47730982
2756.55 0.48329169
2760.0 0.46698600
2763.45 0.46690547
2766.9 0.45871967
2770.35 0.46860611
2773.8 0.47446221
2777.25 0.46572098
2780.7 0.45099652
2784.15 0.45041752
2787.6 0.44823420
2791.05 0.44286165
2794.5 0.45623186
2797.95 0.44655070
2801.4 0.45792696
2804.85 0.46693563
2808.3 0.49529400
2811.75 0.48756132
2815.2 0.48459673
2818.65 0.50590676
2822.1 0.51288640
2825.55 0.53067362
2829.0 0.56418973
2832.45 0.54757440
2835.9 0.52010757
2839.35 0.51741177
2842.8 0.49418777
2846.25 0.48174495
2849.7 0.47664332
2853.15 0.46857986
2856.6 0.45286223
2860.05 0.43536130
2863.5 0.43021780
2866.95 0.43215379
2870.4 0.44403130
2873.85 0.44039035
2877.3 0.43745509
2880.75 0.44701374
2884.2 0.43150824
2887.65 0.42597997
2891.1 0.43374497
2894.55 0.42373976
2898.0 0.41909400
2901.45 0.41835913
2904.9 0.41762629
2908.35 0.41945454
2911.8 0.42283827
2915.25 0.42082229
2918.7 0.41917354
2922.15 0.44251999
2925.6 0.43976977
2929.05 0.44638228
2932.5 0.43834075
2935.95 0.42769879
2939.4 0.42077249
2942.85 0.43954828
2946.3 0.43919256
2949.75 0.43597263
2953.2 0.45603913
2956.65 0.44385147
2960.1 0.45812219
2963.55 0.48297119
2967.0 0.47454724
2970.45 0.48417851
2973.9 0.49297109
2977.35 0.51306373
2980.8 0.54550743
2984.25 0.55144089
2987.7 0.58187497
2991.15 0.62971562
2994.6 0.65295166
2998.05 0.65563643
3001.5 0.60954928
3004.95 0.59858167
3008.4 0.59250110
3011.85 0.56367117
3015.3 0.53808904
3018.75 0.49272099
3022.2 0.48237512
3025.65 0.46311352
3029.1 0.45369998
3032.55 0.46513876
3036.0 0.45239252
3039.45 0.44463670
3042.9 0.44503003
3046.35 0.43457249
3049.8 0.43145037
3053.25 0.42914814
3056.7 0.40260372
3060.15 0.41632688
3063.6 0.41413647
3067.05 0.42463565
3070.5 0.41537562
3073.95 0.41350499
3077.4 0.43207243
3080.85 0.43826008
3084.3 0.45474026
3087.75 0.44809541
3091.2 0.44462290
3094.65 0.42788547
3098.1 0.45138389
3101.55 0.45232752
3105.0 0.45505121
3108.45 0.45172480
3111.9 0.46866187
3115.35 0.48855394
3118.8 0.48497275
3122.25 0.46502179
3125.7 0.45396301
3129.15 0.44289991
3132.6 0.44591904
3136.05 0.47866675
3139.5 0.46559030
3142.95 0.45984104
3146.4 0.47758996
3149.85 0.47350779
3153.3 0.43843991
3156.75 0.46199983
3160.2 0.48028350
3163.65 0.45955387
3167.1 0.45071369
3170.55 0.45775560
3174.0 0.44059196
3177.45 0.43026289
3180.9 0.43159267
3184.35 0.44526565
3187.8 0.46134230
3191.25 0.46098119
3194.7 0.45168757
3198.15 0.45722046
3201.6 0.44350806
3205.05 0.45078889
3208.5 0.43706888
3211.95 0.45988333
3215.4 0.43275037
3218.85 0.44670287
3222.3 0.42800865
3225.75 0.43191570
3229.2 0.43517050
3232.65 0.44940218
3236.1 0.40979540
3239.55 0.40882307
3243.0 0.38427594
3246.45 0.37933460
3249.9 0.37394169
3253.35 0.38299334
3256.8 0.38164937
3260.25 0.38041815
3263.7 0.37350437
3267.15 0.37907416
3270.6 0.38287935
3274.05 0.37474772
3277.5 0.36208728
3280.95 0.36522171
3284.4 0.36661601
3287.85 0.36461136
3291.3 0.37019652
3294.75 0.37480345
3298.2 0.38146451
3301.65 0.37992534
3305.1 0.37683928
3308.55 0.38407516
3312.0 0.39499587
3315.45 0.39515001
3318.9 0.39867708
3322.35 0.41349843
3325.8 0.43775994
3329.25 0.43969312
3332.7 0.47247180
3336.15 0.47670877
3339.6 0.49252528
3343.05 0.52918833
3346.5 0.55083287
3349.95 0.61611634
3353.4 0.67187428
3356.85 0.65047807
3360.3 0.60659784
3363.75 0.56317103
3367.2 0.53261042
3370.65 0.50600910
3374.1 0.47248477
3377.55 0.46394211
3381.0 0.45923313
3384.45 0.44314116
3387.9 0.41833258
3391.35 0.43071061
3394.8 0.41656324
3398.25 0.41007802
3401.7 0.40305784
3405.15 0.39211807
3408.6 0.38774908
3412.05 0.39773899
3415.5 0.39772865
3418.95 0.46920693
3422.4 0.51279271
3425.85 0.42854008
3429.3 0.38051307
3432.75 0.37035415
3436.2 0.36715981
3439.65 0.35804695
3443.1 0.38124219
3446.55 0.41640362
3450.0 0.50591570
3453.45 0.71258646
3456.9 0.71076685
3460.35 0.47784722
3463.8 0.40217626
3467.25 0.37800363
3470.7 0.36753479
3474.15 0.35878199
3477.6 0.35180792
3481.05 0.35195240
3484.5 0.34937787
3487.95 0.34978822
3491.4 0.34922832
3494.85 0.34344456
3498.3 0.33954230
3501.75 0.33945373
3505.2 0.32639271
3508.65 0.31960332
3512.1 0.33356729
3515.55 0.33048871
3519.0 0.33451456
3522.45 0.32095268
3525.9 0.32349548
3529.35 0.31890383
3532.8 0.32995665
3536.25 0.32408315
3539.7 0.31566134
3543.15 0.32282248
3546.6 0.32073495
3550.05 0.33042940
3553.5 0.33206809
3556.95 0.34529528
3560.4 0.35268176
3563.85 0.34763733
3567.3 0.33751255
3570.75 0.35228229
3574.2 0.33763221
3577.65 0.32918835
3581.1 0.32977358
3584.55 0.34830454
3588.0 0.34171918
3591.45 0.32365260
3594.9 0.32782724
3598.35 0.33077145
3601.8 0.33625349
3605.25 0.33072865
3608.7 0.33379626
3612.15 0.33241507
3615.6 0.33417460
3619.05 0.32190949
3622.5 0.32729441
3625.95 0.33784720
3629.4 0.32153970
3632.85 0.33055362
3636.3 0.33181694
3639.75 0.32931295
3643.2 0.32971379
3646.65 0.33201957
3650.1 0.32978237
3653.55 0.34239021
3657.0 0.32678396
3660.45 0.31984150
3663.9 0.34967735
3667.35 0.32633844
3670.8 0.34144476
3674.25 0.33274537
3677.7 0.32276610
3681.15 0.31812593
3684.6 0.31444132
3688.05 0.32378963
3691.5 0.30679438
3694.95 0.30943680
3698.4 0.31251755
3701.85 0.30906197
3705.3 0.29448301
3708.75 0.29981217
3712.2 0.30697101
3715.65 0.30624971
3719.1 0.29686686
3722.55 0.29788759
3726.0 0.29531091
3729.45 0.28952482
3732.9 0.29523206
3736.35 0.30116260
3739.8 0.29906189
3743.25 0.29168954
3746.7 0.28737834
3750.15 0.28302094
3753.6 0.29276708
3757.05 0.28220710
3760.5 0.30120450
3763.95 0.28383884
3767.4 0.28505951
3770.85 0.28059003
3774.3 0.28018796
3777.75 0.27978680
3781.2 0.27938643
3784.65 0.28570947
3788.1 0.28687960
3791.55 0.29340154
3795.0 0.28616989
3798.45 0.28695089
3801.9 0.27700269
3805.35 0.27660835
3808.8 0.28441173
3812.25 0.29275304
3815.7 0.28773323
3819.15 0.28064266
3822.6 0.29161400
3826.05 0.29621446
3829.5 0.28128695
3832.95 0.28440392
3836.4 0.27309778
3839.85 0.27271190
3843.3 0.27813169
3846.75 0.27348354
3850.2 0.29890913
3853.65 0.28529564
3857.1 0.27745527
3860.55 0.30970776
3864.0 0.30552912
3867.45 0.29167423
3870.9 0.28628996
3874.35 0.27326798
3877.8 0.27284119
3881.25 0.26814514
3884.7 0.27686888
3888.15 0.26739535
3891.6 0.26864523
3895.05 0.26664874
3898.5 0.26877129
3901.95 0.26590526
3905.4 0.26733530
3908.85 0.26630712
3912.3 0.26479593
3915.75 0.27396944
3919.2 0.26987186
3922.65 0.26369381
3926.1 0.26332790
3929.55 0.26296285
3933.0 0.26259848
3936.45 0.26223496
3939.9 0.26187220
3943.35 0.26151016
3946.8 0.26685536
3950.25 0.26078838
3953.7 0.26118463
3957.15 0.26006967
3960.6 0.26121104
3964.05 0.25944108
3967.5 0.25899711
3970.95 0.26148042
3974.4 0.26509896
3977.85 0.26633719
3981.3 0.26382923
3984.75 0.26335454
3988.2 0.26257083
3991.65 0.25892419
3995.1 0.26103428
3998.55 0.25930366
4002.0 0.25877973
4005.45 0.26451775
4008.9 0.27608186
4012.35 0.26251373
4015.8 0.27159438
4019.25 0.26632041
4022.7 0.27453133
4026.15 0.26807439
4029.6 0.27674928
4033.05 0.27230960
4036.5 0.27352765
4039.95 0.28146014
4043.4 0.27461308
4046.85 0.27983788
4050.3 0.28904703
4053.75 0.31118795
4057.2 0.30404738
4060.65 0.29815838
4064.1 0.29975751
4067.55 0.27331626
4071.0 0.26871777
4074.45 0.28121129
4077.9 0.27621791
4081.35 0.26658559
4084.8 0.26801530
4088.25 0.26947278
4091.7 0.26980889
4095.15 0.26504144
4098.6 0.27025625
4102.05 0.27579662
4105.5 0.25881281
4108.95 0.26156282
4112.4 0.25974941
4115.85 0.26806852
4119.3 0.25288212
4122.75 0.25558230
4126.2 0.25487664
4129.65 0.25395396
4133.1 0.25577024
4136.55 0.25525382
4140.0 0.25462121
4143.45 0.25692010
4146.9 0.25275925
4150.35 0.25064680
4153.8 0.24624301
4157.25 0.24603631
4160.7 0.24202015
4164.15 0.24671699
4167.6 0.24724628
4171.05 0.25008926
4174.5 0.25211149
4177.95 0.24250284
4181.4 0.24771130
4184.85 0.25514749
4188.3 0.25216955
4191.75 0.25468099
4195.2 0.25932485
4198.65 0.25507498
4202.1 0.25696483
4205.55 0.25188392
4209.0 0.26454327
4212.45 0.24324526
4215.9 0.23515747
4219.35 0.23872328
4222.8 0.23553587
4226.25 0.23681158
4229.7 0.23714399
4233.15 0.24180521
4236.6 0.24628013
4240.05 0.23510039
4243.5 0.24171346
4246.95 0.24825543
4250.4 0.23911244
4253.85 0.23512661
4257.3 0.23151252
4260.75 0.23121272
4264.2 0.23219551
4267.65 0.24590629
4271.1 0.23429315
4274.55 0.23567851
4278.0 0.22972260
4281.45 0.23030271
4284.9 0.23010817
4288.35 0.23385383
4291.8 0.23149785
4295.25 0.23678102
4298.7 0.23757939
4302.15 0.23219085
4305.6 0.23059779
4309.05 0.23025610
4312.5 0.23690131
4315.95 0.23542638
4319.4 0.23046120
4322.85 0.22879256
4326.3 0.22703476
4329.75 0.22594397
4333.2 0.22781998
4336.65 0.22981539
4340.1 0.23741265
4343.55 0.24068066
4347.0 0.24523960
4350.45 0.25304195
4353.9 0.24293083
4357.35 0.23103194
4360.8 0.23179226
4364.25 0.22940429
4367.7 0.22583288
4371.15 0.22936158
4374.6 0.23619282
4378.05 0.23868448
4381.5 0.23126304
4384.95 0.23307191
4388.4 0.23656525
4391.85 0.24084437
4395.3 0.24450515
4398.75 0.23246431
4402.2 0.23477310
4405.65 0.23913702
4409.1 0.23985864
4412.55 0.23476598
4416.0 0.23435576
4419.45 0.23784231
4422.9 0.23763131
4426.35 0.23504834
4429.8 0.24082774
4433.25 0.23836865
4436.7 0.24174067
4440.15 0.24753352
4443.6 0.24408270
4447.05 0.25119537
4450.5 0.24717805
4453.95 0.26397115
4457.4 0.26592937
4460.85 0.27289665
4464.3 0.28058285
4467.75 0.27945006
4471.2 0.28516379
4474.65 0.30116457
4478.1 0.30283943
4481.55 0.31603667
4485.0 0.33063895
4488.45 0.35093418
4491.9 0.37443367
4495.35 0.40279016
4498.8 0.44185078
4502.25 0.49064070
4505.7 0.55035669
4509.15 0.62071973
4512.6 0.72775924
4516.05 0.85507202
4519.5 1.0154290
4522.95 1.1771442
4526.4 1.3846794
4529.85 1.4230113
4533.3 1.2169265
4536.75 1.0128613
4540.2 0.92149413
4543.65 0.86792535
4547.1 0.75160730
4550.55 0.63407034
4554.0 0.57122600
4557.45 0.52103347
4560.9 0.47514173
4564.35 0.44017154
4567.8 0.41878039
4571.25 0.39209658
4574.7 0.36506453
4578.15 0.34260443
4581.6 0.32004252
4585.05 0.30075184
4588.5 0.29465088
4591.95 0.28859586
4595.4 0.27408224
4598.85 0.27231127
4602.3 0.26720101
4605.75 0.26750156
4609.2 0.27221149
4612.65 0.27144620
4616.1 0.26579121
4619.55 0.25716901
4623.0 0.27000901
4626.45 0.27694380
4629.9 0.28258079
4633.35 0.31118387
4636.8 0.30956933
4640.25 0.28859347
4643.7 0.29149500
4647.15 0.29501110
4650.6 0.28653055
4654.05 0.26442975
4657.5 0.24291615
4660.95 0.24052776
4664.4 0.23443273
4667.85 0.22731550
4671.3 0.22589026
4674.75 0.21958970
4678.2 0.20991418
4681.65 0.20874546
4685.1 0.20976707
4688.55 0.20939602
4692.0 0.19963272
4695.45 0.19776216
4698.9 0.19752817
4702.35 0.20384964
4705.8 0.21187186
4709.25 0.20347653
4712.7 0.20051393
4716.15 0.19992328
4719.6 0.19613004
4723.05 0.19589862
4726.5 0.19566768
4729.95 0.20887350
4733.4 0.20091213
4736.85 0.20234118
4740.3 0.19474809
4743.75 0.19451924
4747.2 0.19805571
4750.65 0.20439582
4754.1 0.20279413
4757.55 0.19801466
4761.0 0.20000340
4764.45 0.20017461
4767.9 0.19867828
4771.35 0.19270407
4774.8 0.19247906
4778.25 0.19225447
4781.7 0.19380905
4785.15 0.19180660
4788.6 0.19158326
4792.05 0.19136038
4795.5 0.19587672
4798.95 0.19091582
4802.4 0.19069417
4805.85 0.19047293
4809.3 0.19308619
4812.75 0.19003165
4816.2 0.18981165
4819.65 0.18959205
4823.1 0.18937284
4826.55 0.19447836
4830.0 0.19007030
4833.45 0.20054023
4836.9 0.18992667
4840.35 0.18991418
4843.8 0.18806624
4847.25 0.18784989
4850.7 0.20125072
4854.15 0.20880711
4857.6 0.20155190
4861.05 0.21652985
4864.5 0.20020238
4867.95 0.22526383
4871.4 0.21204314
4874.85 0.19592516
4878.3 0.21804355
4881.75 0.20311384
4885.2 0.19808374
4888.65 0.19972992
4892.1 0.19341089
4895.55 0.19067135
4899.0 0.18465228
4902.45 0.18444222
4905.9 0.18708344
4909.35 0.19408992
4912.8 0.18381445
4916.25 0.18360600
4919.7 0.18339790
4923.15 0.18319020
4926.6 0.20146464
4930.05 0.18713157
4933.5 0.18256934
4936.95 0.18236320
4940.4 0.18543182
4943.85 0.18417102
4947.3 0.18174687
4950.75 0.18154228
4954.2 0.18668562
4957.65 0.19246793
4961.1 0.20312044
4964.55 0.18072733
4968.0 0.19993798
4971.45 0.18084320
4974.9 0.18935183
4978.35 0.17991842
4981.8 0.19208689
4985.25 0.18702836
4988.7 0.18663873
4992.15 0.19033560
4995.6 0.19920042
4999.05 0.18976545
5002.5 0.17851716
5005.95 0.19053519
5009.4 0.21092555
5012.85 0.17792210
5016.3 0.17772450
5019.75 0.17803749
5023.2 0.17733030
5026.65 0.17713378
5030.1 0.17693758
5033.55 0.19425018
5037.0 0.18921028
5040.45 0.17635123
5043.9 0.17615651
5047.35 0.18559213
5050.8 0.19859470
5054.25 0.17557441
5057.7 0.17703432
5061.15 0.21637619
5064.6 0.18606457
5068.05 0.18444613
5071.5 0.17461137
5074.95 0.19840023
5078.4 0.21202843
5081.85 0.20252708
5085.3 0.22274742
5088.75 0.21805403
5092.2 0.22978762
5095.65 0.19971107
5099.1 0.20720857
5102.55 0.25517324
5106.0 0.22884817
5109.45 0.21960121
5112.9 0.19875439
5116.35 0.19205207
5119.8 0.23737815
5123.25 0.22640644
5126.7 0.21901476
5130.15 0.20397979
5133.6 0.18249868
5137.05 0.20622750
5140.5 0.17084633
5143.95 0.17066166
5147.4 0.17047732
5150.85 0.17029338
5154.3 0.17010973
5157.75 0.16992640
5161.2 0.16974346
5164.65 0.16956079
5168.1 0.16937849
5171.55 0.16919650
5175.0 0.16901489
5178.45 0.16883355
5181.9 0.16865258
5185.35 0.16847195
5188.8 0.16829164
5192.25 0.16811167
5195.7 0.16793199
5199.15 0.16775268
5202.6 0.16757366
5206.05 0.16739500
5209.5 0.16721666
5212.95 0.16703862
5216.4 0.16686097
5219.85 0.16668358
5223.3 0.16650650
5226.75 0.16632976
5230.2 0.16615337
5233.65 0.16597731
5237.1 0.16580151
5240.55 0.16562608
5244.0 0.16545101
5247.45 0.16527618
5250.9 0.16510171
5254.35 0.16492754
5257.8 0.16475369
5261.25 0.16458017
5264.7 0.16440699
5268.15 0.16423412
5271.6 0.16406156
5275.05 0.16388926
5278.5 0.16371731
5281.95 0.16354570
5285.4 0.16337435
5288.85 0.16320336
5292.3 0.16303265
5295.75 0.16286230
5299.2 0.16269222
5302.65 0.16252246
5306.1 0.16235302
5309.55 0.16218390
5313.0 0.16201505
5316.45 0.16184652
5319.9 0.16167833
5323.35 0.16151039
5326.8 0.16134283
5330.25 0.16117550
5333.7 0.16100848
5337.15 0.16084184
5340.6 0.16067554
5344.05 0.16050941
5347.5 0.16034360
5350.95 0.16017817
5354.4 0.16001301
5357.85 0.15984808
5361.3 0.15968348
5364.75 0.15951937
5368.2 0.15935528
5371.65 0.15919167
5375.1 0.15902835
5378.55 0.15886530
5382.0 0.15870254
5385.45 0.15854003
5388.9 0.15837781
5392.35 0.15821606
5395.8 0.15805441
5399.25 0.15789312
5402.7 0.15773207
5406.15 0.15757139
5409.6 0.15741099
5413.05 0.15725088
5416.5 0.15709105
5419.95 0.15693159
5423.4 0.15677239
5426.85 0.15661347
5430.3 0.15645479
5433.75 0.15629645
5437.2 0.15613841
5440.65 0.15598057
5444.1 0.15582308
5447.55 0.15566596
5451.0 0.15550895
5454.45 0.15535237
5457.9 0.15519607
5461.35 0.15504001
5464.8 0.15488426
5468.25 0.15472877
5471.7 0.15457349
5475.15 0.15441868
5478.6 0.15426400
5482.05 0.15410967
5485.5 0.15395561
5488.95 0.15380186
5492.4 0.15364832
5495.85 0.15349518
5499.3 0.15334228
5502.75 0.15318963
5506.2 0.15303721
5509.65 0.15288515
5513.1 0.15273334
5516.55 0.15258178
5520.0 0.15243052
5523.45 0.15227960
5526.9 0.15212885
5530.35 0.15197849
5533.8 0.15182836
5537.25 0.15167852
5540.7 0.15152882
5544.15 0.15137956
5547.6 0.15123045
5551.05 0.15108182
5554.5 0.15093330
5557.95 0.15078503
5561.4 0.15063711
5564.85 0.15048939
5568.3 0.15034209
5571.75 0.15019496
5575.2 0.15004800
5578.65 0.14990146
5582.1 0.14975519
5585.55 0.14960915
5589.0 0.14946333
5592.45 0.14931785
5595.9 0.14917265
5599.35 0.14902762
5602.8 0.14888288
5606.25 0.14873855
5609.7 0.14859436
5613.15 0.14845037
5616.6 0.14830679
5620.05 0.14816336
5623.5 0.14802033
5626.95 0.14787748
5630.4 0.14773484
5633.85 0.14759259
5637.3 0.14745054
5640.75 0.14730875
5644.2 0.14716719
5647.65 0.14702594
5651.1 0.14688498
5654.55 0.14674418
5658.0 0.14660378
5661.45 0.14646350
5664.9 0.14632356
5668.35 0.14618386
5671.8 0.14604443
5675.25 0.14590524
5678.7 0.14576641
5682.15 0.14562772
5685.6 0.14548929
5689.05 0.14535119
5692.5 0.14521325
5695.95 0.14507566
5699.4 0.14493825
5702.85 0.14480111
5706.3 0.14466426
5709.75 0.14452767
5713.2 0.14439124
5716.65 0.14425521
5720.1 0.14411937
5723.55 0.14398374
5727.0 0.14384840
5730.45 0.14371328
5733.9 0.14357848
5737.35 0.14344384
5740.8 0.14330961
5744.25 0.14317551
5747.7 0.14304158
5751.15 0.14290805
5754.6 0.14277476
5758.05 0.14264163
5761.5 0.14250879
5764.95 0.14237621
5768.4 0.14224389
5771.85 0.14211181
5775.3 0.14197993
5778.75 0.14184830
5782.2 0.14171694
5785.65 0.14158586
5789.1 0.14145502
5792.55 0.14132446
5796.0 0.14119403
5799.45 0.14106397
5802.9 0.14093411
5806.35 0.14080448
5809.8 0.14067508
5813.25 0.14054590
5816.7 0.14041707
5820.15 0.14028835
5823.6 0.14015992
5827.05 0.14003174
5830.5 0.13990386
5833.95 0.13977619
5837.4 0.13964869
5840.85 0.13952145
5844.3 0.13939458
5847.75 0.13926782
5851.2 0.13914128
5854.65 0.13901506
5858.1 0.13888910
5861.55 0.13876326
5865.0 0.13863774
5868.45 0.13851242
5871.9 0.13838735
5875.35 0.13826258
5878.8 0.13813795
5882.25 0.13801363
5885.7 0.13788952
5889.15 0.13776563
5892.6 0.13764198
5896.05 0.13751863
5899.5 0.13739540
5902.95 0.13727251
5906.4 0.13714977
5909.85 0.13702729
5913.3 0.13690504
5916.75 0.13678308
5920.2 0.13666129
5923.65 0.13653973
5927.1 0.13641848
5930.55 0.13629736
5934.0 0.13617653
5937.45 0.13605593
5940.9 0.13593550
5944.35 0.13581538
5947.8 0.13569541
5951.25 0.13557579
5954.7 0.13545629
5958.15 0.13533707
5961.6 0.13521807
5965.05 0.13509923
5968.5 0.13498072
5971.95 0.13486238
5975.4 0.13474427
5978.85 0.13462639
5982.3 0.13450874
5985.75 0.13439134
5989.2 0.13427410
5992.65 0.13415720
5996.1 0.13404045
5999.55 0.13392387
