300.0 0.0
400.0 0.0000000
404.0 0.0000000
408.0 0.0000000
412.0 0.0000000
416.0 0.0000000
420.0 0.0000000
424.0 0.0000000
428.0 0.0000000
432.0 0.0000000
436.0 0.0000000
440.0 0.0000000
444.0 0.0000000
448.0 0.0000000
452.0 0.0000000
456.0 0.0000000
460.0 0.0000000
464.0 0.0000000
468.0 0.0000000
472.0 0.0000000
476.0 0.0000000
480.0 0.0000000
484.0 0.0000000
488.0 0.0000000
492.0 0.0000000
496.0 0.0000000
500.0 0.0000000
504.0 0.0000000
508.0 0.0000000
512.0 0.0000000
516.0 0.0000000
520.0 0.0000000
524.0 0.0000000
528.0 0.0000000
532.0 0.0000000
536.0 0.0000000
540.0 0.0000000
544.0 0.0000000
548.0 0.0000000
552.0 0.0000000
556.0 0.0000000
560.0 0.0000000
564.0 0.0000000
568.0 0.0000000
572.0 0.0000000
576.0 0.0000000
580.0 0.0000000
584.0 0.0000000
588.0 0.0000000
592.0 0.0000000
596.0 0.0000000
600.0 0.0000000
604.0 0.0000000
608.0 0.0000000
612.0 0.0000000
616.0 0.0000000
620.0 0.0000000
624.0 0.0000000
628.0 0.0000000
632.0 0.0000000
636.0 0.0000000
640.0 0.0000000
644.0 0.0000000
648.0 0.0000000
652.0 0.0000000
656.0 0.0000000
660.0 0.0000000
664.0 0.0000000
668.0 0.0000000
672.0 0.0000000
676.0 0.0000000
680.0 0.0000000
684.0 0.0000000
688.0 0.0000000
692.0 0.0000000
696.0 0.0000000
700.0 0.0000000
704.0 0.0000000
708.0 0.0000000
712.0 0.0000000
716.0 0.0000000
720.0 0.0000000
724.0 0.0000000
728.0 0.0000000
732.0 4.57798922E-03
736.0 3.67346476E-03
740.0 2.92593404E-03
744.0 2.31361156E-03
748.0 1.81563850E-03
752.0 1.41370588E-03
756.0 1.09208690E-03
760.0 8.36568885E-04
764.0 6.35549484E-04
768.0 4.78658505E-04
772.0 3.57294281E-04
776.0 2.64242728E-04
780.0 3.91509943E-03
784.0 3.21351457E-03
788.0 2.60525104E-03
792.0 2.05663312E-03
796.0 1.57886057E-03
800.0 1.30741007E-03
804.0 1.02869433E-03
808.0 7.66570040E-04
812.0 6.09627517E-04
816.0 4.90343780E-04
820.0 3.96831078E-04
824.0 9.09444764E-02
828.0 8.27680305E-02
832.0 6.24948069E-02
836.0 4.62572612E-02
840.0 3.84021141E-02
844.0 3.29255164E-02
848.0 2.89651677E-02
852.0 2.57036313E-02
856.0 2.17736345E-02
860.0 1.70192197E-02
864.0 1.47945825E-02
868.0 1.13442233E-02
872.0 8.80603213E-03
876.0 6.91277348E-03
880.0 5.62505983E-03
884.0 4.79716714E-03
888.0 3.84346116E-03
892.0 3.25735495E-03
896.0 2.77120108E-03
900.0 2.21200683E-03
904.0 1.60931423E-03
908.0 1.26370450E-03
912.0 9.28600144E-04
916.0 7.49535684E-04
920.0 5.89241507E-04
924.0 4.47039958E-04
928.0 3.46695771E-04
932.0 2.76359526E-04
936.0 2.20251328E-04
940.0 1.80633055E-04
944.0 1.41645680E-04
948.0 1.11403722E-04
952.0 8.84398323E-05
956.0 7.20216121E-05
960.0 5.97521939E-05
964.0 5.16672626E-05
968.0 4.59317598E-05
972.0 4.42621749E-05
976.0 5.8659406
980.0 4.7383819
984.0 4.4139657
988.0 4.4065599
992.0 4.1227379
996.0 3.2963901
1000.0 2.8426049
1004.0 2.6699944
1008.0 2.5519917
1012.0 2.3833733
1016.0 2.1736755
1020.0 2.0340390
1024.0 1.9847236
1028.0 1.9875951
1032.0 2.0173523
1036.0 2.0285807
1040.0 2.1793611
1044.0 2.2109070
1048.0 2.1133690
1052.0 1.9235404
1056.0 1.9337118
1060.0 1.9139477
1064.0 1.9575253
1068.0 1.9888841
1072.0 1.9623177
1076.0 1.8895695
1080.0 1.8623259
1084.0 1.9192922
1088.0 1.9052182
1092.0 1.9348108
1096.0 1.9076638
1100.0 1.9500881
1104.0 2.0592809
1108.0 2.1724098
1112.0 2.3293939
1116.0 2.3698385
1120.0 2.4009359
1124.0 2.1810203
1128.0 2.0342684
1132.0 1.9249442
1136.0 1.8763382
1140.0 1.8660244
1144.0 1.7798809
1148.0 1.7555399
1152.0 1.7432846
1156.0 1.7285694
1160.0 1.7577865
1164.0 1.7391393
1168.0 1.7003785
1172.0 1.7496051
1176.0 1.7176287
1180.0 1.7426505
1184.0 1.7825141
1188.0 1.8070012
1192.0 1.8490946
1196.0 1.8445172
1200.0 1.9010584
1204.0 1.9411790
1208.0 1.9863635
1212.0 2.0593307
1216.0 2.2105527
1220.0 2.4133434
1224.0 2.6458712
1228.0 2.9413629
1232.0 3.3084040
1236.0 3.5236971
1240.0 3.1949203
1244.0 2.7073579
1248.0 2.3369944
1252.0 2.1426342
1256.0 2.0437880
1260.0 1.9861600
1264.0 1.8899738
1268.0 1.8809605
1272.0 1.8221339
1276.0 1.8556370
1280.0 1.8581934
1284.0 1.8492399
1288.0 1.8669337
1292.0 1.8411078
1296.0 1.8663415
1300.0 1.8896066
1304.0 1.8900263
1308.0 1.9279358
1312.0 1.8508811
1316.0 1.8356889
1320.0 1.8092800
1324.0 1.8363174
1328.0 1.8419931
1332.0 1.8132210
1336.0 1.7191062
1340.0 1.6613814
1344.0 1.6358528
1348.0 1.6036021
1352.0 1.6041516
1356.0 1.5977730
1360.0 1.5926964
1364.0 1.6157525
1368.0 1.6086515
1372.0 1.6324064
1376.0 1.6379411
1380.0 1.6329335
1384.0 1.6121862
1388.0 1.6305979
1392.0 1.6359004
1396.0 1.6781814
1400.0 1.6492469
1404.0 1.6207958
1408.0 1.5477147
1412.0 1.5692167
1416.0 1.5746793
1420.0 1.5520995
1424.0 1.6029162
1428.0 1.6165006
1432.0 1.5724262
1436.0 1.5441124
1440.0 1.5446550
1444.0 1.5431840
1448.0 1.5410180
1452.0 1.5591599
1456.0 1.5304894
1460.0 1.5242532
1464.0 1.5423459
1468.0 1.5392191
1472.0 1.5759388
1476.0 1.5677764
1480.0 1.6676911
1484.0 1.6605500
1488.0 1.6760428
1492.0 1.6493019
1496.0 1.6515496
1500.0 1.6653874
1504.0 1.7380649
1508.0 1.8686492
1512.0 1.9869612
1516.0 2.0829360
1520.0 2.1185460
1524.0 2.2281160
1528.0 2.1292961
1532.0 1.9454341
1536.0 1.7781610
1540.0 1.6668289
1544.0 1.6141731
1548.0 1.5606862
1552.0 1.5104276
1556.0 1.4716926
1560.0 1.4598676
1564.0 1.4032142
1568.0 1.3794475
1572.0 1.3668712
1576.0 1.3784442
1580.0 1.3825835
1584.0 1.3490592
1588.0 1.3529220
1592.0 1.3584073
1596.0 1.3680819
1600.0 1.3325715
1604.0 1.3454744
1608.0 1.3752192
1612.0 1.2992429
1616.0 1.3320440
1620.0 1.3390194
1624.0 1.3281082
1628.0 1.3379005
1632.0 1.3152046
1636.0 1.2963163
1640.0 1.3308240
1644.0 1.3830968
1648.0 1.3542130
1652.0 1.3867171
1656.0 1.3735666
1660.0 1.3757768
1664.0 1.3665702
1668.0 1.3826777
1672.0 1.3772578
1676.0 1.3723533
1680.0 1.3272101
1684.0 1.3043993
1688.0 1.3200374
1692.0 1.3375350
1696.0 1.2797639
1700.0 1.3402841
1704.0 1.2924539
1708.0 1.3220859
1712.0 1.3087766
1716.0 1.3341473
1720.0 1.2699472
1724.0 1.2875241
1728.0 1.2850894
1732.0 1.3063101
1736.0 1.2404979
1740.0 1.2538565
1744.0 1.2765158
1748.0 1.2186563
1752.0 1.2401583
1756.0 1.2015529
1760.0 1.1670008
1764.0 1.1644660
1768.0 1.1619384
1772.0 1.1682485
1776.0 1.1740123
1780.0 1.1744248
1784.0 1.1567175
1788.0 1.1494031
1792.0 1.1469164
1796.0 1.1444370
1800.0 1.1574074
1804.0 1.1540238
1808.0 1.1695224
1812.0 1.1750692
1816.0 1.1731014
1820.0 1.1801254
1824.0 1.1894755
1828.0 1.2094461
1832.0 1.2349783
1836.0 1.2237971
1840.0 1.2545176
1844.0 1.2672812
1848.0 1.2762802
1852.0 1.2817055
1856.0 1.2891616
1860.0 1.3036783
1864.0 1.3086127
1868.0 1.2892811
1872.0 1.2762733
1876.0 1.2461050
1880.0 1.2413855
1884.0 1.2158540
1888.0 1.2320045
1892.0 1.2152830
1896.0 1.2058866
1900.0 1.2076646
1904.0 1.1986516
1908.0 1.1999100
1912.0 1.2009883
1916.0 1.2131906
1920.0 1.2399940
1924.0 1.2194202
1928.0 1.2616379
1932.0 1.2911072
1936.0 1.3276192
1940.0 1.3219523
1944.0 1.2827400
1948.0 1.2746435
1952.0 1.2770262
1956.0 1.2463835
1960.0 1.2215773
1964.0 1.2130808
1968.0 1.2067878
1972.0 1.2283109
1976.0 1.2517023
1980.0 1.2550551
1984.0 1.2453493
1988.0 1.2469436
1992.0 1.2375791
1996.0 1.2423178
2000.0 1.2281815
2004.0 1.2215989
2008.0 1.2215527
2012.0 1.2144783
2016.0 1.1977351
2020.0 1.1790556
2024.0 1.1886921
2028.0 1.1912692
2032.0 1.1904405
2036.0 1.1776023
2040.0 1.1671472
2044.0 1.1627934
2048.0 1.1557335
2052.0 1.1499916
2056.0 1.1389029
2060.0 1.1223381
2064.0 1.1268135
2068.0 1.1257164
2072.0 1.1120926
2076.0 1.0818652
2080.0 1.1085186
2084.0 1.1122845
2088.0 1.1043917
2092.0 1.1032251
2096.0 1.1115769
2100.0 1.0899340
2104.0 1.0892113
2108.0 1.0668756
2112.0 1.0491196
2116.0 1.0071161
2120.0 1.0014818
2124.0 0.99881870
2128.0 0.98807335
2132.0 1.0139397
2136.0 1.0277164
2140.0 1.0289400
2144.0 1.0059172
2148.0 1.0152285
2152.0 1.0187149
2156.0 1.0314560
2160.0 1.0306457
2164.0 1.0535337
2168.0 1.0831411
2172.0 1.0916582
2176.0 1.0766797
2180.0 1.1086514
2184.0 1.1224203
2188.0 1.1203361
2192.0 1.1251146
2196.0 1.1696203
2200.0 1.1972785
2204.0 1.1900517
2208.0 1.2116463
2212.0 1.1830512
2216.0 1.2116110
2220.0 1.2520560
2224.0 1.3552431
2228.0 1.4761492
2232.0 1.6644901
2236.0 1.8562577
2240.0 1.9139587
2244.0 1.8151675
2248.0 1.6063814
2252.0 1.4279649
2256.0 1.3169138
2260.0 1.2615463
2264.0 1.2177687
2268.0 1.1837196
2272.0 1.1567544
2276.0 1.1308978
2280.0 1.1219850
2284.0 1.0983942
2288.0 1.0778637
2292.0 1.0545597
2296.0 1.0410372
2300.0 1.0370101
2304.0 1.0064882
2308.0 1.0075892
2312.0 0.98173082
2316.0 0.97451979
2320.0 0.97263634
2324.0 0.93174553
2328.0 0.94494176
2332.0 0.94355428
2336.0 0.95662212
2340.0 0.98207611
2344.0 0.99048954
2348.0 0.99309307
2352.0 0.99151510
2356.0 0.99763340
2360.0 0.98326755
2364.0 0.98494768
2368.0 0.99725008
2372.0 0.98179597
2376.0 0.98438710
2380.0 0.96599782
2384.0 0.97110516
2388.0 0.94700646
2392.0 0.93040651
2396.0 0.91307336
2400.0 0.90415651
2404.0 0.88186055
2408.0 0.87233633
2412.0 0.84788036
2416.0 0.83094037
2420.0 0.82701755
2424.0 0.83428282
2428.0 0.82285130
2432.0 0.83987695
2436.0 0.84371543
2440.0 0.84582466
2444.0 0.84516871
2448.0 0.84534061
2452.0 0.86154538
2456.0 0.85207409
2460.0 0.86833906
2464.0 0.86682791
2468.0 0.86285627
2472.0 0.85292351
2476.0 0.86106509
2480.0 0.85445404
2484.0 0.87210733
2488.0 0.89365631
2492.0 0.89548838
2496.0 0.93072391
2500.0 0.93767267
2504.0 0.93669796
2508.0 0.92329568
2512.0 0.92184407
2516.0 0.88734961
2520.0 0.90647274
2524.0 0.89701480
2528.0 0.89478719
2532.0 0.90543449
2536.0 0.92874944
2540.0 0.92909026
2544.0 0.94015121
2548.0 0.94544667
2552.0 0.95221061
2556.0 0.94229585
2560.0 0.94629049
2564.0 0.93165070
2568.0 0.94160146
2572.0 0.92941970
2576.0 0.90128314
2580.0 0.90111786
2584.0 0.91164541
2588.0 0.88709825
2592.0 0.88520914
2596.0 0.88534951
2600.0 0.88429952
2604.0 0.89780509
2608.0 0.89332348
2612.0 0.87766004
2616.0 0.87541908
2620.0 0.89250785
2624.0 0.89029294
2628.0 0.88369006
2632.0 0.89934421
2636.0 0.87338752
2640.0 0.86205733
2644.0 0.84999871
2648.0 0.84130514
2652.0 0.83448386
2656.0 0.81679994
2660.0 0.81308526
2664.0 0.82218742
2668.0 0.82900774
2672.0 0.83917451
2676.0 0.86485738
2680.0 0.83494842
2684.0 0.82284540
2688.0 0.81728482
2692.0 0.81293088
2696.0 0.80300558
2700.0 0.82158226
2704.0 0.81812298
2708.0 0.82344794
2712.0 0.81529886
2716.0 0.81735510
2720.0 0.81735075
2724.0 0.83558643
2728.0 0.84001929
2732.0 0.85375869
2736.0 0.88097024
2740.0 0.91630316
2744.0 0.87257242
2748.0 0.83890355
2752.0 0.84320313
2756.0 0.82976335
2760.0 0.79901183
2764.0 0.80748242
2768.0 0.80932862
2772.0 0.78638095
2776.0 0.78059804
2780.0 0.76280993
2784.0 0.75157326
2788.0 0.77129513
2792.0 0.76867330
2796.0 0.75735223
2800.0 0.77173150
2804.0 0.75194854
2808.0 0.73942995
2812.0 0.73869485
2816.0 0.72584164
2820.0 0.71339989
2824.0 0.69924241
2828.0 0.70763195
2832.0 0.70550501
2836.0 0.68471783
2840.0 0.69034386
2844.0 0.70106149
2848.0 0.70532268
2852.0 0.69159979
2856.0 0.70385122
2860.0 0.72096479
2864.0 0.70703149
2868.0 0.72200269
2872.0 0.70091099
2876.0 0.70216930
2880.0 0.69138378
2884.0 0.69990236
2888.0 0.70362091
2892.0 0.68939549
2896.0 0.70809937
2900.0 0.69578725
2904.0 0.68922853
2908.0 0.69489104
2912.0 0.67946422
2916.0 0.68652487
2920.0 0.68068063
2924.0 0.68481714
2928.0 0.68894762
2932.0 0.67933238
2936.0 0.67312938
2940.0 0.67086828
2944.0 0.66740590
2948.0 0.66298795
2952.0 0.66306198
2956.0 0.67195570
2960.0 0.67060757
2964.0 0.66960001
2968.0 0.65642101
2972.0 0.65854239
2976.0 0.68586743
2980.0 0.77269053
2984.0 0.80228931
2988.0 0.67770737
2992.0 0.65337092
2996.0 0.65292174
3000.0 0.64484966
3004.0 0.66767746
3008.0 0.64869964
3012.0 0.63415897
3016.0 0.63824695
3020.0 0.63073117
3024.0 0.62213171
3028.0 0.61531991
3032.0 0.60744131
3036.0 0.57418638
3040.0 0.58323932
3044.0 0.57205200
3048.0 0.59677261
3052.0 0.59508044
3056.0 0.58845013
3060.0 0.58234674
3064.0 0.57780129
3068.0 0.59232533
3072.0 0.57998174
3076.0 0.58943546
3080.0 0.59815872
3084.0 0.60778290
3088.0 0.63169003
3092.0 0.67963815
3096.0 0.70769334
3100.0 0.63578290
3104.0 0.59390384
3108.0 0.61493891
3112.0 0.61961651
3116.0 0.58706778
3120.0 0.57428950
3124.0 0.57491142
3128.0 0.56459910
3132.0 0.56104821
3136.0 0.55042660
3140.0 0.53429127
3144.0 0.51643986
3148.0 0.51265258
3152.0 0.52805895
3156.0 0.54361480
3160.0 0.54498011
3164.0 0.55087245
3168.0 0.56424904
3172.0 0.56451535
3176.0 0.56083661
3180.0 0.54196733
3184.0 0.54405719
3188.0 0.54103410
3192.0 0.51840824
3196.0 0.52484286
3200.0 0.50707507
3204.0 0.50692767
3208.0 0.49798152
3212.0 0.50865430
3216.0 0.51495045
3220.0 0.50540411
3224.0 0.48936799
3228.0 0.48868284
3232.0 0.48625761
3236.0 0.48037374
3240.0 0.49481934
3244.0 0.48426357
3248.0 0.49654362
3252.0 0.50625408
3256.0 0.53693902
3260.0 0.52849591
3264.0 0.52522272
3268.0 0.54825723
3272.0 0.55575830
3276.0 0.57496756
3280.0 0.61121243
3284.0 0.59314579
3288.0 0.56333005
3292.0 0.56034768
3296.0 0.53513694
3300.0 0.52160525
3304.0 0.51602435
3308.0 0.50723875
3312.0 0.49017033
3316.0 0.47117594
3320.0 0.46555838
3324.0 0.46760231
3328.0 0.48040169
3332.0 0.47641072
3336.0 0.47318414
3340.0 0.48347124
3344.0 0.46665075
3348.0 0.46062273
3352.0 0.46896887
3356.0 0.45810217
3360.0 0.45303130
3364.0 0.45218882
3368.0 0.45134872
3372.0 0.45327660
3376.0 0.45688492
3380.0 0.45465860
3384.0 0.45282978
3388.0 0.47800061
3392.0 0.47498024
3396.0 0.48207191
3400.0 0.47333816
3404.0 0.46179852
3408.0 0.45427305
3412.0 0.47449479
3416.0 0.47406176
3420.0 0.47053799
3424.0 0.49214491
3428.0 0.47894338
3432.0 0.49429193
3436.0 0.52104986
3440.0 0.51190966
3444.0 0.52224642
3448.0 0.53167671
3452.0 0.55329114
3456.0 0.58821952
3460.0 0.59455794
3464.0 0.62730896
3468.0 0.67881745
3472.0 0.70379531
3476.0 0.70661896
3480.0 0.65688306
3484.0 0.64500016
3488.0 0.63838518
3492.0 0.60726285
3496.0 0.57964557
3500.0 0.53072190
3504.0 0.51952738
3508.0 0.49873373
3512.0 0.48854876
3516.0 0.50081766
3520.0 0.48704669
3524.0 0.47865066
3528.0 0.47902802
3532.0 0.46772671
3536.0 0.46432203
3540.0 0.46180031
3544.0 0.43319502
3548.0 0.44791836
3552.0 0.44551957
3556.0 0.45677122
3560.0 0.44676828
3564.0 0.44471446
3568.0 0.46463966
3572.0 0.47124964
3576.0 0.48892471
3580.0 0.48173547
3584.0 0.47795784
3588.0 0.45992300
3592.0 0.48513591
3596.0 0.48610529
3600.0 0.48898736
3604.0 0.48536831
3608.0 0.50352067
3612.0 0.52484435
3616.0 0.52094966
3620.0 0.49947327
3624.0 0.48755100
3628.0 0.47562632
3632.0 0.47882533
3636.0 0.51394331
3640.0 0.49985826
3644.0 0.49364161
3648.0 0.51264924
3652.0 0.50822204
3656.0 0.47054142
3660.0 0.49578232
3664.0 0.51535726
3668.0 0.49307021
3672.0 0.48354265
3676.0 0.49105427
3680.0 0.47260058
3684.0 0.46148074
3688.0 0.46286657
3692.0 0.47748867
3696.0 0.49468574
3700.0 0.49425566
3704.0 0.48424932
3708.0 0.49013871
3712.0 0.47539809
3716.0 0.48316097
3720.0 0.46841547
3724.0 0.49282405
3728.0 0.46370801
3732.0 0.47861788
3736.0 0.45854908
3740.0 0.46269569
3744.0 0.46614304
3748.0 0.48134699
3752.0 0.43888789
3756.0 0.43780977
3760.0 0.41148770
3764.0 0.40616250
3768.0 0.40035477
3772.0 0.41001162
3776.0 0.40853894
3780.0 0.40718725
3784.0 0.39975390
3788.0 0.40568170
3792.0 0.40972024
3796.0 0.40098566
3800.0 0.38740706
3804.0 0.39072874
3808.0 0.39218846
3812.0 0.39001223
3816.0 0.39595434
3820.0 0.40084937
3824.0 0.40794030
3828.0 0.40626153
3832.0 0.40292916
3836.0 0.41063303
3840.0 0.42227507
3844.0 0.42240611
3848.0 0.42614251
3852.0 0.44194975
3856.0 0.46784347
3860.0 0.46987230
3864.0 0.50486088
3868.0 0.50934815
3872.0 0.52620620
3876.0 0.56533200
3880.0 0.58840871
3884.0 0.65809423
3888.0 0.71759522
3892.0 0.69468892
3896.0 0.64777601
3900.0 0.60135466
3904.0 0.56867802
3908.0 0.54023367
3912.0 0.50440305
3916.0 0.49524525
3920.0 0.49018100
3924.0 0.47296843
3928.0 0.44645596
3932.0 0.45963117
3936.0 0.44450009
3940.0 0.43754676
3944.0 0.43002385
3948.0 0.41832057
3952.0 0.41362855
3956.0 0.42425328
3960.0 0.42421046
3964.0 0.50041056
3968.0 0.54685408
3972.0 0.45697108
3976.0 0.40572760
3980.0 0.39486626
3984.0 0.39143151
3988.0 0.38168806
3992.0 0.40638489
3996.0 0.44383264
4000.0 0.53920132
4004.0 0.75941396
4008.0 0.75741947
4012.0 0.50917459
4016.0 0.42851153
4020.0 0.40272680
4024.0 0.39154488
4028.0 0.38219267
4032.0 0.37473655
4036.0 0.37486342
4040.0 0.37209460
4044.0 0.37250495
4048.0 0.37188208
4052.0 0.36569706
4056.0 0.36151621
4060.0 0.36139622
4064.0 0.34746629
4068.0 0.34021449
4072.0 0.35505393
4076.0 0.35175228
4080.0 0.35601208
4084.0 0.34155470
4088.0 0.34423661
4092.0 0.33932686
4096.0 0.35106304
4100.0 0.34478983
4104.0 0.33580667
4108.0 0.34340104
4112.0 0.34115684
4116.0 0.35144433
4120.0 0.35316291
4124.0 0.36720514
4128.0 0.37503460
4132.0 0.36964515
4136.0 0.35885495
4140.0 0.37453309
4144.0 0.35893330
4148.0 0.34993297
4152.0 0.35053134
4156.0 0.37020373
4160.0 0.36317986
4164.0 0.34395552
4168.0 0.34836864
4172.0 0.35147381
4176.0 0.35727501
4180.0 0.35138136
4184.0 0.35461691
4188.0 0.35312611
4192.0 0.35497174
4196.0 0.34192064
4200.0 0.34761739
4204.0 0.35880178
4208.0 0.34146035
4212.0 0.35100970
4216.0 0.35232812
4220.0 0.34964648
4224.0 0.35004923
4228.0 0.35247421
4232.0 0.35007650
4236.0 0.36343661
4240.0 0.34684861
4244.0 0.33945796
4248.0 0.37109977
4252.0 0.34630877
4256.0 0.36231628
4260.0 0.35306251
4264.0 0.34245199
4268.0 0.33750731
4272.0 0.33357698
4276.0 0.34347236
4280.0 0.32542333
4284.0 0.32820541
4288.0 0.33145210
4292.0 0.32776648
4296.0 0.31228554
4300.0 0.31791693
4304.0 0.32548770
4308.0 0.32470256
4312.0 0.31473473
4316.0 0.31579721
4320.0 0.31304616
4324.0 0.30689356
4328.0 0.31292379
4332.0 0.31918997
4336.0 0.31694397
4340.0 0.30911180
4344.0 0.30452436
4348.0 0.29988861
4352.0 0.31019661
4356.0 0.29898971
4360.0 0.31909740
4364.0 0.30068189
4368.0 0.30195665
4372.0 0.29720423
4376.0 0.29676041
4380.0 0.29631761
4384.0 0.29587579
4388.0 0.30255380
4392.0 0.30377471
4396.0 0.31066218
4400.0 0.30298695
4404.0 0.30379575
4408.0 0.29324609
4412.0 0.29281121
4416.0 0.30105385
4420.0 0.30986491
4424.0 0.30453366
4428.0 0.29701161
4432.0 0.30860469
4436.0 0.31345481
4440.0 0.29764104
4444.0 0.30092165
4448.0 0.28894198
4452.0 0.28851688
4456.0 0.29423371
4460.0 0.28929964
4464.0 0.31617731
4468.0 0.30175993
4472.0 0.29345018
4476.0 0.32754311
4480.0 0.32310525
4484.0 0.30843565
4488.0 0.30272463
4492.0 0.28893861
4496.0 0.28847083
4500.0 0.28348967
4504.0 0.29269597
4508.0 0.28266487
4512.0 0.28397003
4516.0 0.28184375
4520.0 0.28407121
4524.0 0.28102621
4528.0 0.28252169
4532.0 0.28141931
4536.0 0.27980670
4540.0 0.28948408
4544.0 0.28513858
4548.0 0.27859551
4552.0 0.27819347
4556.0 0.27779242
4560.0 0.27739218
4564.0 0.27699283
4568.0 0.27659443
4572.0 0.27619684
4576.0 0.28182673
4580.0 0.27540430
4584.0 0.27580765
4588.0 0.27461526
4592.0 0.27580544
4596.0 0.27392170
4600.0 0.27343807
4604.0 0.27604491
4608.0 0.27984983
4612.0 0.28114179
4616.0 0.27847943
4620.0 0.27796340
4624.0 0.27712137
4628.0 0.27325794
4632.0 0.27547014
4636.0 0.27362919
4640.0 0.27306175
4644.0 0.27910161
4648.0 0.29128784
4652.0 0.27695769
4656.0 0.28652284
4660.0 0.28094414
4664.0 0.28959069
4668.0 0.28276467
4672.0 0.29189959
4676.0 0.28720182
4680.0 0.28847134
4684.0 0.29682168
4688.0 0.28958586
4692.0 0.29508016
4696.0 0.30477509
4700.0 0.32810375
4704.0 0.32055846
4708.0 0.31433341
4712.0 0.31600302
4716.0 0.28811395
4720.0 0.28325191
4724.0 0.29640594
4728.0 0.29112786
4732.0 0.28096125
4736.0 0.28245363
4740.0 0.28397521
4744.0 0.28431493
4748.0 0.27927703
4752.0 0.28475749
4756.0 0.29058045
4760.0 0.27267247
4764.0 0.27555585
4768.0 0.27363169
4772.0 0.28238124
4776.0 0.26637068
4780.0 0.26920140
4784.0 0.26844475
4788.0 0.26745963
4792.0 0.26935908
4796.0 0.26880190
4800.0 0.26812240
4804.0 0.27052981
4808.0 0.26613539
4812.0 0.26389816
4816.0 0.25924882
4820.0 0.25901845
4824.0 0.25477791
4828.0 0.25970960
4832.0 0.26025406
4836.0 0.26323378
4840.0 0.26534939
4844.0 0.25522378
4848.0 0.26069281
4852.0 0.26850569
4856.0 0.26535901
4860.0 0.26798889
4864.0 0.27286229
4868.0 0.26837763
4872.0 0.27035308
4876.0 0.26499474
4880.0 0.27829972
4884.0 0.25588199
4888.0 0.24736224
4892.0 0.25110117
4896.0 0.24773672
4900.0 0.24906670
4904.0 0.24940452
4908.0 0.25429472
4912.0 0.25898856
4916.0 0.24722028
4920.0 0.25416231
4924.0 0.26102898
4928.0 0.25140375
4932.0 0.24720150
4936.0 0.24339044
4940.0 0.24306394
4944.0 0.24408574
4948.0 0.25848666
4952.0 0.24626797
4956.0 0.24771266
4960.0 0.24144150
4964.0 0.24204001
4968.0 0.24182446
4972.0 0.24574953
4976.0 0.24326254
4980.0 0.24880281
4984.0 0.24963032
4988.0 0.24395731
4992.0 0.24227248
4996.0 0.24190249
5000.0 0.24887256
5004.0 0.24731186
5008.0 0.24208505
5012.0 0.24032141
5016.0 0.23846430
5020.0 0.23730788
5024.0 0.23926750
5028.0 0.24135238
5032.0 0.24931984
5036.0 0.25274050
5040.0 0.25751635
5044.0 0.26569748
5048.0 0.25506932
5052.0 0.24256510
5056.0 0.24335259
5060.0 0.24083488
5064.0 0.23707502
5068.0 0.24076879
5072.0 0.24792884
5076.0 0.25053328
5080.0 0.24273279
5084.0 0.24462067
5088.0 0.24827623
5092.0 0.25275618
5096.0 0.25658682
5100.0 0.24394041
5104.0 0.24635248
5108.0 0.25092074
5112.0 0.25166702
5116.0 0.24631302
5120.0 0.24587202
5124.0 0.24951915
5128.0 0.24928708
5132.0 0.24656682
5136.0 0.25261861
5140.0 0.25002843
5144.0 0.25355458
5148.0 0.25961944
5152.0 0.25598928
5156.0 0.26343769
5160.0 0.25921360
5164.0 0.27681267
5168.0 0.27885437
5172.0 0.28614816
5176.0 0.29419520
5180.0 0.29299513
5184.0 0.29897326
5188.0 0.31573564
5192.0 0.31747827
5196.0 0.33129960
5200.0 0.34659263
5204.0 0.36785182
5208.0 0.39246783
5212.0 0.42217255
5216.0 0.46309358
5220.0 0.51420790
5224.0 0.57676840
5228.0 0.65048140
5232.0 0.76262170
5236.0 0.89599645
5240.0 1.0639846
5244.0 1.2333820
5248.0 1.4507730
5252.0 1.4908735
5256.0 1.2749087
5260.0 1.0610774
5264.0 0.96532154
5268.0 0.90916812
5272.0 0.78729087
5276.0 0.66414684
5280.0 0.59829736
5284.0 0.54570413
5288.0 0.49761942
5292.0 0.46097633
5296.0 0.43855655
5300.0 0.41059619
5304.0 0.38227347
5308.0 0.35874033
5312.0 0.33510244
5316.0 0.31489146
5320.0 0.30849141
5324.0 0.30214000
5328.0 0.28693387
5332.0 0.28506857
5336.0 0.27970788
5340.0 0.28001148
5344.0 0.28493047
5348.0 0.28411826
5352.0 0.27818835
5356.0 0.26915342
5360.0 0.28258079
5364.0 0.28982717
5368.0 0.29571486
5372.0 0.32563469
5376.0 0.32393259
5380.0 0.30197179
5384.0 0.30499601
5388.0 0.30866304
5392.0 0.29977849
5396.0 0.27664518
5400.0 0.25412798
5404.0 0.25161970
5408.0 0.24523419
5412.0 0.23777990
5416.0 0.23628004
5420.0 0.22968091
5424.0 0.21955240
5428.0 0.21832171
5432.0 0.21938187
5436.0 0.21898548
5440.0 0.20876718
5444.0 0.20680320
5448.0 0.20655072
5452.0 0.21315290
5456.0 0.22153291
5460.0 0.21274677
5464.0 0.20964134
5468.0 0.20901597
5472.0 0.20504254
5476.0 0.20479298
5480.0 0.20454390
5484.0 0.21834067
5488.0 0.21001065
5492.0 0.21149658
5496.0 0.20355238
5500.0 0.20330566
5504.0 0.20699424
5508.0 0.21361262
5512.0 0.21193090
5516.0 0.20692848
5520.0 0.20899908
5524.0 0.20917033
5528.0 0.20759918
5532.0 0.20134935
5536.0 0.20110691
5540.0 0.20086494
5544.0 0.20248176
5548.0 0.20038244
5552.0 0.20014188
5556.0 0.19990180
5560.0 0.20461233
5564.0 0.19942302
5568.0 0.19918430
5572.0 0.19894606
5576.0 0.20166834
5580.0 0.19847089
5584.0 0.19823404
5588.0 0.19799761
5592.0 0.19776164
5596.0 0.20308608
5600.0 0.19847584
5604.0 0.20940135
5608.0 0.19831181
5612.0 0.19829173
5616.0 0.19635534
5620.0 0.19612251
5624.0 0.21010610
5628.0 0.21798731
5632.0 0.21040574
5636.0 0.22603372
5640.0 0.20898229
5644.0 0.23513460
5648.0 0.22132684
5652.0 0.20449606
5656.0 0.22757410
5660.0 0.21198447
5664.0 0.20672752
5668.0 0.20843829
5672.0 0.20183675
5676.0 0.19897100
5680.0 0.19268326
5684.0 0.19245745
5688.0 0.19520673
5692.0 0.20251049
5696.0 0.19178264
5700.0 0.19155858
5704.0 0.19133493
5708.0 0.19111171
5712.0 0.21016921
5716.0 0.19521022
5720.0 0.19044457
5724.0 0.19022307
5728.0 0.19341740
5732.0 0.19209582
5736.0 0.18956095
5740.0 0.18934117
5744.0 0.19469891
5748.0 0.20072266
5752.0 0.21182494
5756.0 0.18846589
5760.0 0.20849213
5764.0 0.18857409
5768.0 0.19743986
5772.0 0.18759726
5776.0 0.20027840
5780.0 0.19499767
5784.0 0.19458498
5788.0 0.19843267
5792.0 0.20766774
5796.0 0.19782521
5800.0 0.18609302
5804.0 0.19861452
5808.0 0.21986225
5812.0 0.18545440
5816.0 0.18524235
5820.0 0.18556252
5824.0 0.18481940
5828.0 0.18460856
5832.0 0.18439807
5836.0 0.20243405
5840.0 0.19717540
5844.0 0.18376908
5848.0 0.18356021
5852.0 0.19338614
5856.0 0.20692809
5860.0 0.18293591
5864.0 0.18445109
5868.0 0.22543390
5872.0 0.19384719
5876.0 0.19215490
5880.0 0.18190327
5884.0 0.20667897
5888.0 0.22086880
5892.0 0.21096453
5896.0 0.23201990
5900.0 0.22712390
5904.0 0.23933797
5908.0 0.20800480
5912.0 0.21580683
5916.0 0.26575342
5920.0 0.23832932
5924.0 0.22869202
5928.0 0.20697568
5932.0 0.19998987
5936.0 0.24718158
5940.0 0.23574938
5944.0 0.22804552
5948.0 0.21238397
5952.0 0.19001189
5956.0 0.21471089
5960.0 0.17786874
5964.0 0.17767096
5968.0 0.17747355
5972.0 0.17727655
5976.0 0.17707992
5980.0 0.17688361
5984.0 0.17668775
5988.0 0.17649215
5992.0 0.17629698
5996.0 0.17610215
6000.0 0.17590772
