300.0 0.0
340.0 0.0000000
343.4 0.0000000
346.8 0.0000000
350.2 0.0000000
353.6 0.0000000
357.0 0.0000000
360.4 0.0000000
363.8 0.0000000
367.2 0.0000000
370.6 0.0000000
374.0 0.0000000
377.4 0.0000000
380.8 0.0000000
384.2 0.0000000
387.6 0.0000000
391.0 0.0000000
394.4 0.0000000
397.8 0.0000000
401.2 0.0000000
404.6 0.0000000
408.0 0.0000000
411.4 0.0000000
414.8 0.0000000
418.2 0.0000000
421.6 0.0000000
425.0 0.0000000
428.4 0.0000000
431.8 0.0000000
435.2 0.0000000
438.6 0.0000000
442.0 0.0000000
445.4 0.0000000
448.8 0.0000000
452.2 0.0000000
455.6 0.0000000
459.0 0.0000000
462.4 0.0000000
465.8 0.0000000
469.2 0.0000000
472.6 0.0000000
476.0 0.0000000
479.4 0.0000000
482.8 0.0000000
486.2 0.0000000
489.6 0.0000000
493.0 0.0000000
496.4 0.0000000
499.8 0.0000000
503.2 0.0000000
506.6 0.0000000
510.0 0.0000000
513.4 0.0000000
516.8 0.0000000
520.2 0.0000000
523.6 0.0000000
527.0 0.0000000
530.4 0.0000000
533.8 0.0000000
537.2 0.0000000
540.6 0.0000000
544.0 0.0000000
547.4 0.0000000
550.8 0.0000000
554.2 0.0000000
557.6 0.0000000
561.0 0.0000000
564.4 0.0000000
567.8 0.0000000
571.2 0.0000000
574.6 0.0000000
578.0 0.0000000
581.4 0.0000000
584.8 0.0000000
588.2 0.0000000
591.6 0.0000000
595.0 0.0000000
598.4 0.0000000
601.8 0.0000000
605.2 0.0000000
608.6 0.0000000
612.0 0.0000000
615.4 0.0000000
618.8 0.0000000
622.2 9.87618938E-02
625.6 9.37858894E-02
629.0 8.89310390E-02
632.4 8.38621855E-02
635.8 7.85149932E-02
639.2 7.31955692E-02
642.6 6.81632906E-02
646.0 6.33970052E-02
649.4 5.88531941E-02
652.8 5.45285754E-02
656.2 5.04160002E-02
659.6 4.65934165E-02
663.0 0.10457194
666.4 9.91415977E-02
669.8 9.28998888E-02
673.2 8.63112956E-02
676.6 7.99485669E-02
680.0 8.12296569E-02
683.4 7.86973611E-02
686.8 7.25642666E-02
690.2 7.19410852E-02
693.6 7.26902410E-02
697.0 7.44718537E-02
700.4 0.38017839
703.8 0.38331109
707.2 0.32176146
710.6 0.26576290
714.0 0.24721311
717.4 0.23843117
720.8 0.23691770
724.2 0.23852728
727.6 0.23023501
731.0 0.20596774
734.4 0.20589498
737.8 0.18239254
741.2 0.16435277
744.6 0.15055645
748.0 0.14370362
751.4 0.14450361
754.8 0.13727438
758.2 0.13870457
761.6 0.14147498
765.0 0.13621587
768.4 0.12027215
771.8 0.11532892
775.2 0.10415449
778.6 0.10396659
782.0 0.10214002
785.4 9.75742266E-02
788.8 9.51713026E-02
792.2 9.45169181E-02
795.6 9.31033269E-02
799.0 9.43171158E-02
802.4 9.19767320E-02
805.8 9.08476412E-02
809.2 9.11654532E-02
812.6 9.44254473E-02
816.0 0.10029751
819.4 0.11180427
822.8 0.12898691
826.2 0.16246071
829.6 3.4567573
833.0 2.7968452
836.4 2.6095653
839.8 2.6093650
843.2 2.4451869
846.6 1.9581673
850.0 1.6912496
853.4 1.5910240
856.8 1.5230510
860.2 1.4245996
863.6 1.3012319
867.0 1.2194772
870.4 1.1916964
873.8 1.1951938
877.2 1.2148767
880.6 1.2234311
884.0 1.3162756
887.4 1.3372581
890.8 1.2800912
894.2 1.1667681
897.6 1.1745981
901.0 1.1642216
904.4 1.1923884
907.8 1.2131650
911.2 1.1986017
914.6 1.1557409
918.0 1.1406188
921.4 1.1770862
924.8 1.1700140
928.2 1.1897643
931.6 1.1746148
935.0 1.2023036
938.4 1.2712749
941.8 1.3428426
945.2 1.4417231
948.6 1.4686199
952.0 1.4897709
955.4 1.3550111
958.8 1.2654128
962.2 1.1988893
965.6 1.1700534
969.0 1.1650424
972.4 1.1126070
975.8 1.0987134
979.2 1.0923493
982.6 1.0844163
986.0 1.1040487
989.4 1.0936183
992.8 1.0704910
996.2 1.1027579
999.6 1.0838490
1003.0 1.1008955
1006.4 1.1273582
1009.8 1.1441351
1013.2 1.1721002
1016.6 1.1705019
1020.0 1.2077179
1023.4 1.2345630
1026.8 1.2646810
1030.2 1.3125626
1033.6 1.4104686
1037.0 1.5415139
1040.4 1.6918421
1043.8 1.8827808
1047.2 2.1199560
1050.6 2.2602751
1054.0 2.0515130
1057.4 1.7402383
1060.8 1.5037193
1064.2 1.3800679
1067.6 1.3177381
1071.0 1.2818743
1074.4 1.2210187
1077.8 1.2164074
1081.2 1.1795324
1084.6 1.2024035
1088.0 1.2052387
1091.4 1.2005997
1094.8 1.2132599
1098.2 1.1976275
1101.6 1.2152033
1105.0 1.2315214
1108.4 1.2329590
1111.8 1.2588714
1115.2 1.2096868
1118.6 1.2008718
1122.0 1.1846890
1125.4 1.2034967
1128.8 1.2083184
1132.2 1.1905242
1135.6 1.1297492
1139.0 1.0927939
1142.4 1.0769624
1145.8 1.0566671
1149.2 1.0579621
1152.6 1.0546799
1156.0 1.0522461
1159.4 1.0684048
1162.8 1.0646269
1166.2 1.0812752
1169.6 1.0858670
1173.0 1.0834663
1176.4 1.0706031
1179.8 1.0837384
1183.2 1.0881703
1186.6 1.1172218
1190.0 1.0988655
1193.4 1.0807959
1196.8 1.0329059
1200.2 1.0481066
1203.6 1.0526052
1207.0 1.0383451
1210.4 1.0731992
1213.8 1.0831546
1217.2 1.0544554
1220.6 1.0362831
1224.0 1.0374584
1227.4 1.0372772
1230.8 1.0366234
1234.2 1.0496354
1237.6 1.0311238
1241.0 1.0277051
1244.4 1.0406924
1247.8 1.0393664
1251.2 1.0649600
1254.6 1.0602350
1258.0 1.1286422
1261.4 1.1246396
1264.8 1.1359671
1268.2 1.1186607
1271.6 1.1210002
1275.0 1.1312113
1278.4 1.1814278
1281.8 1.2711016
1285.2 1.3525442
1288.6 1.4188811
1292.0 1.4441575
1295.4 1.5199158
1298.8 1.4535205
1302.2 1.3289349
1305.6 1.2155107
1309.0 1.1401913
1312.4 1.1049286
1315.8 1.0690449
1319.2 1.0353205
1322.6 1.0094507
1326.0 1.0020128
1329.4 0.96419364
1332.8 0.94890684
1336.2 0.94128543
1339.6 0.95028907
1343.0 0.95417494
1346.4 0.93204170
1349.8 0.93571192
1353.2 0.94050694
1356.6 0.94820940
1360.0 0.92457098
1363.4 0.93450230
1366.8 0.95615798
1370.2 0.90427047
1373.6 0.92805672
1377.0 0.93387437
1380.4 0.92721021
1383.8 0.93499535
1387.2 0.92006278
1390.6 0.90776074
1394.0 0.93285686
1397.4 0.97046226
1400.8 0.95113558
1404.2 0.97492319
1407.6 0.96662372
1411.0 0.96912175
1414.4 0.96356940
1417.8 0.97586650
1421.2 0.97297317
1424.6 0.97043347
1428.0 0.93940198
1431.4 0.92412835
1434.8 0.93608576
1438.2 0.94938058
1441.6 0.90921956
1445.0 0.95309788
1448.4 0.91993093
1451.8 0.94188398
1455.2 0.93325210
1458.6 0.95220584
1462.0 0.90720284
1465.4 0.92058492
1468.8 0.91966474
1472.2 0.93568224
1475.6 0.88932794
1479.0 0.89969617
1482.4 0.91675729
1485.8 0.87596679
1489.2 0.89219540
1492.6 0.86516786
1496.0 0.84101033
1499.4 0.83990061
1502.8 0.83879012
1506.2 0.84405899
1509.6 0.84893769
1513.0 0.84994775
1516.4 0.83783072
1519.8 0.83322382
1523.2 0.83210778
1526.6 0.83099163
1530.0 0.84109706
1533.4 0.83932096
1536.8 0.85128248
1540.2 0.85600960
1543.6 0.85526210
1547.0 0.86107045
1550.4 0.86858273
1553.8 0.88386452
1557.2 0.90323430
1560.6 0.89575827
1564.0 0.91896063
1567.4 0.92903137
1570.8 0.93635154
1574.2 0.94105560
1577.6 0.94725484
1581.0 0.95865148
1584.4 0.96301031
1587.8 0.94950104
1591.2 0.94062793
1594.6 0.91908079
1598.0 0.91628206
1601.4 0.89810252
1604.8 0.91070390
1608.2 0.89900362
1611.6 0.89270490
1615.0 0.89467210
1618.4 0.88863879
1621.8 0.89021391
1625.2 0.89165401
1628.6 0.90135735
1632.0 0.92192745
1635.4 0.90727335
1638.8 0.93934679
1642.2 0.96196312
1645.6 0.98985863
1649.0 0.98632008
1652.4 0.95772648
1655.8 0.95233840
1659.2 0.95477390
1662.6 0.93250126
1666.0 0.91456461
1669.4 0.90881932
1672.8 0.90471512
1676.2 0.92146987
1679.6 0.93964630
1683.0 0.94279104
1686.4 0.93612063
1689.8 0.93793815
1693.2 0.93150657
1696.6 0.93568563
1700.0 0.92564160
1703.4 0.92127836
1706.8 0.92183912
1710.2 0.91709030
1713.6 0.90502673
1717.0 0.89148080
1720.4 0.89933842
1723.8 0.90185851
1727.2 0.90179908
1730.6 0.89263320
1734.0 0.88526112
1737.4 0.88250750
1740.8 0.87769306
1744.2 0.87387133
1747.6 0.86597675
1751.0 0.85390353
1754.4 0.85783118
1757.8 0.85751569
1761.2 0.84764969
1764.6 0.82510644
1768.0 0.84594071
1771.4 0.84932113
1774.8 0.84379542
1778.2 0.84340310
1781.6 0.85028899
1785.0 0.83422297
1788.4 0.83415699
1791.8 0.81752717
1795.2 0.80438751
1798.6 0.77262825
1802.0 0.76874775
1805.4 0.76714265
1808.8 0.75932246
1812.2 0.77964330
1815.6 0.79068387
1819.0 0.79207164
1822.4 0.77478343
1825.8 0.78239238
1829.2 0.78551668
1832.6 0.79578227
1836.0 0.79559630
1839.4 0.81371218
1842.8 0.83703828
1846.2 0.84408075
1849.6 0.83295202
1853.0 0.85815090
1856.4 0.86927736
1859.8 0.86812931
1863.2 0.87229902
1866.6 0.90728778
1870.0 0.92923576
1873.4 0.92411560
1876.8 0.94138038
1880.2 0.91964602
1883.6 0.94233948
1887.0 0.97430289
1890.4 1.0551463
1893.8 1.1498740
1897.2 1.2972533
1900.6 1.4474529
1904.0 1.4932086
1907.4 1.4168559
1910.8 1.2545205
1914.2 1.1157478
1917.6 1.0294950
1921.0 0.98670578
1924.4 0.95294118
1927.8 0.92675751
1931.2 0.90609473
1934.6 0.88627815
1938.0 0.87972593
1941.4 0.86165047
1944.8 0.84595793
1948.2 0.82807040
1951.6 0.81784809
1955.0 0.81507766
1958.4 0.79146832
1961.8 0.79271358
1965.2 0.77273822
1968.6 0.76742691
1972.0 0.76630676
1975.4 0.73443669
1978.8 0.74518871
1982.2 0.74444318
1985.6 0.75510573
1989.0 0.77555823
1992.4 0.78256476
1995.8 0.78498405
1999.2 0.78409714
2002.6 0.78929716
2006.0 0.77828658
2009.4 0.77997118
2012.8 0.79007137
2016.2 0.77817923
2019.6 0.78058404
2023.0 0.76634556
2026.4 0.77074134
2029.8 0.75194937
2033.2 0.73909628
2036.6 0.72564799
2040.0 0.71887785
2043.4 0.70145857
2046.8 0.69418585
2050.2 0.67501855
2053.6 0.66181928
2057.0 0.65897983
2060.4 0.66505533
2063.8 0.65622449
2067.2 0.67008919
2070.6 0.67343873
2074.0 0.67540914
2077.4 0.67517126
2080.8 0.67559355
2084.2 0.68883383
2087.6 0.68154693
2091.0 0.69484669
2094.4 0.69392610
2097.8 0.69103324
2101.2 0.68336052
2104.6 0.69016778
2108.0 0.68514979
2111.4 0.69959122
2114.8 0.71716964
2118.2 0.71893173
2121.6 0.74752265
2125.0 0.75340736
2128.4 0.75292665
2131.8 0.74245107
2135.2 0.74157995
2138.6 0.71411479
2142.0 0.72979379
2145.4 0.72246456
2148.8 0.72095430
2152.2 0.72981942
2155.6 0.74890488
2159.0 0.74947190
2162.4 0.75868905
2165.8 0.76325786
2169.2 0.76901501
2172.6 0.76130044
2176.0 0.76482081
2179.4 0.75327617
2182.8 0.76161152
2186.2 0.75204366
2189.6 0.72955263
2193.0 0.72969371
2196.4 0.73849612
2199.8 0.71888024
2203.2 0.71761680
2206.6 0.71799773
2210.0 0.71741199
2213.4 0.72863811
2216.8 0.72526777
2220.2 0.71281242
2223.6 0.71125257
2227.0 0.72540122
2230.4 0.72386390
2233.8 0.71875560
2237.2 0.73175216
2240.6 0.71088839
2244.0 0.70191777
2247.4 0.69234657
2250.8 0.68550980
2254.2 0.68019331
2257.6 0.66601473
2261.0 0.66321981
2264.4 0.67088014
2267.8 0.67668259
2271.2 0.68522078
2274.6 0.70643783
2278.0 0.68224436
2281.4 0.67258751
2284.8 0.66827303
2288.2 0.66494143
2291.6 0.65704823
2295.0 0.67247796
2298.4 0.66987479
2301.8 0.67446387
2305.2 0.66801506
2308.6 0.66992593
2312.0 0.67014772
2315.4 0.68532896
2318.8 0.68919510
2322.2 0.70070100
2325.6 0.72327429
2329.0 0.75253165
2332.4 0.71685350
2335.8 0.68942004
2339.2 0.69318068
2342.6 0.68235523
2346.0 0.65728110
2349.4 0.66446507
2352.8 0.66619992
2356.2 0.64751947
2359.6 0.64296466
2363.0 0.62851459
2366.4 0.61945450
2369.8 0.63591206
2373.2 0.63395196
2376.6 0.62481326
2380.0 0.63687742
2383.4 0.62074679
2386.8 0.61060411
2390.2 0.61018819
2393.6 0.59975809
2397.0 0.58966106
2400.4 0.57813853
2403.8 0.58525616
2407.2 0.58367693
2410.6 0.56665367
2414.0 0.57148474
2417.4 0.58053434
2420.8 0.58424097
2424.2 0.57304782
2427.6 0.58337575
2431.0 0.59774059
2434.4 0.58636522
2437.8 0.59896117
2441.2 0.58163780
2444.6 0.58285564
2448.0 0.57407367
2451.4 0.58131927
2454.8 0.58458054
2458.2 0.57293063
2461.6 0.58864778
2465.0 0.57858205
2468.4 0.57329583
2471.8 0.57817411
2475.2 0.56550276
2478.6 0.57154471
2482.0 0.56684273
2485.4 0.57045174
2488.8 0.57405722
2492.2 0.56620741
2495.6 0.56119740
2499.0 0.55947137
2502.4 0.55674207
2505.8 0.55321294
2509.2 0.55343091
2512.6 0.56101179
2516.0 0.56004328
2519.4 0.55935818
2522.8 0.54850191
2526.2 0.55042738
2529.6 0.57342547
2533.0 0.64619327
2536.4 0.67113125
2539.8 0.56707180
2543.2 0.54685795
2546.6 0.54663140
2550.0 0.54002041
2553.4 0.55928928
2556.8 0.54353940
2560.2 0.53149939
2563.6 0.53506970
2567.0 0.52891088
2570.4 0.52183950
2573.8 0.51626360
2577.2 0.50978893
2580.6 0.48200807
2584.0 0.48973742
2587.4 0.48047033
2590.8 0.50136536
2594.2 0.50007504
2597.6 0.49463266
2601.0 0.48963019
2604.4 0.48593479
2607.8 0.49827906
2611.2 0.48802170
2614.6 0.49610433
2618.0 0.50357610
2621.4 0.51180983
2624.8 0.53207809
2628.2 0.57261139
2631.6 0.59640038
2635.0 0.53593463
2638.4 0.50075936
2641.8 0.51862633
2645.2 0.52270299
2648.6 0.49536946
2652.0 0.48470852
2655.4 0.48535439
2658.8 0.47676727
2662.2 0.47388640
2665.6 0.46503007
2669.0 0.45150965
2672.4 0.43653145
2675.8 0.43343666
2679.2 0.44657186
2682.6 0.45983955
2686.0 0.46110669
2689.4 0.46620557
2692.8 0.47764185
2696.2 0.47798273
2699.6 0.47498235
2703.0 0.45911187
2706.4 0.46099281
2709.8 0.45854089
2713.2 0.43946958
2716.6 0.44503015
2720.0 0.43006635
2723.4 0.43004304
2726.8 0.42255333
2730.2 0.43171102
2733.6 0.43715736
2737.0 0.42915359
2740.4 0.41563371
2743.8 0.41514844
2747.2 0.41318405
2750.6 0.40827882
2754.0 0.42065358
2757.4 0.41177472
2760.8 0.42231351
2764.2 0.43067086
2767.6 0.45687896
2771.0 0.44979730
2774.4 0.44711310
2777.8 0.46682775
2781.2 0.47332165
2784.6 0.48979199
2788.0 0.52078456
2791.4 0.50550425
2794.8 0.48020136
2798.2 0.47776574
2801.6 0.45637202
2805.0 0.44493070
2808.4 0.44026765
2811.8 0.43286735
2815.2 0.41839367
2818.6 0.40226898
2822.0 0.39755991
2825.4 0.39939258
2828.8 0.41041440
2832.2 0.40709335
2835.6 0.40442386
2839.0 0.41330543
2842.4 0.39901224
2845.8 0.39394265
2849.2 0.40116665
2852.6 0.39195490
2856.0 0.38769895
2859.4 0.38706037
2862.8 0.38642341
2866.2 0.38815621
2869.6 0.39132869
2873.0 0.38950408
2876.4 0.38801879
2879.8 0.40967295
2883.2 0.40716949
2886.6 0.41333488
2890.0 0.40593097
2893.4 0.39611697
2896.8 0.38974246
2900.2 0.40717569
2903.6 0.40688807
2907.0 0.40394646
2910.4 0.42258224
2913.8 0.41133076
2917.2 0.42459923
2920.6 0.44767541
2924.0 0.43991169
2927.4 0.44888538
2930.8 0.45708326
2934.2 0.47576109
2937.6 0.50589675
2941.0 0.51145059
2944.4 0.53973162
2947.8 0.58416551
2951.2 0.60578108
2954.6 0.60833222
2958.0 0.56562626
2961.4 0.55550379
2964.8 0.54991502
2968.2 0.52320856
2971.6 0.49951181
2975.0 0.45744106
2978.4 0.44787964
2981.8 0.43003729
2985.2 0.42133698
2988.6 0.43200165
2992.0 0.42020407
2995.4 0.41303989
2998.8 0.41344497
3002.2 0.40376833
3005.6 0.40090588
3009.0 0.39880466
3012.4 0.37417272
3015.8 0.38696352
3019.2 0.38496405
3022.6 0.39476094
3026.0 0.38618881
3029.4 0.38448578
3032.8 0.40178782
3036.2 0.40757993
3039.6 0.42294592
3043.0 0.41680443
3046.4 0.41361284
3049.8 0.39807969
3053.2 0.41998005
3056.6 0.42089686
3060.0 0.42347026
3063.4 0.42041329
3066.8 0.43621626
3070.2 0.45477277
3073.6 0.45148033
3077.0 0.43294656
3080.4 0.42268893
3083.8 0.41242531
3087.2 0.41527417
3090.6 0.44581154
3094.0 0.43367162
3097.4 0.42835489
3100.8 0.44492829
3104.2 0.44116464
3107.6 0.40852845
3111.0 0.43051931
3114.4 0.44759682
3117.8 0.42831582
3121.2 0.42011356
3124.6 0.42671493
3128.0 0.41075119
3131.4 0.40115684
3134.8 0.40243185
3138.2 0.41521716
3141.6 0.43024626
3145.0 0.42994678
3148.4 0.42131534
3151.8 0.42651299
3155.2 0.41375718
3158.6 0.42058575
3162.0 0.40781996
3165.4 0.42914438
3168.8 0.40385944
3172.2 0.41691595
3175.6 0.39950225
3179.0 0.40318328
3182.4 0.40625593
3185.8 0.41957739
3189.2 0.38263133
3192.6 0.38175553
3196.0 0.35886368
3199.4 0.35427877
3202.8 0.34927118
3206.2 0.35775539
3209.6 0.35652962
3213.0 0.35540888
3216.4 0.34897846
3219.8 0.35421175
3223.2 0.35779676
3226.6 0.35022664
3230.0 0.33842236
3233.4 0.34137979
3236.8 0.34271103
3240.2 0.34086481
3243.6 0.34611431
3247.0 0.35044995
3250.4 0.35670698
3253.8 0.35529637
3257.2 0.35243875
3260.6 0.35923490
3264.0 0.36947891
3267.4 0.36965266
3270.8 0.37298185
3274.2 0.38687876
3277.6 0.40961087
3281.0 0.41145235
3284.4 0.44216064
3287.8 0.44616097
3291.2 0.46100020
3294.6 0.49535540
3298.0 0.51565653
3301.4 0.57681602
3304.8 0.62906647
3308.2 0.60908085
3311.6 0.56803727
3315.0 0.52741194
3318.4 0.49883029
3321.8 0.47395271
3325.2 0.44258627
3328.6 0.43461755
3332.0 0.43023917
3335.4 0.41519493
3338.8 0.39198077
3342.2 0.40360981
3345.6 0.39038223
3349.0 0.38433373
3352.4 0.37778288
3355.8 0.36755678
3359.2 0.36348888
3362.6 0.37288174
3366.0 0.37289998
3369.4 0.43994910
3372.8 0.48085290
3376.2 0.40187797
3379.6 0.35686553
3383.0 0.34736371
3386.4 0.34439310
3389.8 0.33587012
3393.2 0.35765502
3396.6 0.39066982
3400.0 0.47468480
3403.4 0.66864645
3406.8 0.66698778
3410.2 0.44844732
3413.6 0.37745953
3417.0 0.35479823
3420.4 0.34499705
3423.8 0.33680531
3427.2 0.33028227
3430.6 0.33044165
3434.0 0.32804805
3437.4 0.32845685
3440.8 0.32795456
3444.2 0.32254615
3447.6 0.31890401
3451.0 0.31884348
3454.4 0.30659723
3457.8 0.30024084
3461.2 0.31338096
3464.6 0.31051058
3468.0 0.31431511
3471.4 0.30159333
3474.8 0.30400401
3478.2 0.29970998
3481.6 0.31011915
3485.0 0.30462000
3488.4 0.29672456
3491.8 0.30347711
3495.2 0.30153552
3498.6 0.31067109
3502.0 0.31223330
3505.4 0.32469273
3508.8 0.33166116
3512.2 0.32693976
3515.6 0.31743947
3519.0 0.33135337
3522.4 0.31759524
3525.8 0.30967352
3529.2 0.31024504
3532.6 0.32770076
3536.0 0.32152668
3539.4 0.30454814
3542.8 0.30849707
3546.2 0.31128851
3549.6 0.31646881
3553.0 0.31128985
3556.4 0.31419805
3559.8 0.31291878
3563.2 0.31459597
3566.6 0.30306947
3570.0 0.30815962
3573.4 0.31811643
3576.8 0.30278122
3580.2 0.31128970
3583.6 0.31249988
3587.0 0.31016192
3590.4 0.31055972
3593.8 0.31275186
3597.2 0.31066471
3600.6 0.32256258
3604.0 0.30788001
3607.4 0.30135864
3610.8 0.32949156
3614.2 0.30751970
3617.6 0.32177556
3621.0 0.31359738
3624.4 0.30421183
3627.8 0.29985756
3631.2 0.29640341
3634.6 0.30523482
3638.0 0.28923184
3641.4 0.29174146
3644.8 0.29466465
3648.2 0.29142484
3651.6 0.27769530
3655.0 0.28273845
3658.4 0.28950775
3661.8 0.28884554
3665.2 0.28001338
3668.6 0.28099370
3672.0 0.27858043
3675.4 0.27313912
3678.8 0.27854055
3682.2 0.28415334
3685.6 0.28218871
3689.0 0.27524927
3692.4 0.27119768
3695.8 0.26710203
3699.2 0.27631688
3702.6 0.26636651
3706.0 0.28431490
3709.4 0.26793930
3712.8 0.26910791
3716.2 0.26490459
3719.6 0.26454100
3723.0 0.26417816
3726.4 0.26381603
3729.8 0.26980290
3733.2 0.27092412
3736.6 0.27709994
3740.0 0.27028623
3743.4 0.27104008
3746.8 0.26165906
3750.2 0.26130205
3753.6 0.26868957
3757.0 0.27658615
3760.4 0.27185959
3763.8 0.26517582
3767.2 0.27555871
3770.6 0.27992234
3774.0 0.26583144
3777.4 0.26879287
3780.8 0.25812238
3784.2 0.25777268
3787.6 0.26291090
3791.0 0.25853211
3794.4 0.28258404
3797.8 0.26972964
3801.2 0.26233220
3804.6 0.29284358
3808.0 0.28890911
3811.4 0.27582371
3814.8 0.27074754
3818.2 0.25844729
3821.6 0.25805831
3825.0 0.25363120
3828.4 0.26189759
3831.8 0.25295070
3835.2 0.25414744
3838.6 0.25227296
3842.0 0.25429541
3845.4 0.25159791
3848.8 0.25296521
3852.2 0.25200641
3855.6 0.25059041
3859.0 0.25928625
3862.4 0.25542256
3865.8 0.24958916
3869.2 0.24925667
3872.6 0.24892493
3876.0 0.24859379
3879.4 0.24826333
3882.8 0.24793358
3886.2 0.24760444
3889.6 0.25267926
3893.0 0.24694817
3896.4 0.24733688
3899.8 0.24629450
3903.2 0.24738890
3906.6 0.24572597
3910.0 0.24531877
3913.4 0.24768437
3916.8 0.25112557
3920.2 0.25231215
3923.6 0.24994977
3927.0 0.24951345
3930.4 0.24878432
3933.8 0.24534227
3937.2 0.24735492
3940.6 0.24572811
3944.0 0.24524470
3947.4 0.25069594
3950.8 0.26166970
3954.2 0.24882302
3957.6 0.25744373
3961.0 0.25245786
3964.4 0.26025513
3967.8 0.25414735
3971.2 0.26238534
3974.6 0.25818962
3978.0 0.25935805
3981.4 0.26689357
3984.8 0.26041445
3988.2 0.26538292
3991.6 0.27413061
3995.0 0.29514423
3998.4 0.28838673
4001.8 0.28281569
4005.2 0.28434721
4008.6 0.25927863
4012.0 0.25492939
4015.4 0.26679552
4018.8 0.26207152
4022.2 0.25294545
4025.6 0.25431499
4029.0 0.25571099
4032.4 0.25604296
4035.8 0.25153151
4039.2 0.25649348
4042.6 0.26176494
4046.0 0.24565761
4049.4 0.24828036
4052.8 0.24657144
4056.2 0.25448126
4059.6 0.24007663
4063.0 0.24265219
4066.4 0.24199431
4069.8 0.24113029
4073.2 0.24286692
4076.6 0.24238861
4080.0 0.24179983
4083.4 0.24399504
4086.8 0.24005535
4090.2 0.23806083
4093.6 0.23388968
4097.0 0.23370484
4100.4 0.22990124
4103.8 0.23437436
4107.2 0.23488864
4110.6 0.23760112
4114.0 0.23953404
4117.4 0.23041593
4120.8 0.23537621
4124.2 0.24245384
4127.6 0.23963563
4131.0 0.24203393
4134.4 0.24645905
4137.8 0.24243167
4141.2 0.24423958
4144.6 0.23942177
4148.0 0.25146681
4151.4 0.23123258
4154.8 0.22355488
4158.2 0.22695553
4161.6 0.22393589
4165.0 0.22515944
4168.4 0.22548619
4171.8 0.22992913
4175.2 0.23419529
4178.6 0.22357468
4182.0 0.22987434
4185.4 0.23610696
4188.8 0.22742203
4192.2 0.22364154
4195.6 0.22021425
4199.0 0.21993932
4202.4 0.22088446
4205.8 0.23393823
4209.2 0.22290061
4212.6 0.22422896
4216.0 0.21857253
4219.4 0.21913454
4222.8 0.21895953
4226.2 0.22253394
4229.6 0.22030210
4233.0 0.22534005
4236.4 0.22611023
4239.8 0.22099189
4243.2 0.21948566
4246.6 0.21917039
4250.0 0.22550593
4253.4 0.22411209
4256.8 0.21939546
4260.2 0.21781678
4263.6 0.21615304
4267.0 0.21512419
4270.4 0.21692014
4273.8 0.21882989
4277.2 0.22607410
4280.6 0.22919631
4284.0 0.23354812
4287.4 0.24098924
4290.8 0.23137002
4294.2 0.22004713
4297.6 0.22078109
4301.0 0.21851625
4304.4 0.21512382
4307.8 0.21849483
4311.2 0.22501233
4314.6 0.22739601
4318.0 0.22033525
4321.4 0.22206837
4324.8 0.22540663
4328.2 0.22949393
4331.6 0.23299234
4335.0 0.22152810
4338.4 0.22373798
4341.8 0.22790666
4345.2 0.22860430
4348.6 0.22376025
4352.0 0.22337890
4355.4 0.22671190
4358.8 0.22652052
4362.2 0.22406794
4365.6 0.22958720
4369.0 0.22725259
4372.4 0.23047721
4375.8 0.23601021
4379.2 0.23272996
4382.6 0.23952197
4386.0 0.23570134
4389.4 0.25172538
4392.8 0.25360349
4396.2 0.26025879
4399.6 0.26760033
4403.0 0.26653114
4406.4 0.27199215
4409.8 0.28726590
4413.2 0.28887558
4416.6 0.30147690
4420.0 0.31541961
4423.4 0.33479461
4426.8 0.35722816
4430.2 0.38429767
4433.6 0.42158240
4437.0 0.46815366
4440.4 0.52515435
4443.8 0.59231979
4447.2 0.69449043
4450.6 0.81601691
4454.0 0.96908939
4457.4 1.1234705
4460.8 1.3215970
4464.2 1.3582379
4467.6 1.1615810
4471.0 0.96683615
4474.4 0.87965655
4477.8 0.82855350
4481.2 0.71754110
4484.6 0.60535592
4488.0 0.54537952
4491.4 0.49747810
4494.8 0.45367941
4498.2 0.42030564
4501.6 0.39989600
4505.0 0.37443045
4508.4 0.34863031
4511.8 0.32719436
4515.2 0.30565944
4518.6 0.28724712
4522.0 0.28143129
4525.4 0.27565888
4528.8 0.26180622
4532.2 0.26012483
4535.6 0.25525334
4539.0 0.25555056
4542.4 0.26006028
4545.8 0.25933933
4549.2 0.25394654
4552.6 0.24571815
4556.0 0.25799656
4559.4 0.26463315
4562.8 0.27003008
4566.2 0.29737431
4569.6 0.29584292
4573.0 0.27580783
4576.4 0.27859160
4579.8 0.28196296
4583.2 0.27386805
4586.6 0.25275370
4590.0 0.23219897
4593.4 0.22992480
4596.8 0.22410703
4600.2 0.21731161
4603.6 0.21595734
4607.0 0.20994183
4610.4 0.20069906
4613.8 0.19958925
4617.2 0.20057367
4620.6 0.20022649
4624.0 0.19089794
4627.4 0.18911637
4630.8 0.18889976
4634.2 0.19495243
4637.6 0.20263214
4641.0 0.19461024
4644.4 0.19178392
4647.8 0.19122615
4651.2 0.18760495
4654.6 0.18739058
4658.0 0.18717663
4661.4 0.19981681
4664.8 0.19220780
4668.2 0.19358210
4671.6 0.18632461
4675.0 0.18611255
4678.4 0.18950318
4681.8 0.19557671
4685.2 0.19405127
4688.6 0.18948482
4692.0 0.19139491
4695.4 0.19156577
4698.8 0.19014075
4702.2 0.18442999
4705.6 0.18422136
4709.0 0.18401311
4712.4 0.18550777
4715.8 0.18359776
4719.2 0.18339065
4722.6 0.18318392
4726.0 0.18751404
4729.4 0.18277155
4732.8 0.18256591
4736.2 0.18236068
4739.6 0.18486927
4743.0 0.18195124
4746.4 0.18174711
4749.8 0.18154331
4753.2 0.18133989
4756.6 0.18623546
4760.0 0.18202071
4763.4 0.19205406
4766.8 0.18189608
4770.2 0.18189056
4773.6 0.18012705
4777.0 0.17992619
4780.4 0.19276857
4783.8 0.20001350
4787.2 0.19307062
4790.6 0.20742558
4794.0 0.19179134
4797.4 0.21580747
4800.8 0.20314884
4804.2 0.18771349
4807.6 0.20891212
4811.0 0.19461443
4814.4 0.18980141
4817.8 0.19138537
4821.2 0.18533675
4824.6 0.18271790
4828.0 0.17695600
4831.4 0.17676081
4834.8 0.17929818
4838.2 0.18601950
4841.6 0.17617732
4845.0 0.17598356
4848.4 0.17579012
4851.8 0.17559703
4855.2 0.19312057
4858.6 0.17938726
4862.0 0.17501979
4865.4 0.17482808
4868.8 0.17777593
4872.2 0.17657316
4875.6 0.17425491
4879.0 0.17406464
4882.4 0.17900215
4885.8 0.18455267
4889.2 0.19477364
4892.6 0.17330655
4896.0 0.19173482
4899.4 0.17342927
4902.8 0.18159512
4906.2 0.17255391
4909.6 0.18423040
4913.0 0.17938472
4916.4 0.17901698
4919.8 0.18256892
4923.2 0.19107834
4926.6 0.18203409
4930.0 0.17124970
4933.4 0.18278450
4936.8 0.20235206
4940.2 0.17069572
4943.6 0.17051172
4947.0 0.17081760
4950.4 0.17014466
4953.8 0.16996166
4957.2 0.16977894
4960.6 0.18639717
4964.0 0.18156691
4967.4 0.16923282
4970.8 0.16905142
4974.2 0.17811224
4977.6 0.19059694
4981.0 0.16850916
4984.4 0.16991577
4987.8 0.20768239
4991.2 0.17859441
4994.6 0.17704661
4998.0 0.16761178
5001.4 0.19045311
5004.8 0.20354193
5008.2 0.19442704
5011.6 0.21384551
5015.0 0.20934632
5018.4 0.22061838
5021.8 0.19174805
5025.2 0.19895291
5028.6 0.24501429
5032.0 0.21974422
5035.4 0.21087174
5038.8 0.19085963
5042.2 0.18442935
5045.6 0.22796354
5049.0 0.21743380
5052.4 0.21034163
5055.8 0.19590817
5059.2 0.17528255
5062.6 0.19807927
5066.0 0.16410115
5069.4 0.16392888
5072.8 0.16375688
5076.2 0.16358526
5079.6 0.16341391
5083.0 0.16324283
5086.4 0.16307212
5089.8 0.16290164
5093.2 0.16273151
5096.6 0.16256166
5100.0 0.16239214
5103.4 0.16222289
5106.8 0.16205396
5110.2 0.16188532
5113.6 0.16171701
5117.0 0.16154899
5120.4 0.16138123
5123.8 0.16121380
5127.2 0.16104664
5130.6 0.16087982
5134.0 0.16071327
5137.4 0.16054700
5140.8 0.16038108
5144.2 0.16021541
5147.6 0.16005002
5151.0 0.15988493
5154.4 0.15972017
5157.8 0.15955570
5161.2 0.15939146
5164.6 0.15922756
5168.0 0.15906399
5171.4 0.15890066
5174.8 0.15873763
5178.2 0.15857488
5181.6 0.15841243
5185.0 0.15825026
5188.4 0.15808840
5191.8 0.15792684
5195.2 0.15776557
5198.6 0.15760450
5202.0 0.15744379
5205.4 0.15728335
5208.8 0.15712319
5212.2 0.15696333
5215.6 0.15680374
5219.0 0.15664446
5222.4 0.15648542
5225.8 0.15632670
5229.2 0.15616827
5232.6 0.15601012
5236.0 0.15585220
5239.4 0.15569459
5242.8 0.15553729
5246.2 0.15538022
5249.6 0.15522347
5253.0 0.15506697
5256.4 0.15491071
5259.8 0.15475483
5263.2 0.15459928
5266.6 0.15444383
5270.0 0.15428869
5273.4 0.15413392
5276.8 0.15397938
5280.2 0.15382503
5283.6 0.15367100
5287.0 0.15351745
5290.4 0.15336387
5293.8 0.15321073
5297.2 0.15305790
5300.6 0.15290527
5304.0 0.15275294
5307.4 0.15260082
5310.8 0.15244894
5314.2 0.15229753
5317.6 0.15214621
5321.0 0.15199520
5324.4 0.15184438
5327.8 0.15169394
5331.2 0.15154375
5334.6 0.15139380
5338.0 0.15124413
5341.4 0.15109481
5344.8 0.15094574
5348.2 0.15079689
5351.6 0.15064827
5355.0 0.15049995
5358.4 0.15035194
5361.8 0.15020406
5365.2 0.15005653
5368.6 0.14990936
5372.0 0.14976226
5375.4 0.14961556
5378.8 0.14946915
5382.2 0.14932291
5385.6 0.14917696
5389.0 0.14903127
5392.4 0.14888574
5395.8 0.14874068
5399.2 0.14859571
5402.6 0.14845106
5406.0 0.14830668
5409.4 0.14816257
5412.8 0.14801866
5416.2 0.14787515
5419.6 0.14773180
5423.0 0.14758871
5426.4 0.14744578
5429.8 0.14730325
5433.2 0.14716090
5436.6 0.14701882
5440.0 0.14687701
5443.4 0.14673549
5446.8 0.14659412
5450.2 0.14645314
5453.6 0.14631236
5457.0 0.14617181
5460.4 0.14603141
5463.8 0.14589144
5467.2 0.14575158
5470.6 0.14561220
5474.0 0.14547288
5477.4 0.14533377
5480.8 0.14519502
5484.2 0.14505644
5487.6 0.14491828
5491.0 0.14478023
5494.4 0.14464234
5497.8 0.14450485
5501.2 0.14436762
5504.6 0.14423059
5508.0 0.14409375
5511.4 0.14395723
5514.8 0.14382097
5518.2 0.14368485
5521.6 0.14354903
5525.0 0.14341359
5528.4 0.14327824
5531.8 0.14314307
5535.2 0.14300831
5538.6 0.14287367
5542.0 0.14273942
5545.4 0.14260533
5548.8 0.14247139
5552.2 0.14233784
5555.6 0.14220449
5559.0 0.14207137
5562.4 0.14193845
5565.8 0.14180581
5569.2 0.14167345
5572.6 0.14154123
5576.0 0.14140940
5579.4 0.14127766
5582.8 0.14114624
5586.2 0.14101505
5589.6 0.14088410
5593.0 0.14075334
5596.4 0.14062297
5599.8 0.14049269
5603.2 0.14036267
5606.6 0.14023294
5610.0 0.14010334
5613.4 0.13997410
5616.8 0.13984500
5620.2 0.13971615
5623.6 0.13958758
5627.0 0.13945925
5630.4 0.13933104
5633.8 0.13920324
5637.2 0.13907559
5640.6 0.13894813
5644.0 0.13882098
5647.4 0.13869396
5650.8 0.13856728
5654.2 0.13844074
5657.6 0.13831459
5661.0 0.13818856
5664.4 0.13806266
5667.8 0.13793716
5671.2 0.13781188
5674.6 0.13768671
5678.0 0.13756186
5681.4 0.13743719
5684.8 0.13731281
5688.2 0.13718864
5691.6 0.13706464
5695.0 0.13694088
5698.4 0.13681737
5701.8 0.13669410
5705.2 0.13657109
5708.6 0.13644834
5712.0 0.13632567
5715.4 0.13620338
5718.8 0.13608123
5722.2 0.13595933
5725.6 0.13583764
5729.0 0.13571614
5732.4 0.13559498
5735.8 0.13547389
5739.2 0.13535309
5742.6 0.13523252
5746.0 0.13511223
5749.4 0.13499214
5752.8 0.13487218
5756.2 0.13475247
5759.6 0.13463312
5763.0 0.13451388
5766.4 0.13439479
5769.8 0.13427606
5773.2 0.13415755
5776.6 0.13403913
5780.0 0.13392101
5783.4 0.13380310
5786.8 0.13368541
5790.2 0.13356799
5793.6 0.13345069
5797.0 0.13333373
5800.4 0.13321690
5803.8 0.13310030
5807.2 0.13298394
5810.6 0.13286784
5814.0 0.13275182
5817.4 0.13263616
5820.8 0.13252062
5824.2 0.13240533
5827.6 0.13229026
5831.0 0.13217545
5834.4 0.13206080
5837.8 0.13194634
5841.2 0.13183220
5844.6 0.13171816
5848.0 0.13160440
5851.4 0.13149086
5854.8 0.13137744
5858.2 0.13126434
5861.6 0.13115136
5865.0 0.13103874
5868.4 0.13092622
5871.8 0.13081394
5875.2 0.13070188
5878.6 0.13058995
5882.0 0.13047835
5885.4 0.13036689
5888.8 0.13025564
5892.2 0.13014461
5895.6 0.13003381
5899.0 0.12992322
5902.4 0.12981278
5905.8 0.12970267
5909.2 0.12959269
5912.6 0.12948288
5916.0 0.12937334
5919.4 0.12926400
5922.8 0.12915492
5926.2 0.12904592
5929.6 0.12893727
5933.0 0.12882870
5936.4 0.12872043
5939.8 0.12861234
5943.2 0.12850447
5946.6 0.12839679
5950.0 0.12828928
5953.4 0.12818196
5956.8 0.12807497
5960.2 0.12796812
5963.6 0.12786146
5967.0 0.12775490
5970.4 0.12764870
5973.8 0.12754273
5977.2 0.12743686
5980.6 0.12733117
5984.0 0.12722573
5987.4 0.12712052
5990.8 0.12701552
5994.2 0.12691061
5997.6 0.12680604
