300.0 0.0
340.0 0.0000000
343.4 0.0000000
346.8 0.0000000
350.2 0.0000000
353.6 0.0000000
357.0 0.0000000
360.4 0.0000000
363.8 0.0000000
367.2 0.0000000
370.6 0.0000000
374.0 0.0000000
377.4 0.0000000
380.8 0.0000000
384.2 0.0000000
387.6 0.0000000
391.0 0.0000000
394.4 0.0000000
397.8 0.0000000
401.2 0.0000000
404.6 0.0000000
408.0 0.0000000
411.4 0.0000000
414.8 0.0000000
418.2 0.0000000
421.6 0.0000000
425.0 0.0000000
428.4 0.0000000
431.8 0.0000000
435.2 0.0000000
438.6 0.0000000
442.0 0.0000000
445.4 0.0000000
448.8 0.0000000
452.2 0.0000000
455.6 0.0000000
459.0 0.0000000
462.4 0.0000000
465.8 0.0000000
469.2 0.0000000
472.6 0.0000000
476.0 0.0000000
479.4 0.0000000
482.8 0.0000000
486.2 0.0000000
489.6 0.0000000
493.0 0.0000000
496.4 0.0000000
499.8 0.0000000
503.2 0.0000000
506.6 0.0000000
510.0 0.0000000
513.4 0.0000000
516.8 0.0000000
520.2 0.0000000
523.6 0.0000000
527.0 0.0000000
530.4 0.0000000
533.8 0.0000000
537.2 0.0000000
540.6 0.0000000
544.0 0.0000000
547.4 0.0000000
550.8 0.0000000
554.2 0.0000000
557.6 0.0000000
561.0 0.0000000
564.4 0.0000000
567.8 0.0000000
571.2 0.0000000
574.6 0.0000000
578.0 0.0000000
581.4 0.0000000
584.8 0.0000000
588.2 0.0000000
591.6 0.0000000
595.0 0.0000000
598.4 0.0000000
601.8 0.0000000
605.2 0.0000000
608.6 0.0000000
612.0 0.0000000
615.4 0.0000000
618.8 0.0000000
622.2 0.26567766
625.6 0.25123158
629.0 0.23723601
632.4 0.22279377
635.8 0.20773797
639.2 0.19288178
642.6 0.17890373
646.0 0.16573596
649.4 0.15325563
652.8 0.14144361
656.2 0.13027382
659.6 0.11993884
663.0 0.26817212
666.4 0.25329950
669.8 0.23647648
673.2 0.21890175
676.6 0.20203096
680.0 0.20453227
683.4 0.19745210
686.8 0.18142334
690.2 0.17923820
693.6 0.18047929
697.0 0.18427032
700.4 0.93750727
703.8 0.94205660
707.2 0.78815639
710.6 0.64883995
714.0 0.60158068
717.4 0.57833123
720.8 0.57281494
724.2 0.57487059
727.6 0.55313736
731.0 0.49328732
734.4 0.49158677
737.8 0.43413484
741.2 0.39000690
744.6 0.35619000
748.0 0.33896071
751.4 0.33983573
754.8 0.32188672
758.2 0.32429093
761.6 0.32981166
765.0 0.31664199
768.4 0.27878526
771.8 0.26657331
775.2 0.24007228
778.6 0.23897399
782.0 0.23413028
785.4 0.22305459
788.8 0.21697319
792.2 0.21490334
795.6 0.21112616
799.0 0.21331440
802.4 0.20747586
805.8 0.20439731
809.2 0.20458372
812.6 0.21135801
816.0 0.22393303
819.4 0.24899580
822.8 0.28654608
826.2 0.36001414
829.6 7.6413846
833.0 6.1675234
836.4 5.7406273
839.8 5.7264047
843.2 5.3533115
846.6 4.2769380
850.0 3.6852834
853.4 3.4588137
856.8 3.3034036
860.2 3.0827739
863.6 2.8094072
867.0 2.6269517
870.4 2.5613399
873.8 2.5631421
877.2 2.5996003
880.6 2.6121538
884.0 2.8042738
887.4 2.8428116
890.8 2.7154541
894.2 2.4697883
897.6 2.4810925
901.0 2.4540153
904.4 2.5081422
907.8 2.5465624
911.2 2.5108254
914.6 2.4160955
918.0 2.3796511
921.4 2.4507978
924.8 2.4312043
928.2 2.4673302
931.6 2.4311125
935.0 2.4835577
938.4 2.6209197
941.8 2.7631221
945.2 2.9608982
948.6 3.0103939
952.0 3.0479732
955.4 2.7670567
958.8 2.5792665
962.2 2.4391453
965.6 2.3760953
969.0 2.3615932
972.4 2.2512071
975.8 2.2190845
979.2 2.2022755
982.6 2.1823893
986.0 2.2179670
989.4 2.1931517
992.8 2.1430233
996.2 2.2037888
999.6 2.1622679
1003.0 2.1925137
1006.4 2.2413955
1009.8 2.2709053
1013.2 2.3225033
1016.6 2.3154638
1020.0 2.3851209
1023.4 2.4341187
1026.8 2.4894171
1030.2 2.5794618
1033.6 2.7673852
1037.0 3.0196385
1040.4 3.3088193
1043.8 3.6764021
1047.2 4.1329899
1050.6 4.3996406
1054.0 3.9870620
1057.4 3.3768685
1060.8 2.9134197
1064.2 2.6697571
1067.6 2.5453014
1071.0 2.4722860
1074.4 2.3513782
1077.8 2.3389986
1081.2 2.2647250
1084.6 2.3052304
1088.0 2.3072770
1091.4 2.2950428
1094.8 2.3158820
1098.2 2.2827480
1101.6 2.3129287
1105.0 2.3406482
1108.4 2.3400624
1111.8 2.3858778
1115.2 2.2894511
1118.6 2.2696049
1122.0 2.2359214
1125.4 2.2682934
1128.8 2.2742660
1132.2 2.2377262
1135.6 2.1206207
1139.0 2.0484946
1142.4 2.0161183
1145.8 1.9754943
1149.2 1.9753002
1152.6 1.9665829
1156.0 1.9594802
1159.4 1.9869840
1162.8 1.9773984
1166.2 2.0057383
1169.6 2.0116808
1173.0 2.0046799
1176.4 1.9783747
1179.8 2.0001295
1183.2 2.0057967
1186.6 2.0567839
1190.0 2.0204880
1193.4 1.9848177
1196.8 1.8945495
1200.2 1.9200902
1203.6 1.9259961
1207.0 1.8976163
1210.4 1.9589626
1213.8 1.9747796
1217.2 1.9201772
1220.6 1.8848604
1224.0 1.8847854
1227.4 1.8822583
1230.8 1.8788888
1234.2 1.9002763
1237.6 1.8646190
1241.0 1.8563141
1244.4 1.8776362
1247.8 1.8731233
1251.2 1.9170897
1254.6 1.9064485
1258.0 2.0271940
1261.4 2.0177681
1264.8 2.0358453
1268.2 2.0026314
1271.6 2.0046315
1275.0 2.0206962
1278.4 2.1081200
1281.8 2.2656956
1285.2 2.4082878
1288.6 2.5237186
1292.0 2.5659583
1295.4 2.6977203
1298.8 2.5771725
1302.2 2.3538184
1305.6 2.1506875
1309.0 2.0153368
1312.4 1.9510033
1315.8 1.8857124
1319.2 1.8243681
1322.6 1.7769823
1326.0 1.7621121
1329.4 1.6927929
1332.8 1.6632057
1336.2 1.6471409
1339.6 1.6601828
1343.0 1.6642673
1346.4 1.6230388
1349.8 1.6268145
1353.2 1.6325406
1356.6 1.6432968
1360.0 1.5997999
1363.4 1.6144438
1366.8 1.6492749
1370.2 1.5573504
1373.6 1.5958443
1377.0 1.6033785
1380.4 1.5895019
1383.8 1.6004093
1387.2 1.5724660
1390.6 1.5491045
1394.0 1.5895472
1397.4 1.6511614
1400.8 1.6158804
1404.2 1.6538516
1407.6 1.6373664
1411.0 1.6392030
1414.4 1.6274456
1417.8 1.6458349
1421.2 1.6385982
1424.6 1.6319844
1428.0 1.5775521
1431.4 1.5497072
1434.8 1.5675503
1438.2 1.5875871
1441.6 1.5183101
1445.0 1.5893756
1448.4 1.5319513
1451.8 1.5663571
1455.2 1.5498825
1458.6 1.5792115
1462.0 1.5025408
1465.4 1.5226536
1468.8 1.5190961
1472.2 1.5434951
1475.6 1.4650860
1479.0 1.4802119
1482.4 1.5063022
1485.8 1.4374013
1489.2 1.4621290
1492.6 1.4160031
1496.0 1.3746939
1499.4 1.3711225
1502.8 1.3675650
1506.2 1.3744104
1509.6 1.3806100
1513.0 1.3805166
1516.4 1.3591357
1519.8 1.3499813
1523.2 1.3465044
1526.6 1.3430415
1530.0 1.3577080
1533.4 1.3531879
1536.8 1.3708060
1540.2 1.3767525
1543.6 1.3738955
1547.0 1.3815697
1550.4 1.3919629
1553.8 1.4147735
1557.2 1.4440718
1560.6 1.4304368
1564.0 1.4657727
1567.4 1.4801109
1570.8 1.4900454
1574.2 1.4958043
1577.6 1.5039299
1581.0 1.5202855
1584.4 1.5254613
1587.8 1.5023589
1591.2 1.4866424
1594.6 1.4509590
1598.0 1.4449252
1601.4 1.4146832
1604.8 1.4329458
1608.2 1.4129782
1611.6 1.4015408
1615.0 1.4030966
1618.4 1.3921204
1621.8 1.3930796
1625.2 1.3938307
1628.6 1.4074891
1632.0 1.4380734
1635.4 1.4137120
1638.8 1.4621407
1642.2 1.4957678
1645.6 1.5375302
1649.0 1.5304345
1652.4 1.4845239
1655.8 1.4746449
1659.2 1.4768940
1662.6 1.4409630
1666.0 1.4118035
1669.4 1.4015087
1672.8 1.3937677
1676.2 1.4181492
1679.6 1.4446723
1683.0 1.4480597
1686.4 1.4363850
1689.8 1.4377493
1693.2 1.4264826
1696.6 1.4314759
1700.0 1.4147261
1703.4 1.4066870
1706.8 1.4061797
1710.2 1.3975860
1713.6 1.3778770
1717.0 1.3559554
1720.4 1.3666034
1723.8 1.3691331
1727.2 1.3677497
1730.6 1.3525753
1734.0 1.3401480
1737.4 1.3347337
1740.8 1.3262190
1744.2 1.3192232
1747.6 1.3061014
1751.0 1.2867115
1754.4 1.2914487
1757.8 1.2898002
1761.2 1.2738056
1764.6 1.2388103
1768.0 1.2689500
1771.4 1.2728814
1774.8 1.2634733
1778.2 1.2617654
1781.6 1.2709428
1785.0 1.2458313
1788.4 1.2446415
1791.8 1.2187637
1795.2 1.1981324
1798.6 1.1498311
1802.0 1.1430695
1805.4 1.1397036
1808.8 1.1271211
1812.2 1.1562992
1815.6 1.1716787
1819.0 1.1727431
1822.4 1.1461810
1825.8 1.1564674
1829.2 1.1601158
1832.6 1.1742996
1836.0 1.1730533
1839.4 1.1987737
1842.8 1.2321254
1846.2 1.2414752
1849.6 1.2241083
1853.0 1.2601165
1856.4 1.2754223
1859.8 1.2727122
1863.2 1.2777987
1866.6 1.3279901
1870.0 1.3590324
1873.4 1.3504719
1876.8 1.3746156
1880.2 1.3418224
1883.6 1.3738557
1887.0 1.4193470
1890.4 1.5359230
1893.8 1.6725159
1897.2 1.8854259
1900.6 2.1021085
1904.0 2.1668983
1907.4 2.0545287
1910.8 1.8177497
1914.2 1.6154492
1917.6 1.4894432
1921.0 1.4264644
1924.4 1.3766203
1927.8 1.3377970
1931.2 1.3069979
1934.6 1.2774678
1938.0 1.2670883
1941.4 1.2401428
1944.8 1.2166659
1948.2 1.1900716
1951.6 1.1745270
1955.0 1.1697013
1958.4 1.1350011
1961.8 1.1359706
1965.2 1.1065536
1968.6 1.0981647
1972.0 1.0957826
1975.4 1.0494668
1978.8 1.0640802
1982.2 1.0622692
1985.6 1.0767298
1989.0 1.1051227
1992.4 1.1143322
1995.8 1.1170034
1999.2 1.1149724
2002.6 1.1215953
2006.0 1.1051922
2009.4 1.1068288
2012.8 1.1203996
2016.2 1.1027881
2019.6 1.1054498
2023.0 1.0845559
2026.4 1.0900466
2029.8 1.0627598
2033.2 1.0438992
2036.6 1.0242254
2040.0 1.0139997
2043.4 0.98877823
2046.8 0.97788548
2050.2 0.95026350
2053.6 0.93107587
2057.0 0.92647994
2060.4 0.93441772
2063.8 0.92141622
2067.2 0.94027996
2070.6 0.94437605
2074.0 0.94653589
2077.4 0.94560152
2080.8 0.94559425
2084.2 0.96351838
2087.6 0.95272624
2091.0 0.97070998
2094.4 0.96881920
2097.8 0.96418023
2101.2 0.95288432
2104.6 0.96178192
2108.0 0.95420194
2111.4 0.97371697
2114.8 0.99757344
2118.2 0.99941552
2121.6 1.0385301
2125.0 1.0460731
2128.4 1.0447756
2131.8 1.0296208
2135.2 1.0277967
2138.6 0.98914075
2142.0 1.0102574
2145.4 0.99951911
2148.8 0.99684060
2152.2 1.0085045
2155.6 1.0342712
2159.0 1.0344493
2162.4 1.0465614
2165.8 1.0522524
2169.2 1.0595760
2172.6 1.0483418
2176.0 1.0525843
2179.4 1.0361021
2182.8 1.0469693
2186.2 1.0332282
2189.6 1.0017598
2193.0 1.0013874
2196.4 1.0128961
2199.8 0.98543811
2203.2 0.98315620
2206.6 0.98312920
2210.0 0.98178124
2213.4 0.99659163
2216.8 0.99143440
2220.2 0.97387189
2223.6 0.97120768
2227.0 0.98998582
2230.4 0.98734963
2233.8 0.97984940
2237.2 0.99702698
2240.6 0.96807677
2244.0 0.95534688
2247.4 0.94181502
2250.8 0.93201619
2254.2 0.92429525
2257.6 0.90454799
2261.0 0.90027535
2264.4 0.91019368
2267.8 0.91758305
2271.2 0.92867368
2274.6 0.95692915
2278.0 0.92367566
2281.4 0.91012907
2284.8 0.90382266
2288.2 0.89885312
2291.6 0.88772655
2295.0 0.90810806
2298.4 0.90413040
2301.8 0.90986055
2305.2 0.90070409
2308.6 0.90282333
2312.0 0.90266675
2315.4 0.92265123
2318.8 0.92739075
2322.2 0.94240236
2325.6 0.97227776
2329.0 1.0111053
2332.4 0.96269125
2335.8 0.92539281
2339.2 0.92998320
2342.6 0.91501051
2346.0 0.88095611
2349.4 0.89015073
2352.8 0.89204150
2356.2 0.86660874
2359.6 0.86009735
2363.0 0.84036285
2366.4 0.82785118
2369.8 0.84943932
2373.2 0.84641731
2376.6 0.83381891
2380.0 0.84951574
2383.4 0.82760841
2386.8 0.81370252
2390.2 0.81276631
2393.6 0.79849970
2397.0 0.78469032
2400.4 0.76899886
2403.8 0.77810496
2407.2 0.77564651
2410.6 0.75267690
2414.0 0.75874501
2417.4 0.77040690
2420.8 0.77497154
2424.2 0.75977820
2427.6 0.77312034
2431.0 0.79179859
2434.4 0.77637941
2437.8 0.79270005
2441.2 0.76942807
2444.6 0.77069443
2448.0 0.75874346
2451.4 0.76797813
2454.8 0.77194428
2458.2 0.75622600
2461.6 0.77662891
2465.0 0.76301354
2468.4 0.75571060
2471.8 0.76180845
2475.2 0.74478775
2478.6 0.75241822
2482.0 0.74590552
2485.4 0.75033021
2488.8 0.75474757
2492.2 0.74410748
2495.6 0.73720795
2499.0 0.73462707
2502.4 0.73073184
2505.8 0.72579217
2509.2 0.72577083
2512.6 0.73540229
2516.0 0.73382401
2519.4 0.73261899
2522.8 0.71809953
2526.2 0.72032017
2529.6 0.75010449
2533.0 0.84494263
2536.4 0.87718815
2539.8 0.74087387
2543.2 0.71417141
2546.6 0.71358287
2550.0 0.70466489
2553.4 0.72951096
2556.8 0.70867968
2560.2 0.69270098
2563.6 0.69707251
2567.0 0.68877149
2570.4 0.67928982
2573.8 0.67176241
2577.2 0.66307294
2580.6 0.62668914
2584.0 0.63648558
2587.4 0.62419456
2590.8 0.65108275
2594.2 0.64915127
2597.6 0.64183456
2601.0 0.63509452
2604.4 0.63005537
2607.8 0.64580911
2611.2 0.63226908
2614.6 0.64249218
2618.0 0.65191674
2621.4 0.66232079
2624.8 0.68828499
2628.2 0.74043447
2631.6 0.77090120
2635.0 0.69248009
2638.4 0.64678454
2641.8 0.66960806
2645.2 0.67461652
2648.6 0.63909847
2652.0 0.62510937
2655.4 0.62570822
2658.8 0.61440825
2662.2 0.61046833
2665.6 0.59883702
2669.0 0.58121067
2672.4 0.56172246
2675.8 0.55753458
2679.2 0.57421947
2682.6 0.59106296
2686.0 0.59247530
2689.4 0.59880841
2692.8 0.61327475
2696.2 0.61349005
2699.6 0.60941869
2703.0 0.58884418
2706.4 0.59104389
2709.8 0.58768946
2713.2 0.56304538
2716.6 0.56996632
2720.0 0.55060565
2723.4 0.55038053
2726.8 0.54060376
2730.2 0.55212516
2733.6 0.55889380
2737.0 0.54846871
2740.4 0.53100425
2743.8 0.53019905
2747.2 0.52750653
2750.6 0.52106327
2754.0 0.53667051
2757.4 0.52516145
2760.8 0.53841680
2764.2 0.54888332
2767.6 0.58208573
2771.0 0.57286733
2774.4 0.56925464
2777.8 0.59415287
2781.2 0.60221392
2784.6 0.62295860
2788.0 0.66215432
2791.4 0.64250982
2794.8 0.61014444
2798.2 0.60684651
2801.6 0.57947928
2805.0 0.56476367
2808.4 0.55865920
2811.8 0.54908705
2815.2 0.53055203
2818.6 0.50993681
2822.0 0.50380200
2825.4 0.50595862
2828.8 0.51975119
2832.2 0.51537728
2835.6 0.51183140
2839.0 0.52290207
2842.4 0.50465530
2845.8 0.49808273
2849.2 0.50705338
2852.6 0.49525109
2856.0 0.48971683
2859.4 0.48875406
2862.8 0.48779422
2866.2 0.48982584
2869.6 0.49367303
2873.0 0.49121562
2876.4 0.48918831
2879.8 0.51632607
2883.2 0.51300985
2886.6 0.52061504
2890.0 0.51112986
2893.4 0.49861705
2896.8 0.49044076
2900.2 0.51221967
2903.6 0.51169944
2907.0 0.50784379
2910.4 0.53110927
2913.8 0.51680970
2917.2 0.53331733
2920.6 0.56213063
2924.0 0.55221385
2927.4 0.56330746
2930.8 0.57342124
2934.2 0.59667265
2937.6 0.63427591
2941.0 0.64104635
2944.4 0.67629063
2947.8 0.73174798
2951.2 0.75859803
2954.6 0.76156598
2958.0 0.70789254
2961.4 0.69501823
2964.8 0.68782252
2968.2 0.65422583
2971.6 0.62441152
2975.0 0.57165354
2978.4 0.55954111
2981.8 0.53709370
2985.2 0.52607429
2988.6 0.53923333
2992.0 0.52435541
2995.4 0.51526660
2998.8 0.51562333
3002.2 0.50341034
3005.6 0.49969810
3009.0 0.49693686
3012.4 0.46611077
3015.8 0.48190707
3019.2 0.47928083
3022.6 0.49133867
3026.0 0.48053351
3029.4 0.47827947
3032.8 0.49966171
3036.2 0.50672245
3039.6 0.52567893
3043.0 0.51790100
3046.4 0.51379204
3049.8 0.49435923
3053.2 0.52141172
3056.6 0.52240539
3060.0 0.52545440
3063.4 0.52151757
3066.8 0.54097235
3070.2 0.56383055
3073.6 0.55959553
3077.0 0.53647715
3080.4 0.52362406
3083.8 0.51077092
3087.2 0.51415986
3090.6 0.55181968
3094.0 0.53664839
3097.4 0.52992660
3100.8 0.55028224
3104.2 0.54548138
3107.6 0.50499326
3111.0 0.53203499
3114.4 0.55299234
3117.8 0.52903098
3121.2 0.51876277
3124.6 0.52677524
3128.0 0.50693464
3131.4 0.49496359
3134.8 0.49640661
3138.2 0.51204365
3141.6 0.53043908
3145.0 0.52993190
3148.4 0.51915842
3151.8 0.52542698
3155.2 0.50958121
3158.6 0.51785773
3162.0 0.50201029
3165.4 0.52812427
3168.8 0.49688029
3172.2 0.51281309
3175.6 0.49126872
3179.0 0.49566919
3182.4 0.49932000
3185.8 0.51556259
3189.2 0.47004578
3192.6 0.46885169
3196.0 0.44062641
3199.4 0.43488774
3202.8 0.42863354
3206.2 0.43893597
3209.6 0.43732306
3213.0 0.43584004
3216.4 0.42784825
3219.8 0.43415684
3223.2 0.43844277
3226.6 0.42906064
3230.0 0.41449738
3233.4 0.41801715
3236.8 0.41954461
3240.2 0.41718262
3243.6 0.42350435
3247.0 0.42870525
3250.4 0.43625367
3253.8 0.43442336
3257.2 0.43082535
3260.6 0.43902734
3264.0 0.45143822
3267.4 0.45154226
3270.8 0.45550004
3274.2 0.47235867
3277.6 0.49999437
3281.0 0.50212282
3284.4 0.53947031
3287.8 0.54422224
3291.2 0.56219029
3294.6 0.60394430
3298.0 0.62854803
3301.4 0.70293224
3304.8 0.76642746
3308.2 0.74190468
3311.6 0.69174945
3315.0 0.64212710
3318.4 0.60718805
3321.8 0.57677305
3325.2 0.53847754
3328.6 0.52866048
3332.0 0.52321446
3335.4 0.50480336
3338.8 0.47646996
3342.2 0.49049360
3345.6 0.47431052
3349.0 0.46685550
3352.4 0.45879397
3355.8 0.44627401
3359.2 0.44123524
3362.6 0.45253512
3366.0 0.45245549
3369.4 0.53368926
3372.8 0.58317792
3376.2 0.48728833
3379.6 0.43261299
3383.0 0.42100072
3386.4 0.41730773
3389.8 0.40689012
3393.2 0.43318573
3396.6 0.47306836
3400.0 0.57467693
3403.4 0.80931878
3406.8 0.80713427
3410.2 0.54255575
3413.6 0.45657125
3417.0 0.42906693
3420.4 0.41712347
3423.8 0.40713090
3427.2 0.39915943
3430.6 0.39926589
3434.0 0.39628837
3437.4 0.39669695
3440.8 0.39600536
3444.2 0.38939133
3447.6 0.38491216
3451.0 0.38475710
3454.4 0.36990049
3457.8 0.36215487
3461.2 0.37792462
3464.6 0.37438390
3468.0 0.37889117
3471.4 0.36347920
3474.8 0.36630762
3478.2 0.36105785
3481.6 0.37351960
3485.0 0.36681959
3488.4 0.35723764
3491.8 0.36529139
3495.2 0.36287907
3498.6 0.37379578
3502.0 0.37559780
3505.4 0.39050525
3508.8 0.39880416
3512.2 0.39304623
3515.6 0.38154688
3519.0 0.39818931
3522.4 0.38157827
3525.8 0.37198487
3529.2 0.37259573
3532.6 0.39347982
3536.0 0.38598832
3539.4 0.36553204
3542.8 0.37019715
3546.2 0.37347183
3549.6 0.37961078
3553.0 0.37332374
3556.4 0.37673622
3559.8 0.37512752
3563.2 0.37706316
3566.6 0.36317578
3570.0 0.36920226
3573.4 0.38105604
3576.8 0.36261520
3580.2 0.37273169
3583.6 0.37410718
3587.0 0.37123549
3590.4 0.37163886
3593.8 0.37418905
3597.2 0.37161946
3600.6 0.38577670
3604.0 0.36814526
3607.4 0.36027756
3610.8 0.39383462
3614.2 0.36750120
3617.6 0.38446361
3621.0 0.37462017
3624.4 0.36333856
3627.8 0.35806942
3631.2 0.35387716
3634.6 0.36435154
3638.0 0.34518349
3641.4 0.34811246
3644.8 0.35153386
3648.2 0.34760302
3651.6 0.33116433
3655.0 0.33711499
3658.4 0.34512129
3661.8 0.34426728
3665.2 0.33367801
3668.6 0.33478358
3672.0 0.33184651
3675.4 0.32530421
3678.8 0.33167565
3682.2 0.33829644
3685.6 0.33589530
3689.0 0.32757464
3692.4 0.32269338
3695.8 0.31776157
3699.2 0.32866380
3702.6 0.31677037
3706.0 0.33805323
3709.4 0.31852436
3712.8 0.31985536
3716.2 0.31480217
3719.6 0.31431308
3723.0 0.31382516
3726.4 0.31333837
3729.8 0.32039124
3733.2 0.32166481
3736.6 0.32893819
3740.0 0.32079229
3743.4 0.32162943
3746.8 0.31044200
3750.2 0.30996323
3753.6 0.31866977
3757.0 0.32797700
3760.4 0.32231510
3763.8 0.31433532
3767.2 0.32658538
3770.6 0.33169860
3774.0 0.31494597
3777.4 0.31839868
3780.8 0.30570540
3784.2 0.30523786
3787.6 0.31126791
3791.0 0.30603042
3794.4 0.33444312
3797.8 0.31917438
3801.2 0.31036717
3804.6 0.34640554
3808.0 0.34169248
3811.4 0.32616025
3814.8 0.32010272
3818.2 0.30550784
3821.6 0.30499586
3825.0 0.29971227
3828.4 0.30942780
3831.8 0.29880634
3835.2 0.30016902
3838.6 0.29790461
3842.0 0.30024207
3845.4 0.29700702
3848.8 0.29857078
3852.2 0.29738912
3855.6 0.29566845
3859.0 0.30587733
3862.4 0.30126894
3865.8 0.29433933
3869.2 0.29389822
3872.6 0.29345825
3876.0 0.29301926
3879.4 0.29258126
3882.8 0.29214430
3886.2 0.29170832
3889.6 0.29763806
3893.0 0.29083934
3896.4 0.29124936
3899.8 0.28997439
3903.2 0.29121527
3906.6 0.28921053
3910.0 0.28868425
3913.4 0.29142064
3916.8 0.29542151
3920.2 0.29676932
3923.6 0.29394314
3927.0 0.29338264
3930.4 0.29247817
3933.8 0.28838524
3937.2 0.29070434
3940.6 0.28874615
3944.0 0.28813201
3947.4 0.29448956
3950.8 0.30733132
3954.2 0.29219642
3957.6 0.30227181
3961.0 0.29637086
3964.4 0.30547604
3967.8 0.29825991
3971.2 0.30787927
3974.6 0.30290842
3978.0 0.30423149
3981.4 0.31302169
3984.8 0.30537501
3988.2 0.31115270
3991.6 0.32135898
3995.0 0.34593910
3998.4 0.33796614
4001.8 0.33138594
4005.2 0.33312893
4008.6 0.30371279
4012.0 0.29857215
4015.4 0.31242165
4018.8 0.30684265
4022.2 0.29611215
4025.6 0.29766980
4029.0 0.29925808
4032.4 0.29960090
4035.8 0.29427719
4039.2 0.30003679
4042.6 0.30615672
4046.0 0.28727433
4049.4 0.29029751
4052.8 0.28825590
4056.2 0.29745814
4059.6 0.28057870
4063.0 0.28354621
4066.4 0.28273514
4069.8 0.28168356
4073.2 0.28366992
4076.6 0.28306904
4080.0 0.28233951
4083.4 0.28486049
4086.8 0.28021944
4090.2 0.27785012
4093.6 0.27294153
4097.0 0.27268562
4100.4 0.26820818
4103.8 0.27338645
4107.2 0.27394620
4110.6 0.27706915
4114.0 0.27928236
4117.4 0.26861203
4120.8 0.27435464
4124.2 0.28256330
4127.6 0.27923837
4131.0 0.28199220
4134.4 0.28710639
4137.8 0.28237405
4141.2 0.28443885
4144.6 0.27878803
4148.0 0.29277155
4151.4 0.26917517
4154.8 0.26020044
4158.2 0.26412085
4161.6 0.26056957
4165.0 0.26195604
4168.4 0.26229891
4171.8 0.26742932
4175.2 0.27235276
4178.6 0.25996497
4182.0 0.26725233
4185.4 0.27445975
4188.8 0.26432693
4192.2 0.25989649
4195.6 0.25587779
4199.0 0.25552264
4202.4 0.25658488
4205.8 0.27171060
4209.2 0.25885484
4212.6 0.26036131
4216.0 0.25375822
4219.4 0.25437555
4222.8 0.25413728
4226.2 0.25825036
4229.6 0.25562513
4233.0 0.26143497
4236.4 0.26229253
4239.8 0.25632006
4243.2 0.25453827
4246.6 0.25413796
4250.0 0.26144871
4253.4 0.25979739
4256.8 0.25429520
4260.2 0.25243121
4263.6 0.25046921
4267.0 0.24924338
4270.4 0.25129026
4273.8 0.25346851
4277.2 0.26182425
4280.6 0.26540458
4284.0 0.27040771
4287.4 0.27898592
4290.8 0.26781431
4294.2 0.25467399
4297.6 0.25548947
4301.0 0.25283498
4304.4 0.24887681
4307.8 0.25274330
4311.2 0.26024804
4314.6 0.26297033
4318.0 0.25477141
4321.4 0.25674167
4324.8 0.26056698
4328.2 0.26525712
4331.6 0.26926547
4335.0 0.25598305
4338.4 0.25850296
4341.8 0.26328513
4345.2 0.26405677
4348.6 0.25842801
4352.0 0.25795418
4355.4 0.26176926
4358.8 0.26151454
4362.2 0.25864977
4365.6 0.26498678
4369.0 0.26225859
4372.4 0.26594585
4375.8 0.27229548
4379.2 0.26847664
4382.6 0.27627668
4386.0 0.27183515
4389.4 0.29027888
4392.8 0.29240751
4396.2 0.30004317
4399.6 0.30846795
4403.0 0.30719671
4406.4 0.31345147
4409.8 0.33101171
4413.2 0.33282471
4416.6 0.34729964
4420.0 0.36331609
4423.4 0.38558498
4426.8 0.41137058
4430.2 0.44248763
4433.6 0.48535767
4437.0 0.53890711
4440.4 0.60444760
4443.8 0.68166995
4447.2 0.79915416
4450.6 0.93887955
4454.0 1.1148620
4457.4 1.2923065
4460.8 1.5200211
4464.2 1.5619720
4467.6 1.3356535
4471.0 1.1115887
4474.4 1.0112334
4477.8 0.95237070
4481.2 0.82466859
4484.6 0.69564992
4488.0 0.62665164
4491.4 0.57154292
4494.8 0.52116048
4498.2 0.48276448
4501.6 0.45926660
4505.0 0.42996868
4508.4 0.40029362
4511.8 0.37563616
4515.2 0.35087100
4518.6 0.32969585
4522.0 0.32298210
4525.4 0.31631976
4528.8 0.30038813
4532.2 0.29842356
4535.6 0.29280016
4539.0 0.29310644
4542.4 0.29824373
4545.8 0.29738188
4549.2 0.29116374
4552.6 0.28169638
4556.0 0.29573789
4559.4 0.30330983
4562.8 0.30945936
4566.2 0.34075657
4569.6 0.33896229
4573.0 0.31597030
4576.4 0.31912237
4579.8 0.32294676
4583.2 0.31363896
4586.6 0.28942493
4590.0 0.26585728
4593.4 0.26322311
4596.8 0.25653332
4600.2 0.24872606
4603.6 0.24714769
4607.0 0.24023588
4610.4 0.22963315
4613.8 0.22833729
4617.2 0.22943734
4620.6 0.22901413
4624.0 0.21831958
4627.4 0.21625757
4630.8 0.21598540
4634.2 0.22288075
4637.6 0.23163448
4641.0 0.22243936
4644.4 0.21918422
4647.8 0.21852221
4651.2 0.21436004
4654.6 0.21409115
4658.0 0.21382280
4661.4 0.22823694
4664.8 0.21952121
4668.2 0.22106624
4671.6 0.21275470
4675.0 0.21248898
4678.4 0.21633618
4681.8 0.22324501
4685.2 0.22147930
4688.6 0.21624357
4692.0 0.21839936
4695.4 0.21857029
4698.8 0.21692061
4702.2 0.21038248
4705.6 0.21012148
4709.0 0.20986104
4712.4 0.21154259
4715.8 0.20934172
4719.2 0.20908284
4722.6 0.20882449
4726.0 0.21373753
4729.4 0.20830928
4732.8 0.20805243
4736.2 0.20779611
4739.6 0.21063191
4743.0 0.20728494
4746.4 0.20703015
4749.8 0.20677584
4753.2 0.20652203
4756.6 0.21207479
4760.0 0.20725313
4763.4 0.21865404
4766.8 0.20706713
4770.2 0.20703885
4773.6 0.20500977
4777.0 0.20475946
4780.4 0.21935114
4783.8 0.22757113
4787.2 0.21964851
4790.6 0.23595472
4794.0 0.21814723
4797.4 0.24543786
4800.8 0.23101701
4804.2 0.21344189
4807.6 0.23752123
4811.0 0.22124249
4814.4 0.21574847
4817.8 0.21752635
4821.2 0.21062969
4824.6 0.20763193
4828.0 0.20106356
4831.4 0.20082100
4834.8 0.20368274
4838.2 0.21129638
4841.6 0.20009623
4845.0 0.19985564
4848.4 0.19961546
4851.8 0.19937578
4855.2 0.21924989
4858.6 0.20363764
4862.0 0.19865949
4865.4 0.19842172
4868.8 0.20174687
4872.2 0.20036159
4875.6 0.19771099
4879.0 0.19747508
4882.4 0.20305616
4885.8 0.20933142
4889.2 0.22090246
4892.6 0.19653578
4896.0 0.21741226
4899.4 0.19663547
4902.8 0.20587336
4906.2 0.19560383
4909.6 0.20881924
4913.0 0.20330654
4916.4 0.20286955
4919.8 0.20687421
4923.2 0.21649498
4926.6 0.20622726
4930.0 0.19399039
4933.4 0.20703645
4936.8 0.22917764
4940.2 0.19330560
4943.6 0.19307823
4947.0 0.19340561
4950.4 0.19262478
4953.8 0.19239876
4957.2 0.19217312
4960.6 0.21096273
4964.0 0.20547584
4967.4 0.19149892
4970.8 0.19127508
4974.2 0.20150748
4977.6 0.21561113
4981.0 0.19060607
4984.4 0.19217856
4987.8 0.23487081
4991.2 0.20195535
4994.6 0.20018584
4998.0 0.18949969
5001.4 0.21530314
5004.8 0.23007773
5008.2 0.21975352
5011.6 0.24167837
5015.0 0.23657104
5018.4 0.24928522
5021.8 0.21664293
5025.2 0.22476186
5028.6 0.27677226
5032.0 0.24820323
5035.4 0.23815919
5038.8 0.21553707
5042.2 0.20825574
5045.6 0.25738987
5049.0 0.24547784
5052.4 0.23744865
5055.8 0.22113442
5059.2 0.19783440
5062.6 0.22354327
5066.0 0.18517981
5069.4 0.18496816
5072.8 0.18475689
5076.2 0.18454611
5079.6 0.18433571
5083.0 0.18412566
5086.4 0.18391611
5089.8 0.18370683
5093.2 0.18349805
5096.6 0.18328963
5100.0 0.18308166
5103.4 0.18287405
5106.8 0.18266685
5110.2 0.18246004
5113.6 0.18225367
5117.0 0.18204767
5120.4 0.18184204
5123.8 0.18163686
5127.2 0.18143201
5130.6 0.18122759
5134.0 0.18102357
5137.4 0.18081991
5140.8 0.18061671
5144.2 0.18041384
5147.6 0.18021134
5151.0 0.18000926
5154.4 0.17980756
5157.8 0.17960630
5161.2 0.17940533
5164.6 0.17920481
5168.0 0.17900471
5171.4 0.17880493
5174.8 0.17860554
5178.2 0.17840655
5181.6 0.17820793
5185.0 0.17800969
5188.4 0.17781186
5191.8 0.17761442
5195.2 0.17741734
5198.6 0.17722058
5202.0 0.17702425
5205.4 0.17682829
5208.8 0.17663269
5212.2 0.17643748
5215.6 0.17624265
5219.0 0.17604820
5222.4 0.17585410
5225.8 0.17566040
5229.2 0.17546707
5232.6 0.17527410
5236.0 0.17508146
5239.4 0.17488922
5242.8 0.17469740
5246.2 0.17450587
5249.6 0.17431475
5253.0 0.17412397
5256.4 0.17393352
5259.8 0.17374352
5263.2 0.17355391
5266.6 0.17336455
5270.0 0.17317559
5273.4 0.17298704
5276.8 0.17279880
5280.2 0.17261088
5283.6 0.17242338
5287.0 0.17223634
5290.4 0.17204948
5293.8 0.17186306
5297.2 0.17167701
5300.6 0.17149132
5304.0 0.17130597
5307.4 0.17112093
5310.8 0.17093626
5314.2 0.17075203
5317.6 0.17056805
5321.0 0.17038445
5324.4 0.17020118
5327.8 0.17001827
5331.2 0.16983576
5334.6 0.16965356
5338.0 0.16947170
5341.4 0.16929024
5344.8 0.16910912
5348.2 0.16892834
5351.6 0.16874787
5355.0 0.16856776
5358.4 0.16838801
5361.8 0.16820855
5365.2 0.16802950
5368.6 0.16785081
5372.0 0.16767237
5375.4 0.16749434
5378.8 0.16731665
5382.2 0.16713926
5385.6 0.16696225
5389.0 0.16678555
5392.4 0.16660915
5395.8 0.16643322
5399.2 0.16625749
5402.6 0.16608217
5406.0 0.16590714
5409.4 0.16573249
5412.8 0.16555814
5416.2 0.16538417
5419.6 0.16521053
5423.0 0.16503721
5426.4 0.16486418
5429.8 0.16469151
5433.2 0.16451918
5436.6 0.16434716
5440.0 0.16417547
5443.4 0.16400416
5446.8 0.16383310
5450.2 0.16366243
5453.6 0.16349210
5457.0 0.16332206
5460.4 0.16315228
5463.8 0.16298293
5467.2 0.16281383
5470.6 0.16264516
5474.0 0.16247673
5477.4 0.16230862
5480.8 0.16214085
5484.2 0.16197339
5487.6 0.16180632
5491.0 0.16163950
5494.4 0.16147296
5497.8 0.16130683
5501.2 0.16114101
5504.6 0.16097549
5508.0 0.16081023
5511.4 0.16064537
5514.8 0.16048081
5518.2 0.16031651
5521.6 0.16015257
5525.0 0.15998898
5528.4 0.15982565
5531.8 0.15966260
5535.2 0.15949994
5538.6 0.15933755
5542.0 0.15917550
5545.4 0.15901376
5548.8 0.15885229
5552.2 0.15869121
5555.6 0.15853035
5559.0 0.15836988
5562.4 0.15820964
5565.8 0.15804975
5569.2 0.15789017
5572.6 0.15773088
5576.0 0.15757194
5579.4 0.15741323
5582.8 0.15725489
5586.2 0.15709685
5589.6 0.15693907
5593.0 0.15678164
5596.4 0.15662456
5599.8 0.15646769
5603.2 0.15631114
5606.6 0.15615493
5610.0 0.15599899
5613.4 0.15584338
5616.8 0.15568802
5620.2 0.15553296
5623.6 0.15537824
5627.0 0.15522382
5630.4 0.15506963
5633.8 0.15491584
5637.2 0.15476231
5640.6 0.15460902
5644.0 0.15445611
5647.4 0.15430343
5650.8 0.15415110
5654.2 0.15399900
5657.6 0.15384729
5661.0 0.15369581
5664.4 0.15354457
5667.8 0.15339372
5671.2 0.15324314
5674.6 0.15309280
5678.0 0.15294281
5681.4 0.15279308
5684.8 0.15264365
5688.2 0.15249449
5691.6 0.15234563
5695.0 0.15219705
5698.4 0.15204877
5701.8 0.15190078
5705.2 0.15175311
5708.6 0.15160573
5712.0 0.15145855
5715.4 0.15131173
5718.8 0.15116519
5722.2 0.15101892
5725.6 0.15087292
5729.0 0.15072720
5732.4 0.15058182
5735.8 0.15043664
5739.2 0.15029177
5742.6 0.15014720
5746.0 0.15000294
5749.4 0.14985894
5752.8 0.14971519
5756.2 0.14957172
5759.6 0.14942859
5763.0 0.14928567
5766.4 0.14914306
5769.8 0.14900073
5773.2 0.14885871
5776.6 0.14871688
5780.0 0.14857540
5783.4 0.14843415
5786.8 0.14829318
5790.2 0.14815256
5793.6 0.14801213
5797.0 0.14787202
5800.4 0.14773217
5803.8 0.14759260
5807.2 0.14745329
5810.6 0.14731430
5814.0 0.14717551
5817.4 0.14703704
5820.8 0.14689881
5824.2 0.14676087
5827.6 0.14662318
5831.0 0.14648582
5834.4 0.14634866
5837.8 0.14621179
5841.2 0.14607520
5844.6 0.14593886
5848.0 0.14580283
5851.4 0.14566705
5854.8 0.14553152
5858.2 0.14539628
5861.6 0.14526124
5865.0 0.14512657
5868.4 0.14499208
5871.8 0.14485790
5875.2 0.14472398
5878.6 0.14459029
5882.0 0.14445691
5885.4 0.14432377
5888.8 0.14419089
5892.2 0.14405827
5895.6 0.14392592
5899.0 0.14379382
5902.4 0.14366198
5905.8 0.14353046
5909.2 0.14339915
5912.6 0.14326806
5916.0 0.14313729
5919.4 0.14300676
5922.8 0.14287652
5926.2 0.14274649
5929.6 0.14261675
5933.0 0.14248723
5936.4 0.14235802
5939.8 0.14222905
5943.2 0.14210033
5946.6 0.14197186
5950.0 0.14184365
5953.4 0.14171566
5956.8 0.14158800
5960.2 0.14146055
5963.6 0.14133336
5967.0 0.14120635
5970.4 0.14107971
5973.8 0.14095332
5977.2 0.14082712
5980.6 0.14070116
5984.0 0.14057548
5987.4 0.14045009
5990.8 0.14032491
5994.2 0.14019994
5997.6 0.14007530
