300.0 0.0
300.0 0.0000000
303.0 0.0000000
306.0 0.0000000
309.0 0.0000000
312.0 0.0000000
315.0 0.0000000
318.0 0.0000000
321.0 0.0000000
324.0 0.0000000
327.0 0.0000000
330.0 0.0000000
333.0 0.0000000
336.0 0.0000000
339.0 0.0000000
342.0 0.0000000
345.0 0.0000000
348.0 0.0000000
351.0 0.0000000
354.0 0.0000000
357.0 0.0000000
360.0 0.0000000
363.0 0.0000000
366.0 0.0000000
369.0 0.0000000
372.0 0.0000000
375.0 0.0000000
378.0 0.0000000
381.0 0.0000000
384.0 0.0000000
387.0 0.0000000
390.0 0.0000000
393.0 0.0000000
396.0 0.0000000
399.0 0.0000000
402.0 0.0000000
405.0 0.0000000
408.0 0.0000000
411.0 0.0000000
414.0 0.0000000
417.0 0.0000000
420.0 0.0000000
423.0 0.0000000
426.0 0.0000000
429.0 0.0000000
432.0 0.0000000
435.0 0.0000000
438.0 0.0000000
441.0 0.0000000
444.0 0.0000000
447.0 0.0000000
450.0 0.0000000
453.0 0.0000000
456.0 0.0000000
459.0 0.0000000
462.0 0.0000000
465.0 0.0000000
468.0 0.0000000
471.0 0.0000000
474.0 0.0000000
477.0 0.0000000
480.0 0.0000000
483.0 0.0000000
486.0 0.0000000
489.0 0.0000000
492.0 0.0000000
495.0 0.0000000
498.0 0.0000000
501.0 0.0000000
504.0 0.0000000
507.0 0.0000000
510.0 0.0000000
513.0 0.0000000
516.0 0.0000000
519.0 0.0000000
522.0 0.0000000
525.0 0.0000000
528.0 0.0000000
531.0 0.0000000
534.0 0.0000000
537.0 0.0000000
540.0 0.0000000
543.0 0.0000000
546.0 0.0000000
549.0 1.9314853
552.0 1.8602042
555.0 1.7906671
558.0 1.7228802
561.0 1.6566814
564.0 1.5919671
567.0 1.5286832
570.0 1.4669440
573.0 1.4068764
576.0 1.3485727
579.0 1.2919856
582.0 1.2369988
585.0 1.8446313
588.0 1.7811645
591.0 1.7190291
594.0 1.6582214
597.0 1.5987499
600.0 1.6898146
603.0 1.7057172
606.0 1.6414391
609.0 1.7012960
612.0 1.8001800
615.0 1.9349511
618.0 4.4281650
621.0 4.4954343
624.0 3.8009055
627.0 3.1630754
630.0 2.9653659
633.0 2.8832653
636.0 2.8890841
639.0 2.9340498
642.0 2.8575885
645.0 2.5801866
648.0 2.6040916
651.0 2.3297021
654.0 2.1207135
657.0 1.9630231
660.0 1.8937854
663.0 1.9253494
666.0 1.8498753
669.0 1.8910198
672.0 1.9519852
675.0 1.9026752
678.0 1.7012213
681.0 1.6522727
684.0 1.5120327
687.0 1.5303155
690.0 1.5188409
693.0 1.4655616
696.0 1.4563940
699.0 1.4986042
702.0 1.5539976
705.0 1.6714479
708.0 1.7325135
711.0 1.8165721
714.0 1.9392490
717.0 2.1417446
720.0 2.4318047
723.0 2.9045374
726.0 3.5992086
729.0 4.8818431
732.0 16.891773
735.0 13.600449
738.0 12.628465
741.0 12.566931
744.0 11.720142
747.0 9.3414907
750.0 8.0303421
753.0 7.5193019
756.0 7.1648788
759.0 6.6709929
762.0 6.0656128
765.0 5.6588798
768.0 5.5051455
771.0 5.4967637
774.0 5.5626402
777.0 5.5772214
780.0 5.9743958
783.0 6.0433931
786.0 5.7602868
789.0 5.2279916
792.0 5.2407875
795.0 5.1727190
798.0 5.2757788
801.0 5.3455043
804.0 5.2596650
807.0 5.0508876
810.0 4.9646201
813.0 5.1027780
816.0 5.0518670
819.0 5.1167445
822.0 5.0316987
825.0 5.1301990
828.0 5.4034104
831.0 5.6855831
834.0 6.0808616
837.0 6.1707397
840.0 6.2359524
843.0 5.6505833
846.0 5.2572699
849.0 4.9624505
852.0 4.8252740
855.0 4.7870541
858.0 4.5550084
861.0 4.4819107
864.0 4.4399872
867.0 4.3920598
870.0 4.4557614
873.0 4.3981662
876.0 4.2901325
879.0 4.4041257
882.0 4.3137026
885.0 4.3665519
888.0 4.4563065
891.0 4.5073438
894.0 4.6020136
897.0 4.5804048
900.0 4.7103729
903.0 4.7992148
906.0 4.9002051
909.0 5.0691862
912.0 5.4296994
915.0 5.9151053
918.0 6.4712214
921.0 7.1787066
924.0 8.0575304
927.0 8.5639305
930.0 7.7487493
933.0 6.5526896
936.0 5.6446810
939.0 5.1646757
942.0 4.9164233
945.0 4.7681713
948.0 4.5281692
951.0 4.4976010
954.0 4.3483157
957.0 4.4195538
960.0 4.4169898
963.0 4.3871584
966.0 4.4205775
969.0 4.3510504
972.0 4.4022584
975.0 4.4486713
978.0 4.4412603
981.0 4.5218382
984.0 4.3330102
987.0 4.2894726
990.0 4.2199631
993.0 4.2751713
996.0 4.2805653
999.0 4.2060614
1002.0 3.9805582
1005.0 3.8400016
1008.0 3.7742577
1011.0 3.6932895
1014.0 3.6880443
1017.0 3.6669409
1020.0 3.6489205
1023.0 3.6953270
1026.0 3.6727459
1029.0 3.7205937
1032.0 3.7268465
1035.0 3.7091527
1038.0 3.6558518
1041.0 3.6914051
1044.0 3.6972332
1047.0 3.7865000
1050.0 3.7150776
1053.0 3.6450009
1056.0 3.4749701
1059.0 3.5175297
1062.0 3.5240755
1065.0 3.4679677
1068.0 3.5757895
1071.0 3.6003673
1074.0 3.4966681
1077.0 3.4283082
1080.0 3.4241526
1083.0 3.4155724
1086.0 3.4055021
1089.0 3.4402897
1092.0 3.3718588
1095.0 3.3530066
1098.0 3.3876650
1101.0 3.3757019
1104.0 3.4510522
1107.0 3.4280565
1110.0 3.6411142
1113.0 3.6201708
1116.0 3.6485796
1119.0 3.5851200
1122.0 3.5847874
1125.0 3.6095936
1128.0 3.7616935
1131.0 4.0385256
1134.0 4.2881031
1137.0 4.4888573
1140.0 4.5591578
1143.0 4.7882218
1146.0 4.5694699
1149.0 4.1690984
1152.0 3.8053598
1155.0 3.5621941
1158.0 3.4449408
1161.0 3.3262503
1164.0 3.2147720
1167.0 3.1281035
1170.0 3.0988014
1173.0 2.9719627
1176.0 2.9152000
1179.0 2.8823061
1182.0 2.9003880
1185.0 2.9028063
1188.0 2.8263268
1191.0 2.8283546
1194.0 2.8337791
1197.0 2.8479199
1200.0 2.7681587
1203.0 2.7891092
1206.0 2.8448305
1209.0 2.6820960
1212.0 2.7441418
1215.0 2.7528570
1218.0 2.7248576
1221.0 2.7393820
1224.0 2.6874785
1227.0 2.6435647
1230.0 2.7085187
1233.0 2.8093147
1236.0 2.7452121
1239.0 2.8055804
1242.0 2.7735395
1245.0 2.7725995
1248.0 2.7487161
1251.0 2.7757614
1254.0 2.7595868
1257.0 2.7445190
1260.0 2.6492074
1263.0 2.5987651
1266.0 2.6249881
1269.0 2.6548183
1272.0 2.5354331
1275.0 2.6504254
1278.0 2.5511425
1281.0 2.6048584
1284.0 2.5739415
1287.0 2.6190858
1290.0 2.4885602
1293.0 2.5184793
1296.0 2.5092332
1299.0 2.5461390
1302.0 2.4135940
1305.0 2.4352968
1308.0 2.4749696
1311.0 2.3586769
1314.0 2.3961353
1317.0 2.3175440
1320.0 2.2470388
1323.0 2.2383323
1326.0 2.2296803
1329.0 2.2379997
1332.0 2.2452579
1335.0 2.2422864
1338.0 2.2048011
1341.0 2.1872268
1344.0 2.1788938
1347.0 2.1706123
1350.0 2.1916268
1353.0 2.1816657
1356.0 2.2073860
1359.0 2.2142825
1362.0 2.2070298
1365.0 2.2167003
1368.0 2.2307153
1371.0 2.2645824
1374.0 2.3087509
1377.0 2.2842653
1380.0 2.3379564
1383.0 2.3580775
1386.0 2.3711560
1389.0 2.3775747
1392.0 2.3877468
1395.0 2.4109576
1398.0 2.4164145
1401.0 2.3771243
1404.0 2.3496068
1407.0 2.2906384
1410.0 2.2785654
1413.0 2.2283964
1416.0 2.2546666
1419.0 2.2207999
1422.0 2.2004099
1425.0 2.2004483
1428.0 2.1808624
1431.0 2.1800051
1434.0 2.1788313
1437.0 2.1978245
1440.0 2.2431862
1443.0 2.2028441
1446.0 2.2758954
1449.0 2.3257871
1452.0 2.3882189
1455.0 2.3747158
1458.0 2.3010859
1461.0 2.2834084
1464.0 2.2845368
1467.0 2.2266715
1470.0 2.1793857
1473.0 2.1612947
1476.0 2.1471825
1479.0 2.1825426
1482.0 2.2211318
1485.0 2.2241163
1488.0 2.2039912
1491.0 2.2039011
1494.0 2.1844749
1497.0 2.1899698
1500.0 2.1622303
1503.0 2.1478510
1506.0 2.1449959
1509.0 2.1298299
1512.0 2.0977776
1515.0 2.0624278
1518.0 2.0766430
1521.0 2.0785139
1524.0 2.0744526
1527.0 2.0495090
1530.0 2.0287759
1533.0 2.0186958
1536.0 2.0039539
1539.0 1.9915403
1542.0 1.9699157
1545.0 1.9388913
1548.0 1.9442519
1551.0 1.9400046
1554.0 1.9142114
1557.0 1.8599429
1560.0 1.9034833
1563.0 1.9076730
1566.0 1.8918860
1569.0 1.8876525
1572.0 1.8997020
1575.0 1.8605287
1578.0 1.8571235
1581.0 1.8169241
1584.0 1.7846141
1587.0 1.7111869
1590.0 1.6996577
1593.0 1.6931980
1596.0 1.6730731
1599.0 1.7149223
1602.0 1.7362573
1605.0 1.7363658
1608.0 1.6956104
1611.0 1.7093942
1614.0 1.7133546
1617.0 1.7328608
1620.0 1.7295882
1623.0 1.7660526
1626.0 1.8136957
1629.0 1.8259637
1632.0 1.7989523
1635.0 1.8503664
1638.0 1.8713270
1641.0 1.8658468
1644.0 1.8718001
1647.0 1.9437686
1650.0 1.9876218
1653.0 1.9735351
1656.0 2.0072310
1659.0 1.9578043
1662.0 2.0029721
1665.0 2.0676796
1668.0 2.2357650
1671.0 2.4327095
1674.0 2.7402751
1677.0 3.0528519
1680.0 3.1445355
1683.0 2.9791939
1686.0 2.6338463
1689.0 2.3389482
1692.0 2.1548827
1695.0 2.0622163
1698.0 1.9886677
1701.0 1.9311422
1704.0 1.8852814
1707.0 1.8413227
1710.0 1.8250148
1713.0 1.7848933
1716.0 1.7498221
1719.0 1.7103257
1722.0 1.6867605
1725.0 1.6786145
1728.0 1.6276428
1731.0 1.6278633
1734.0 1.5845735
1737.0 1.5714402
1740.0 1.5669175
1743.0 1.4996263
1746.0 1.5194361
1749.0 1.5157851
1752.0 1.5353440
1755.0 1.5747316
1758.0 1.5867522
1761.0 1.5894549
1764.0 1.5854708
1767.0 1.5937923
1770.0 1.5694085
1773.0 1.5706604
1776.0 1.5888379
1779.0 1.5628037
1782.0 1.5655192
1785.0 1.5348967
1788.0 1.5416347
1791.0 1.5020404
1794.0 1.4744025
1797.0 1.4456563
1800.0 1.4302783
1803.0 1.3937849
1806.0 1.3775274
1809.0 1.3377419
1812.0 1.3098773
1815.0 1.3025663
1818.0 1.3128780
1821.0 1.2937766
1824.0 1.3194158
1827.0 1.3243166
1830.0 1.3264999
1833.0 1.3243486
1836.0 1.3235008
1839.0 1.3477380
1842.0 1.3318048
1845.0 1.3560945
1848.0 1.3526088
1851.0 1.3452948
1854.0 1.3287107
1857.0 1.3402892
1860.0 1.3289086
1863.0 1.3552554
1866.0 1.3876114
1869.0 1.3893273
1872.0 1.4428256
1875.0 1.4524266
1878.0 1.4497507
1881.0 1.4278636
1884.0 1.4244804
1887.0 1.3700871
1890.0 1.3985044
1893.0 1.3828201
1896.0 1.3783000
1899.0 1.3936068
1902.0 1.4283750
1905.0 1.4277859
1908.0 1.4436620
1911.0 1.4506698
1914.0 1.4599215
1917.0 1.4436092
1920.0 1.4486187
1923.0 1.4251181
1926.0 1.4392437
1929.0 1.4195460
1932.0 1.3755316
1935.0 1.3742430
1938.0 1.3892535
1941.0 1.3508345
1944.0 1.3469529
1947.0 1.3461645
1950.0 1.3435717
1953.0 1.3630838
1956.0 1.3552817
1959.0 1.3305414
1962.0 1.3261734
1965.0 1.3510753
1968.0 1.3467436
1971.0 1.3357875
1974.0 1.3584691
1977.0 1.3183119
1980.0 1.3002772
1983.0 1.2811728
1986.0 1.2671651
1989.0 1.2559985
1992.0 1.2285118
1995.0 1.2220619
1998.0 1.2348741
2001.0 1.2442447
2004.0 1.2586235
2007.0 1.2962406
2010.0 1.2505442
2013.0 1.2315645
2016.0 1.2223976
2019.0 1.2150497
2022.0 1.1993917
2025.0 1.2263006
2028.0 1.2203053
2031.0 1.2274138
2034.0 1.2144452
2037.0 1.2166867
2040.0 1.2158620
2043.0 1.2421557
2046.0 1.2479100
2049.0 1.2674766
2052.0 1.3070064
2055.0 1.3585260
2058.0 1.2928364
2061.0 1.2421336
2064.0 1.2476814
2067.0 1.2269915
2070.0 1.1807485
2073.0 1.1924907
2076.0 1.1944432
2079.0 1.1598272
2082.0 1.1505568
2085.0 1.1236169
2088.0 1.1063566
2091.0 1.1346649
2094.0 1.1300892
2097.0 1.1127390
2100.0 1.1331490
2103.0 1.1034060
2106.0 1.0843552
2109.0 1.0825990
2112.0 1.0630982
2115.0 1.0442251
2118.0 1.0228677
2121.0 1.0344995
2124.0 1.0307542
2127.0 0.99976861
2130.0 1.0073655
2133.0 1.0223802
2136.0 1.0279678
2139.0 1.0073557
2142.0 1.0245798
2145.0 1.0488578
2148.0 1.0279686
2151.0 1.0491054
2154.0 1.0178490
2157.0 1.0190686
2160.0 1.0028182
2163.0 1.0145720
2166.0 1.0193599
2169.0 0.99816233
2172.0 1.0246408
2175.0 1.0062352
2178.0 0.99616712
2181.0 1.0037669
2184.0 0.98091245
2187.0 0.99053174
2190.0 0.98153317
2193.0 0.98692906
2196.0 0.99231207
2199.0 0.97790295
2202.0 0.96842122
2205.0 0.96461934
2208.0 0.95909590
2211.0 0.95220882
2214.0 0.95177776
2217.0 0.96400195
2220.0 0.96152866
2223.0 0.95954716
2226.0 0.94013697
2229.0 0.94265127
2232.0 0.98122048
2235.0 1.1048212
2238.0 1.1465104
2241.0 0.96794462
2244.0 0.93267506
2247.0 0.93152446
2250.0 0.91950715
2253.0 0.95154029
2256.0 0.92399353
2259.0 0.90279442
2262.0 0.90812486
2265.0 0.89694911
2268.0 0.88424623
2271.0 0.87409747
2274.0 0.86244649
2277.0 0.81479812
2280.0 0.82720625
2283.0 0.81091142
2286.0 0.84550852
2289.0 0.84266824
2292.0 0.83284354
2295.0 0.82377481
2298.0 0.81691980
2301.0 0.83701974
2304.0 0.81915247
2307.0 0.83207530
2310.0 0.84395474
2313.0 0.85709339
2316.0 0.89035112
2319.0 0.95744371
2322.0 0.99645919
2325.0 0.89475209
2328.0 0.83539176
2331.0 0.86454344
2334.0 0.87068087
2337.0 0.82452977
2340.0 0.80617875
2343.0 0.80664921
2346.0 0.79178584
2349.0 0.78641540
2352.0 0.77114540
2355.0 0.74816978
2358.0 0.72281647
2361.0 0.71716321
2364.0 0.73835367
2367.0 0.75973332
2370.0 0.76127058
2373.0 0.76912737
2376.0 0.78742248
2379.0 0.78741342
2382.0 0.78190517
2385.0 0.75523514
2388.0 0.75778383
2391.0 0.75321287
2394.0 0.72136980
2397.0 0.72997653
2400.0 0.70492977
2403.0 0.70439160
2406.0 0.69163436
2409.0 0.70612556
2412.0 0.71453053
2415.0 0.70095634
2418.0 0.67839891
2421.0 0.67713380
2424.0 0.67346054
2427.0 0.66500372
2430.0 0.68468505
2433.0 0.66977036
2436.0 0.68643945
2439.0 0.69954330
2442.0 0.74160498
2445.0 0.72961080
2448.0 0.72476238
2451.0 0.75620526
2454.0 0.76620537
2457.0 0.79233110
2460.0 0.84189969
2463.0 0.81664765
2466.0 0.77525026
2469.0 0.77080166
2472.0 0.73579490
2475.0 0.71687120
2478.0 0.70888716
2481.0 0.69651043
2484.0 0.67277664
2487.0 0.64642215
2490.0 0.63843566
2493.0 0.64095849
2496.0 0.65821588
2499.0 0.65246403
2502.0 0.64776438
2505.0 0.66156065
2508.0 0.63826865
2511.0 0.62975264
2514.0 0.64088839
2517.0 0.62577015
2520.0 0.61857939
2523.0 0.61716610
2526.0 0.61575764
2529.0 0.61812580
2532.0 0.62278348
2535.0 0.61948717
2538.0 0.61673623
2541.0 0.65074497
2544.0 0.64636248
2547.0 0.65573949
2550.0 0.64359140
2553.0 0.62764025
2556.0 0.61715651
2559.0 0.64436305
2562.0 0.64350945
2565.0 0.63846403
2568.0 0.66750807
2571.0 0.64933687
2574.0 0.66987252
2577.0 0.70584810
2580.0 0.69318479
2583.0 0.70689595
2586.0 0.71936989
2589.0 0.74831313
2592.0 0.79523331
2595.0 0.80348021
2598.0 0.84740078
2601.0 0.91661537
2604.0 0.94996524
2607.0 0.95339811
2610.0 0.88594162
2613.0 0.86957157
2616.0 0.86031443
2619.0 0.81805116
2622.0 0.78054160
2625.0 0.71438229
2628.0 0.69904101
2631.0 0.67080140
2634.0 0.65684754
2637.0 0.67308223
2640.0 0.65432167
2643.0 0.64279425
2646.0 0.64305377
2649.0 0.62764210
2652.0 0.62283498
2655.0 0.61921608
2658.0 0.58063889
2661.0 0.60014552
2664.0 0.59670538
2667.0 0.61154407
2670.0 0.59792632
2673.0 0.59495378
2676.0 0.62137723
2679.0 0.62998110
2682.0 0.65336567
2685.0 0.64351869
2688.0 0.63823521
2691.0 0.61392486
2694.0 0.64734077
2697.0 0.64839494
2700.0 0.65199929
2703.0 0.64693612
2706.0 0.67088526
2709.0 0.69904113
2712.0 0.69360089
2715.0 0.66476506
2718.0 0.64866191
2721.0 0.63256764
2724.0 0.63659227
2727.0 0.68303514
2730.0 0.66407734
2733.0 0.65558308
2736.0 0.68058282
2739.0 0.67446458
2742.0 0.62423611
2745.0 0.65748793
2748.0 0.68320531
2751.0 0.65342849
2754.0 0.64057630
2757.0 0.65029854
2760.0 0.62564087
2763.0 0.61070615
2766.0 0.61232615
2769.0 0.63144958
2772.0 0.65396410
2775.0 0.65316880
2778.0 0.63972384
2781.0 0.64728040
2784.0 0.62759763
2787.0 0.63762647
2790.0 0.61795491
2793.0 0.64993334
2796.0 0.61132658
2799.0 0.63076800
2802.0 0.60411406
2805.0 0.60937041
2808.0 0.61370289
2811.0 0.63350588
2814.0 0.57743049
2817.0 0.57581860
2820.0 0.54101777
2823.0 0.53383768
2826.0 0.52602881
2829.0 0.53853774
2832.0 0.53642517
2835.0 0.53447318
2838.0 0.52454275
2841.0 0.53214538
2844.0 0.53726602
2847.0 0.52563971
2850.0 0.50767356
2853.0 0.51185906
2856.0 0.51360375
2859.0 0.51058757
2862.0 0.51819849
2865.0 0.52443486
2868.0 0.53353947
2871.0 0.53117251
2874.0 0.52664608
2877.0 0.53654307
2880.0 0.55157810
2883.0 0.55157298
2886.0 0.55627447
2889.0 0.57672518
2892.0 0.61032164
2895.0 0.61277413
2898.0 0.65819573
2901.0 0.66383636
2904.0 0.68559176
2907.0 0.73633748
2910.0 0.76615453
2913.0 0.85662270
2916.0 0.93378216
2919.0 0.90369368
2922.0 0.84240484
2925.0 0.78179359
2928.0 0.73908359
2931.0 0.70189941
2934.0 0.65514469
2937.0 0.64305252
2940.0 0.63628185
2943.0 0.61375135
2946.0 0.57917041
2949.0 0.59608060
2952.0 0.57628250
2955.0 0.56709576
2958.0 0.55717689
2961.0 0.54184955
2964.0 0.53561068
2967.0 0.54920363
2970.0 0.54898363
2973.0 0.64740270
2976.0 0.70727766
2979.0 0.59085071
2982.0 0.52443844
2985.0 0.51024789
2988.0 0.50565982
2991.0 0.49292740
2994.0 0.52466720
2997.0 0.57284600
3000.0 0.69573230
3003.0 0.97958624
3006.0 0.97672802
3009.0 0.65641320
3012.0 0.55226403
3015.0 0.51888210
3018.0 0.50432897
3021.0 0.49214062
3024.0 0.48240033
3027.0 0.48242483
3030.0 0.47872397
3033.0 0.47911456
3036.0 0.47817668
3039.0 0.47008964
3042.0 0.46458298
3045.0 0.46429688
3048.0 0.44627407
3051.0 0.43683645
3054.0 0.45576164
3057.0 0.45139629
3060.0 0.45673436
3063.0 0.43806380
3066.0 0.44137987
3069.0 0.43496305
3072.0 0.44988152
3075.0 0.44171956
3078.0 0.43009156
3081.0 0.43969637
3084.0 0.43670213
3087.0 0.44974658
3090.0 0.45182145
3093.0 0.46965742
3096.0 0.47953987
3099.0 0.47251928
3102.0 0.45860088
3105.0 0.47850645
3108.0 0.45845136
3111.0 0.44683433
3114.0 0.44747719
3117.0 0.47246262
3120.0 0.46337366
3123.0 0.43872759
3126.0 0.44423732
3129.0 0.44807690
3132.0 0.45535082
3135.0 0.44771972
3138.0 0.45172206
3141.0 0.44970351
3144.0 0.45193401
3147.0 0.43520269
3150.0 0.44233674
3153.0 0.45644829
3156.0 0.43427321
3159.0 0.44630098
3162.0 0.44785994
3165.0 0.44433498
3168.0 0.44473073
3171.0 0.44769502
3174.0 0.44453397
3177.0 0.46137923
3180.0 0.44020697
3183.0 0.43071580
3186.0 0.47074258
3189.0 0.43918201
3192.0 0.45936444
3195.0 0.44751734
3198.0 0.43395722
3201.0 0.42758211
3204.0 0.42249525
3207.0 0.43491778
3210.0 0.41195887
3213.0 0.41537556
3216.0 0.41937861
3219.0 0.41461071
3222.0 0.39492860
3225.0 0.40194929
3228.0 0.41141805
3231.0 0.41032296
3234.0 0.39762741
3237.0 0.39887038
3240.0 0.39529735
3243.0 0.38743198
3246.0 0.39494690
3249.0 0.40275604
3252.0 0.39982340
3255.0 0.38984716
3258.0 0.38396713
3261.0 0.37802938
3264.0 0.39092761
3267.0 0.37671196
3270.0 0.40194866
3273.0 0.37865955
3276.0 0.38017255
3279.0 0.37409848
3282.0 0.37344950
3285.0 0.37280229
3288.0 0.37215677
3291.0 0.38046497
3294.0 0.38190860
3297.0 0.39047405
3300.0 0.38073596
3303.0 0.38166130
3306.0 0.36831993
3309.0 0.36768633
3312.0 0.37794706
3315.0 0.38891649
3318.0 0.38213488
3321.0 0.37260821
3324.0 0.38706088
3327.0 0.39305171
3330.0 0.37313479
3333.0 0.37715927
3336.0 0.36205998
3339.0 0.36144307
3342.0 0.36851916
3345.0 0.36225528
3348.0 0.39581925
3351.0 0.37768292
3354.0 0.36719763
3357.0 0.40976411
3360.0 0.40411931
3363.0 0.38568297
3366.0 0.37845495
3369.0 0.36113757
3372.0 0.36047068
3375.0 0.35416558
3378.0 0.36558396
3381.0 0.35297480
3384.0 0.35452431
3387.0 0.35179022
3390.0 0.35449049
3393.0 0.35061172
3396.0 0.35239831
3399.0 0.35094455
3402.0 0.34885544
3405.0 0.36084029
3408.0 0.35534438
3411.0 0.34711298
3414.0 0.34653509
3417.0 0.34595874
3420.0 0.34538385
3423.0 0.34481046
3426.0 0.34423855
3429.0 0.34366810
3432.0 0.35059628
3435.0 0.34253153
3438.0 0.34295815
3441.0 0.34140086
3444.0 0.34280571
3447.0 0.34039026
3450.0 0.33971551
3453.0 0.34287983
3456.0 0.34753078
3459.0 0.34905976
3462.0 0.34567970
3465.0 0.34496489
3468.0 0.34384596
3471.0 0.33897969
3474.0 0.34165081
3477.0 0.33929506
3480.0 0.33851930
3483.0 0.34593341
3486.0 0.36096093
3489.0 0.34313038
3492.0 0.35490575
3495.0 0.34792212
3498.0 0.35855439
3501.0 0.35002917
3504.0 0.36126119
3507.0 0.35537261
3510.0 0.35686877
3513.0 0.36712226
3516.0 0.35809800
3519.0 0.36481622
3522.0 0.37672406
3525.0 0.40547585
3528.0 0.39606923
3531.0 0.38829756
3534.0 0.39027950
3537.0 0.35576189
3540.0 0.34968638
3543.0 0.36585051
3546.0 0.35926229
3549.0 0.34664544
3552.0 0.34841561
3555.0 0.35022119
3558.0 0.35056886
3561.0 0.34428710
3564.0 0.35097221
3567.0 0.35807678
3570.0 0.33594131
3573.0 0.33942538
3576.0 0.33698741
3579.0 0.34769300
3582.0 0.32791364
3585.0 0.33133209
3588.0 0.33033487
3591.0 0.32905704
3594.0 0.33132806
3597.0 0.33057699
3600.0 0.32967597
3603.0 0.33257025
3606.0 0.32710344
3609.0 0.32428977
3612.0 0.31851372
3615.0 0.31816816
3618.0 0.31289792
3621.0 0.31889218
3624.0 0.31949824
3627.0 0.32309324
3630.0 0.32562652
3633.0 0.31313989
3636.0 0.31978795
3639.0 0.32930812
3642.0 0.32538593
3645.0 0.32854730
3648.0 0.33445752
3651.0 0.32889727
3654.0 0.33125454
3657.0 0.32462695
3660.0 0.34086075
3663.0 0.31334370
3666.0 0.30285299
3669.0 0.30737215
3672.0 0.30319616
3675.0 0.30476609
3678.0 0.30512166
3681.0 0.31104559
3684.0 0.31672719
3687.0 0.30227837
3690.0 0.31070805
3693.0 0.31904250
3696.0 0.30722055
3699.0 0.30202883
3702.0 0.29731700
3705.0 0.29686284
3708.0 0.29805532
3711.0 0.31558183
3714.0 0.30060849
3717.0 0.30231604
3720.0 0.29460809
3723.0 0.29528397
3726.0 0.29496664
3729.0 0.29969922
3732.0 0.29661182
3735.0 0.30331156
3738.0 0.30426472
3741.0 0.29729587
3744.0 0.29518887
3747.0 0.29468447
3750.0 0.30312034
3753.0 0.30116484
3756.0 0.29474655
3759.0 0.29254642
3762.0 0.29023337
3765.0 0.28877392
3768.0 0.29110619
3771.0 0.29359007
3774.0 0.30322772
3777.0 0.30733302
3780.0 0.31308460
3783.0 0.32297355
3786.0 0.30999914
3789.0 0.29474977
3792.0 0.29565427
3795.0 0.29254362
3798.0 0.28792563
3801.0 0.29236016
3804.0 0.30100143
3807.0 0.30410993
3810.0 0.29458961
3813.0 0.29682881
3816.0 0.30121186
3819.0 0.30659345
3822.0 0.31118578
3825.0 0.29579690
3828.0 0.29866979
3831.0 0.30415550
3834.0 0.30500731
3837.0 0.29846695
3840.0 0.29788116
3843.0 0.30224770
3846.0 0.30191463
3849.0 0.29856884
3852.0 0.30584458
3855.0 0.30265686
3858.0 0.30687281
3861.0 0.31415945
3864.0 0.30971387
3867.0 0.31867138
3870.0 0.31350842
3873.0 0.33473709
3876.0 0.33714902
3879.0 0.34590915
3882.0 0.35557687
3885.0 0.35406682
3888.0 0.36123028
3891.0 0.38141930
3894.0 0.38346025
3897.0 0.40008718
3900.0 0.41848564
3903.0 0.44408059
3906.0 0.47371888
3909.0 0.50948864
3912.0 0.55878055
3915.0 0.62035376
3918.0 0.69571334
3921.0 0.78449845
3924.0 0.91959125
3927.0 1.0802408
3930.0 1.2825621
3933.0 1.4865155
3936.0 1.7482367
3939.0 1.7962660
3942.0 1.5358121
3945.0 1.2780132
3948.0 1.1624913
3951.0 1.0946908
3954.0 0.94778997
3957.0 0.79941213
3960.0 0.72003496
3963.0 0.65663451
3966.0 0.59867889
3969.0 0.55450493
3972.0 0.52745169
3975.0 0.49374473
3978.0 0.45961291
3981.0 0.43124983
3984.0 0.40277001
3987.0 0.37841755
3990.0 0.37066749
3993.0 0.36297834
3996.0 0.34465572
3999.0 0.34236106
4002.0 0.33587000
4005.0 0.33618158
4008.0 0.34203345
4011.0 0.34100488
4014.0 0.33383533
4017.0 0.32294253
4020.0 0.33900028
4023.0 0.34763920
4026.0 0.35464603
4029.0 0.39046761
4032.0 0.38836628
4035.0 0.36198115
4038.0 0.36554974
4041.0 0.36988765
4044.0 0.35918531
4047.0 0.33141664
4050.0 0.30439451
4053.0 0.30134377
4056.0 0.29365140
4059.0 0.28468180
4062.0 0.28284279
4065.0 0.27490127
4068.0 0.26273856
4071.0 0.26122606
4074.0 0.26245463
4077.0 0.26194075
4080.0 0.24968021
4083.0 0.24729396
4086.0 0.24695477
4089.0 0.25480998
4092.0 0.26478788
4095.0 0.25424802
4098.0 0.25049922
4101.0 0.24971457
4104.0 0.24493083
4107.0 0.24459618
4110.0 0.24426226
4113.0 0.26069930
4116.0 0.25071597
4119.0 0.25245246
4122.0 0.24293387
4125.0 0.24260353
4128.0 0.24696860
4131.0 0.25482756
4134.0 0.25278416
4137.0 0.24678113
4140.0 0.24921395
4143.0 0.24938157
4146.0 0.24747220
4149.0 0.23998693
4152.0 0.23966298
4155.0 0.23933978
4158.0 0.24123125
4161.0 0.23869547
4164.0 0.23837438
4167.0 0.23805399
4170.0 0.24362832
4173.0 0.23741524
4176.0 0.23709689
4179.0 0.23677923
4182.0 0.23998474
4185.0 0.23614594
4188.0 0.23583034
4191.0 0.23551542
4194.0 0.23520117
4197.0 0.24149920
4200.0 0.23598337
4203.0 0.24893817
4206.0 0.23572136
4209.0 0.23566416
4212.0 0.23332977
4215.0 0.23302022
4218.0 0.24959946
4221.0 0.25892559
4224.0 0.24988505
4227.0 0.26840770
4230.0 0.24812494
4233.0 0.27913654
4236.0 0.26270816
4239.0 0.24269667
4242.0 0.27004817
4245.0 0.25151393
4248.0 0.24524266
4251.0 0.24723785
4254.0 0.23937434
4257.0 0.23594302
4260.0 0.22845539
4263.0 0.22815621
4266.0 0.23138359
4269.0 0.24000794
4272.0 0.22726254
4275.0 0.22696595
4278.0 0.22666994
4281.0 0.22637458
4284.0 0.24891450
4287.0 0.23116630
4290.0 0.22549221
4293.0 0.22519939
4296.0 0.22895002
4299.0 0.22735487
4302.0 0.22432442
4305.0 0.22403410
4308.0 0.23034249
4311.0 0.23743707
4314.0 0.25053641
4317.0 0.22287858
4320.0 0.24652845
4323.0 0.22294682
4326.0 0.23339745
4329.0 0.22173278
4332.0 0.23668990
4335.0 0.23041844
4338.0 0.22990030
4341.0 0.23441522
4344.0 0.24529247
4347.0 0.23363581
4350.0 0.21975084
4353.0 0.23450616
4356.0 0.25955942
4359.0 0.21891032
4362.0 0.21863133
4365.0 0.21898054
4368.0 0.21807505
4371.0 0.21779782
4374.0 0.21752112
4377.0 0.23876581
4380.0 0.23253313
4383.0 0.21669461
4386.0 0.21642028
4389.0 0.22797568
4392.0 0.24390823
4395.0 0.21560058
4398.0 0.21735831
4401.0 0.26561856
4404.0 0.22837201
4407.0 0.22634923
4410.0 0.21424589
4413.0 0.24339558
4416.0 0.26007301
4419.0 0.24837905
4422.0 0.27313378
4425.0 0.26733622
4428.0 0.28167701
4431.0 0.24476995
4434.0 0.25391883
4437.0 0.31264657
4440.0 0.28034797
4443.0 0.26897770
4446.0 0.24340522
4449.0 0.23516026
4452.0 0.29061466
4455.0 0.27713895
4458.0 0.26804900
4461.0 0.24960892
4464.0 0.22328778
4467.0 0.25228077
4470.0 0.20896600
4473.0 0.20870772
4476.0 0.20844993
4479.0 0.20819275
4482.0 0.20793609
4485.0 0.20767991
4488.0 0.20742436
4491.0 0.20716922
4494.0 0.20691466
4497.0 0.20666060
4500.0 0.20640713
4503.0 0.20615411
4506.0 0.20590164
4509.0 0.20564970
4512.0 0.20539828
4515.0 0.20514740
4518.0 0.20489699
4521.0 0.20464714
4524.0 0.20439778
4527.0 0.20414892
4530.0 0.20390062
4533.0 0.20365277
4536.0 0.20340550
4539.0 0.20315869
4542.0 0.20291238
4545.0 0.20266658
4548.0 0.20242129
4551.0 0.20217656
4554.0 0.20193224
4557.0 0.20168847
4560.0 0.20144525
4563.0 0.20120245
4566.0 0.20096019
4569.0 0.20071840
4572.0 0.20047711
4575.0 0.20023632
4578.0 0.19999604
4581.0 0.19975629
4584.0 0.19951700
4587.0 0.19927815
4590.0 0.19903980
4593.0 0.19880198
4596.0 0.19856463
4599.0 0.19832776
4602.0 0.19809140
4605.0 0.19785552
4608.0 0.19762009
4611.0 0.19738519
4614.0 0.19715077
4617.0 0.19691680
4620.0 0.19668327
4623.0 0.19645026
4626.0 0.19621775
4629.0 0.19598567
4632.0 0.19575410
4635.0 0.19552301
4638.0 0.19529231
4641.0 0.19506216
4644.0 0.19483247
4647.0 0.19460323
4650.0 0.19437446
4653.0 0.19414623
4656.0 0.19391835
4659.0 0.19369097
4662.0 0.19346410
4665.0 0.19323769
4668.0 0.19301170
4671.0 0.19278617
4674.0 0.19256109
4677.0 0.19233654
4680.0 0.19211243
4683.0 0.19188868
4686.0 0.19166549
4689.0 0.19144274
4692.0 0.19122040
4695.0 0.19099852
4698.0 0.19077717
4701.0 0.19055614
4704.0 0.19033572
4707.0 0.19011565
4710.0 0.18989600
4713.0 0.18967687
4716.0 0.18945810
4719.0 0.18923990
4722.0 0.18902205
4725.0 0.18880466
4728.0 0.18858768
4731.0 0.18837118
4734.0 0.18815517
4737.0 0.18793951
4740.0 0.18772434
4743.0 0.18750958
4746.0 0.18729524
4749.0 0.18708140
4752.0 0.18686797
4755.0 0.18665494
4758.0 0.18644238
4761.0 0.18623024
4764.0 0.18601853
4767.0 0.18580727
4770.0 0.18559638
4773.0 0.18538593
4776.0 0.18517597
4779.0 0.18496636
4782.0 0.18475725
4785.0 0.18454853
4788.0 0.18434025
4791.0 0.18413234
4794.0 0.18392493
4797.0 0.18371791
4800.0 0.18351126
4803.0 0.18330508
4806.0 0.18309933
4809.0 0.18289393
4812.0 0.18268906
4815.0 0.18248454
4818.0 0.18228042
4821.0 0.18207671
4824.0 0.18187343
4827.0 0.18167058
4830.0 0.18146808
4833.0 0.18126610
4836.0 0.18106443
4839.0 0.18086325
4842.0 0.18066239
4845.0 0.18046199
4848.0 0.18026203
4851.0 0.18006241
4854.0 0.17986318
4857.0 0.17966445
4860.0 0.17946602
4863.0 0.17926805
4866.0 0.17907046
4869.0 0.17887332
4872.0 0.17867658
4875.0 0.17848016
4878.0 0.17828414
4881.0 0.17808861
4884.0 0.17789339
4887.0 0.17769861
4890.0 0.17750417
4893.0 0.17731017
4896.0 0.17711662
4899.0 0.17692344
4902.0 0.17673053
4905.0 0.17653815
4908.0 0.17634609
4911.0 0.17615443
4914.0 0.17596315
4917.0 0.17577232
4920.0 0.17558183
4923.0 0.17539167
4926.0 0.17520200
4929.0 0.17501265
4932.0 0.17482366
4935.0 0.17463516
4938.0 0.17444699
4941.0 0.17425917
4944.0 0.17407173
4947.0 0.17388469
4950.0 0.17369808
4953.0 0.17351177
4956.0 0.17332588
4959.0 0.17314035
4962.0 0.17295521
4965.0 0.17277043
4968.0 0.17258604
4971.0 0.17240201
4974.0 0.17221838
4977.0 0.17203507
4980.0 0.17185219
4983.0 0.17166971
4986.0 0.17148753
4989.0 0.17130573
4992.0 0.17112429
4995.0 0.17094325
4998.0 0.17076258
5001.0 0.17058228
5004.0 0.17040230
5007.0 0.17022273
5010.0 0.17004351
5013.0 0.16986465
5016.0 0.16968617
5019.0 0.16950798
5022.0 0.16933025
5025.0 0.16915286
5028.0 0.16897583
5031.0 0.16879916
5034.0 0.16862284
5037.0 0.16844685
5040.0 0.16827126
5043.0 0.16809598
5046.0 0.16792110
5049.0 0.16774656
5052.0 0.16757235
5055.0 0.16739859
5058.0 0.16722511
5061.0 0.16705199
5064.0 0.16687921
5067.0 0.16670680
5070.0 0.16653475
5073.0 0.16636303
5076.0 0.16619168
5079.0 0.16602066
5082.0 0.16585000
5085.0 0.16567965
5088.0 0.16550975
5091.0 0.16534013
5094.0 0.16517083
5097.0 0.16500187
5100.0 0.16483334
5103.0 0.16466509
5106.0 0.16449715
5109.0 0.16432962
5112.0 0.16416244
5115.0 0.16399552
5118.0 0.16382901
5121.0 0.16366285
5124.0 0.16349697
5127.0 0.16333149
5130.0 0.16316634
5133.0 0.16300148
5136.0 0.16283700
5139.0 0.16267285
5142.0 0.16250901
5145.0 0.16234554
5148.0 0.16218233
5151.0 0.16201955
5154.0 0.16185704
5157.0 0.16169488
5160.0 0.16153307
5163.0 0.16137159
5166.0 0.16121048
5169.0 0.16104963
5172.0 0.16088913
5175.0 0.16072895
5178.0 0.16056912
5181.0 0.16040960
5184.0 0.16025040
5187.0 0.16009156
5190.0 0.15993303
5193.0 0.15977485
5196.0 0.15961699
5199.0 0.15945944
5202.0 0.15930219
5205.0 0.15914527
5208.0 0.15898870
5211.0 0.15883243
5214.0 0.15867652
5217.0 0.15852086
5220.0 0.15836559
5223.0 0.15821058
5226.0 0.15805592
5229.0 0.15790160
5232.0 0.15774755
5235.0 0.15759383
5238.0 0.15744050
5241.0 0.15728742
5244.0 0.15713465
5247.0 0.15698217
5250.0 0.15683009
5253.0 0.15667829
5256.0 0.15652674
5259.0 0.15637559
5262.0 0.15622471
5265.0 0.15607414
5268.0 0.15592390
5271.0 0.15577397
5274.0 0.15562437
5277.0 0.15547502
5280.0 0.15532602
5283.0 0.15517734
5286.0 0.15502894
5289.0 0.15488087
5292.0 0.15473306
5295.0 0.15458558
5298.0 0.15443847
5301.0 0.15429159
5304.0 0.15414503
5307.0 0.15399876
5310.0 0.15385281
5313.0 0.15370721
5316.0 0.15356183
5319.0 0.15341680
5322.0 0.15327208
5325.0 0.15312764
5328.0 0.15298349
5331.0 0.15283966
5334.0 0.15269613
5337.0 0.15255292
5340.0 0.15240997
5343.0 0.15226734
5346.0 0.15212502
5349.0 0.15198292
5352.0 0.15184119
5355.0 0.15169975
5358.0 0.15155858
5361.0 0.15141772
5364.0 0.15127717
5367.0 0.15113690
5370.0 0.15099691
5373.0 0.15085725
5376.0 0.15071782
5379.0 0.15057874
5382.0 0.15043992
5385.0 0.15030137
5388.0 0.15016314
5391.0 0.15002522
5394.0 0.14988756
5397.0 0.14975026
5400.0 0.14961313
5403.0 0.14947636
5406.0 0.14933991
5409.0 0.14920367
5412.0 0.14906774
5415.0 0.14893210
5418.0 0.14879675
5421.0 0.14866169
5424.0 0.14852691
5427.0 0.14839239
5430.0 0.14825819
5433.0 0.14812426
5436.0 0.14799061
5439.0 0.14785723
5442.0 0.14772420
5445.0 0.14759137
5448.0 0.14745884
5451.0 0.14732659
5454.0 0.14719462
5457.0 0.14706296
5460.0 0.14693156
5463.0 0.14680041
5466.0 0.14666958
5469.0 0.14653900
5472.0 0.14640869
5475.0 0.14627868
5478.0 0.14614896
5481.0 0.14601950
5484.0 0.14589025
5487.0 0.14576139
5490.0 0.14563274
5493.0 0.14550439
5496.0 0.14537627
5499.0 0.14524843
5502.0 0.14512092
5505.0 0.14499363
5508.0 0.14486663
5511.0 0.14473990
5514.0 0.14461342
5517.0 0.14448723
5520.0 0.14436129
5523.0 0.14423567
5526.0 0.14411023
5529.0 0.14398514
5532.0 0.14386030
5535.0 0.14373572
5538.0 0.14361140
5541.0 0.14348732
5544.0 0.14336355
5547.0 0.14324005
5550.0 0.14311682
5553.0 0.14299384
5556.0 0.14287107
5559.0 0.14274862
5562.0 0.14262645
5565.0 0.14250451
5568.0 0.14238282
5571.0 0.14226142
5574.0 0.14214028
5577.0 0.14201939
5580.0 0.14189875
5583.0 0.14177839
5586.0 0.14165831
5589.0 0.14153843
5592.0 0.14141890
5595.0 0.14129959
5598.0 0.14118049
5601.0 0.14106169
5604.0 0.14094311
5607.0 0.14082484
5610.0 0.14070678
5613.0 0.14058901
5616.0 0.14047146
5619.0 0.14035420
5622.0 0.14023723
5625.0 0.14012043
5628.0 0.14000392
5631.0 0.13988768
5634.0 0.13977171
5637.0 0.13965592
5640.0 0.13954045
5643.0 0.13942520
5646.0 0.13931017
5649.0 0.13919546
5652.0 0.13908097
5655.0 0.13896672
5658.0 0.13885275
5661.0 0.13873902
5664.0 0.13862553
5667.0 0.13851230
5670.0 0.13839930
5673.0 0.13828653
5676.0 0.13817404
5679.0 0.13806179
5682.0 0.13794981
5685.0 0.13783805
5688.0 0.13772653
5691.0 0.13761526
5694.0 0.13750426
5697.0 0.13739349
5700.0 0.13728294
5703.0 0.13717268
5706.0 0.13706265
5709.0 0.13695282
5712.0 0.13684331
5715.0 0.13673398
5718.0 0.13662492
5721.0 0.13651608
5724.0 0.13640749
5727.0 0.13629916
5730.0 0.13619106
5733.0 0.13608317
5736.0 0.13597552
5739.0 0.13586816
5742.0 0.13576099
5745.0 0.13565409
5748.0 0.13554743
5751.0 0.13544104
5754.0 0.13533482
5757.0 0.13522884
5760.0 0.13512312
5763.0 0.13501765
5766.0 0.13491237
5769.0 0.13480741
5772.0 0.13470258
5775.0 0.13459806
5778.0 0.13449375
5781.0 0.13438967
5784.0 0.13428584
5787.0 0.13418223
5790.0 0.13407888
5793.0 0.13397573
5796.0 0.13387282
5799.0 0.13377012
5802.0 0.13366771
5805.0 0.13356546
5808.0 0.13346347
5811.0 0.13336173
5814.0 0.13326021
5817.0 0.13315891
5820.0 0.13305788
5823.0 0.13295704
5826.0 0.13285640
5829.0 0.13275604
5832.0 0.13265587
5835.0 0.13255595
5838.0 0.13245626
5841.0 0.13235679
5844.0 0.13225755
5847.0 0.13215856
5850.0 0.13205975
5853.0 0.13196117
5856.0 0.13186283
5859.0 0.13176470
5862.0 0.13166685
5865.0 0.13156919
5868.0 0.13147174
5871.0 0.13137451
5874.0 0.13127752
5877.0 0.13118073
5880.0 0.13108419
5883.0 0.13098787
5886.0 0.13089176
5889.0 0.13079584
5892.0 0.13070017
5895.0 0.13060473
5898.0 0.13050953
5901.0 0.13041450
5904.0 0.13031970
5907.0 0.13022515
5910.0 0.13013080
5913.0 0.13003668
5916.0 0.12994274
5919.0 0.12984906
5922.0 0.12975560
5925.0 0.12966233
5928.0 0.12956928
5931.0 0.12947644
5934.0 0.12938386
5937.0 0.12929146
5940.0 0.12919927
5943.0 0.12910731
5946.0 0.12901555
5949.0 0.12892401
5952.0 0.12883265
5955.0 0.12874156
5958.0 0.12865067
5961.0 0.12855998
5964.0 0.12846953
5967.0 0.12837929
5970.0 0.12828924
5973.0 0.12819935
5976.0 0.12810975
5979.0 0.12802036
5982.0 0.12793113
5985.0 0.12784213
5988.0 0.12775338
5991.0 0.12766477
5994.0 0.12757643
5997.0 0.12748829
6000.0 0.12740035
