300.0 0.0
310.0 0.0000000
313.1 0.0000000
316.2 0.0000000
319.3 0.0000000
322.4 0.0000000
325.5 0.0000000
328.6 0.0000000
331.7 0.0000000
334.8 0.0000000
337.9 0.0000000
341.0 0.0000000
344.1 0.0000000
347.2 0.0000000
350.3 0.0000000
353.4 0.0000000
356.5 0.0000000
359.6 0.0000000
362.7 0.0000000
365.8 0.0000000
368.9 0.0000000
372.0 0.0000000
375.1 0.0000000
378.2 0.0000000
381.3 0.0000000
384.4 0.0000000
387.5 0.0000000
390.6 0.0000000
393.7 0.0000000
396.8 0.0000000
399.89998 0.0000000
402.99998 0.0000000
406.09998 0.0000000
409.19998 0.0000000
412.3 0.0000000
415.4 0.0000000
418.5 0.0000000
421.6 0.0000000
424.7 0.0000000
427.8 0.0000000
430.9 0.0000000
434.0 0.0000000
437.1 0.0000000
440.2 0.0000000
443.3 0.0000000
446.4 0.0000000
449.5 0.0000000
452.6 0.0000000
455.7 0.0000000
458.8 0.0000000
461.9 0.0000000
465.0 0.0000000
468.1 0.0000000
471.2 0.0000000
474.3 0.0000000
477.4 0.0000000
480.5 0.0000000
483.6 0.0000000
486.7 0.0000000
489.8 0.0000000
492.9 0.0000000
496.0 0.0000000
499.1 0.0000000
502.2 0.0000000
505.3 0.0000000
508.4 0.0000000
511.5 0.0000000
514.6 0.0000000
517.7 0.0000000
520.8 0.0000000
523.9 0.0000000
527.0 0.0000000
530.1 0.0000000
533.2 0.0000000
536.3 0.0000000
539.4 0.0000000
542.5 0.0000000
545.6 0.0000000
548.7 0.0000000
551.8 0.0000000
554.9 0.0000000
558.0 0.0000000
561.1 0.0000000
564.2 0.0000000
567.3 6.81344122E-02
570.4 6.61612675E-02
573.5 6.41969219E-02
576.6 6.22482747E-02
579.7 6.03154190E-02
582.8 5.83950989E-02
585.9 5.64856455E-02
589.0 5.45927808E-02
592.1 5.27180992E-02
595.2 5.08651361E-02
598.3 4.90358807E-02
601.4 4.72326651E-02
604.5 7.57724866E-02
607.6 7.36881718E-02
610.7 7.16100633E-02
613.8 6.95405826E-02
616.9 6.74809068E-02
620.0 7.17703849E-02
623.1 7.28864372E-02
626.2 7.05580860E-02
629.3 7.35582784E-02
632.4 7.82764032E-02
635.5 8.46010968E-02
638.6 0.22129032
641.7 0.22640926
644.8 0.19289041
647.9 0.16172159
651.0 0.15272394
654.1 0.14956534
657.2 0.15092485
660.3 0.15433453
663.4 0.15133055
666.5 0.13754995
669.6 0.13972546
672.7 0.12579915
675.8 0.11522654
678.9 0.10730976
682.0 0.10414139
685.1 0.10649473
688.2 0.10290142
691.3 0.10577724
694.4 0.10978065
697.5 0.10757451
700.6 9.66826975E-02
703.7 9.43747610E-02
706.8 8.67854729E-02
709.9 8.82521570E-02
713.0 8.79931003E-02
716.1 8.52850154E-02
719.2 8.51166621E-02
722.3 8.79481807E-02
725.4 9.15666744E-02
728.5 9.88720655E-02
731.6 0.10287347
734.7 0.10825800
737.8 0.11597776
740.9 0.12852713
744.0 0.14641887
747.1 0.17544873
750.2 0.21808794
753.3 0.29669014
756.4 1.3700882
759.5 1.1116948
762.6 1.0401878
765.7 1.0430291
768.8 0.98012924
771.9 0.78708082
775.0 0.68165928
778.1 0.64301038
781.2 0.61720014
784.3 0.57885426
787.4 0.53013283
790.5 0.49813703
793.6 0.48806810
796.69995 0.49077395
799.79995 0.50014442
802.89995 0.50496018
805.99995 0.54466265
809.09995 0.55474532
812.19995 0.53236026
815.29995 0.48644096
818.39995 0.49091935
821.5 0.48777601
824.6 0.50079608
827.7 0.51075548
830.8 0.50583601
833.9 0.48891264
837.0 0.48365858
840.1 0.50029463
843.2 0.49845082
846.3 0.50804245
849.4 0.50272942
852.5 0.51575589
855.6 0.54658312
858.7 0.57865667
861.8 0.62265831
864.9 0.63568687
868.0 0.64626783
871.1 0.58909923
874.2 0.55134600
877.3 0.52349287
880.4 0.51200145
883.5 0.51089847
886.6 0.48894024
889.7 0.48385310
892.8 0.48205855
895.9 0.47955379
899.0 0.48924556
902.1 0.48561892
905.2 0.47631970
908.3 0.49167198
911.4 0.48421460
914.5 0.49281487
917.6 0.50566465
920.7 0.51420391
923.8 0.52780628
926.9 0.52811527
930.0 0.54596305
933.1 0.55917370
936.2 0.57391149
939.3 0.59677327
942.4 0.64249974
945.5 0.70351267
948.6 0.77356094
951.7 0.86246085
954.8 0.97289592
957.9 1.0391926
961.0 0.94492900
964.1 0.80300653
967.2 0.69511676
970.3 0.63909787
973.4 0.61131835
976.5 0.59573084
979.6 0.56844544
982.7 0.56728715
985.8 0.55104446
988.9 0.56269813
992.0 0.56499165
995.1 0.56377649
998.2 0.57068640
1001.3 0.56428206
1004.4 0.57352185
1007.5 0.58219099
1010.6 0.58383495
1013.7 0.59708583
1016.8 0.57469600
1019.9 0.57143587
1023.0 0.56464684
1026.1 0.57453287
1029.2 0.57775664
1032.3 0.57015300
1035.4 0.54190218
1038.5 0.52499962
1041.6 0.51820201
1044.7 0.50922650
1047.8 0.51063806
1050.9 0.50983590
1054.0 0.50943631
1057.1 0.51804495
1060.2 0.51699293
1063.3 0.52586621
1066.4 0.52888817
1069.5 0.52850300
1072.6 0.52300006
1075.7 0.53019458
1078.8 0.53314072
1081.9 0.54816997
1085.0 0.53994256
1088.1 0.53182715
1091.2 0.50898868
1094.3 0.51721358
1097.4 0.52016848
1100.5 0.51384330
1103.6 0.53183490
1106.7 0.53751546
1109.8 0.52399784
1112.9 0.51567686
1116.0 0.51696879
1119.1 0.51758271
1122.2 0.51795763
1125.3 0.52516681
1128.4 0.51659673
1131.5 0.51557094
1134.6 0.52277946
1137.7 0.52280277
1140.8 0.53638005
1143.9 0.53469831
1147.0 0.56993771
1150.1 0.56865108
1153.2 0.57511783
1156.3 0.56708127
1159.4 0.56899089
1162.5 0.57490164
1165.6 0.60117990
1168.7 0.64762276
1171.8 0.68997777
1174.9 0.72471738
1178.0 0.73853934
1181.1 0.77823830
1184.2 0.74515247
1187.3 0.68211299
1190.4 0.62465066
1193.5 0.58665061
1196.6 0.56918901
1199.7 0.55136156
1202.8 0.53460234
1205.9 0.52186012
1209.0 0.51862448
1212.1 0.50001705
1215.2 0.49303839
1218.3 0.49001619
1221.4 0.49564674
1224.5 0.49861711
1227.6 0.48796979
1230.7 0.49081036
1233.8 0.49424583
1236.9 0.49921840
1240.0 0.48767149
1243.1 0.49381474
1246.2 0.50618088
1249.3 0.47958145
1252.4 0.49308580
1255.5 0.49706852
1258.6 0.49440363
1261.7 0.49944109
1264.8 0.49233386
1267.9 0.48660576
1271.0 0.50093371
1274.1 0.52203459
1277.2 0.51252449
1280.3 0.52624720
1283.4 0.52266186
1286.5 0.52490604
1289.6 0.52278405
1292.7 0.53034920
1295.8 0.52966428
1298.9 0.52916425
1302.0 0.51309425
1305.1 0.50558639
1308.2 0.51297015
1311.3 0.52110702
1314.4 0.49987549
1317.5 0.52484804
1320.6 0.50740004
1323.7 0.52034158
1326.8 0.51639557
1329.9 0.52771956
1333.0 0.50357258
1336.1 0.51180393
1339.2 0.51209176
1342.3 0.52182156
1345.4 0.49673793
1348.5 0.50330335
1351.6 0.51363391
1354.7 0.49152866
1357.8 0.50139505
1360.9 0.48694047
1364.0 0.47405553
1367.1 0.47413811
1370.2 0.47421604
1373.3 0.47790176
1376.4 0.48137265
1379.5 0.48265257
1382.6 0.47646600
1385.7 0.47453457
1388.8 0.47458422
1391.9 0.47462982
1395.0 0.48108941
1398.1 0.48075771
1401.2 0.48830101
1404.3 0.49170566
1407.4 0.49196663
1410.5 0.49600059
1413.6 0.50102419
1416.7 0.51054531
1419.8 0.52245319
1422.9 0.51883996
1426.0 0.53300613
1429.1 0.53958011
1432.2 0.54456735
1435.3 0.54804045
1438.4 0.55239028
1441.5 0.55978203
1444.6 0.56307429
1447.7 0.55590957
1450.8 0.55143946
1453.9 0.53951311
1457.0 0.53857189
1460.1 0.52857149
1463.2 0.53668064
1466.3 0.53046703
1469.4 0.52742463
1472.5 0.52926075
1475.6 0.52635878
1478.7 0.52795768
1481.8 0.52947712
1484.9 0.53590900
1488.0 0.54882216
1491.1 0.54076874
1494.2 0.56057739
1497.3 0.57478005
1500.4 0.59217167
1503.5 0.59077418
1506.6 0.57434332
1509.7 0.57180214
1512.8 0.57395381
1515.9 0.56123608
1519.0 0.55109686
1522.1 0.54828489
1525.2 0.54645389
1528.3 0.55722874
1531.4 0.56888604
1534.5 0.57145572
1537.6 0.56807142
1540.7 0.56983232
1543.8 0.56657654
1546.9 0.56977081
1550.0 0.56429791
1553.1 0.56227630
1556.2 0.56325513
1559.3 0.56098503
1562.4 0.55422682
1565.5 0.54654151
1568.6 0.55197221
1571.7 0.55413204
1574.8 0.55470663
1577.9 0.54967153
1581.0 0.54572833
1584.1 0.54462314
1587.2 0.54223973
1590.2999 0.54046166
1593.3999 0.53615505
1596.4999 0.52924621
1599.5999 0.53224778
1602.6999 0.53261703
1605.7999 0.52704614
1608.8999 0.51356971
1611.9999 0.52708977
1615.0999 0.52974874
1618.1999 0.52684987
1621.2999 0.52715033
1624.3999 0.53200275
1627.4999 0.52248698
1630.5999 0.52298021
1633.6999 0.51307642
1636.7999 0.50534254
1639.9 0.48588100
1643.0 0.48392743
1646.1 0.48340106
1649.2 0.47895119
1652.3 0.49225786
1655.4 0.49972346
1658.5 0.50109458
1661.6 0.49063888
1664.7 0.49594221
1667.8 0.49840820
1670.9 0.50541180
1674.0 0.50578231
1677.1 0.51779759
1680.2 0.53315181
1683.3 0.53815114
1686.4 0.53156149
1689.5 0.54816180
1692.6 0.55579340
1695.7 0.55558145
1698.8 0.55877310
1701.9 0.58172846
1705.0 0.59635478
1708.1 0.59361804
1711.2 0.60526621
1714.3 0.59183502
1717.4 0.60699439
1720.5 0.62815505
1723.6 0.68089455
1726.7 0.74269468
1729.8 0.83864069
1732.9 0.93658108
1736.0 0.96705127
1739.1 0.91842008
1742.2 0.81391442
1745.3 0.72452080
1748.4 0.66910040
1751.5 0.64185286
1754.6 0.62043077
1757.7 0.60390878
1760.8 0.59095645
1763.9 0.57853121
1767.0 0.57474858
1770.1 0.56342202
1773.2 0.55363369
1776.3 0.54238862
1779.4 0.53614700
1782.5 0.53478229
1785.6 0.51972896
1788.7 0.52098322
1791.8 0.50827926
1794.9 0.50520563
1798.0 0.50488669
1801.1 0.48428869
1804.2 0.49178302
1807.3 0.49169374
1810.4 0.49914378
1813.5 0.51308072
1816.6 0.51813567
1819.7 0.52015752
1822.8 0.51998806
1825.9 0.52385652
1829.0 0.51696157
1832.1 0.51849324
1835.2 0.52562410
1838.3 0.51812178
1841.4 0.52013218
1844.5 0.51104540
1847.6 0.51437855
1850.7 0.50222820
1853.8 0.49402690
1856.9 0.48541319
1860.0 0.48125497
1863.1 0.46995434
1866.2 0.46543762
1869.3 0.45293167
1872.4 0.44441247
1875.5 0.44284087
1878.6 0.44726056
1881.7 0.44165355
1884.8 0.45132285
1887.9 0.45391726
1891.0 0.45558393
1894.1 0.45576134
1897.2 0.45638311
1900.3 0.46566969
1903.4 0.46108180
1906.5 0.47042289
1909.6 0.47014171
1912.7 0.46852177
1915.8 0.46365467
1918.9 0.46861091
1922.0 0.46553779
1925.1 0.47569057
1928.2 0.48799095
1931.3 0.48953763
1934.4 0.50936669
1937.5 0.51373875
1940.6 0.51377225
1943.7 0.50697929
1946.8 0.50673842
1949.9 0.48831066
1953.0 0.49937832
1956.1 0.49470490
1959.2 0.49401113
1962.3 0.50042915
1965.4 0.51386732
1968.5 0.51460725
1971.6 0.52129006
1974.7 0.52478474
1977.8 0.52910012
1980.9 0.52414507
1984.0 0.52692199
1987.1 0.51931542
1990.2 0.52541167
1993.3 0.51915574
1996.4 0.50396281
1999.5 0.50439286
2002.6 0.51081324
2005.7 0.49757087
2008.8 0.49702060
2011.9 0.49760830
2015.0 0.49752501
2018.1 0.50563711
2021.2 0.50362253
2024.3 0.49529156
2027.4 0.49452421
2030.5 0.50468361
2033.6 0.50393432
2036.7 0.50069529
2039.8 0.51007104
2042.9 0.49584004
2046.0 0.48989028
2049.1 0.48351261
2052.2 0.47903687
2055.3 0.47561717
2058.4 0.46599165
2061.5 0.46432284
2064.6 0.46997479
2067.7 0.47433063
2070.8 0.48060960
2073.9 0.49579307
2077.0 0.47910482
2080.1 0.47260928
2083.2 0.46986139
2086.3 0.46780029
2089.4 0.46252480
2092.5 0.47366950
2095.6 0.47211733
2098.7 0.47563431
2101.8 0.47136548
2104.9 0.47299305
2108.0 0.47342825
2111.1 0.48443726
2114.2 0.48745537
2117.3 0.49588224
2120.4 0.51215464
2123.5 0.53318089
2126.6 0.50819588
2129.7 0.48902902
2132.8 0.49197876
2135.9 0.48457292
2139.0 0.46703291
2142.1 0.47240606
2145.2 0.47390798
2148.3 0.46087962
2151.4 0.45789573
2154.5 0.44785631
2157.6 0.44164777
2160.7 0.45363432
2163.8 0.45248777
2166.9 0.44621253
2170.0 0.45507988
2173.1 0.44379839
2176.2 0.43678680
2179.3 0.43672851
2182.4 0.42949790
2185.5 0.42249736
2188.6 0.41446629
2191.7 0.41979617
2194.8 0.41888940
2197.9 0.40689126
2201.0 0.41058043
2204.1 0.41730505
2207.2 0.42019346
2210.3 0.41236222
2213.4 0.42001671
2216.5 0.43058664
2219.6 0.42261478
2222.7 0.43192008
2225.8 0.41964754
2228.9 0.42074564
2232.0 0.41462216
2235.1 0.42007324
2238.2 0.42264831
2241.3 0.41443920
2244.4 0.42602757
2247.5 0.41895732
2250.6 0.41534209
2253.7 0.41908970
2256.8 0.41011342
2259.9 0.41470528
2263.0 0.41150126
2266.1 0.41433007
2269.2 0.41715825
2272.3 0.41166013
2275.4 0.40822127
2278.5 0.40716833
2281.6 0.40538347
2284.7 0.40301305
2287.8 0.40337098
2290.9 0.40909755
2294.0 0.40859169
2297.1 0.40829161
2300.2 0.40056276
2303.3 0.40216437
2306.4 0.41917115
2309.5 0.47259250
2312.6 0.49106768
2315.7 0.41512677
2318.8 0.40052101
2321.9 0.40054667
2325.0 0.39589098
2328.1 0.41021219
2331.2 0.39884937
2334.3 0.39019877
2337.4 0.39300507
2340.5 0.38866410
2343.6 0.38364753
2346.7 0.37972572
2349.8 0.37513798
2352.9 0.35485983
2356.0 0.36071745
2359.1 0.35405511
2362.2 0.36962292
2365.3 0.36884111
2368.4 0.36499402
2371.5 0.36146784
2374.6 0.35890305
2377.7 0.36818767
2380.8 0.36077178
2383.9 0.36691248
2387.0 0.37260631
2390.1 0.37886885
2393.2 0.39404899
2396.3 0.42425692
2399.4 0.44207942
2402.5 0.39743596
2405.6 0.37151536
2408.7 0.38494083
2411.8 0.38813785
2414.9 0.36800262
2418.0 0.36024067
2421.1 0.36087820
2424.2 0.35464785
2427.3 0.35265815
2430.4 0.34621736
2433.5 0.33629677
2436.6 0.32528070
2439.7 0.32311353
2442.8 0.33304816
2445.9 0.34308967
2449.0 0.34418175
2452.1 0.34813580
2455.2 0.35682687
2458.3 0.35723260
2461.4 0.35513988
2464.5 0.34341800
2467.6 0.34496969
2470.7 0.34327850
2473.8 0.32913837
2476.9 0.33344153
2480.0 0.32236364
2483.1 0.32247961
2486.2 0.31699401
2489.3 0.32399723
2492.4 0.32821947
2495.5 0.32234213
2498.6 0.31231466
2501.7 0.31207716
2504.8 0.31072664
2507.9 0.30716214
2511.0 0.31660002
2514.1 0.31004238
2517.2 0.31810522
2520.3 0.32453024
2523.4 0.34441686
2526.5 0.33921373
2529.6 0.33732364
2532.7 0.35233700
2535.8 0.35737947
2538.9 0.36996123
2542.0 0.39352602
2545.1 0.38212961
2548.2 0.36314434
2551.3 0.36144358
2554.4 0.34539309
2557.5 0.33686474
2560.6 0.33346343
2563.7 0.32798502
2566.8 0.31714052
2569.9 0.30503526
2573.0 0.30157995
2576.1 0.30308601
2579.2 0.31156901
2582.3 0.30916536
2585.4 0.30725452
2588.5 0.31412098
2591.6 0.30337244
2594.7 0.29963079
2597.8 0.30523986
2600.9 0.29834256
2604.0 0.29521322
2607.1 0.29483682
2610.2 0.29446119
2613.3 0.29589126
2616.4 0.29841986
2619.5 0.29713818
2622.6 0.29611391
2625.7 0.31275389
2628.8 0.31095651
2631.9 0.31578025
2635.0 0.31023678
2638.1 0.30284646
2641.2 0.29808092
2644.3 0.31152651
2647.4 0.31141886
2650.5 0.30927855
2653.6 0.32366309
2656.7 0.31515816
2659.8 0.32544053
2662.9 0.34324980
2666.0 0.33741689
2669.1 0.34442171
2672.2 0.35083568
2675.3 0.36530069
2678.4 0.38857618
2681.5 0.39297983
2684.6 0.41485506
2687.7 0.44916514
2690.8 0.46594757
2693.9 0.46807232
2697.0 0.43536359
2700.1 0.42772013
2703.2 0.42356288
2706.3 0.40313134
2709.4 0.38500509
2712.5 0.35269916
2715.6 0.34544492
2718.7 0.33179629
2721.8 0.32519400
2724.9 0.33353814
2728.0 0.32453918
2731.1 0.31911358
2734.2 0.31953403
2737.3 0.31216007
2740.4 0.31005085
2743.5 0.30852881
2746.6 0.28956917
2749.7 0.29956737
2752.8 0.29811832
2755.9 0.30580616
2759.0 0.29926434
2762.1 0.29804271
2765.2 0.31155708
2768.3 0.31615198
2771.4 0.32817826
2774.5 0.32351834
2777.6 0.32114545
2780.7 0.30918515
2783.8 0.32630056
2786.9 0.32711846
2790.0 0.32922450
2793.1 0.32695287
2796.2 0.33935156
2799.3 0.35390058
2802.4 0.35145056
2805.5 0.33713037
2808.6 0.32924739
2811.7 0.32135448
2814.8 0.32367653
2817.9 0.34758773
2821.0 0.33822891
2824.1 0.33418715
2827.2 0.34722576
2830.3 0.34439611
2833.4 0.31901798
2836.5 0.33629504
2839.6 0.34974340
2842.7 0.33478111
2845.8 0.32847142
2848.9 0.33373550
2852.0 0.32134891
2855.1 0.31393903
2858.2 0.31503314
2861.3 0.32514095
2864.4 0.33701226
2867.5 0.33687994
2870.6 0.33021685
2873.7 0.33439171
2876.8 0.32448882
2879.9 0.32994333
2883.0 0.32002479
2886.1 0.33685935
2889.2 0.31710652
2892.3 0.32745597
2895.4 0.31387216
2898.5 0.31685814
2901.6 0.31936741
2904.7 0.32993719
2907.8 0.30097306
2910.9 0.30037248
2914.0 0.28244358
2917.1 0.27891663
2920.2 0.27505457
2923.3 0.28181803
2926.4 0.28093404
2929.5 0.28013214
2932.6 0.27514330
2935.7 0.27935001
2938.8 0.28225863
2941.9 0.27636608
2945.0 0.26712781
2948.1 0.26953933
2951.2 0.27066767
2954.3 0.26928622
2957.4 0.27351108
2960.5 0.27701575
2963.6 0.28204140
2966.7 0.28100538
2969.8 0.27882376
2972.9 0.28428021
2976.0 0.29246876
2979.1 0.29268819
2982.2 0.29540661
2985.3 0.30649847
2988.4 0.32459784
2991.5 0.32614747
2994.6 0.35058609
2997.7 0.35385552
3000.8 0.36572540
3003.9 0.39308846
3007.0 0.40931052
3010.1 0.45798212
3013.2 0.49960440
3016.3 0.48386353
3019.4 0.45138055
3022.5 0.41921195
3025.6 0.39660123
3028.7 0.37692371
3031.8 0.35207352
3034.9 0.34582734
3038.0 0.34243530
3041.1 0.33054972
3044.2 0.31215152
3047.3 0.32149789
3050.4 0.31104407
3053.5 0.30630606
3056.6 0.30116478
3059.7 0.29309011
3062.8 0.28992268
3065.9 0.29749277
3069.0 0.29758540
3072.1 0.35118449
3075.2 0.38393578
3078.3 0.32096213
3081.4 0.28508678
3084.5 0.27756816
3087.6 0.27526575
3090.7 0.26852289
3093.8 0.28601333
3096.9 0.31249532
3100.0 0.37979612
3103.1 0.53512216
3106.2 0.53393126
3109.3 0.35907871
3112.4 0.30231461
3115.5 0.28423694
3118.6 0.27645507
3121.7 0.26995909
3124.8 0.26479748
3127.9 0.26499200
3131.0 0.26313862
3134.1 0.26353264
3137.2 0.26319548
3140.3 0.25891966
3143.4 0.25605980
3146.5 0.25607485
3149.6 0.24630053
3152.7 0.24125394
3155.8 0.25187472
3158.9 0.24962921
3162.0 0.25275004
3165.1 0.24257961
3168.2 0.24457848
3171.3 0.24118277
3174.4 0.24962017
3177.4998 0.24525350
3180.5998 0.23895486
3183.6998 0.24445197
3186.7998 0.24294680
3189.8998 0.25036776
3192.9998 0.25168735
3196.0998 0.26179367
3199.1998 0.26747641
3202.2998 0.26373181
3205.3998 0.25612947
3208.4998 0.26741979
3211.5998 0.25637719
3214.6998 0.25004178
3217.7998 0.25056261
3220.8998 0.26472294
3223.9998 0.25979668
3227.0998 0.24613585
3230.1998 0.24938595
3233.2998 0.25170156
3236.3998 0.25595012
3239.4998 0.25182036
3242.5998 0.25423223
3245.6998 0.25325599
3248.7998 0.25467250
3251.8998 0.24539840
3254.9998 0.24957763
3258.0998 0.25770104
3261.1998 0.24533471
3264.2998 0.25228685
3267.3998 0.25332576
3270.4998 0.25148803
3273.5998 0.25186810
3276.6998 0.25370371
3279.8 0.25206795
3282.9 0.26178110
3286.0 0.24992178
3289.1 0.24468337
3292.2 0.26758581
3295.3 0.24979833
3298.4 0.26143712
3301.5 0.25484964
3304.6 0.24727760
3307.7 0.24379268
3310.8 0.24103807
3313.9 0.24827510
3317.0 0.23531066
3320.1 0.23740497
3323.2 0.23983675
3326.3 0.23725212
3329.4 0.22612453
3332.5 0.23028170
3335.6 0.23584682
3338.7 0.23535886
3341.8 0.22821204
3344.9 0.22906092
3348.0 0.22714308
3351.1 0.22275482
3354.2 0.22720915
3357.3 0.23183770
3360.4 0.23028447
3363.5 0.22466984
3366.6 0.22141035
3369.7 0.21811338
3372.8 0.22568649
3375.9 0.21760586
3379.0 0.23231818
3382.1 0.21898405
3385.2 0.21998589
3388.3 0.21659572
3391.4 0.21634424
3394.5 0.21609315
3397.6 0.21584243
3400.7 0.22078705
3403.8 0.22175112
3406.9 0.22685358
3410.0 0.22132164
3413.1 0.22198527
3416.2 0.21434675
3419.3 0.21409883
3422.4 0.22019748
3425.5 0.22671589
3428.6 0.22288761
3431.7 0.21745273
3434.8 0.22601354
3437.9 0.22963978
3441.0 0.21812479
3444.1 0.22059990
3447.2 0.21188587
3450.3 0.21164195
3453.4 0.21590459
3456.5 0.21235183
3459.6 0.23215453
3462.7 0.22163898
3465.8 0.21560401
3468.9 0.24072903
3472.0 0.23754250
3475.1 0.22682916
3478.2 0.22269933
3481.3 0.21262446
3484.4 0.21234685
3487.5 0.20874551
3490.6 0.21559189
3493.7 0.20826821
3496.8 0.20929500
3499.9 0.20779245
3503.0 0.20949964
3506.1 0.20731816
3509.2 0.20848581
3512.3 0.20773639
3515.4 0.20660961
3518.5 0.21382107
3521.6 0.21067597
3524.7 0.20590460
3527.8 0.20567027
3530.9 0.20543641
3534.0 0.20520286
3537.1 0.20496972
3540.2 0.20473696
3543.3 0.20450455
3546.4 0.20873614
3549.5 0.20404087
3552.6 0.20440121
3555.7 0.20357867
3558.8 0.20452228
3561.9 0.20318618
3565.0 0.20288804
3568.1 0.20488337
3571.2 0.20776924
3574.3 0.20879044
3577.4 0.20687455
3580.5 0.20655231
3583.6 0.20598744
3586.7 0.20317563
3589.8 0.20488073
3592.9 0.20357133
3596.0 0.20320873
3599.1 0.20776431
3602.2 0.21689911
3605.3 0.20628874
3608.4 0.21347533
3611.5 0.20937972
3614.6 0.21588632
3617.7 0.21085861
3620.8 0.21773347
3623.9 0.21429108
3627.0 0.21530031
3630.1 0.22159623
3633.2 0.21625622
3636.3 0.22042231
3639.4 0.22772944
3642.5 0.24523066
3645.6 0.23965934
3648.7 0.23507211
3651.8 0.23638774
3654.9 0.21558622
3658.0 0.21200803
3661.1 0.22191612
3664.2 0.21802586
3667.3 0.21047121
3670.4 0.21164857
3673.5 0.21284829
3676.6 0.21316251
3679.7 0.20944381
3682.8 0.21361336
3685.9 0.21804212
3689.0 0.20466137
3692.1 0.20688289
3695.2 0.20549506
3698.3 0.21212444
3701.4 0.20015244
3704.5 0.20233512
3707.6 0.20182180
3710.7 0.20113628
3713.8 0.20262013
3716.9 0.20225625
3720.0 0.20179997
3723.1 0.20366728
3726.2 0.20041339
3729.3 0.19878252
3732.4 0.19533321
3735.5 0.19521239
3738.6 0.19206823
3741.7 0.19583878
3744.8 0.19630209
3747.9 0.19860286
3751.0 0.20025264
3754.1 0.19266260
3757.2 0.19684355
3760.3 0.20279689
3763.4 0.20047355
3766.5 0.20251410
3769.6 0.20625147
3772.7 0.20291524
3775.8 0.20446281
3778.9 0.20046324
3782.0 0.21058357
3785.1 0.19367139
3788.2 0.18727206
3791.3 0.19015247
3794.4 0.18765365
3797.5 0.18871029
3800.6 0.18901542
3803.7 0.19277164
3806.8 0.19638079
3809.9 0.18750592
3813.0 0.19282100
3816.1 0.19808151
3819.2 0.19082658
3822.3 0.18768513
3825.4 0.18483905
3828.5 0.18463838
3831.6 0.18546201
3834.7 0.19645432
3837.8 0.18721561
3840.9 0.18836181
3844.0 0.18363984
3847.1 0.18414174
3850.2 0.18402432
3853.3 0.18705849
3856.4 0.18521219
3859.5 0.18947807
3862.6 0.19015609
3865.7 0.18588130
3868.8 0.18464381
3871.9 0.18440793
3875.0 0.18976875
3878.1 0.18862569
3881.2 0.18468516
3884.3 0.18338522
3887.4 0.18201320
3890.5 0.18117538
3893.6 0.18271662
3896.7 0.18435420
3899.8 0.19048695
3902.9 0.19314791
3906.0 0.19684599
3909.1 0.20314942
3912.2 0.19507094
3915.3 0.18555333
3918.4 0.18620110
3921.5 0.18431951
3924.6 0.18148606
3927.7 0.18435840
3930.8 0.18988690
3933.9 0.19192798
3937.0 0.18599708
3940.1 0.18748884
3943.2 0.19033641
3946.3 0.19381738
3949.4 0.19680196
3952.5 0.18714692
3955.6 0.18904257
3958.7 0.19259404
3961.8 0.19321282
3964.9 0.18914732
3968.0 0.18885347
3971.1 0.19170022
3974.2 0.19156721
3977.3 0.18952155
3980.4 0.19421896
3983.5 0.19227281
3986.6 0.19503024
3989.7 0.19974203
3992.8 0.19699521
3995.9 0.20277449
3999.0 0.19956966
4002.1 0.21316890
4005.2 0.21479112
4008.3 0.22046046
4011.4 0.22671276
4014.5 0.22584020
4017.6 0.23050135
4020.7 0.24348092
4023.8 0.24488111
4026.9 0.25560069
4030.0 0.26746079
4033.1 0.28393126
4036.2 0.30300072
4039.3 0.32600838
4042.4 0.35768974
4045.5 0.39726046
4048.6 0.44569394
4051.7 0.50276917
4054.8 0.58957797
4057.9 0.69284576
4061.0 0.82293141
4064.1 0.95416570
4067.2 1.1225957
4070.3 1.1538842
4073.4 0.98695624
4076.5 0.82160503
4079.6 0.74762726
4082.7 0.70429438
4085.8 0.61001712
4088.9 0.51471573
4092.0 0.46378520
4095.1 0.42311001
4098.2 0.38591313
4101.3 0.35757470
4104.4 0.34025896
4107.5 0.31863576
4110.6 0.29672167
4113.7 0.27851629
4116.8 0.26022154
4119.9 0.24458036
4123.0 0.23966171
4126.1 0.23477860
4129.2 0.22301123
4132.3 0.22160965
4135.4 0.21748948
4138.5 0.21777275
4141.6 0.22164634
4144.7 0.22106227
4147.8 0.21649511
4150.9 0.20950896
4154.0 0.22000808
4157.1 0.22569831
4160.2 0.23033261
4163.3 0.25369143
4166.4 0.25241935
4169.5 0.23535693
4172.6 0.23776466
4175.7 0.24067450
4178.8 0.23379654
4181.9 0.21580064
4185.0 0.19827774
4188.1 0.19636220
4191.2 0.19141935
4194.3 0.18563995
4197.4 0.18450776
4200.5 0.17939223
4203.6 0.17151730
4206.7 0.17059156
4209.8 0.17145576
4212.9 0.17118169
4216.0 0.16322796
4219.1 0.16172603
4222.2 0.16156211
4225.3 0.16676083
4228.4 0.17335284
4231.5 0.16651192
4234.6 0.16411524
4237.7 0.16365938
4240.8 0.16058122
4243.9 0.16041869
4247.0 0.16025645
4250.1 0.17110096
4253.2 0.16460685
4256.3 0.16580532
4259.4 0.15960988
4262.5 0.15944888
4265.6 0.16237473
4268.7 0.16760042
4271.8 0.16631460
4274.9 0.16242175
4278.0 0.16408011
4281.1 0.16424763
4284.2 0.16304670
4287.3 0.15816991
4290.4 0.15801114
4293.5 0.15785266
4296.6 0.15915506
4299.7 0.15753639
4302.8 0.15737863
4305.9 0.15722114
4309.0 0.16095790
4312.1 0.15690686
4315.2 0.15675010
4318.3 0.15659356
4321.4 0.15876767
4324.5 0.15628123
4327.6 0.15612544
4330.7 0.15596990
4333.8 0.15581459
4336.9 0.16004102
4340.0 0.15643856
4343.1 0.16508229
4346.2 0.15637031
4349.3 0.15638493
4352.4 0.15488787
4355.5 0.15473427
4358.6 0.16579901
4361.7 0.17205153
4364.8 0.16609970
4367.9 0.17847125
4371.0 0.16503960
4374.1 0.18572862
4377.2 0.17485569
4380.3 0.16158980
4383.4 0.17986019
4386.5 0.16757114
4389.6 0.16344678
4392.7 0.16483082
4395.8 0.15964079
4398.9 0.15740405
4402.0 0.15245882
4405.1 0.15230900
4408.2 0.15451400
4411.3 0.16032550
4414.4 0.15186100
4417.5 0.15171218
4420.6 0.15156356
4423.7 0.15141515
4426.8 0.16654538
4429.9 0.15472031
4433.0 0.15097135
4436.1 0.15082391
4439.2 0.15338522
4442.3 0.15236551
4445.4 0.15038285
4448.5 0.15023638
4451.6 0.15451618
4454.7 0.15932623
4457.8 0.16816984
4460.9 0.14965248
4464.0 0.16558492
4467.1 0.14979351
4470.2 0.15686481
4473.3 0.14907226
4476.4 0.15917832
4479.5 0.15500961
4482.6 0.15470977
4485.7 0.15779775
4488.8 0.16517171
4491.9 0.15737191
4495.0 0.14806569
4498.1 0.15805709
4501.2 0.17499769
4504.3 0.14763768
4507.4 0.14749546
4510.5 0.14777699
4513.6 0.14721167
4516.7 0.14707014
4519.8 0.14692879
4522.9 0.16132878
4526.0 0.15716602
4529.1 0.14650616
4532.2 0.14636573
4535.3 0.15422809
4538.4 0.16505730
4541.5 0.14594571
4544.6 0.14718060
4547.7 0.17991419
4550.8 0.15473282
4553.9 0.15340905
4557.0 0.14525014
4560.1 0.16506262
4563.2 0.17642620
4566.3 0.16854441
4569.4 0.18539849
4572.5 0.18151802
4575.6 0.19131295
4578.7 0.16629602
4581.8 0.17256363
4584.9 0.21253891
4588.0 0.19063932
4591.1 0.18296219
4594.2 0.16561697
4597.3 0.16005474
4600.4 0.19785710
4603.5 0.18873867
4606.6 0.18260248
4609.7 0.17009106
4612.8 0.15220015
4615.9 0.17201360
4619.0 0.14252225
4622.1 0.14238811
4625.2 0.14225414
4628.3 0.14212047
4631.4 0.14198698
4634.5 0.14185368
4637.6 0.14172064
4640.7 0.14158773
4643.8 0.14145508
4646.9 0.14132263
4650.0 0.14119041
4653.1 0.14105837
4656.2 0.14092658
4659.3 0.14079496
4662.4 0.14066359
4665.5 0.14053242
4668.6 0.14040142
4671.7 0.14027067
4674.8 0.14014009
4677.9 0.14000976
4681.0 0.13987961
4684.1 0.13974968
4687.2 0.13961998
4690.3 0.13949046
4693.4 0.13936111
4696.5 0.13923199
4699.6 0.13910310
4702.7 0.13897443
4705.8 0.13884589
4708.9 0.13871764
4712.0 0.13858958
4715.1 0.13846169
4718.2 0.13833401
4721.3 0.13820653
4724.4 0.13807927
4727.5 0.13795221
4730.6 0.13782538
4733.7 0.13769875
4736.8 0.13757233
4739.9 0.13744603
4743.0 0.13732000
4746.1 0.13719417
4749.2 0.13706851
4752.3 0.13694309
4755.4 0.13681783
4758.5 0.13669282
4761.6 0.13656798
4764.7 0.13644335
4767.8 0.13631892
4770.9 0.13619471
4774.0 0.13607065
4777.1 0.13594683
4780.2 0.13582322
4783.3 0.13569975
4786.4 0.13557656
4789.5 0.13545348
4792.6 0.13533059
4795.7 0.13520801
4798.8 0.13508570
4801.9 0.13496335
4805.0 0.13484125
4808.1 0.13471945
4811.2 0.13459782
4814.3 0.13447626
4817.4 0.13435493
4820.5 0.13423412
4823.6 0.13411303
4826.7 0.13399243
4829.8 0.13387206
4832.9 0.13375176
4836.0 0.13363169
4839.1 0.13351178
4842.2 0.13339198
4845.3 0.13327263
4848.4 0.13315327
4851.5 0.13303414
4854.6 0.13291508
4857.7 0.13279641
4860.8 0.13267784
4863.9 0.13255946
4867.0 0.13244131
4870.1 0.13232343
4873.2 0.13220575
4876.3 0.13208815
4879.4 0.13197072
4882.5 0.13185357
4885.6 0.13173661
4888.7 0.13161971
4891.8 0.13150305
4894.9 0.13138679
4898.0 0.13127036
4901.1 0.13115440
4904.2 0.13103862
4907.3 0.13092290
4910.4 0.13080743
4913.5 0.13069215
4916.6 0.13057691
4919.7 0.13046214
4922.8 0.13034734
4925.9 0.13023280
4929.0 0.13011846
4932.1 0.13000436
4935.2 0.12989029
4938.3 0.12977664
4941.4 0.12966307
4944.5 0.12954967
4947.6 0.12943631
4950.7 0.12932336
4953.8 0.12921047
4956.9 0.12909777
4960.0 0.12898532
4963.1 0.12887308
4966.2 0.12876087
4969.3 0.12864907
4972.4 0.12853733
4975.5 0.12842579
4978.6 0.12831426
4981.7 0.12820317
4984.8 0.12809208
4987.9 0.12798145
4991.0 0.12787080
4994.1 0.12776022
4997.2 0.12765002
5000.3 0.12753986
5003.4 0.12743011
5006.5 0.12732039
5009.6 0.12721069
5012.7 0.12710141
5015.8 0.12699234
5018.9 0.12688334
5022.0 0.12677447
5025.1 0.12666589
5028.2 0.12655748
5031.3 0.12644912
5034.4 0.12634100
5037.5 0.12623326
5040.6 0.12612551
5043.7 0.12601782
5046.8 0.12591055
5049.9 0.12580329
5053.0 0.12569641
5056.1 0.12558958
5059.2 0.12548280
5062.3 0.12537640
5065.4 0.12527017
5068.5 0.12516403
5071.6 0.12505807
5074.7 0.12495233
5077.8 0.12484679
5080.9 0.12474130
5084.0 0.12463619
5087.1 0.12453109
5090.2 0.12442623
5093.3 0.12432155
5096.4 0.12421709
5099.5 0.12411270
5102.6 0.12400867
5105.7 0.12390465
5108.8 0.12380084
5111.9 0.12369726
5115.0 0.12359370
5118.1 0.12349052
5121.2 0.12338735
5124.3 0.12328440
5127.4 0.12318167
5130.5 0.12307914
5133.6 0.12297661
5136.7 0.12287450
5139.8 0.12277243
5142.9 0.12267051
5146.0 0.12256883
5149.1 0.12246720
5152.2 0.12236591
5155.3 0.12226465
5158.4 0.12216381
5161.5 0.12206295
5164.6 0.12196210
5167.7 0.12186169
5170.8 0.12176147
5173.9 0.12166124
5177.0 0.12156124
5180.1 0.12146143
5183.2 0.12136182
5186.3 0.12126241
5189.4 0.12116303
5192.5 0.12106384
5195.6 0.12096488
5198.7 0.12086609
5201.8 0.12076754
5204.9 0.12066916
5208.0 0.12057079
5211.1 0.12047280
5214.2 0.12037486
5217.3 0.12027711
5220.4 0.12017953
5223.5 0.12008201
5226.6 0.11998487
5229.7 0.11988770
5232.8 0.11979075
5235.9 0.11969401
5239.0 0.11959748
5242.1 0.11950113
5245.2 0.11940479
5248.3 0.11930864
5251.4 0.11921290
5254.5 0.11911713
5257.6 0.11902142
5260.7 0.11892609
5263.8 0.11883093
5266.9 0.11873576
5270.0 0.11864083
5273.1 0.11854608
5276.2 0.11845150
5279.3 0.11835717
5282.4 0.11826283
5285.5 0.11816885
5288.6 0.11807491
5291.7 0.11798114
5294.8 0.11788756
5297.9 0.11779421
5301.0 0.11770085
5304.1 0.11760787
5307.2 0.11751489
5310.3 0.11742210
5313.4 0.11732952
5316.5 0.11723713
5319.6 0.11714489
5322.7 0.11705270
5325.8 0.11696088
5328.9 0.11686906
5332.0 0.11677745
5335.1 0.11668604
5338.2 0.11659462
5341.3 0.11650357
5344.4 0.11641252
5347.5 0.11632185
5350.6 0.11623120
5353.7 0.11614072
5356.8 0.11605043
5359.9 0.11596017
5363.0 0.11587027
5366.1 0.11578038
5369.2 0.11569069
5372.3 0.11560116
5375.4 0.11551182
5378.5 0.11542268
5381.6 0.11533356
5384.7 0.11524479
5387.8 0.11515605
5390.9 0.11506744
5394.0 0.11497907
5397.1 0.11489086
5400.2 0.11480286
5403.3 0.11471486
5406.4 0.11462721
5409.5 0.11453956
5412.6 0.11445214
5415.7 0.11436487
5418.8 0.11427779
5421.9 0.11419088
5425.0 0.11410402
5428.1 0.11401731
5431.2 0.11393096
5434.3 0.11384462
5437.4 0.11375847
5440.5 0.11367231
5443.6 0.11358654
5446.7 0.11350096
5449.8 0.11341536
5452.9 0.11332992
5456.0 0.11324469
5459.1 0.11315966
5462.2 0.11307479
5465.3 0.11298991
5468.4 0.11290541
5471.5 0.11282089
5474.6 0.11273659
5477.7 0.11265244
5480.8 0.11256848
5483.9 0.11248469
5487.0 0.11240110
5490.1 0.11231751
5493.2 0.11223426
5496.3 0.11215103
5499.4 0.11206800
5502.5 0.11198511
5505.6 0.11190239
5508.7 0.11181970
5511.8 0.11173737
5514.9 0.11165505
5518.0 0.11157286
5521.1 0.11149089
5524.2 0.11140909
5527.3 0.11132743
5530.4 0.11124600
5533.5 0.11116455
5536.6 0.11108345
5539.7 0.11100235
5542.8 0.11092144
5545.9 0.11084070
5549.0 0.11076012
5552.1 0.11067957
5555.2 0.11059934
5558.3 0.11051913
5561.4 0.11043927
5564.5 0.11035939
5567.6 0.11027969
5570.7 0.11020019
5573.8 0.11012086
5576.9 0.11004154
5580.0 0.10996252
5583.1 0.10988353
5586.2 0.10980473
5589.3 0.10972606
5592.4 0.10964759
5595.5 0.10956930
5598.6 0.10949118
5601.7 0.10941305
5604.8 0.10933527
5607.9 0.10925747
5611.0 0.10917988
5614.1 0.10910244
5617.2 0.10902517
5620.3 0.10894807
5623.4 0.10887099
5626.5 0.10879423
5629.6 0.10871747
5632.7 0.10864107
5635.8 0.10856465
5638.9 0.10848841
5642.0 0.10841216
5645.1 0.10833625
5648.2 0.10826053
5651.3 0.10818478
5654.4 0.10810939
5657.5 0.10803399
5660.6 0.10795878
5663.7 0.10788372
5666.8 0.10780880
5669.9 0.10773392
5673.0 0.10765938
5676.1 0.10758483
5679.2 0.10751041
5682.3 0.10743637
5685.4 0.10736234
5688.5 0.10728844
5691.6 0.10721454
5694.7 0.10714100
5697.8 0.10706759
5700.9 0.10699420
5704.0 0.10692097
5707.1 0.10684793
5710.2 0.10677519
5713.3 0.10670230
5716.4 0.10662973
5719.5 0.10655735
5722.6 0.10648495
5725.7 0.10641287
5728.8 0.10634080
5731.9 0.10626891
5735.0 0.10619718
5738.1 0.10612561
5741.2 0.10605416
5744.3 0.10598292
5747.4 0.10591167
5750.5 0.10584076
5753.6 0.10576981
5756.7 0.10569904
5759.8 0.10562845
5762.9 0.10555802
5766.0 0.10548771
5769.1 0.10541760
5772.2 0.10534748
5775.3 0.10527769
5778.4 0.10520791
5781.5 0.10513829
5784.6 0.10506880
5787.7 0.10499950
5790.8 0.10493033
5793.9 0.10486135
5797.0 0.10479251
5800.1 0.10472368
5803.2 0.10465516
5806.3 0.10458665
5809.4 0.10451832
5812.5 0.10445011
5815.6 0.10438208
5818.7 0.10431420
5821.8 0.10424633
5824.9 0.10417875
5828.0 0.10411119
5831.1 0.10404395
5834.2 0.10397667
5837.3 0.10390960
5840.4 0.10384267
5843.5 0.10377589
5846.6 0.10370927
5849.7 0.10364265
5852.8 0.10357636
5855.9 0.10351005
5859.0 0.10344390
5862.1 0.10337806
5865.2 0.10331223
5868.3 0.10324654
5871.4 0.10318085
5874.5 0.10311548
5877.6 0.10305027
5880.7 0.10298504
5883.8 0.10291998
5886.9 0.10285524
5890.0 0.10279047
5893.1 0.10272590
5896.2 0.10266145
5899.3 0.10259713
5902.4 0.10253286
5905.5 0.10246887
5908.6 0.10240488
5911.7 0.10234120
5914.8 0.10227752
5917.9 0.10221402
5921.0 0.10215064
5924.1 0.10208740
5927.2 0.10202432
5930.3 0.10196125
5933.4 0.10189848
5936.5 0.10183571
5939.6 0.10177325
5942.7 0.10171081
5945.8 0.10164849
5948.9 0.10158631
5952.0 0.10152431
5955.1 0.10146245
5958.2 0.10140073
5961.3 0.10133903
5964.4 0.10127759
5967.5 0.10121619
5970.6 0.10115492
5973.7 0.10109381
5976.8 0.10103284
5979.9 0.10097204
5983.0 0.10091139
5986.1 0.10085087
5989.2 0.10079034
5992.3 0.10073013
5995.4 0.10066990
5998.5 0.10060998
