300.0 0.0
425.0 0.0000000
429.25 0.0000000
433.5 0.0000000
437.75 0.0000000
442.0 0.0000000
446.25 0.0000000
450.5 0.0000000
454.75 0.0000000
459.0 0.0000000
463.25 0.0000000
467.5 0.0000000
471.75 0.0000000
476.0 0.0000000
480.25 0.0000000
484.5 0.0000000
488.75 0.0000000
493.0 0.0000000
497.25 0.0000000
501.5 0.0000000
505.75 0.0000000
510.0 0.0000000
514.25 0.0000000
518.5 0.0000000
522.75 0.0000000
527.0 0.0000000
531.25 0.0000000
535.5 0.0000000
539.75 0.0000000
544.0 0.0000000
548.25 0.0000000
552.5 0.0000000
556.75 0.0000000
561.0 0.0000000
565.25 0.0000000
569.5 0.0000000
573.75 0.0000000
578.0 0.0000000
582.25 0.0000000
586.5 0.0000000
590.75 0.0000000
595.0 0.0000000
599.25 0.0000000
603.5 0.0000000
607.75 0.0000000
612.0 0.0000000
616.25 0.0000000
620.5 0.0000000
624.75 0.0000000
629.0 0.0000000
633.25 0.0000000
637.5 0.0000000
641.75 0.0000000
646.0 0.0000000
650.25 0.0000000
654.5 0.0000000
658.75 0.0000000
663.0 0.0000000
667.25 0.0000000
671.5 0.0000000
675.75 0.0000000
680.0 0.0000000
684.25 0.0000000
688.5 0.0000000
692.75 0.0000000
697.0 0.0000000
701.25 0.0000000
705.5 0.0000000
709.75 0.0000000
714.0 0.0000000
718.25 0.0000000
722.5 0.0000000
726.75 0.0000000
731.0 0.0000000
735.25 0.0000000
739.5 0.0000000
743.75 0.0000000
748.0 0.0000000
752.25 0.0000000
756.5 0.0000000
760.75 0.0000000
765.0 0.0000000
769.25 0.0000000
773.5 0.0000000
777.75 2.69213051E-04
782.0 1.93087049E-04
786.25 1.37082156E-04
790.5 9.46390064E-05
794.75 6.28904527E-05
799.0 4.06418294E-05
803.25 2.59018580E-05
807.5 1.63114310E-05
811.75 1.01083051E-05
816.0 6.16114039E-06
820.25 3.69178224E-06
824.5 2.17366915E-06
828.75 1.43403362E-04
833.0 9.79529068E-05
837.25 6.60616352E-05
841.5 4.39550386E-05
845.75 2.88567771E-05
850.0 2.04905227E-05
854.25 1.36995523E-05
858.5 8.61168337E-06
862.75 5.74422029E-06
867.0 3.85366866E-06
871.25 2.58646014E-06
875.5 1.33545278E-02
879.75 1.12524116E-02
884.0 7.84676336E-03
888.25 5.34932641E-03
892.5 4.08105087E-03
896.75 3.20718018E-03
901.0 2.57827318E-03
905.25 2.08561053E-03
909.5 1.60587684E-03
913.75 1.13728980E-03
918.0 8.93409713E-04
922.25 6.17075420E-04
926.5 4.29951790E-04
930.75 3.02102766E-04
935.0 2.19284804E-04
939.25 1.66207741E-04
943.5 1.17995733E-04
947.75 8.82731401E-05
952.0 6.60266815E-05
956.25 4.61843192E-05
960.5 2.93257235E-05
964.75 2.00161812E-05
969.0 1.27384110E-05
973.25 8.86509588E-06
977.5 5.98282304E-06
981.75 3.88108083E-06
986.0 2.56134103E-06
990.25 1.72952832E-06
994.5 1.16246474E-06
998.75 7.99903319E-07
1003.0 5.23755489E-07
1007.25 3.42308539E-07
1011.5 2.20833428E-07
1015.75 1.38502031E-07
1020.0 9.63982245E-08
1024.25 8.69549481E-08
1028.5 9.60576756E-08
1032.75 1.25097856E-07
1037.0 6.6950665
1041.25 5.4059300
1045.5 5.0337791
1049.75 5.0233197
1054.0 4.6979036
1058.25 3.7547910
1062.5 3.2366347
1066.75 3.0389166
1071.0 2.9034908
1075.25 2.7106090
1079.5 2.4711816
1083.75 2.3115625
1088.0 2.2546732
1092.25 2.2570975
1096.5 2.2900457
1100.75 2.3019481
1105.0 2.4721498
1109.25 2.5070283
1113.5 2.3955700
1117.75 2.1796186
1122.0 2.1903694
1126.25 2.1672232
1130.5 2.2157960
1134.75 2.2505147
1139.0 2.2196929
1143.25 2.1366751
1147.5 2.1051569
1151.75 2.1688240
1156.0 2.1522024
1160.25 2.1849067
1164.5 2.1535425
1168.75 2.2007170
1173.0 2.3231897
1177.25 2.4500272
1181.5 2.6262326
1185.75 2.6709821
1190.0 2.7051780
1194.25 2.4566250
1198.5 2.2906158
1202.75 2.1668453
1207.0 2.1114821
1211.25 2.0992355
1215.5 2.0017195
1219.75 1.9737506
1224.0 1.9593858
1228.25 1.9422693
1232.5 1.9745158
1236.75 1.9529969
1241.0 1.9089135
1245.25 1.9636089
1249.5 1.9271671
1253.75 1.9546829
1258.0 1.9988292
1262.25 2.0257168
1266.5 2.0723243
1270.75 2.0666187
1275.0 2.1293790
1279.25 2.1737204
1283.5 2.2237101
1287.75 2.3047700
1292.0 2.4733481
1296.25 2.6995232
1300.5 2.9588358
1304.75 3.2884085
1309.0 3.6977832
1313.25 3.9373851
1317.5 3.5690820
1321.75 3.0236387
1326.0 2.6093383
1330.25 2.3917174
1334.5 2.2808015
1338.75 2.2159321
1343.0 2.1080899
1347.25 2.0975137
1351.5 2.0314112
1355.75 2.0682528
1360.0 2.0705957
1364.25 2.0601177
1368.5 2.0793266
1372.75 2.0500696
1377.0 2.0776703
1381.25 2.1030703
1385.5 2.1030405
1389.75 2.1447189
1394.0 2.0585191
1398.25 2.0411487
1402.5 2.0113199
1406.75 2.0409083
1411.0 2.0467491
1415.25 2.0143218
1419.5 1.9093381
1423.75 1.8448117
1428.0 1.8160596
1432.25 1.7798613
1436.5 1.7800789
1440.75 1.7726120
1445.0 1.7665948
1449.25 1.7917798
1453.5 1.7835202
1457.75 1.8094693
1462.0 1.8152175
1466.25 1.8092842
1470.5 1.7859194
1474.75 1.8059366
1479.0 1.8114314
1483.25 1.8578634
1487.5 1.8254542
1491.75 1.7935954
1496.0 1.7123731
1500.25 1.7358103
1504.5 1.7415010
1508.75 1.7161844
1513.0 1.7720195
1517.25 1.7866820
1521.5 1.7376240
1525.75 1.7060001
1530.0 1.7062659
1534.25 1.7043095
1538.5 1.7015880
1542.75 1.7212886
1547.0 1.6893133
1551.25 1.6821097
1555.5 1.7017533
1559.75 1.6979834
1564.0 1.7381645
1568.25 1.7288392
1572.5 1.8386769
1576.75 1.8304656
1581.0 1.8472043
1585.25 1.8174003
1589.5 1.8195461
1593.75 1.8344594
1598.0 1.9141705
1602.25 2.0576177
1606.5 2.1875041
1610.75 2.2927592
1615.0 2.3315446
1619.25 2.4517000
1623.5 2.3425550
1627.75 2.1399062
1632.0 1.9555738
1636.25 1.8328179
1640.5 1.7746146
1644.75 1.7155190
1649.0 1.6599928
1653.25 1.6171494
1657.5 1.6038860
1661.75 1.5412173
1666.0 1.5146964
1670.25 1.5004764
1674.5 1.5127687
1678.75 1.5169008
1683.0 1.4797213
1687.25 1.4835608
1691.5 1.4891794
1695.75 1.4993882
1700.0 1.4600848
1704.25 1.4738361
1708.5 1.5060260
1712.75 1.4224545
1717.0 1.4579899
1721.25 1.4652491
1725.5 1.4529384
1729.75 1.4632800
1734.0 1.4380940
1738.25 1.4170847
1742.5 1.4544441
1746.75 1.5111969
1751.0 1.4792721
1755.25 1.5144055
1759.5 1.4996773
1763.75 1.5017247
1768.0 1.4913144
1772.25 1.5085288
1776.5 1.5022557
1780.75 1.4965492
1785.0 1.4469773
1789.25 1.4217725
1793.5 1.4384800
1797.75 1.4572073
1802.0 1.3939435
1806.25 1.4595255
1810.5 1.4071163
1814.75 1.4390478
1819.0 1.4242367
1823.25 1.4515169
1827.5 1.3813571
1831.75 1.4001619
1836.0 1.3972024
1840.25 1.4199588
1844.5 1.3481231
1848.75 1.3623412
1853.0 1.3866574
1857.25 1.3235173
1861.5 1.3465776
1865.75 1.3043783
1870.0 1.2665973
1874.25 1.2635765
1878.5 1.2605658
1882.75 1.2671435
1887.0 1.2731272
1891.25 1.2733079
1895.5 1.2538486
1899.75 1.2456616
1904.0 1.2427100
1908.25 1.2397687
1912.5 1.2535634
1916.75 1.2496444
1921.0 1.2661706
1925.25 1.2719195
1929.5 1.2695348
1933.75 1.2768812
1938.0 1.2867423
1942.25 1.3080872
1946.5 1.3354390
1950.75 1.3230889
1955.0 1.3560375
1959.25 1.3695680
1963.5 1.3790269
1967.75 1.3846228
1972.0 1.3924110
1976.25 1.4078220
1980.5 1.4128828
1984.75 1.3917481
1989.0 1.3774475
1993.25 1.3446364
1997.5 1.3392942
2001.75 1.3115060
2006.0 1.3286819
2010.25 1.3104076
2014.5 1.3000382
2018.75 1.3017181
2023.0 1.2917690
2027.25 1.2928922
2031.5 1.2938216
2035.75 1.3067335
2040.0 1.3353661
2044.25 1.3129772
2048.5 1.3581945
2052.75 1.3896749
2057.0 1.4287248
2061.25 1.4223788
2065.5 1.3799485
2069.75 1.3710020
2074.0 1.3733288
2078.25 1.3401464
2082.5 1.3132505
2086.75 1.3038954
2091.0 1.2969124
2095.25 1.3198212
2099.5 1.3447304
2103.75 1.3481079
2108.0 1.3374606
2112.25 1.3389519
2116.5 1.3286779
2120.75 1.3335470
2125.0 1.3181579
2129.25 1.3108803
2133.5 1.3106192
2137.75 1.3028191
2142.0 1.2846524
2146.25 1.2644155
2150.5 1.2745473
2154.75 1.2771086
2159.0 1.2760191
2163.25 1.2620602
2167.5 1.2506598
2171.75 1.2458007
2176.0 1.2380451
2180.25 1.2317044
2184.5 1.2196405
2188.75 1.2017176
2193.0 1.2063259
2197.25 1.2049685
2201.5 1.1902058
2205.75 1.1576812
2210.0 1.1860247
2214.25 1.1898766
2218.5 1.1812575
2222.75 1.1798353
2227.0 1.1885920
2231.25 1.1652784
2235.5 1.1643357
2239.75 1.1402935
2244.0 1.1211531
2248.25 1.0761102
2252.5 1.0699362
2256.75 1.0669383
2261.0 1.0553095
2265.25 1.0827824
2269.5 1.0973392
2273.75 1.0984908
2278.0 1.0737612
2282.25 1.0835491
2286.5 1.0871187
2290.75 1.1005628
2295.0 1.0995464
2299.25 1.1238098
2303.5 1.1552340
2307.75 1.1641592
2312.0 1.1480299
2316.25 1.1819602
2320.5 1.1964781
2324.75 1.1940960
2329.0 1.1990287
2333.25 1.2462922
2337.5 1.2755942
2341.75 1.2677268
2346.0 1.2905610
2350.25 1.2599382
2354.5 1.2901856
2358.75 1.3330799
2363.0 1.4427575
2367.25 1.5712680
2371.5 1.7715172
2375.75 1.9753619
2380.0 2.0365052
2384.25 1.9311432
2388.5 1.7088004
2392.75 1.5188169
2397.0 1.4005244
2401.25 1.3414733
2405.5 1.2947606
2409.75 1.2584023
2414.0 1.2295835
2418.25 1.2019507
2422.5 1.1923313
2426.75 1.1671184
2431.0 1.1451638
2435.25 1.1202685
2439.5 1.1057696
2443.75 1.1013592
2448.0 1.0688149
2452.25 1.0698559
2456.5 1.0422752
2460.75 1.0344965
2465.0 1.0323750
2469.25 0.98885584
2473.5 1.0027431
2477.75 1.0011537
2482.0 1.0149007
2486.25 1.0417843
2490.5 1.0505877
2494.75 1.0532275
2499.0 1.0514332
2503.25 1.0577999
2507.5 1.0424489
2511.75 1.0441114
2516.0 1.0570328
2520.25 1.0405349
2524.5 1.0431637
2528.75 1.0235617
2533.0 1.0288584
2537.25 1.0032150
2541.5 0.98552036
2545.75 0.96705377
2550.0 0.95750421
2554.25 0.93379039
2558.5 0.92360431
2562.75 0.89761335
2567.0 0.87958431
2571.25 0.87533712
2575.5 0.88293183
2579.75 0.87074023
2584.0 0.88866156
2588.25 0.89262795
2592.5 0.89476442
2596.75 0.89397579
2601.0 0.89406335
2605.25 0.91110629
2609.5 0.90099579
2613.75 0.91809875
2618.0 0.91640574
2622.25 0.91211230
2626.5 0.90151948
2630.75 0.91003120
2635.0 0.90295166
2639.25 0.92151272
2643.5 0.94418633
2647.75 0.94602585
2652.0 0.98315042
2656.25 0.99039090
2660.5 0.98926193
2664.75 0.97501004
2669.0 0.97337985
2673.25 0.93686372
2677.5 0.95695913
2681.75 0.94688082
2686.0 0.94443649
2690.25 0.95558089
2694.5 0.98009121
2698.75 0.98035538
2703.0 0.99193043
2707.25 0.99742091
2711.5 1.0044599
2715.75 0.99390548
2720.0 0.99802333
2724.25 0.98248935
2728.5 0.99288863
2732.75 0.97995031
2737.0 0.95019430
2741.25 0.94993043
2745.5 0.96093816
2749.75 0.93497622
2754.0 0.93289810
2758.25 0.93295920
2762.5 0.93176639
2766.75 0.94590968
2771.0 0.94110131
2775.25 0.92451519
2779.5 0.92207026
2783.75 0.93998408
2788.0 0.93756616
2792.25 0.93052840
2796.5 0.94692683
2800.75 0.91951412
2805.0 0.90750420
2809.25 0.89472991
2813.5 0.88549978
2817.75 0.87824219
2822.0 0.85955495
2826.25 0.85557038
2830.5 0.86507213
2834.75 0.87217170
2839.0 0.88279063
2843.25 0.90972912
2847.5 0.87819219
2851.75 0.86538744
2856.0 0.85946524
2860.25 0.85481310
2864.5 0.84430408
2868.75 0.86376238
2873.0 0.86005223
2877.25 0.86557657
2881.5 0.85693806
2885.75 0.85902691
2890.0 0.85895008
2894.25 0.87804037
2898.5 0.88262445
2902.75 0.89698613
2907.0 0.92549872
2911.25 0.96253777
2915.5 0.91652483
2919.75 0.88108760
2924.0 0.88553071
2928.25 0.87134504
2932.5 0.83898413
2936.75 0.84780961
2941.0 0.84967917
2945.25 0.82552081
2949.5 0.81938404
2953.75 0.80064791
2958.0 0.78879070
2962.25 0.80942470
2966.5 0.80660915
2970.75 0.79466641
2975.0 0.80969012
2979.25 0.78887188
2983.5 0.77567780
2987.75 0.77484602
2992.0 0.76130438
2996.25 0.74819648
3000.5 0.73329163
3004.75 0.74203223
3009.0 0.73974484
3013.25 0.71789366
3017.5 0.72373682
3021.75 0.73491669
3026.0 0.73932743
3030.25 0.72488791
3034.5 0.73767310
3038.75 0.75555205
3043.0 0.74089450
3047.25 0.75652593
3051.5 0.73437089
3055.75 0.73563433
3060.0 0.72428095
3064.25 0.73315054
3068.5 0.73699123
3072.75 0.72203791
3077.0 0.74157292
3081.25 0.72862548
3085.5 0.72170448
3089.75 0.72758079
3094.0 0.71137655
3098.25 0.71871674
3102.5 0.71254712
3106.75 0.71682566
3111.0 0.72109747
3115.25 0.71098262
3119.5 0.70444041
3123.75 0.70202416
3128.0 0.69835144
3132.25 0.69367963
3136.5 0.69370818
3140.75 0.70296353
3145.0 0.70150405
3149.25 0.70040107
3153.5 0.68656796
3157.75 0.68873894
3162.0 0.71726722
3166.25 0.80800939
3170.5 0.83890319
3174.75 0.70858711
3179.0 0.68309504
3183.25 0.68257880
3187.5 0.67409414
3191.75 0.69790977
3196.0 0.67802674
3200.25 0.66278392
3204.5 0.66701156
3208.75 0.65911275
3213.0 0.65008283
3217.25 0.64292210
3221.5 0.63464785
3225.75 0.59986365
3230.0 0.60928106
3234.25 0.59755480
3238.5 0.62333649
3242.75 0.62152809
3247.0 0.61456299
3251.25 0.60814899
3255.5 0.60336292
3259.75 0.61848938
3264.0 0.60556138
3268.25 0.61539227
3272.5 0.62445951
3276.75 0.63446611
3281.0 0.65938061
3285.25 0.70938528
3289.5 0.73862141
3293.75 0.66352618
3298.0 0.61978048
3302.25 0.64169157
3306.5 0.64653194
3310.75 0.61253089
3315.0 0.59916085
3319.25 0.59977227
3323.5 0.58897740
3327.75 0.58523685
3332.0 0.57412183
3336.25 0.55725735
3340.5 0.53860545
3344.75 0.53462279
3349.0 0.55065572
3353.25 0.56684262
3357.5 0.56823164
3361.75 0.57434058
3366.0 0.58825141
3370.25 0.58849347
3374.5 0.58462322
3378.75 0.56491971
3383.0 0.56706411
3387.25 0.56387943
3391.5 0.54026598
3395.75 0.54693943
3400.0 0.52839226
3404.25 0.52820748
3408.5 0.51885515
3412.75 0.52994418
3417.0 0.53647238
3421.25 0.52649629
3425.5 0.50976121
3429.75 0.50901783
3434.0 0.50646228
3438.25 0.50030500
3442.5 0.51532024
3446.75 0.50429803
3451.0 0.51705652
3455.25 0.52713794
3459.5 0.55905682
3463.75 0.55023450
3468.0 0.54679561
3472.25 0.57074392
3476.5 0.57852000
3480.75 0.59848219
3485.0 0.63617373
3489.25 0.61733460
3493.5 0.58627015
3497.75 0.58313376
3502.0 0.55686688
3506.25 0.54275566
3510.5 0.53691876
3514.75 0.52774829
3519.0 0.50996166
3523.25 0.49017340
3527.5 0.48430285
3531.75 0.48640248
3536.0 0.49968925
3540.25 0.49551111
3544.5 0.49212855
3548.75 0.50280029
3553.0 0.48528114
3557.25 0.47898665
3561.5 0.48763946
3565.75 0.47631460
3570.0 0.47101703
3574.25 0.47011608
3578.5 0.46921775
3582.75 0.47119695
3587.0 0.47492290
3591.25 0.47258377
3595.5 0.47065809
3599.75 0.49679390
3604.0 0.49362895
3608.25 0.50097293
3612.5 0.49187118
3616.75 0.47985479
3621.0 0.47201061
3625.25 0.49299648
3629.5 0.49252123
3633.75 0.48883510
3638.0 0.51125604
3642.25 0.49751639
3646.5 0.51343399
3650.75 0.54120058
3655.0 0.53167999
3659.25 0.54238850
3663.5 0.55215460
3667.75 0.57457262
3672.0 0.61081380
3676.25 0.61736470
3680.5 0.65133953
3684.75 0.70478600
3689.0 0.73068303
3693.25 0.73357826
3697.5 0.68191099
3701.75 0.66954225
3706.0 0.66264296
3710.25 0.63030708
3714.5 0.60161227
3718.75 0.55080765
3723.0 0.53916317
3727.25 0.51755846
3731.5 0.50696445
3735.75 0.51967067
3740.0 0.50535691
3744.25 0.49662128
3748.5 0.49698892
3752.75 0.48524061
3757.0 0.48168543
3761.25 0.47904655
3765.5 0.44935158
3769.75 0.46460199
3774.0 0.46209198
3778.25 0.47373977
3782.5 0.46334344
3786.75 0.46119174
3791.0 0.48183259
3795.25 0.48866430
3799.5 0.50696886
3803.75 0.49949104
3808.0 0.49555114
3812.25 0.47683033
3816.5 0.50294685
3820.75 0.50392854
3825.0 0.50689304
3829.25 0.50311840
3833.5 0.52191067
3837.75 0.54398835
3842.0 0.53992695
3846.25 0.51764464
3850.5 0.50526571
3854.75 0.49288544
3859.0 0.49617815
3863.25 0.53254485
3867.5 0.51792675
3871.75 0.51146239
3876.0 0.53113252
3880.25 0.52652228
3884.5 0.48746309
3888.75 0.51358891
3893.0 0.53384322
3897.25 0.51073420
3901.5 0.50084323
3905.75 0.50860125
3910.0 0.48946667
3914.25 0.47792903
3918.5 0.47934335
3922.75 0.49446440
3927.0 0.51225054
3931.25 0.51178300
3935.5 0.50140017
3939.75 0.50747621
3944.0 0.49219298
3948.25 0.50020856
3952.5 0.48492205
3956.75 0.51016891
3961.0 0.48000768
3965.25 0.49542055
3969.5 0.47462702
3973.75 0.47889876
3978.0 0.48244640
3982.25 0.49816114
3986.5 0.45419973
3990.75 0.45306495
3995.0 0.42580789
3999.25 0.42027980
4003.5 0.41425294
4007.75 0.42422733
4012.0 0.42268604
4016.25 0.42127010
4020.5 0.41356260
4024.75 0.41967782
4029.0 0.42383826
4033.25 0.41478565
4037.5 0.40072337
4041.75 0.40414271
4046.0 0.40563598
4050.25 0.40336871
4054.5 0.40949771
4058.75 0.41454339
4063.0 0.42185950
4067.25 0.42010653
4071.5 0.41664386
4075.75 0.42459288
4080.0 0.43661323
4084.25 0.43673128
4088.5 0.44057679
4092.75 0.45690131
4097.0 0.48365185
4101.25 0.48572996
4105.5 0.52187878
4109.75 0.52649653
4114.0 0.54390073
4118.25 0.58431929
4122.5 0.60814732
4126.75 0.68014383
4131.0 0.74160957
4135.25 0.71790874
4139.5 0.66940171
4143.75 0.62140661
4148.0 0.58761764
4152.25 0.55820447
4156.5 0.52116185
4160.75 0.51168019
4165.0 0.50642848
4169.25 0.48862672
4173.5 0.46121889
4177.75 0.47481170
4182.0 0.45916346
4186.25 0.45196360
4190.5 0.44417602
4194.75 0.43207130
4199.0 0.42720893
4203.25 0.43816605
4207.5 0.43810540
4211.75 0.51678210
4216.0 0.56472403
4220.25 0.47188628
4224.5 0.41895470
4228.75 0.40772414
4233.0 0.40416259
4237.25 0.39408770
4241.5 0.41957137
4245.75 0.45821738
4250.0 0.55665660
4254.25 0.78396934
4258.5 0.78188187
4262.75 0.52560019
4267.0 0.44231895
4271.25 0.41568828
4275.5 0.40413186
4279.75 0.39446479
4284.0 0.38675523
4288.25 0.38687229
4292.5 0.38400099
4296.75 0.38441068
4301.0 0.38375422
4305.25 0.37735826
4309.5 0.37303081
4313.75 0.37289375
4318.0 0.35850796
4322.25 0.35101330
4326.5 0.36631083
4330.75 0.36289167
4335.0 0.36727351
4339.25 0.35234645
4343.5 0.35510066
4347.75 0.35002375
4352.0 0.36211726
4356.25 0.35563418
4360.5 0.34635645
4364.75 0.35417712
4369.0 0.35185036
4373.25 0.36244780
4377.5 0.36420763
4381.75 0.37867603
4386.0 0.38673681
4390.25 0.38116616
4394.5 0.37002701
4398.75 0.38618010
4403.0 0.37008262
4407.25 0.36079049
4411.5 0.36139518
4415.75 0.38166440
4420.0 0.37441045
4424.25 0.35457972
4428.5 0.35911706
4432.75 0.36230588
4437.0 0.36827359
4441.25 0.36218640
4445.5 0.36550930
4449.75 0.36396062
4454.0 0.36585072
4458.25 0.35238799
4462.5 0.35824728
4466.75 0.36976153
4471.0 0.35187885
4475.25 0.36170766
4479.5 0.36305436
4483.75 0.36027935
4488.0 0.36068255
4492.25 0.36316937
4496.5 0.36068717
4500.75 0.37444010
4505.0 0.35733831
4509.25 0.34971285
4513.5 0.38229823
4517.75 0.35674766
4522.0 0.37322569
4526.25 0.36368164
4530.5 0.35274071
4534.75 0.34763637
4539.0 0.34357715
4543.25 0.35375795
4547.5 0.33515781
4551.75 0.33801240
4556.0 0.34134534
4560.25 0.33753908
4564.5 0.32158643
4568.75 0.32737526
4573.0 0.33516076
4577.25 0.33434185
4581.5 0.32406795
4585.75 0.32515186
4590.0 0.32230929
4594.25 0.31596482
4598.5 0.32216331
4602.75 0.32860437
4607.0 0.32628205
4611.25 0.31820935
4615.5 0.31347725
4619.75 0.30869573
4624.0 0.31929672
4628.25 0.30775166
4632.5 0.32843858
4636.75 0.30947456
4641.0 0.31077719
4645.25 0.30587667
4649.5 0.30541068
4653.75 0.30494577
4658.0 0.30448192
4662.25 0.31134480
4666.5 0.31259179
4670.75 0.31966960
4675.0 0.31176254
4679.25 0.31258544
4683.5 0.30172157
4687.75 0.30126518
4692.0 0.30973661
4696.25 0.31879237
4700.5 0.31329826
4704.75 0.30555072
4709.0 0.31746775
4713.25 0.32244769
4717.5 0.30617127
4721.75 0.30953681
4726.0 0.29720554
4730.25 0.29675964
4734.5 0.30263096
4738.75 0.29754746
4743.0 0.32518199
4747.25 0.31034502
4751.5 0.30179015
4755.75 0.33684230
4760.0 0.33226892
4764.25 0.31717417
4768.5 0.31129241
4772.75 0.29710773
4777.0 0.29661828
4781.25 0.29148814
4785.5 0.30094561
4789.75 0.29062355
4794.0 0.29195720
4798.25 0.28976291
4802.5 0.29204473
4806.75 0.28890613
4811.0 0.29043540
4815.25 0.28929403
4819.5 0.28762826
4823.75 0.29756784
4828.0 0.29309282
4832.25 0.28635922
4836.5 0.28593805
4840.75 0.28551790
4845.0 0.28509867
4849.25 0.28468034
4853.5 0.28426307
4857.75 0.28384662
4862.0 0.28962454
4866.25 0.28301662
4870.5 0.28342336
4874.75 0.28219035
4879.0 0.28340563
4883.25 0.28146231
4887.5 0.28095776
4891.75 0.28362858
4896.0 0.28753027
4900.25 0.28884986
4904.5 0.28610682
4908.75 0.28556898
4913.0 0.28469625
4917.25 0.28071970
4921.5 0.28298476
4925.75 0.28108606
4930.0 0.28049570
4934.25 0.28669238
4938.5 0.29920205
4942.75 0.28447503
4947.0 0.29429197
4951.25 0.28855440
4955.5 0.29742733
4959.75 0.29040894
4964.0 0.29978293
4968.25 0.29495057
4972.5 0.29624662
4976.75 0.30481407
4981.0 0.29737568
4985.25 0.30300987
4989.5 0.31295723
4993.75 0.33690342
4998.0 0.32914725
5002.25 0.32274705
5006.5 0.32445300
5010.75 0.29581055
5015.0 0.29081115
5019.25 0.30430844
5023.5 0.29888201
5027.75 0.28843722
5032.0 0.28996193
5036.25 0.29151651
5040.5 0.29185787
5044.75 0.28667900
5049.0 0.29229730
5053.25 0.29826692
5057.5 0.27987820
5061.75 0.28283066
5066.0 0.28084862
5070.25 0.28982168
5074.5 0.27338240
5078.75 0.27628073
5083.0 0.27549729
5087.25 0.27447948
5091.5 0.27642190
5095.75 0.27584326
5100.0 0.27513915
5104.25 0.27760270
5108.5 0.27308664
5112.75 0.27078432
5117.0 0.26600710
5121.25 0.26576418
5125.5 0.26140678
5129.75 0.26646030
5134.0 0.26701236
5138.25 0.27006286
5142.5 0.27222675
5146.75 0.26183236
5151.0 0.26743650
5155.25 0.27544484
5159.5 0.27221024
5163.75 0.27490139
5168.0 0.27989373
5172.25 0.27528691
5176.5 0.27730653
5180.75 0.27180389
5185.0 0.28544393
5189.25 0.26244441
5193.5 0.25370014
5197.75 0.25752872
5202.0 0.25407213
5206.25 0.25543007
5210.5 0.25577047
5214.75 0.26077935
5219.0 0.26558661
5223.25 0.25351256
5227.5 0.26062515
5231.75 0.26766014
5236.0 0.25778437
5240.25 0.25346953
5244.5 0.24955602
5248.75 0.24921545
5253.0 0.25025728
5257.25 0.26501617
5261.5 0.25248295
5265.75 0.25395826
5270.0 0.24752325
5274.25 0.24813113
5278.5 0.24790442
5282.75 0.25192243
5287.0 0.24936724
5291.25 0.25504068
5295.5 0.25588313
5299.75 0.25006229
5304.0 0.24832965
5308.25 0.24794477
5312.5 0.25508314
5316.75 0.25347775
5321.0 0.24811503
5325.25 0.24630190
5329.5 0.24439304
5333.75 0.24320242
5338.0 0.24520521
5342.25 0.24733625
5346.5 0.25549555
5350.75 0.25899515
5355.0 0.26388332
5359.25 0.27226064
5363.5 0.26136413
5367.75 0.24854583
5372.0 0.24934720
5376.25 0.24676199
5380.5 0.24290425
5384.75 0.24668339
5389.0 0.25401378
5393.25 0.25667650
5397.5 0.24867928
5401.75 0.25060791
5406.0 0.25434738
5410.25 0.25893122
5414.5 0.26284972
5418.75 0.24988919
5423.0 0.25235459
5427.25 0.25702861
5431.5 0.25778750
5435.75 0.25229782
5440.0 0.25184068
5444.25 0.25557083
5448.5 0.25532764
5452.75 0.25253603
5457.0 0.25872880
5461.25 0.25607049
5465.5 0.25967631
5469.75 0.26588193
5474.0 0.26215860
5478.25 0.26978081
5482.5 0.26544937
5486.75 0.28346580
5491.0 0.28555056
5495.25 0.29301330
5499.5 0.30124706
5503.75 0.30001190
5508.0 0.30612677
5512.25 0.32328346
5516.5 0.32506093
5520.75 0.33920529
5525.0 0.35485587
5529.25 0.37661403
5533.5 0.40180805
5537.75 0.43221074
5542.0 0.47409496
5546.25 0.52641267
5550.5 0.59044582
5554.75 0.66589314
5559.0 0.78067428
5563.25 0.91718745
5567.5 1.0891262
5571.75 1.2625006
5576.0 1.4849935
5580.25 1.5260087
5584.5 1.3049276
5588.75 1.0860394
5593.0 0.98801082
5597.25 0.93051875
5601.5 0.80576307
5605.75 0.67971587
5610.0 0.61231041
5614.25 0.55847412
5618.5 0.50925398
5622.75 0.47174463
5627.0 0.44879216
5631.25 0.42017081
5635.5 0.39117980
5639.75 0.36709103
5644.0 0.34289607
5648.25 0.32220864
5652.5 0.31565362
5656.75 0.30914858
5661.0 0.29358393
5665.25 0.29166964
5669.5 0.28617916
5673.75 0.28648415
5678.0 0.29151112
5682.25 0.29067442
5686.5 0.28460214
5690.75 0.27535349
5695.0 0.28908449
5699.25 0.29649186
5703.5 0.30250904
5707.75 0.33310983
5712.0 0.33136222
5716.25 0.30889174
5720.5 0.31197926
5724.75 0.31572413
5729.0 0.30663043
5733.25 0.28296292
5737.5 0.25992647
5741.75 0.25735602
5746.0 0.25082013
5750.25 0.24319141
5754.5 0.24165279
5758.75 0.23489912
5763.0 0.22453621
5767.25 0.22327334
5771.5 0.22435328
5775.75 0.22394368
5780.0 0.21348995
5784.25 0.21147756
5788.5 0.21121539
5792.75 0.21796255
5797.0 0.22652741
5801.25 0.21753909
5805.5 0.21435967
5809.75 0.21371624
5814.0 0.20964953
5818.25 0.20939046
5822.5 0.20913191
5826.75 0.22323397
5831.0 0.21471329
5835.25 0.21622847
5839.5 0.20810267
5843.75 0.20784660
5848.0 0.21161364
5852.25 0.21837571
5856.5 0.21665251
5860.75 0.21153475
5865.0 0.21364753
5869.25 0.21381867
5873.5 0.21220872
5877.75 0.20581634
5882.0 0.20556478
5886.25 0.20531374
5890.5 0.20696260
5894.75 0.20481309
5899.0 0.20456351
5903.25 0.20431444
5907.5 0.20912516
5911.75 0.20381773
5916.0 0.20357007
5920.25 0.20332292
5924.5 0.20610139
5928.75 0.20283005
5933.0 0.20258436
5937.25 0.20233913
5941.5 0.20209438
5945.75 0.20753177
5950.0 0.20281701
5954.25 0.21397769
5958.5 0.20264217
5962.75 0.20261811
5967.0 0.20063590
5971.25 0.20039447
5975.5 0.21467887
5979.75 0.22272767
5984.0 0.21497746
5988.25 0.23094095
5992.5 0.21351558
5996.75 0.24023099
