300.0 0.0
350.0 0.0000000
353.5 0.0000000
357.0 0.0000000
360.5 0.0000000
364.0 0.0000000
367.5 0.0000000
371.0 0.0000000
374.5 0.0000000
378.0 0.0000000
381.5 0.0000000
385.0 0.0000000
388.5 0.0000000
392.0 0.0000000
395.5 0.0000000
399.0 0.0000000
402.5 0.0000000
406.0 0.0000000
409.5 0.0000000
413.0 0.0000000
416.5 0.0000000
420.0 0.0000000
423.5 0.0000000
427.0 0.0000000
430.5 0.0000000
434.0 0.0000000
437.5 0.0000000
441.0 0.0000000
444.5 0.0000000
448.0 0.0000000
451.5 0.0000000
455.0 0.0000000
458.5 0.0000000
462.0 0.0000000
465.5 0.0000000
469.0 0.0000000
472.5 0.0000000
476.0 0.0000000
479.5 0.0000000
483.0 0.0000000
486.5 0.0000000
490.0 0.0000000
493.5 0.0000000
497.0 0.0000000
500.5 0.0000000
504.0 0.0000000
507.5 0.0000000
511.0 0.0000000
514.5 0.0000000
518.0 0.0000000
521.5 0.0000000
525.0 0.0000000
528.5 0.0000000
532.0 0.0000000
535.5 0.0000000
539.0 0.0000000
542.5 0.0000000
546.0 0.0000000
549.5 0.0000000
553.0 0.0000000
556.5 0.0000000
560.0 0.0000000
563.5 0.0000000
567.0 0.0000000
570.5 0.0000000
574.0 0.0000000
577.5 0.0000000
581.0 0.0000000
584.5 0.0000000
588.0 0.0000000
591.5 0.0000000
595.0 0.0000000
598.5 0.0000000
602.0 0.0000000
605.5 0.0000000
609.0 0.0000000
612.5 0.0000000
616.0 0.0000000
619.5 0.0000000
623.0 0.0000000
626.5 0.0000000
630.0 0.0000000
633.5 0.0000000
637.0 0.0000000
640.5 0.13499190
644.0 0.12508257
647.5 0.11569047
651.0 0.10679253
654.5 9.83701870E-02
658.0 9.04478431E-02
661.5 8.31906945E-02
665.0 7.61199743E-02
668.5 6.88111708E-02
672.0 6.14365116E-02
675.5 5.44944853E-02
679.0 4.82644178E-02
682.5 0.12860280
686.0 0.11813022
689.5 0.10824928
693.0 9.89615843E-02
696.5 9.02431384E-02
700.0 9.00230855E-02
703.5 8.55869055E-02
707.0 7.74027035E-02
710.5 7.52257481E-02
714.0 7.44741261E-02
717.5 7.47201890E-02
721.0 0.56401104
724.5 0.56488478
728.0 0.47101840
731.5 0.38642561
735.0 0.35701859
738.5 0.34199291
742.0 0.33749831
745.5 0.33746287
749.0 0.32349420
752.5 0.28739369
756.0 0.28527766
759.5 0.25092360
763.0 0.22448629
766.5 0.20414665
770.0 0.19343969
773.5 0.19309331
777.0 0.18204170
780.5 0.18279968
784.0 0.18600008
787.5 0.17776038
791.0 0.15353109
794.5 0.14137486
798.0 0.12123881
801.5 0.11458036
805.0 0.10638946
808.5 9.58583653E-02
812.0 8.87289718E-02
815.5 8.48134607E-02
819.0 8.14909041E-02
822.5 8.10041204E-02
826.0 7.73818418E-02
829.5 7.45625421E-02
833.0 7.29508549E-02
836.5 7.36225620E-02
840.0 7.61431903E-02
843.5 8.25883374E-02
847.0 9.26465616E-02
850.5 0.11337768
854.0 5.8659406
857.5 4.7383819
861.0 4.4139657
864.5 4.4065599
868.0 4.1227379
871.5 3.2963901
875.0 2.8426049
878.5 2.6699944
882.0 2.5519917
885.5 2.3833733
889.0 2.1736755
892.5 2.0340390
896.0 1.9847236
899.5 1.9875951
903.0 2.0173523
906.5 2.0285807
910.0 2.1793611
913.5 2.2109070
917.0 2.1133690
920.5 1.9235404
924.0 1.9337118
927.5 1.9139477
931.0 1.9575253
934.5 1.9888841
938.0 1.9623177
941.5 1.8895695
945.0 1.8623259
948.5 1.9192922
952.0 1.9052182
955.5 1.9348108
959.0 1.9076638
962.5 1.9500881
966.0 2.0592809
969.5 2.1724098
973.0 2.3293939
976.5 2.3698385
980.0 2.4009359
983.5 2.1810203
987.0 2.0342684
990.5 1.9249442
994.0 1.8763382
997.5 1.8660244
1001.0 1.7798809
1004.5 1.7555399
1008.0 1.7432846
1011.5 1.7285694
1015.0 1.7577865
1018.5 1.7391393
1022.0 1.7003785
1025.5 1.7496051
1029.0 1.7176287
1032.5 1.7426505
1036.0 1.7825141
1039.5 1.8070012
1043.0 1.8490946
1046.5 1.8445172
1050.0 1.9010584
1053.5 1.9411790
1057.0 1.9863635
1060.5 2.0593307
1064.0 2.2105527
1067.5 2.4133434
1071.0 2.6458712
1074.5 2.9413629
1078.0 3.3084040
1081.5 3.5236971
1085.0 3.1949203
1088.5 2.7073579
1092.0 2.3369944
1095.5 2.1426342
1099.0 2.0437880
1102.5 1.9861600
1106.0 1.8899738
1109.5 1.8809605
1113.0 1.8221339
1116.5 1.8556370
1120.0 1.8581934
1123.5 1.8492399
1127.0 1.8669337
1130.5 1.8411078
1134.0 1.8663415
1137.5 1.8896066
1141.0 1.8900263
1144.5 1.9279358
1148.0 1.8508811
1151.5 1.8356889
1155.0 1.8092800
1158.5 1.8363174
1162.0 1.8419931
1165.5 1.8132210
1169.0 1.7191062
1172.5 1.6613814
1176.0 1.6358528
1179.5 1.6036021
1183.0 1.6041516
1186.5 1.5977730
1190.0 1.5926964
1193.5 1.6157525
1197.0 1.6086515
1200.5 1.6324064
1204.0 1.6379411
1207.5 1.6329335
1211.0 1.6121862
1214.5 1.6305979
1218.0 1.6359004
1221.5 1.6781814
1225.0 1.6492469
1228.5 1.6207958
1232.0 1.5477147
1235.5 1.5692167
1239.0 1.5746793
1242.5 1.5520995
1246.0 1.6029162
1249.5 1.6165006
1253.0 1.5724262
1256.5 1.5441124
1260.0 1.5446550
1263.5 1.5431840
1267.0 1.5410180
1270.5 1.5591599
1274.0 1.5304894
1277.5 1.5242532
1281.0 1.5423459
1284.5 1.5392191
1288.0 1.5759388
1291.5 1.5677764
1295.0 1.6676911
1298.5 1.6605500
1302.0 1.6760428
1305.5 1.6493019
1309.0 1.6515496
1312.5 1.6653874
1316.0 1.7380649
1319.5 1.8686492
1323.0 1.9869612
1326.5 2.0829360
1330.0 2.1185460
1333.5 2.2281160
1337.0 2.1292961
1340.5 1.9454341
1344.0 1.7781610
1347.5 1.6668289
1351.0 1.6141731
1354.5 1.5606862
1358.0 1.5104276
1361.5 1.4716926
1365.0 1.4598676
1368.5 1.4032142
1372.0 1.3794475
1375.5 1.3668712
1379.0 1.3784442
1382.5 1.3825835
1386.0 1.3490592
1389.5 1.3529220
1393.0 1.3584073
1396.5 1.3680819
1400.0 1.3325715
1403.5 1.3454744
1407.0 1.3752192
1410.5 1.2992429
1414.0 1.3320440
1417.5 1.3390194
1421.0 1.3281082
1424.5 1.3379005
1428.0 1.3152046
1431.5 1.2963163
1435.0 1.3308240
1438.5 1.3830968
1442.0 1.3542130
1445.5 1.3867171
1449.0 1.3735666
1452.5 1.3757768
1456.0 1.3665702
1459.5 1.3826777
1463.0 1.3772578
1466.5 1.3723533
1470.0 1.3272101
1473.5 1.3043993
1477.0 1.3200374
1480.5 1.3375350
1484.0 1.2797639
1487.5 1.3402841
1491.0 1.2924539
1494.5 1.3220859
1498.0 1.3087766
1501.5 1.3341473
1505.0 1.2699472
1508.5 1.2875241
1512.0 1.2850894
1515.5 1.3063101
1519.0 1.2404979
1522.5 1.2538565
1526.0 1.2765158
1529.5 1.2186563
1533.0 1.2401583
1536.5 1.2015529
1540.0 1.1670008
1543.5 1.1644660
1547.0 1.1619384
1550.5 1.1682485
1554.0 1.1740123
1557.5 1.1744248
1561.0 1.1567175
1564.5 1.1494031
1568.0 1.1469164
1571.5 1.1444370
1575.0 1.1574074
1578.5 1.1540238
1582.0 1.1695224
1585.5 1.1750692
1589.0 1.1731014
1592.5 1.1801254
1596.0 1.1894755
1599.5 1.2094461
1603.0 1.2349783
1606.5 1.2237971
1610.0 1.2545176
1613.5 1.2672812
1617.0 1.2762802
1620.5 1.2817055
1624.0 1.2891616
1627.5 1.3036783
1631.0 1.3086127
1634.5 1.2892811
1638.0 1.2762733
1641.5 1.2461050
1645.0 1.2413855
1648.5 1.2158540
1652.0 1.2320045
1655.5 1.2152830
1659.0 1.2058866
1662.5 1.2076646
1666.0 1.1986516
1669.5 1.1999100
1673.0 1.2009883
1676.5 1.2131906
1680.0 1.2399940
1683.5 1.2194202
1687.0 1.2616379
1690.5 1.2911072
1694.0 1.3276192
1697.5 1.3219523
1701.0 1.2827400
1704.5 1.2746435
1708.0 1.2770262
1711.5 1.2463835
1715.0 1.2215773
1718.5 1.2130808
1722.0 1.2067878
1725.5 1.2283109
1729.0 1.2517023
1732.5 1.2550551
1736.0 1.2453493
1739.5 1.2469436
1743.0 1.2375791
1746.5 1.2423178
1750.0 1.2281815
1753.5 1.2215989
1757.0 1.2215527
1760.5 1.2144783
1764.0 1.1977351
1767.5 1.1790556
1771.0 1.1886921
1774.5 1.1912692
1778.0 1.1904405
1781.5 1.1776023
1785.0 1.1671472
1788.5 1.1627934
1792.0 1.1557335
1795.5 1.1499916
1799.0 1.1389029
1802.5 1.1223381
1806.0 1.1268135
1809.5 1.1257164
1813.0 1.1120926
1816.5 1.0818652
1820.0 1.1085186
1823.5 1.1122845
1827.0 1.1043917
1830.5 1.1032251
1834.0 1.1115769
1837.5 1.0899340
1841.0 1.0892113
1844.5 1.0668756
1848.0 1.0491196
1851.5 1.0071161
1855.0 1.0014818
1858.5 0.99881870
1862.0 0.98807335
1865.5 1.0139397
1869.0 1.0277164
1872.5 1.0289400
1876.0 1.0059172
1879.5 1.0152285
1883.0 1.0187149
1886.5 1.0314560
1890.0 1.0306457
1893.5 1.0535337
1897.0 1.0831411
1900.5 1.0916582
1904.0 1.0766797
1907.5 1.1086514
1911.0 1.1224203
1914.5 1.1203361
1918.0 1.1251146
1921.5 1.1696203
1925.0 1.1972785
1928.5 1.1900517
1932.0 1.2116463
1935.5 1.1830512
1939.0 1.2116110
1942.5 1.2520560
1946.0 1.3552431
1949.5 1.4761492
1953.0 1.6644901
1956.5 1.8562577
1960.0 1.9139587
1963.5 1.8151675
1967.0 1.6063814
1970.5 1.4279649
1974.0 1.3169138
1977.5 1.2615463
1981.0 1.2177687
1984.5 1.1837196
1988.0 1.1567544
1991.5 1.1308978
1995.0 1.1219850
1998.5 1.0983942
2002.0 1.0778637
2005.5 1.0545597
2009.0 1.0410372
2012.5 1.0370101
2016.0 1.0064882
2019.5 1.0075892
2023.0 0.98173082
2026.5 0.97451979
2030.0 0.97263634
2033.5 0.93174553
2037.0 0.94494176
2040.5 0.94355428
2044.0 0.95662212
2047.5 0.98207611
2051.0 0.99048954
2054.5 0.99309307
2058.0 0.99151510
2061.5 0.99763340
2065.0 0.98326755
2068.5 0.98494768
2072.0 0.99725008
2075.5 0.98179597
2079.0 0.98438710
2082.5 0.96599782
2086.0 0.97110516
2089.5 0.94700646
2093.0 0.93040651
2096.5 0.91307336
2100.0 0.90415651
2103.5 0.88186055
2107.0 0.87233633
2110.5 0.84788036
2114.0 0.83094037
2117.5 0.82701755
2121.0 0.83428282
2124.5 0.82285130
2128.0 0.83987695
2131.5 0.84371543
2135.0 0.84582466
2138.5 0.84516871
2142.0 0.84534061
2145.5 0.86154538
2149.0 0.85207409
2152.5 0.86833906
2156.0 0.86682791
2159.5 0.86285627
2163.0 0.85292351
2166.5 0.86106509
2170.0 0.85445404
2173.5 0.87210733
2177.0 0.89365631
2180.5 0.89548838
2184.0 0.93072391
2187.5 0.93767267
2191.0 0.93669796
2194.5 0.92329568
2198.0 0.92184407
2201.5 0.88734961
2205.0 0.90647274
2208.5 0.89701480
2212.0 0.89478719
2215.5 0.90543449
2219.0 0.92874944
2222.5 0.92909026
2226.0 0.94015121
2229.5 0.94544667
2233.0 0.95221061
2236.5 0.94229585
2240.0 0.94629049
2243.5 0.93165070
2247.0 0.94160146
2250.5 0.92941970
2254.0 0.90128314
2257.5 0.90111786
2261.0 0.91164541
2264.5 0.88709825
2268.0 0.88520914
2271.5 0.88534951
2275.0 0.88429952
2278.5 0.89780509
2282.0 0.89332348
2285.5 0.87766004
2289.0 0.87541908
2292.5 0.89250785
2296.0 0.89029294
2299.5 0.88369006
2303.0 0.89934421
2306.5 0.87338752
2310.0 0.86205733
2313.5 0.84999871
2317.0 0.84130514
2320.5 0.83448386
2324.0 0.81679994
2327.5 0.81308526
2331.0 0.82218742
2334.5 0.82900774
2338.0 0.83917451
2341.5 0.86485738
2345.0 0.83494842
2348.5 0.82284540
2352.0 0.81728482
2355.5 0.81293088
2359.0 0.80300558
2362.5 0.82158226
2366.0 0.81812298
2369.5 0.82344794
2373.0 0.81529886
2376.5 0.81735510
2380.0 0.81735075
2383.5 0.83558643
2387.0 0.84001929
2390.5 0.85375869
2394.0 0.88097024
2397.5 0.91630316
2401.0 0.87257242
2404.5 0.83890355
2408.0 0.84320313
2411.5 0.82976335
2415.0 0.79901183
2418.5 0.80748242
2422.0 0.80932862
2425.5 0.78638095
2429.0 0.78059804
2432.5 0.76280993
2436.0 0.75157326
2439.5 0.77129513
2443.0 0.76867330
2446.5 0.75735223
2450.0 0.77173150
2453.5 0.75194854
2457.0 0.73942995
2460.5 0.73869485
2464.0 0.72584164
2467.5 0.71339989
2471.0 0.69924241
2474.5 0.70763195
2478.0 0.70550501
2481.5 0.68471783
2485.0 0.69034386
2488.5 0.70106149
2492.0 0.70532268
2495.5 0.69159979
2499.0 0.70385122
2502.5 0.72096479
2506.0 0.70703149
2509.5 0.72200269
2513.0 0.70091099
2516.5 0.70216930
2520.0 0.69138378
2523.5 0.69990236
2527.0 0.70362091
2530.5 0.68939549
2534.0 0.70809937
2537.5 0.69578725
2541.0 0.68922853
2544.5 0.69489104
2548.0 0.67946422
2551.5 0.68652487
2555.0 0.68068063
2558.5 0.68481714
2562.0 0.68894762
2565.5 0.67933238
2569.0 0.67312938
2572.5 0.67086828
2576.0 0.66740590
2579.5 0.66298795
2583.0 0.66306198
2586.5 0.67195570
2590.0 0.67060757
2593.5 0.66960001
2597.0 0.65642101
2600.5 0.65854239
2604.0 0.68586743
2607.5 0.77269053
2611.0 0.80228931
2614.5 0.67770737
2618.0 0.65337092
2621.5 0.65292174
2625.0 0.64484966
2628.5 0.66767746
2632.0 0.64869964
2635.5 0.63415897
2639.0 0.63824695
2642.5 0.63073117
2646.0 0.62213171
2649.5 0.61531991
2653.0 0.60744131
2656.5 0.57418638
2660.0 0.58323932
2663.5 0.57205200
2667.0 0.59677261
2670.5 0.59508044
2674.0 0.58845013
2677.5 0.58234674
2681.0 0.57780129
2684.5 0.59232533
2688.0 0.57998174
2691.5 0.58943546
2695.0 0.59815872
2698.5 0.60778290
2702.0 0.63169003
2705.5 0.67963815
2709.0 0.70769334
2712.5 0.63578290
2716.0 0.59390384
2719.5 0.61493891
2723.0 0.61961651
2726.5 0.58706778
2730.0 0.57428950
2733.5 0.57491142
2737.0 0.56459910
2740.5 0.56104821
2744.0 0.55042660
2747.5 0.53429127
2751.0 0.51643986
2754.5 0.51265258
2758.0 0.52805895
2761.5 0.54361480
2765.0 0.54498011
2768.5 0.55087245
2772.0 0.56424904
2775.5 0.56451535
2779.0 0.56083661
2782.5 0.54196733
2786.0 0.54405719
2789.5 0.54103410
2793.0 0.51840824
2796.5 0.52484286
2800.0 0.50707507
2803.5 0.50692767
2807.0 0.49798152
2810.5 0.50865430
2814.0 0.51495045
2817.5 0.50540411
2821.0 0.48936799
2824.5 0.48868284
2828.0 0.48625761
2831.5 0.48037374
2835.0 0.49481934
2838.5 0.48426357
2842.0 0.49654362
2845.5 0.50625408
2849.0 0.53693902
2852.5 0.52849591
2856.0 0.52522272
2859.5 0.54825723
2863.0 0.55575830
2866.5 0.57496756
2870.0 0.61121243
2873.5 0.59314579
2877.0 0.56333005
2880.5 0.56034768
2884.0 0.53513694
2887.5 0.52160525
2891.0 0.51602435
2894.5 0.50723875
2898.0 0.49017033
2901.5 0.47117594
2905.0 0.46555838
2908.5 0.46760231
2912.0 0.48040169
2915.5 0.47641072
2919.0 0.47318414
2922.5 0.48347124
2926.0 0.46665075
2929.5 0.46062273
2933.0 0.46896887
2936.5 0.45810217
2940.0 0.45303130
2943.5 0.45218882
2947.0 0.45134872
2950.5 0.45327660
2954.0 0.45688492
2957.5 0.45465860
2961.0 0.45282978
2964.5 0.47800061
2968.0 0.47498024
2971.5 0.48207191
2975.0 0.47333816
2978.5 0.46179852
2982.0 0.45427305
2985.5 0.47449479
2989.0 0.47406176
2992.5 0.47053799
2996.0 0.49214491
2999.5 0.47894338
3003.0 0.49429193
3006.5 0.52104986
3010.0 0.51190966
3013.5 0.52224642
3017.0 0.53167671
3020.5 0.55329114
3024.0 0.58821952
3027.5 0.59455794
3031.0 0.62730896
3034.5 0.67881745
3038.0 0.70379531
3041.5 0.70661896
3045.0 0.65688306
3048.5 0.64500016
3052.0 0.63838518
3055.5 0.60726285
3059.0 0.57964557
3062.5 0.53072190
3066.0 0.51952738
3069.5 0.49873373
3073.0 0.48854876
3076.5 0.50081766
3080.0 0.48704669
3083.5 0.47865066
3087.0 0.47902802
3090.5 0.46772671
3094.0 0.46432203
3097.5 0.46180031
3101.0 0.43319502
3104.5 0.44791836
3108.0 0.44551957
3111.5 0.45677122
3115.0 0.44676828
3118.5 0.44471446
3122.0 0.46463966
3125.5 0.47124964
3129.0 0.48892471
3132.5 0.48173547
3136.0 0.47795784
3139.5 0.45992300
3143.0 0.48513591
3146.5 0.48610529
3150.0 0.48898736
3153.5 0.48536831
3157.0 0.50352067
3160.5 0.52484435
3164.0 0.52094966
3167.5 0.49947327
3171.0 0.48755100
3174.5 0.47562632
3178.0 0.47882533
3181.5 0.51394331
3185.0 0.49985826
3188.5 0.49364161
3192.0 0.51264924
3195.5 0.50822204
3199.0 0.47054142
3202.5 0.49578232
3206.0 0.51535726
3209.5 0.49307021
3213.0 0.48354265
3216.5 0.49105427
3220.0 0.47260058
3223.5 0.46148074
3227.0 0.46286657
3230.5 0.47748867
3234.0 0.49468574
3237.5 0.49425566
3241.0 0.48424932
3244.5 0.49013871
3248.0 0.47539809
3251.5 0.48316097
3255.0 0.46841547
3258.5 0.49282405
3262.0 0.46370801
3265.5 0.47861788
3269.0 0.45854908
3272.5 0.46269569
3276.0 0.46614304
3279.5 0.48134699
3283.0 0.43888789
3286.5 0.43780977
3290.0 0.41148770
3293.5 0.40616250
3297.0 0.40035477
3300.5 0.41001162
3304.0 0.40853894
3307.5 0.40718725
3311.0 0.39975390
3314.5 0.40568170
3318.0 0.40972024
3321.5 0.40098566
3325.0 0.38740706
3328.5 0.39072874
3332.0 0.39218846
3335.5 0.39001223
3339.0 0.39595434
3342.5 0.40084937
3346.0 0.40794030
3349.5 0.40626153
3353.0 0.40292916
3356.5 0.41063303
3360.0 0.42227507
3363.5 0.42240611
3367.0 0.42614251
3370.5 0.44194975
3374.0 0.46784347
3377.5 0.46987230
3381.0 0.50486088
3384.5 0.50934815
3388.0 0.52620620
3391.5 0.56533200
3395.0 0.58840871
3398.5 0.65809423
3402.0 0.71759522
3405.5 0.69468892
3409.0 0.64777601
3412.5 0.60135466
3416.0 0.56867802
3419.5 0.54023367
3423.0 0.50440305
3426.5 0.49524525
3430.0 0.49018100
3433.5 0.47296843
3437.0 0.44645596
3440.5 0.45963117
3444.0 0.44450009
3447.5 0.43754676
3451.0 0.43002385
3454.5 0.41832057
3458.0 0.41362855
3461.5 0.42425328
3465.0 0.42421046
3468.5 0.50041056
3472.0 0.54685408
3475.5 0.45697108
3479.0 0.40572760
3482.5 0.39486626
3486.0 0.39143151
3489.5 0.38168806
3493.0 0.40638489
3496.5 0.44383264
3500.0 0.53920132
3503.5 0.75941396
3507.0 0.75741947
3510.5 0.50917459
3514.0 0.42851153
3517.5 0.40272680
3521.0 0.39154488
3524.5 0.38219267
3528.0 0.37473655
3531.5 0.37486342
3535.0 0.37209460
3538.5 0.37250495
3542.0 0.37188208
3545.5 0.36569706
3549.0 0.36151621
3552.5 0.36139622
3556.0 0.34746629
3559.5 0.34021449
3563.0 0.35505393
3566.5 0.35175228
3570.0 0.35601208
3573.5 0.34155470
3577.0 0.34423661
3580.5 0.33932686
3584.0 0.35106304
3587.5 0.34478983
3591.0 0.33580667
3594.5 0.34340104
3598.0 0.34115684
3601.5 0.35144433
3605.0 0.35316291
3608.5 0.36720514
3612.0 0.37503460
3615.5 0.36964515
3619.0 0.35885495
3622.5 0.37453309
3626.0 0.35893330
3629.5 0.34993297
3633.0 0.35053134
3636.5 0.37020373
3640.0 0.36317986
3643.5 0.34395552
3647.0 0.34836864
3650.5 0.35147381
3654.0 0.35727501
3657.5 0.35138136
3661.0 0.35461691
3664.5 0.35312611
3668.0 0.35497174
3671.5 0.34192064
3675.0 0.34761739
3678.5 0.35880178
3682.0 0.34146035
3685.5 0.35100970
3689.0 0.35232812
3692.5 0.34964648
3696.0 0.35004923
3699.5 0.35247421
3703.0 0.35007650
3706.5 0.36343661
3710.0 0.34684861
3713.5 0.33945796
3717.0 0.37109977
3720.5 0.34630877
3724.0 0.36231628
3727.5 0.35306251
3731.0 0.34245199
3734.5 0.33750731
3738.0 0.33357698
3741.5 0.34347236
3745.0 0.32542333
3748.5 0.32820541
3752.0 0.33145210
3755.5 0.32776648
3759.0 0.31228554
3762.5 0.31791693
3766.0 0.32548770
3769.5 0.32470256
3773.0 0.31473473
3776.5 0.31579721
3780.0 0.31304616
3783.5 0.30689356
3787.0 0.31292379
3790.5 0.31918997
3794.0 0.31694397
3797.5 0.30911180
3801.0 0.30452436
3804.5 0.29988861
3808.0 0.31019661
3811.5 0.29898971
3815.0 0.31909740
3818.5 0.30068189
3822.0 0.30195665
3825.5 0.29720423
3829.0 0.29676041
3832.5 0.29631761
3836.0 0.29587579
3839.5 0.30255380
3843.0 0.30377471
3846.5 0.31066218
3850.0 0.30298695
3853.5 0.30379575
3857.0 0.29324609
3860.5 0.29281121
3864.0 0.30105385
3867.5 0.30986491
3871.0 0.30453366
3874.5 0.29701161
3878.0 0.30860469
3881.5 0.31345481
3885.0 0.29764104
3888.5 0.30092165
3892.0 0.28894198
3895.5 0.28851688
3899.0 0.29423371
3902.5 0.28929964
3906.0 0.31617731
3909.5 0.30175993
3913.0 0.29345018
3916.5 0.32754311
3920.0 0.32310525
3923.5 0.30843565
3927.0 0.30272463
3930.5 0.28893861
3934.0 0.28847083
3937.5 0.28348967
3941.0 0.29269597
3944.5 0.28266487
3948.0 0.28397003
3951.5 0.28184375
3955.0 0.28407121
3958.5 0.28102621
3962.0 0.28252169
3965.5 0.28141931
3969.0 0.27980670
3972.5 0.28948408
3976.0 0.28513858
3979.5 0.27859551
3983.0 0.27819347
3986.5 0.27779242
3990.0 0.27739218
3993.5 0.27699283
3997.0 0.27659443
4000.5 0.27619684
4004.0 0.28182673
4007.5 0.27540430
4011.0 0.27580765
4014.5 0.27461526
4018.0 0.27580544
4021.5 0.27392170
4025.0 0.27343807
4028.5 0.27604491
4032.0 0.27984983
4035.5 0.28114179
4039.0 0.27847943
4042.5 0.27796340
4046.0 0.27712137
4049.5 0.27325794
4053.0 0.27547014
4056.5 0.27362919
4060.0 0.27306175
4063.5 0.27910161
4067.0 0.29128784
4070.5 0.27695769
4074.0 0.28652284
4077.5 0.28094414
4081.0 0.28959069
4084.5 0.28276467
4088.0 0.29189959
4091.5 0.28720182
4095.0 0.28847134
4098.5 0.29682168
4102.0 0.28958586
4105.5 0.29508016
4109.0 0.30477509
4112.5 0.32810375
4116.0 0.32055846
4119.5 0.31433341
4123.0 0.31600302
4126.5 0.28811395
4130.0 0.28325191
4133.5 0.29640594
4137.0 0.29112786
4140.5 0.28096125
4144.0 0.28245363
4147.5 0.28397521
4151.0 0.28431493
4154.5 0.27927703
4158.0 0.28475749
4161.5 0.29058045
4165.0 0.27267247
4168.5 0.27555585
4172.0 0.27363169
4175.5 0.28238124
4179.0 0.26637068
4182.5 0.26920140
4186.0 0.26844475
4189.5 0.26745963
4193.0 0.26935908
4196.5 0.26880190
4200.0 0.26812240
4203.5 0.27052981
4207.0 0.26613539
4210.5 0.26389816
4214.0 0.25924882
4217.5 0.25901845
4221.0 0.25477791
4224.5 0.25970960
4228.0 0.26025406
4231.5 0.26323378
4235.0 0.26534939
4238.5 0.25522378
4242.0 0.26069281
4245.5 0.26850569
4249.0 0.26535901
4252.5 0.26798889
4256.0 0.27286229
4259.5 0.26837763
4263.0 0.27035308
4266.5 0.26499474
4270.0 0.27829972
4273.5 0.25588199
4277.0 0.24736224
4280.5 0.25110117
4284.0 0.24773672
4287.5 0.24906670
4291.0 0.24940452
4294.5 0.25429472
4298.0 0.25898856
4301.5 0.24722028
4305.0 0.25416231
4308.5 0.26102898
4312.0 0.25140375
4315.5 0.24720150
4319.0 0.24339044
4322.5 0.24306394
4326.0 0.24408574
4329.5 0.25848666
4333.0 0.24626797
4336.5 0.24771266
4340.0 0.24144150
4343.5 0.24204001
4347.0 0.24182446
4350.5 0.24574953
4354.0 0.24326254
4357.5 0.24880281
4361.0 0.24963032
4364.5 0.24395731
4368.0 0.24227248
4371.5 0.24190249
4375.0 0.24887256
4378.5 0.24731186
4382.0 0.24208505
4385.5 0.24032141
4389.0 0.23846430
4392.5 0.23730788
4396.0 0.23926750
4399.5 0.24135238
4403.0 0.24931984
4406.5 0.25274050
4410.0 0.25751635
4413.5 0.26569748
4417.0 0.25506932
4420.5 0.24256510
4424.0 0.24335259
4427.5 0.24083488
4431.0 0.23707502
4434.5 0.24076879
4438.0 0.24792884
4441.5 0.25053328
4445.0 0.24273279
4448.5 0.24462067
4452.0 0.24827623
4455.5 0.25275618
4459.0 0.25658682
4462.5 0.24394041
4466.0 0.24635248
4469.5 0.25092074
4473.0 0.25166702
4476.5 0.24631302
4480.0 0.24587202
4483.5 0.24951915
4487.0 0.24928708
4490.5 0.24656682
4494.0 0.25261861
4497.5 0.25002843
4501.0 0.25355458
4504.5 0.25961944
4508.0 0.25598928
4511.5 0.26343769
4515.0 0.25921360
4518.5 0.27681267
4522.0 0.27885437
4525.5 0.28614816
4529.0 0.29419520
4532.5 0.29299513
4536.0 0.29897326
4539.5 0.31573564
4543.0 0.31747827
4546.5 0.33129960
4550.0 0.34659263
4553.5 0.36785182
4557.0 0.39246783
4560.5 0.42217255
4564.0 0.46309358
4567.5 0.51420790
4571.0 0.57676840
4574.5 0.65048140
4578.0 0.76262170
4581.5 0.89599645
4585.0 1.0639846
4588.5 1.2333820
4592.0 1.4507730
4595.5 1.4908735
4599.0 1.2749087
4602.5 1.0610774
4606.0 0.96532154
4609.5 0.90916812
4613.0 0.78729087
4616.5 0.66414684
4620.0 0.59829736
4623.5 0.54570413
4627.0 0.49761942
4630.5 0.46097633
4634.0 0.43855655
4637.5 0.41059619
4641.0 0.38227347
4644.5 0.35874033
4648.0 0.33510244
4651.5 0.31489146
4655.0 0.30849141
4658.5 0.30214000
4662.0 0.28693387
4665.5 0.28506857
4669.0 0.27970788
4672.5 0.28001148
4676.0 0.28493047
4679.5 0.28411826
4683.0 0.27818835
4686.5 0.26915342
4690.0 0.28258079
4693.5 0.28982717
4697.0 0.29571486
4700.5 0.32563469
4704.0 0.32393259
4707.5 0.30197179
4711.0 0.30499601
4714.5 0.30866304
4718.0 0.29977849
4721.5 0.27664518
4725.0 0.25412798
4728.5 0.25161970
4732.0 0.24523419
4735.5 0.23777990
4739.0 0.23628004
4742.5 0.22968091
4746.0 0.21955240
4749.5 0.21832171
4753.0 0.21938187
4756.5 0.21898548
4760.0 0.20876718
4763.5 0.20680320
4767.0 0.20655072
4770.5 0.21315290
4774.0 0.22153291
4777.5 0.21274677
4781.0 0.20964134
4784.5 0.20901597
4788.0 0.20504254
4791.5 0.20479298
4795.0 0.20454390
4798.5 0.21834067
4802.0 0.21001065
4805.5 0.21149658
4809.0 0.20355238
4812.5 0.20330566
4816.0 0.20699424
4819.5 0.21361262
4823.0 0.21193090
4826.5 0.20692848
4830.0 0.20899908
4833.5 0.20917033
4837.0 0.20759918
4840.5 0.20134935
4844.0 0.20110691
4847.5 0.20086494
4851.0 0.20248176
4854.5 0.20038244
4858.0 0.20014188
4861.5 0.19990180
4865.0 0.20461233
4868.5 0.19942302
4872.0 0.19918430
4875.5 0.19894606
4879.0 0.20166834
4882.5 0.19847089
4886.0 0.19823404
4889.5 0.19799761
4893.0 0.19776164
4896.5 0.20308608
4900.0 0.19847584
4903.5 0.20940135
4907.0 0.19831181
4910.5 0.19829173
4914.0 0.19635534
4917.5 0.19612251
4921.0 0.21010610
4924.5 0.21798731
4928.0 0.21040574
4931.5 0.22603372
4935.0 0.20898229
4938.5 0.23513460
4942.0 0.22132684
4945.5 0.20449606
4949.0 0.22757410
4952.5 0.21198447
4956.0 0.20672752
4959.5 0.20843829
4963.0 0.20183675
4966.5 0.19897100
4970.0 0.19268326
4973.5 0.19245745
4977.0 0.19520673
4980.5 0.20251049
4984.0 0.19178264
4987.5 0.19155858
4991.0 0.19133493
4994.5 0.19111171
4998.0 0.21016921
5001.5 0.19521022
5005.0 0.19044457
5008.5 0.19022307
5012.0 0.19341740
5015.5 0.19209582
5019.0 0.18956095
5022.5 0.18934117
5026.0 0.19469891
5029.5 0.20072266
5033.0 0.21182494
5036.5 0.18846589
5040.0 0.20849213
5043.5 0.18857409
5047.0 0.19743986
5050.5 0.18759726
5054.0 0.20027840
5057.5 0.19499767
5061.0 0.19458498
5064.5 0.19843267
5068.0 0.20766774
5071.5 0.19782521
5075.0 0.18609302
5078.5 0.19861452
5082.0 0.21986225
5085.5 0.18545440
5089.0 0.18524235
5092.5 0.18556252
5096.0 0.18481940
5099.5 0.18460856
5103.0 0.18439807
5106.5 0.20243405
5110.0 0.19717540
5113.5 0.18376908
5117.0 0.18356021
5120.5 0.19338614
5124.0 0.20692809
5127.5 0.18293591
5131.0 0.18445109
5134.5 0.22543390
5138.0 0.19384719
5141.5 0.19215490
5145.0 0.18190327
5148.5 0.20667897
5152.0 0.22086880
5155.5 0.21096453
5159.0 0.23201990
5162.5 0.22712390
5166.0 0.23933797
5169.5 0.20800480
5173.0 0.21580683
5176.5 0.26575342
5180.0 0.23832932
5183.5 0.22869202
5187.0 0.20697568
5190.5 0.19998987
5194.0 0.24718158
5197.5 0.23574938
5201.0 0.22804552
5204.5 0.21238397
5208.0 0.19001189
5211.5 0.21471089
5215.0 0.17786874
5218.5 0.17767096
5222.0 0.17747355
5225.5 0.17727655
5229.0 0.17707992
5232.5 0.17688361
5236.0 0.17668775
5239.5 0.17649215
5243.0 0.17629698
5246.5 0.17610215
5250.0 0.17590772
5253.5 0.17571361
5257.0 0.17551990
5260.5 0.17532654
5264.0 0.17513359
5267.5 0.17494096
5271.0 0.17474867
5274.5 0.17455676
5278.0 0.17436521
5281.5 0.17417404
5285.0 0.17398320
5288.5 0.17379272
5292.0 0.17360264
5295.5 0.17341287
5299.0 0.17322344
5302.5 0.17303438
5306.0 0.17284569
5309.5 0.17265739
5313.0 0.17246936
5316.5 0.17228171
5320.0 0.17209448
5323.5 0.17190753
5327.0 0.17172095
5330.5 0.17153470
5334.0 0.17134881
5337.5 0.17116328
5341.0 0.17097808
5344.5 0.17079328
5348.0 0.17060880
5351.5 0.17042461
5355.0 0.17024080
5358.5 0.17005736
5362.0 0.16987422
5365.5 0.16969146
5369.0 0.16950902
5372.5 0.16932695
5376.0 0.16914518
5379.5 0.16896379
5383.0 0.16878274
5386.5 0.16860200
5390.0 0.16842160
5393.5 0.16824153
5397.0 0.16806184
5400.5 0.16788243
5404.0 0.16770342
5407.5 0.16752470
5411.0 0.16734627
5414.5 0.16716826
5418.0 0.16699064
5421.5 0.16681319
5425.0 0.16663612
5428.5 0.16645946
5432.0 0.16628307
5435.5 0.16610694
5439.0 0.16593121
5442.5 0.16575594
5446.0 0.16558078
5449.5 0.16540606
5453.0 0.16523169
5456.5 0.16505761
5460.0 0.16488387
5463.5 0.16471040
5467.0 0.16453727
5470.5 0.16436456
5474.0 0.16419207
5477.5 0.16401991
5481.0 0.16384806
5484.5 0.16367656
5488.0 0.16350541
5491.5 0.16333455
5495.0 0.16316399
5498.5 0.16299382
5502.0 0.16282396
5505.5 0.16265440
5509.0 0.16248511
5512.5 0.16231619
5516.0 0.16214757
5519.5 0.16197921
5523.0 0.16181123
5526.5 0.16164361
5530.0 0.16147617
5533.5 0.16130914
5537.0 0.16114244
5540.5 0.16097601
5544.0 0.16080990
5547.5 0.16064408
5551.0 0.16047853
5554.5 0.16031343
5558.0 0.16014852
5561.5 0.15998396
5565.0 0.15981969
5568.5 0.15965576
5572.0 0.15949211
5575.5 0.15932883
5579.0 0.15916583
5582.5 0.15900312
5586.0 0.15884064
5589.5 0.15867856
5593.0 0.15851676
5596.5 0.15835525
5600.0 0.15819404
5603.5 0.15803318
5607.0 0.15787254
5610.5 0.15771230
5614.0 0.15755233
5617.5 0.15739265
5621.0 0.15723318
5624.5 0.15707414
5628.0 0.15691529
5631.5 0.15675692
5635.0 0.15659869
5638.5 0.15644075
5642.0 0.15628317
5645.5 0.15612583
5649.0 0.15596890
5652.5 0.15581217
5656.0 0.15565570
5659.5 0.15549962
5663.0 0.15534382
5666.5 0.15518829
5670.0 0.15503301
5673.5 0.15487808
5677.0 0.15472345
5680.5 0.15456904
5684.0 0.15441495
5687.5 0.15426125
5691.0 0.15410773
5694.5 0.15395445
5698.0 0.15380158
5701.5 0.15364891
5705.0 0.15349661
5708.5 0.15334457
5712.0 0.15319274
5715.5 0.15304132
5719.0 0.15289012
5722.5 0.15273923
5726.0 0.15258856
5729.5 0.15243822
5733.0 0.15228818
5736.5 0.15213838
5740.0 0.15198895
5743.5 0.15183970
5747.0 0.15169080
5750.5 0.15154216
5754.0 0.15139379
5757.5 0.15124571
5761.0 0.15109797
5764.5 0.15095045
5768.0 0.15080318
5771.5 0.15065624
5775.0 0.15050952
5778.5 0.15036318
5782.0 0.15021701
5785.5 0.15007113
5789.0 0.14992557
5792.5 0.14978030
5796.0 0.14963521
5799.5 0.14949052
5803.0 0.14934605
5806.5 0.14920183
5810.0 0.14905792
5813.5 0.14891425
5817.0 0.14877090
5820.5 0.14862776
5824.0 0.14848500
5827.5 0.14834242
5831.0 0.14820006
5834.5 0.14805809
5838.0 0.14791638
5841.5 0.14777486
5845.0 0.14763366
5848.5 0.14749271
5852.0 0.14735204
5855.5 0.14721164
5859.0 0.14707148
5862.5 0.14693159
5866.0 0.14679199
5869.5 0.14665267
5873.0 0.14651363
5876.5 0.14637485
5880.0 0.14623626
5883.5 0.14609803
5887.0 0.14596003
5890.5 0.14582229
5894.0 0.14568479
5897.5 0.14554755
5901.0 0.14541066
5904.5 0.14527391
5908.0 0.14513746
5911.5 0.14500129
5915.0 0.14486542
5918.5 0.14472979
5922.0 0.14459437
5925.5 0.14445920
5929.0 0.14432441
5932.5 0.14418977
5936.0 0.14405538
5939.5 0.14392133
5943.0 0.14378753
5946.5 0.14365388
5950.0 0.14352056
5953.5 0.14338750
5957.0 0.14325467
5960.5 0.14312217
5964.0 0.14298983
5967.5 0.14285782
5971.0 0.14272602
5974.5 0.14259449
5978.0 0.14246321
5981.5 0.14233223
5985.0 0.14220139
5988.5 0.14207090
5992.0 0.14194061
5995.5 0.14181060
5999.0 0.14168081
