300.0 0.0
315.0 0.0000000
318.15 0.0000000
321.3 0.0000000
324.45 0.0000000
327.6 0.0000000
330.75 0.0000000
333.9 0.0000000
337.05 0.0000000
340.2 0.0000000
343.35 0.0000000
346.5 0.0000000
349.65 0.0000000
352.8 0.0000000
355.95 0.0000000
359.1 0.0000000
362.25 0.0000000
365.4 0.0000000
368.55 0.0000000
371.7 0.0000000
374.85 0.0000000
378.0 0.0000000
381.15 0.0000000
384.3 0.0000000
387.45 0.0000000
390.6 0.0000000
393.75 0.0000000
396.9 0.0000000
400.05 0.0000000
403.2 0.0000000
406.35002 0.0000000
409.50002 0.0000000
412.65 0.0000000
415.8 0.0000000
418.95 0.0000000
422.1 0.0000000
425.25 0.0000000
428.4 0.0000000
431.55 0.0000000
434.7 0.0000000
437.85 0.0000000
441.0 0.0000000
444.15 0.0000000
447.3 0.0000000
450.45 0.0000000
453.6 0.0000000
456.75 0.0000000
459.9 0.0000000
463.05 0.0000000
466.2 0.0000000
469.35 0.0000000
472.5 0.0000000
475.65 0.0000000
478.8 0.0000000
481.95 0.0000000
485.1 0.0000000
488.25 0.0000000
491.4 0.0000000
494.55 0.0000000
497.7 0.0000000
500.85 0.0000000
504.0 0.0000000
507.15 0.0000000
510.3 0.0000000
513.45 0.0000000
516.6 0.0000000
519.75 0.0000000
522.9 0.0000000
526.05 0.0000000
529.2 0.0000000
532.35 0.0000000
535.5 0.0000000
538.65 0.0000000
541.8 0.0000000
544.95 0.0000000
548.1 0.0000000
551.25 0.0000000
554.4 0.0000000
557.55 0.0000000
560.7 0.0000000
563.85 0.0000000
567.0 0.0000000
570.15 0.0000000
573.3 0.0000000
576.45 6.07593581E-02
579.6 5.88543788E-02
582.75 5.69607653E-02
585.9 5.50777353E-02
589.05 5.32109886E-02
592.2 5.13629988E-02
595.35 4.95348647E-02
598.5 4.77304012E-02
601.65 4.59510684E-02
604.8 4.41986881E-02
607.95 4.24735174E-02
611.1 4.07765321E-02
614.25 6.76104575E-02
617.4 6.55780211E-02
620.55 6.35601282E-02
623.7 6.15611523E-02
626.85 5.95827326E-02
630.0 6.32058606E-02
633.15 6.40180036E-02
636.3 6.18027002E-02
639.45 6.42496422E-02
642.6 6.81755170E-02
645.75 7.34680668E-02
648.9 0.20534483
652.05 0.20976448
655.2 0.17842501
658.35 0.14935017
661.5 0.14080793
664.65 0.13766511
667.8 0.13868110
670.95 0.14156888
674.1 0.13857017
677.25 0.12572797
680.4 0.12748681
683.55 0.11456982
686.7 0.10474610
689.85 9.73659009E-02
693.0 9.43109691E-02
696.15 9.62555930E-02
699.3 9.28259492E-02
702.45 9.52304080E-02
705.6 9.86333638E-02
708.75 9.64485407E-02
711.9 8.64979774E-02
715.05 8.42502415E-02
718.2 7.73055777E-02
721.35 7.84376338E-02
724.5 7.80317113E-02
727.65 7.54582286E-02
730.8 7.51355663E-02
733.95 7.74530768E-02
737.1 8.04484263E-02
740.25 8.66593570E-02
743.4 8.99508893E-02
746.55 9.44332778E-02
749.7 0.10092367
752.85 0.11156799
756.0 0.12677376
759.15 0.15150850
762.3 0.18782346
765.45 0.25482413
768.6 1.3700882
771.75 1.1116948
774.9 1.0401878
778.05 1.0430291
781.2 0.98012924
784.35 0.78708082
787.5 0.68165928
790.65 0.64301038
793.8 0.61720014
796.95 0.57885426
800.1 0.53013283
803.25 0.49813703
806.4 0.48806810
809.55005 0.49077395
812.70005 0.50014442
815.85005 0.50496018
819.00005 0.54466265
822.15 0.55474532
825.3 0.53236026
828.45 0.48644096
831.6 0.49091935
834.75 0.48777601
837.9 0.50079608
841.05 0.51075548
844.2 0.50583601
847.35 0.48891264
850.5 0.48365858
853.65 0.50029463
856.8 0.49845082
859.95 0.50804245
863.1 0.50272942
866.25 0.51575589
869.4 0.54658312
872.55 0.57865667
875.7 0.62265831
878.85 0.63568687
882.0 0.64626783
885.15 0.58909923
888.3 0.55134600
891.45 0.52349287
894.6 0.51200145
897.75 0.51089847
900.9 0.48894024
904.05 0.48385310
907.2 0.48205855
910.35 0.47955379
913.5 0.48924556
916.65 0.48561892
919.8 0.47631970
922.95 0.49167198
926.1 0.48421460
929.25 0.49281487
932.4 0.50566465
935.55 0.51420391
938.7 0.52780628
941.85 0.52811527
945.0 0.54596305
948.15 0.55917370
951.3 0.57391149
954.45 0.59677327
957.6 0.64249974
960.75 0.70351267
963.9 0.77356094
967.05 0.86246085
970.2 0.97289592
973.35 1.0391926
976.5 0.94492900
979.65 0.80300653
982.8 0.69511676
985.95 0.63909787
989.1 0.61131835
992.25 0.59573084
995.4 0.56844544
998.55 0.56728715
1001.7 0.55104446
1004.85 0.56269813
1008.0 0.56499165
1011.15 0.56377649
1014.3 0.57068640
1017.45 0.56428206
1020.6 0.57352185
1023.75 0.58219099
1026.9 0.58383495
1030.05 0.59708583
1033.2 0.57469600
1036.35 0.57143587
1039.5 0.56464684
1042.65 0.57453287
1045.8 0.57775664
1048.95 0.57015300
1052.1 0.54190218
1055.25 0.52499962
1058.4 0.51820201
1061.55 0.50922650
1064.7 0.51063806
1067.85 0.50983590
1071.0 0.50943631
1074.15 0.51804495
1077.3 0.51699293
1080.45 0.52586621
1083.6 0.52888817
1086.75 0.52850300
1089.9 0.52300006
1093.05 0.53019458
1096.2 0.53314072
1099.35 0.54816997
1102.5 0.53994256
1105.65 0.53182715
1108.8 0.50898868
1111.95 0.51721358
1115.1 0.52016848
1118.25 0.51384330
1121.4 0.53183490
1124.55 0.53751546
1127.7 0.52399784
1130.85 0.51567686
1134.0 0.51696879
1137.15 0.51758271
1140.3 0.51795763
1143.45 0.52516681
1146.6 0.51659673
1149.75 0.51557094
1152.9 0.52277946
1156.05 0.52280277
1159.2 0.53638005
1162.35 0.53469831
1165.5 0.56993771
1168.65 0.56865108
1171.8 0.57511783
1174.95 0.56708127
1178.1 0.56899089
1181.25 0.57490164
1184.4 0.60117990
1187.55 0.64762276
1190.7 0.68997777
1193.85 0.72471738
1197.0 0.73853934
1200.15 0.77823830
1203.3 0.74515247
1206.45 0.68211299
1209.6 0.62465066
1212.75 0.58665061
1215.9 0.56918901
1219.05 0.55136156
1222.2 0.53460234
1225.35 0.52186012
1228.5 0.51862448
1231.65 0.50001705
1234.8 0.49303839
1237.95 0.49001619
1241.1 0.49564674
1244.25 0.49861711
1247.4 0.48796979
1250.55 0.49081036
1253.7 0.49424583
1256.85 0.49921840
1260.0 0.48767149
1263.15 0.49381474
1266.3 0.50618088
1269.45 0.47958145
1272.6 0.49308580
1275.75 0.49706852
1278.9 0.49440363
1282.05 0.49944109
1285.2 0.49233386
1288.35 0.48660576
1291.5 0.50093371
1294.65 0.52203459
1297.8 0.51252449
1300.95 0.52624720
1304.1 0.52266186
1307.25 0.52490604
1310.4 0.52278405
1313.55 0.53034920
1316.7 0.52966428
1319.85 0.52916425
1323.0 0.51309425
1326.15 0.50558639
1329.3 0.51297015
1332.45 0.52110702
1335.6 0.49987549
1338.75 0.52484804
1341.9 0.50740004
1345.05 0.52034158
1348.2 0.51639557
1351.35 0.52771956
1354.5 0.50357258
1357.65 0.51180393
1360.8 0.51209176
1363.95 0.52182156
1367.1 0.49673793
1370.25 0.50330335
1373.4 0.51363391
1376.55 0.49152866
1379.7 0.50139505
1382.85 0.48694047
1386.0 0.47405553
1389.15 0.47413811
1392.3 0.47421604
1395.45 0.47790176
1398.6 0.48137265
1401.75 0.48265257
1404.9 0.47646600
1408.05 0.47453457
1411.2 0.47458422
1414.35 0.47462982
1417.5 0.48108941
1420.65 0.48075771
1423.8 0.48830101
1426.95 0.49170566
1430.1 0.49196663
1433.25 0.49600059
1436.4 0.50102419
1439.55 0.51054531
1442.7 0.52245319
1445.85 0.51883996
1449.0 0.53300613
1452.15 0.53958011
1455.3 0.54456735
1458.45 0.54804045
1461.6 0.55239028
1464.75 0.55978203
1467.9 0.56307429
1471.05 0.55590957
1474.2 0.55143946
1477.35 0.53951311
1480.5 0.53857189
1483.65 0.52857149
1486.8 0.53668064
1489.95 0.53046703
1493.1 0.52742463
1496.25 0.52926075
1499.4 0.52635878
1502.55 0.52795768
1505.7 0.52947712
1508.85 0.53590900
1512.0 0.54882216
1515.15 0.54076874
1518.3 0.56057739
1521.45 0.57478005
1524.6 0.59217167
1527.75 0.59077418
1530.9 0.57434332
1534.05 0.57180214
1537.2 0.57395381
1540.35 0.56123608
1543.5 0.55109686
1546.65 0.54828489
1549.8 0.54645389
1552.95 0.55722874
1556.1 0.56888604
1559.25 0.57145572
1562.4 0.56807142
1565.55 0.56983232
1568.7 0.56657654
1571.85 0.56977081
1575.0 0.56429791
1578.15 0.56227630
1581.3 0.56325513
1584.45 0.56098503
1587.6 0.55422682
1590.75 0.54654151
1593.9 0.55197221
1597.05 0.55413204
1600.2 0.55470663
1603.35 0.54967153
1606.5 0.54572833
1609.65 0.54462314
1612.8 0.54223973
1615.9501 0.54046166
1619.1001 0.53615505
1622.2501 0.52924621
1625.4001 0.53224778
1628.5501 0.53261703
1631.7001 0.52704614
1634.8501 0.51356971
1638.0001 0.52708977
1641.15 0.52974874
1644.3 0.52684987
1647.45 0.52715033
1650.6 0.53200275
1653.75 0.52248698
1656.9 0.52298021
1660.05 0.51307642
1663.2 0.50534254
1666.35 0.48588100
1669.5 0.48392743
1672.65 0.48340106
1675.8 0.47895119
1678.95 0.49225786
1682.1 0.49972346
1685.25 0.50109458
1688.4 0.49063888
1691.55 0.49594221
1694.7 0.49840820
1697.85 0.50541180
1701.0 0.50578231
1704.15 0.51779759
1707.3 0.53315181
1710.45 0.53815114
1713.6 0.53156149
1716.75 0.54816180
1719.9 0.55579340
1723.05 0.55558145
1726.2 0.55877310
1729.35 0.58172846
1732.5 0.59635478
1735.65 0.59361804
1738.8 0.60526621
1741.95 0.59183502
1745.1 0.60699439
1748.25 0.62815505
1751.4 0.68089455
1754.55 0.74269468
1757.7 0.83864069
1760.85 0.93658108
1764.0 0.96705127
1767.15 0.91842008
1770.3 0.81391442
1773.45 0.72452080
1776.6 0.66910040
1779.75 0.64185286
1782.9 0.62043077
1786.05 0.60390878
1789.2 0.59095645
1792.35 0.57853121
1795.5 0.57474858
1798.65 0.56342202
1801.8 0.55363369
1804.95 0.54238862
1808.1 0.53614700
1811.25 0.53478229
1814.4 0.51972896
1817.55 0.52098322
1820.7 0.50827926
1823.85 0.50520563
1827.0 0.50488669
1830.15 0.48428869
1833.3 0.49178302
1836.45 0.49169374
1839.6 0.49914378
1842.75 0.51308072
1845.9 0.51813567
1849.05 0.52015752
1852.2 0.51998806
1855.35 0.52385652
1858.5 0.51696157
1861.65 0.51849324
1864.8 0.52562410
1867.95 0.51812178
1871.1 0.52013218
1874.25 0.51104540
1877.4 0.51437855
1880.55 0.50222820
1883.7 0.49402690
1886.85 0.48541319
1890.0 0.48125497
1893.15 0.46995434
1896.3 0.46543762
1899.45 0.45293167
1902.6 0.44441247
1905.75 0.44284087
1908.9 0.44726056
1912.05 0.44165355
1915.2 0.45132285
1918.35 0.45391726
1921.5 0.45558393
1924.65 0.45576134
1927.8 0.45638311
1930.95 0.46566969
1934.1 0.46108180
1937.25 0.47042289
1940.4 0.47014171
1943.55 0.46852177
1946.7 0.46365467
1949.85 0.46861091
1953.0 0.46553779
1956.15 0.47569057
1959.3 0.48799095
1962.45 0.48953763
1965.6 0.50936669
1968.75 0.51373875
1971.9 0.51377225
1975.05 0.50697929
1978.2 0.50673842
1981.35 0.48831066
1984.5 0.49937832
1987.65 0.49470490
1990.8 0.49401113
1993.95 0.50042915
1997.1 0.51386732
2000.25 0.51460725
2003.4 0.52129006
2006.55 0.52478474
2009.7 0.52910012
2012.85 0.52414507
2016.0 0.52692199
2019.15 0.51931542
2022.3 0.52541167
2025.45 0.51915574
2028.6 0.50396281
2031.75 0.50439286
2034.9 0.51081324
2038.05 0.49757087
2041.2 0.49702060
2044.35 0.49760830
2047.5 0.49752501
2050.65 0.50563711
2053.8 0.50362253
2056.95 0.49529156
2060.1 0.49452421
2063.25 0.50468361
2066.4 0.50393432
2069.55 0.50069529
2072.7 0.51007104
2075.85 0.49584004
2079.0 0.48989028
2082.15 0.48351261
2085.3 0.47903687
2088.45 0.47561717
2091.6 0.46599165
2094.75 0.46432284
2097.9 0.46997479
2101.05 0.47433063
2104.2 0.48060960
2107.35 0.49579307
2110.5 0.47910482
2113.65 0.47260928
2116.8 0.46986139
2119.95 0.46780029
2123.1 0.46252480
2126.25 0.47366950
2129.4 0.47211733
2132.55 0.47563431
2135.7 0.47136548
2138.85 0.47299305
2142.0 0.47342825
2145.15 0.48443726
2148.3 0.48745537
2151.45 0.49588224
2154.6 0.51215464
2157.75 0.53318089
2160.9 0.50819588
2164.05 0.48902902
2167.2 0.49197876
2170.35 0.48457292
2173.5 0.46703291
2176.65 0.47240606
2179.8 0.47390798
2182.95 0.46087962
2186.1 0.45789573
2189.25 0.44785631
2192.4 0.44164777
2195.55 0.45363432
2198.7 0.45248777
2201.85 0.44621253
2205.0 0.45507988
2208.15 0.44379839
2211.3 0.43678680
2214.45 0.43672851
2217.6 0.42949790
2220.75 0.42249736
2223.9 0.41446629
2227.05 0.41979617
2230.2 0.41888940
2233.35 0.40689126
2236.5 0.41058043
2239.65 0.41730505
2242.8 0.42019346
2245.95 0.41236222
2249.1 0.42001671
2252.25 0.43058664
2255.4 0.42261478
2258.55 0.43192008
2261.7 0.41964754
2264.85 0.42074564
2268.0 0.41462216
2271.15 0.42007324
2274.3 0.42264831
2277.45 0.41443920
2280.6 0.42602757
2283.75 0.41895732
2286.9 0.41534209
2290.05 0.41908970
2293.2 0.41011342
2296.35 0.41470528
2299.5 0.41150126
2302.65 0.41433007
2305.8 0.41715825
2308.95 0.41166013
2312.1 0.40822127
2315.25 0.40716833
2318.4 0.40538347
2321.55 0.40301305
2324.7 0.40337098
2327.85 0.40909755
2331.0 0.40859169
2334.15 0.40829161
2337.3 0.40056276
2340.45 0.40216437
2343.6 0.41917115
2346.75 0.47259250
2349.9 0.49106768
2353.05 0.41512677
2356.2 0.40052101
2359.35 0.40054667
2362.5 0.39589098
2365.65 0.41021219
2368.8 0.39884937
2371.95 0.39019877
2375.1 0.39300507
2378.25 0.38866410
2381.4 0.38364753
2384.55 0.37972572
2387.7 0.37513798
2390.85 0.35485983
2394.0 0.36071745
2397.15 0.35405511
2400.3 0.36962292
2403.45 0.36884111
2406.6 0.36499402
2409.75 0.36146784
2412.9 0.35890305
2416.05 0.36818767
2419.2 0.36077178
2422.35 0.36691248
2425.5 0.37260631
2428.65 0.37886885
2431.8 0.39404899
2434.95 0.42425692
2438.1 0.44207942
2441.25 0.39743596
2444.4 0.37151536
2447.55 0.38494083
2450.7 0.38813785
2453.85 0.36800262
2457.0 0.36024067
2460.15 0.36087820
2463.3 0.35464785
2466.45 0.35265815
2469.6 0.34621736
2472.75 0.33629677
2475.9 0.32528070
2479.05 0.32311353
2482.2 0.33304816
2485.35 0.34308967
2488.5 0.34418175
2491.65 0.34813580
2494.8 0.35682687
2497.95 0.35723260
2501.1 0.35513988
2504.25 0.34341800
2507.4 0.34496969
2510.55 0.34327850
2513.7 0.32913837
2516.85 0.33344153
2520.0 0.32236364
2523.15 0.32247961
2526.3 0.31699401
2529.45 0.32399723
2532.6 0.32821947
2535.75 0.32234213
2538.9 0.31231466
2542.05 0.31207716
2545.2 0.31072664
2548.35 0.30716214
2551.5 0.31660002
2554.65 0.31004238
2557.8 0.31810522
2560.95 0.32453024
2564.1 0.34441686
2567.25 0.33921373
2570.4 0.33732364
2573.55 0.35233700
2576.7 0.35737947
2579.85 0.36996123
2583.0 0.39352602
2586.15 0.38212961
2589.3 0.36314434
2592.45 0.36144358
2595.6 0.34539309
2598.75 0.33686474
2601.9 0.33346343
2605.05 0.32798502
2608.2 0.31714052
2611.35 0.30503526
2614.5 0.30157995
2617.65 0.30308601
2620.8 0.31156901
2623.95 0.30916536
2627.1 0.30725452
2630.25 0.31412098
2633.4 0.30337244
2636.55 0.29963079
2639.7 0.30523986
2642.85 0.29834256
2646.0 0.29521322
2649.15 0.29483682
2652.3 0.29446119
2655.45 0.29589126
2658.6 0.29841986
2661.75 0.29713818
2664.9 0.29611391
2668.05 0.31275389
2671.2 0.31095651
2674.35 0.31578025
2677.5 0.31023678
2680.65 0.30284646
2683.8 0.29808092
2686.95 0.31152651
2690.1 0.31141886
2693.25 0.30927855
2696.4 0.32366309
2699.55 0.31515816
2702.7 0.32544053
2705.85 0.34324980
2709.0 0.33741689
2712.15 0.34442171
2715.3 0.35083568
2718.45 0.36530069
2721.6 0.38857618
2724.75 0.39297983
2727.9 0.41485506
2731.05 0.44916514
2734.2 0.46594757
2737.35 0.46807232
2740.5 0.43536359
2743.65 0.42772013
2746.8 0.42356288
2749.95 0.40313134
2753.1 0.38500509
2756.25 0.35269916
2759.4 0.34544492
2762.55 0.33179629
2765.7 0.32519400
2768.85 0.33353814
2772.0 0.32453918
2775.15 0.31911358
2778.3 0.31953403
2781.45 0.31216007
2784.6 0.31005085
2787.75 0.30852881
2790.9 0.28956917
2794.05 0.29956737
2797.2 0.29811832
2800.35 0.30580616
2803.5 0.29926434
2806.65 0.29804271
2809.8 0.31155708
2812.95 0.31615198
2816.1 0.32817826
2819.25 0.32351834
2822.4 0.32114545
2825.55 0.30918515
2828.7 0.32630056
2831.85 0.32711846
2835.0 0.32922450
2838.15 0.32695287
2841.3 0.33935156
2844.45 0.35390058
2847.6 0.35145056
2850.75 0.33713037
2853.9 0.32924739
2857.05 0.32135448
2860.2 0.32367653
2863.35 0.34758773
2866.5 0.33822891
2869.65 0.33418715
2872.8 0.34722576
2875.95 0.34439611
2879.1 0.31901798
2882.25 0.33629504
2885.4 0.34974340
2888.55 0.33478111
2891.7 0.32847142
2894.85 0.33373550
2898.0 0.32134891
2901.15 0.31393903
2904.3 0.31503314
2907.45 0.32514095
2910.6 0.33701226
2913.75 0.33687994
2916.9 0.33021685
2920.05 0.33439171
2923.2 0.32448882
2926.35 0.32994333
2929.5 0.32002479
2932.65 0.33685935
2935.8 0.31710652
2938.95 0.32745597
2942.1 0.31387216
2945.25 0.31685814
2948.4 0.31936741
2951.55 0.32993719
2954.7 0.30097306
2957.85 0.30037248
2961.0 0.28244358
2964.15 0.27891663
2967.3 0.27505457
2970.45 0.28181803
2973.6 0.28093404
2976.75 0.28013214
2979.9 0.27514330
2983.05 0.27935001
2986.2 0.28225863
2989.35 0.27636608
2992.5 0.26712781
2995.65 0.26953933
2998.8 0.27066767
3001.95 0.26928622
3005.1 0.27351108
3008.25 0.27701575
3011.4 0.28204140
3014.55 0.28100538
3017.7 0.27882376
3020.85 0.28428021
3024.0 0.29246876
3027.15 0.29268819
3030.3 0.29540661
3033.45 0.30649847
3036.6 0.32459784
3039.75 0.32614747
3042.9 0.35058609
3046.05 0.35385552
3049.2 0.36572540
3052.35 0.39308846
3055.5 0.40931052
3058.65 0.45798212
3061.8 0.49960440
3064.95 0.48386353
3068.1 0.45138055
3071.25 0.41921195
3074.4 0.39660123
3077.55 0.37692371
3080.7 0.35207352
3083.85 0.34582734
3087.0 0.34243530
3090.15 0.33054972
3093.3 0.31215152
3096.45 0.32149789
3099.6 0.31104407
3102.75 0.30630606
3105.9 0.30116478
3109.05 0.29309011
3112.2 0.28992268
3115.35 0.29749277
3118.5 0.29758540
3121.65 0.35118449
3124.8 0.38393578
3127.95 0.32096213
3131.1 0.28508678
3134.25 0.27756816
3137.4 0.27526575
3140.55 0.26852289
3143.7 0.28601333
3146.85 0.31249532
3150.0 0.37979612
3153.15 0.53512216
3156.3 0.53393126
3159.45 0.35907871
3162.6 0.30231461
3165.75 0.28423694
3168.9 0.27645507
3172.05 0.26995909
3175.2 0.26479748
3178.35 0.26499200
3181.5 0.26313862
3184.65 0.26353264
3187.8 0.26319548
3190.95 0.25891966
3194.1 0.25605980
3197.25 0.25607485
3200.4 0.24630053
3203.55 0.24125394
3206.7 0.25187472
3209.85 0.24962921
3213.0 0.25275004
3216.15 0.24257961
3219.3 0.24457848
3222.45 0.24118277
3225.6 0.24962017
3228.7502 0.24525350
3231.9002 0.23895486
3235.0502 0.24445197
3238.2002 0.24294680
3241.3502 0.25036776
3244.5002 0.25168735
3247.6502 0.26179367
3250.8002 0.26747641
3253.9502 0.26373181
3257.1002 0.25612947
3260.2502 0.26741979
3263.4002 0.25637719
3266.5502 0.25004178
3269.7002 0.25056261
3272.8502 0.26472294
3276.0002 0.25979668
3279.15 0.24613585
3282.3 0.24938595
3285.45 0.25170156
3288.6 0.25595012
3291.75 0.25182036
3294.9 0.25423223
3298.05 0.25325599
3301.2 0.25467250
3304.35 0.24539840
3307.5 0.24957763
3310.65 0.25770104
3313.8 0.24533471
3316.95 0.25228685
3320.1 0.25332576
3323.25 0.25148803
3326.4 0.25186810
3329.55 0.25370371
3332.7 0.25206795
3335.85 0.26178110
3339.0 0.24992178
3342.15 0.24468337
3345.3 0.26758581
3348.45 0.24979833
3351.6 0.26143712
3354.75 0.25484964
3357.9 0.24727760
3361.05 0.24379268
3364.2 0.24103807
3367.35 0.24827510
3370.5 0.23531066
3373.65 0.23740497
3376.8 0.23983675
3379.95 0.23725212
3383.1 0.22612453
3386.25 0.23028170
3389.4 0.23584682
3392.55 0.23535886
3395.7 0.22821204
3398.85 0.22906092
3402.0 0.22714308
3405.15 0.22275482
3408.3 0.22720915
3411.45 0.23183770
3414.6 0.23028447
3417.75 0.22466984
3420.9 0.22141035
3424.05 0.21811338
3427.2 0.22568649
3430.35 0.21760586
3433.5 0.23231818
3436.65 0.21898405
3439.8 0.21998589
3442.95 0.21659572
3446.1 0.21634424
3449.25 0.21609315
3452.4 0.21584243
3455.55 0.22078705
3458.7 0.22175112
3461.85 0.22685358
3465.0 0.22132164
3468.15 0.22198527
3471.3 0.21434675
3474.45 0.21409883
3477.6 0.22019748
3480.75 0.22671589
3483.9 0.22288761
3487.05 0.21745273
3490.2 0.22601354
3493.35 0.22963978
3496.5 0.21812479
3499.65 0.22059990
3502.8 0.21188587
3505.95 0.21164195
3509.1 0.21590459
3512.25 0.21235183
3515.4 0.23215453
3518.55 0.22163898
3521.7 0.21560401
3524.85 0.24072903
3528.0 0.23754250
3531.15 0.22682916
3534.3 0.22269933
3537.45 0.21262446
3540.6 0.21234685
3543.75 0.20874551
3546.9 0.21559189
3550.05 0.20826821
3553.2 0.20929500
3556.35 0.20779245
3559.5 0.20949964
3562.65 0.20731816
3565.8 0.20848581
3568.95 0.20773639
3572.1 0.20660961
3575.25 0.21382107
3578.4 0.21067597
3581.55 0.20590460
3584.7 0.20567027
3587.85 0.20543641
3591.0 0.20520286
3594.15 0.20496972
3597.3 0.20473696
3600.45 0.20450455
3603.6 0.20873614
3606.75 0.20404087
3609.9 0.20440121
3613.05 0.20357867
3616.2 0.20452228
3619.35 0.20318618
3622.5 0.20288804
3625.65 0.20488337
3628.8 0.20776924
3631.95 0.20879044
3635.1 0.20687455
3638.25 0.20655231
3641.4 0.20598744
3644.55 0.20317563
3647.7 0.20488073
3650.85 0.20357133
3654.0 0.20320873
3657.15 0.20776431
3660.3 0.21689911
3663.45 0.20628874
3666.6 0.21347533
3669.75 0.20937972
3672.9 0.21588632
3676.05 0.21085861
3679.2 0.21773347
3682.35 0.21429108
3685.5 0.21530031
3688.65 0.22159623
3691.8 0.21625622
3694.95 0.22042231
3698.1 0.22772944
3701.25 0.24523066
3704.4 0.23965934
3707.55 0.23507211
3710.7 0.23638774
3713.85 0.21558622
3717.0 0.21200803
3720.15 0.22191612
3723.3 0.21802586
3726.45 0.21047121
3729.6 0.21164857
3732.75 0.21284829
3735.9 0.21316251
3739.05 0.20944381
3742.2 0.21361336
3745.35 0.21804212
3748.5 0.20466137
3751.65 0.20688289
3754.8 0.20549506
3757.95 0.21212444
3761.1 0.20015244
3764.25 0.20233512
3767.4 0.20182180
3770.55 0.20113628
3773.7 0.20262013
3776.85 0.20225625
3780.0 0.20179997
3783.15 0.20366728
3786.3 0.20041339
3789.45 0.19878252
3792.6 0.19533321
3795.75 0.19521239
3798.9 0.19206823
3802.05 0.19583878
3805.2 0.19630209
3808.35 0.19860286
3811.5 0.20025264
3814.65 0.19266260
3817.8 0.19684355
3820.95 0.20279689
3824.1 0.20047355
3827.25 0.20251410
3830.4 0.20625147
3833.55 0.20291524
3836.7 0.20446281
3839.85 0.20046324
3843.0 0.21058357
3846.15 0.19367139
3849.3 0.18727206
3852.45 0.19015247
3855.6 0.18765365
3858.75 0.18871029
3861.9 0.18901542
3865.05 0.19277164
3868.2 0.19638079
3871.35 0.18750592
3874.5 0.19282100
3877.65 0.19808151
3880.8 0.19082658
3883.95 0.18768513
3887.1 0.18483905
3890.25 0.18463838
3893.4 0.18546201
3896.55 0.19645432
3899.7 0.18721561
3902.85 0.18836181
3906.0 0.18363984
3909.15 0.18414174
3912.3 0.18402432
3915.45 0.18705849
3918.6 0.18521219
3921.75 0.18947807
3924.9 0.19015609
3928.05 0.18588130
3931.2 0.18464381
3934.35 0.18440793
3937.5 0.18976875
3940.65 0.18862569
3943.8 0.18468516
3946.95 0.18338522
3950.1 0.18201320
3953.25 0.18117538
3956.4 0.18271662
3959.55 0.18435420
3962.7 0.19048695
3965.85 0.19314791
3969.0 0.19684599
3972.15 0.20314942
3975.3 0.19507094
3978.45 0.18555333
3981.6 0.18620110
3984.75 0.18431951
3987.9 0.18148606
3991.05 0.18435840
3994.2 0.18988690
3997.35 0.19192798
4000.5 0.18599708
4003.65 0.18748884
4006.8 0.19033641
4009.95 0.19381738
4013.1 0.19680196
4016.25 0.18714692
4019.4 0.18904257
4022.55 0.19259404
4025.7 0.19321282
4028.85 0.18914732
4032.0 0.18885347
4035.15 0.19170022
4038.3 0.19156721
4041.45 0.18952155
4044.6 0.19421896
4047.75 0.19227281
4050.9 0.19503024
4054.05 0.19974203
4057.2 0.19699521
4060.35 0.20277449
4063.5 0.19956966
4066.65 0.21316890
4069.8 0.21479112
4072.95 0.22046046
4076.1 0.22671276
4079.25 0.22584020
4082.4 0.23050135
4085.55 0.24348092
4088.7 0.24488111
4091.85 0.25560069
4095.0 0.26746079
4098.15 0.28393126
4101.3 0.30300072
4104.45 0.32600838
4107.6 0.35768974
4110.75 0.39726046
4113.9 0.44569394
4117.05 0.50276917
4120.2 0.58957797
4123.35 0.69284576
4126.5 0.82293141
4129.65 0.95416570
4132.8 1.1225957
4135.95 1.1538842
4139.1 0.98695624
4142.25 0.82160503
4145.4 0.74762726
4148.55 0.70429438
4151.7 0.61001712
4154.85 0.51471573
4158.0 0.46378520
4161.15 0.42311001
4164.3 0.38591313
4167.45 0.35757470
4170.6 0.34025896
4173.75 0.31863576
4176.9 0.29672167
4180.05 0.27851629
4183.2 0.26022154
4186.35 0.24458036
4189.5 0.23966171
4192.65 0.23477860
4195.8 0.22301123
4198.95 0.22160965
4202.1 0.21748948
4205.25 0.21777275
4208.4 0.22164634
4211.55 0.22106227
4214.7 0.21649511
4217.85 0.20950896
4221.0 0.22000808
4224.15 0.22569831
4227.3 0.23033261
4230.45 0.25369143
4233.6 0.25241935
4236.75 0.23535693
4239.9 0.23776466
4243.05 0.24067450
4246.2 0.23379654
4249.35 0.21580064
4252.5 0.19827774
4255.65 0.19636220
4258.8 0.19141935
4261.95 0.18563995
4265.1 0.18450776
4268.25 0.17939223
4271.4 0.17151730
4274.55 0.17059156
4277.7 0.17145576
4280.85 0.17118169
4284.0 0.16322796
4287.15 0.16172603
4290.3 0.16156211
4293.45 0.16676083
4296.6 0.17335284
4299.75 0.16651192
4302.9 0.16411524
4306.05 0.16365938
4309.2 0.16058122
4312.35 0.16041869
4315.5 0.16025645
4318.65 0.17110096
4321.8 0.16460685
4324.95 0.16580532
4328.1 0.15960988
4331.25 0.15944888
4334.4 0.16237473
4337.55 0.16760042
4340.7 0.16631460
4343.85 0.16242175
4347.0 0.16408011
4350.15 0.16424763
4353.3 0.16304670
4356.45 0.15816991
4359.6 0.15801114
4362.75 0.15785266
4365.9 0.15915506
4369.05 0.15753639
4372.2 0.15737863
4375.35 0.15722114
4378.5 0.16095790
4381.65 0.15690686
4384.8 0.15675010
4387.95 0.15659356
4391.1 0.15876767
4394.25 0.15628123
4397.4 0.15612544
4400.55 0.15596990
4403.7 0.15581459
4406.85 0.16004102
4410.0 0.15643856
4413.15 0.16508229
4416.3 0.15637031
4419.45 0.15638493
4422.6 0.15488787
4425.75 0.15473427
4428.9 0.16579901
4432.05 0.17205153
4435.2 0.16609970
4438.35 0.17847125
4441.5 0.16503960
4444.65 0.18572862
4447.8 0.17485569
4450.95 0.16158980
4454.1 0.17986019
4457.25 0.16757114
4460.4 0.16344678
4463.55 0.16483082
4466.7 0.15964079
4469.85 0.15740405
4473.0 0.15245882
4476.15 0.15230900
4479.3 0.15451400
4482.45 0.16032550
4485.6 0.15186100
4488.75 0.15171218
4491.9 0.15156356
4495.05 0.15141515
4498.2 0.16654538
4501.35 0.15472031
4504.5 0.15097135
4507.65 0.15082391
4510.8 0.15338522
4513.95 0.15236551
4517.1 0.15038285
4520.25 0.15023638
4523.4 0.15451618
4526.55 0.15932623
4529.7 0.16816984
4532.85 0.14965248
4536.0 0.16558492
4539.15 0.14979351
4542.3 0.15686481
4545.45 0.14907226
4548.6 0.15917832
4551.75 0.15500961
4554.9 0.15470977
4558.05 0.15779775
4561.2 0.16517171
4564.35 0.15737191
4567.5 0.14806569
4570.65 0.15805709
4573.8 0.17499769
4576.95 0.14763768
4580.1 0.14749546
4583.25 0.14777699
4586.4 0.14721167
4589.55 0.14707014
4592.7 0.14692879
4595.85 0.16132878
4599.0 0.15716602
4602.15 0.14650616
4605.3 0.14636573
4608.45 0.15422809
4611.6 0.16505730
4614.75 0.14594571
4617.9 0.14718060
4621.05 0.17991419
4624.2 0.15473282
4627.35 0.15340905
4630.5 0.14525014
4633.65 0.16506262
4636.8 0.17642620
4639.95 0.16854441
4643.1 0.18539849
4646.25 0.18151802
4649.4 0.19131295
4652.55 0.16629602
4655.7 0.17256363
4658.85 0.21253891
4662.0 0.19063932
4665.15 0.18296219
4668.3 0.16561697
4671.45 0.16005474
4674.6 0.19785710
4677.75 0.18873867
4680.9 0.18260248
4684.05 0.17009106
4687.2 0.15220015
4690.35 0.17201360
4693.5 0.14252225
4696.65 0.14238811
4699.8 0.14225414
4702.95 0.14212047
4706.1 0.14198698
4709.25 0.14185368
4712.4 0.14172064
4715.55 0.14158773
4718.7 0.14145508
4721.85 0.14132263
4725.0 0.14119041
4728.15 0.14105837
4731.3 0.14092658
4734.45 0.14079496
4737.6 0.14066359
4740.75 0.14053242
4743.9 0.14040142
4747.05 0.14027067
4750.2 0.14014009
4753.35 0.14000976
4756.5 0.13987961
4759.65 0.13974968
4762.8 0.13961998
4765.95 0.13949046
4769.1 0.13936111
4772.25 0.13923199
4775.4 0.13910310
4778.55 0.13897443
4781.7 0.13884589
4784.85 0.13871764
4788.0 0.13858958
4791.15 0.13846169
4794.3 0.13833401
4797.45 0.13820653
4800.6 0.13807927
4803.75 0.13795221
4806.9 0.13782538
4810.05 0.13769875
4813.2 0.13757233
4816.35 0.13744603
4819.5 0.13732000
4822.65 0.13719417
4825.8 0.13706851
4828.95 0.13694309
4832.1 0.13681783
4835.25 0.13669282
4838.4 0.13656798
4841.55 0.13644335
4844.7 0.13631892
4847.85 0.13619471
4851.0 0.13607065
4854.15 0.13594683
4857.3 0.13582322
4860.45 0.13569975
4863.6 0.13557656
4866.75 0.13545348
4869.9 0.13533059
4873.05 0.13520801
4876.2 0.13508570
4879.35 0.13496335
4882.5 0.13484125
4885.65 0.13471945
4888.8 0.13459782
4891.95 0.13447626
4895.1 0.13435493
4898.25 0.13423412
4901.4 0.13411303
4904.55 0.13399243
4907.7 0.13387206
4910.85 0.13375176
4914.0 0.13363169
4917.15 0.13351178
4920.3 0.13339198
4923.45 0.13327263
4926.6 0.13315327
4929.75 0.13303414
4932.9 0.13291508
4936.05 0.13279641
4939.2 0.13267784
4942.35 0.13255946
4945.5 0.13244131
4948.65 0.13232343
4951.8 0.13220575
4954.95 0.13208815
4958.1 0.13197072
4961.25 0.13185357
4964.4 0.13173661
4967.55 0.13161971
4970.7 0.13150305
4973.85 0.13138679
4977.0 0.13127036
4980.15 0.13115440
4983.3 0.13103862
4986.45 0.13092290
4989.6 0.13080743
4992.75 0.13069215
4995.9 0.13057691
4999.05 0.13046214
5002.2 0.13034734
5005.35 0.13023280
5008.5 0.13011846
5011.65 0.13000436
5014.8 0.12989029
5017.95 0.12977664
5021.1 0.12966307
5024.25 0.12954967
5027.4 0.12943631
5030.55 0.12932336
5033.7 0.12921047
5036.85 0.12909777
5040.0 0.12898532
5043.15 0.12887308
5046.3 0.12876087
5049.45 0.12864907
5052.6 0.12853733
5055.75 0.12842579
5058.9 0.12831426
5062.05 0.12820317
5065.2 0.12809208
5068.35 0.12798145
5071.5 0.12787080
5074.65 0.12776022
5077.8 0.12765002
5080.95 0.12753986
5084.1 0.12743011
5087.25 0.12732039
5090.4 0.12721069
5093.55 0.12710141
5096.7 0.12699234
5099.85 0.12688334
5103.0 0.12677447
5106.15 0.12666589
5109.3 0.12655748
5112.45 0.12644912
5115.6 0.12634100
5118.75 0.12623326
5121.9 0.12612551
5125.05 0.12601782
5128.2 0.12591055
5131.35 0.12580329
5134.5 0.12569641
5137.65 0.12558958
5140.8 0.12548280
5143.95 0.12537640
5147.1 0.12527017
5150.25 0.12516403
5153.4 0.12505807
5156.55 0.12495233
5159.7 0.12484679
5162.85 0.12474130
5166.0 0.12463619
5169.15 0.12453109
5172.3 0.12442623
5175.45 0.12432155
5178.6 0.12421709
5181.75 0.12411270
5184.9 0.12400867
5188.05 0.12390465
5191.2 0.12380084
5194.35 0.12369726
5197.5 0.12359370
5200.65 0.12349052
5203.8 0.12338735
5206.95 0.12328440
5210.1 0.12318167
5213.25 0.12307914
5216.4 0.12297661
5219.55 0.12287450
5222.7 0.12277243
5225.85 0.12267051
5229.0 0.12256883
5232.15 0.12246720
5235.3 0.12236591
5238.45 0.12226465
5241.6 0.12216381
5244.75 0.12206295
5247.9 0.12196210
5251.05 0.12186169
5254.2 0.12176147
5257.35 0.12166124
5260.5 0.12156124
5263.65 0.12146143
5266.8 0.12136182
5269.95 0.12126241
5273.1 0.12116303
5276.25 0.12106384
5279.4 0.12096488
5282.55 0.12086609
5285.7 0.12076754
5288.85 0.12066916
5292.0 0.12057079
5295.15 0.12047280
5298.3 0.12037486
5301.45 0.12027711
5304.6 0.12017953
5307.75 0.12008201
5310.9 0.11998487
5314.05 0.11988770
5317.2 0.11979075
5320.35 0.11969401
5323.5 0.11959748
5326.65 0.11950113
5329.8 0.11940479
5332.95 0.11930864
5336.1 0.11921290
5339.25 0.11911713
5342.4 0.11902142
5345.55 0.11892609
5348.7 0.11883093
5351.85 0.11873576
5355.0 0.11864083
5358.15 0.11854608
5361.3 0.11845150
5364.45 0.11835717
5367.6 0.11826283
5370.75 0.11816885
5373.9 0.11807491
5377.05 0.11798114
5380.2 0.11788756
5383.35 0.11779421
5386.5 0.11770085
5389.65 0.11760787
5392.8 0.11751489
5395.95 0.11742210
5399.1 0.11732952
5402.25 0.11723713
5405.4 0.11714489
5408.55 0.11705270
5411.7 0.11696088
5414.85 0.11686906
5418.0 0.11677745
5421.15 0.11668604
5424.3 0.11659462
5427.45 0.11650357
5430.6 0.11641252
5433.75 0.11632185
5436.9 0.11623120
5440.05 0.11614072
5443.2 0.11605043
5446.35 0.11596017
5449.5 0.11587027
5452.65 0.11578038
5455.8 0.11569069
5458.95 0.11560116
5462.1 0.11551182
5465.25 0.11542268
5468.4 0.11533356
5471.55 0.11524479
5474.7 0.11515605
5477.85 0.11506744
5481.0 0.11497907
5484.15 0.11489086
5487.3 0.11480286
5490.45 0.11471486
5493.6 0.11462721
5496.75 0.11453956
5499.9 0.11445214
5503.05 0.11436487
5506.2 0.11427779
5509.35 0.11419088
5512.5 0.11410402
5515.65 0.11401731
5518.8 0.11393096
5521.95 0.11384462
5525.1 0.11375847
5528.25 0.11367231
5531.4 0.11358654
5534.55 0.11350096
5537.7 0.11341536
5540.85 0.11332992
5544.0 0.11324469
5547.15 0.11315966
5550.3 0.11307479
5553.45 0.11298991
5556.6 0.11290541
5559.75 0.11282089
5562.9 0.11273659
5566.05 0.11265244
5569.2 0.11256848
5572.35 0.11248469
5575.5 0.11240110
5578.65 0.11231751
5581.8 0.11223426
5584.95 0.11215103
5588.1 0.11206800
5591.25 0.11198511
5594.4 0.11190239
5597.55 0.11181970
5600.7 0.11173737
5603.85 0.11165505
5607.0 0.11157286
5610.15 0.11149089
5613.3 0.11140909
5616.45 0.11132743
5619.6 0.11124600
5622.75 0.11116455
5625.9 0.11108345
5629.05 0.11100235
5632.2 0.11092144
5635.35 0.11084070
5638.5 0.11076012
5641.65 0.11067957
5644.8 0.11059934
5647.95 0.11051913
5651.1 0.11043927
5654.25 0.11035939
5657.4 0.11027969
5660.55 0.11020019
5663.7 0.11012086
5666.85 0.11004154
5670.0 0.10996252
5673.15 0.10988353
5676.3 0.10980473
5679.45 0.10972606
5682.6 0.10964759
5685.75 0.10956930
5688.9 0.10949118
5692.05 0.10941305
5695.2 0.10933527
5698.35 0.10925747
5701.5 0.10917988
5704.65 0.10910244
5707.8 0.10902517
5710.95 0.10894807
5714.1 0.10887099
5717.25 0.10879423
5720.4 0.10871747
5723.55 0.10864107
5726.7 0.10856465
5729.85 0.10848841
5733.0 0.10841216
5736.15 0.10833625
5739.3 0.10826053
5742.45 0.10818478
5745.6 0.10810939
5748.75 0.10803399
5751.9 0.10795878
5755.05 0.10788372
5758.2 0.10780880
5761.35 0.10773392
5764.5 0.10765938
5767.65 0.10758483
5770.8 0.10751041
5773.95 0.10743637
5777.1 0.10736234
5780.25 0.10728844
5783.4 0.10721454
5786.55 0.10714100
5789.7 0.10706759
5792.85 0.10699420
5796.0 0.10692097
5799.15 0.10684793
5802.3 0.10677519
5805.45 0.10670230
5808.6 0.10662973
5811.75 0.10655735
5814.9 0.10648495
5818.05 0.10641287
5821.2 0.10634080
5824.35 0.10626891
5827.5 0.10619718
5830.65 0.10612561
5833.8 0.10605416
5836.95 0.10598292
5840.1 0.10591167
5843.25 0.10584076
5846.4 0.10576981
5849.55 0.10569904
5852.7 0.10562845
5855.85 0.10555802
5859.0 0.10548771
5862.15 0.10541760
5865.3 0.10534748
5868.45 0.10527769
5871.6 0.10520791
5874.75 0.10513829
5877.9 0.10506880
5881.05 0.10499950
5884.2 0.10493033
5887.35 0.10486135
5890.5 0.10479251
5893.65 0.10472368
5896.8 0.10465516
5899.95 0.10458665
5903.1 0.10451832
5906.25 0.10445011
5909.4 0.10438208
5912.55 0.10431420
5915.7 0.10424633
5918.85 0.10417875
5922.0 0.10411119
5925.15 0.10404395
5928.3 0.10397667
5931.45 0.10390960
5934.6 0.10384267
5937.75 0.10377589
5940.9 0.10370927
5944.05 0.10364265
5947.2 0.10357636
5950.35 0.10351005
5953.5 0.10344390
5956.65 0.10337806
5959.8 0.10331223
5962.95 0.10324654
5966.1 0.10318085
5969.25 0.10311548
5972.4 0.10305027
5975.55 0.10298504
5978.7 0.10291998
5981.85 0.10285524
5985.0 0.10279047
5988.15 0.10272590
5991.3 0.10266145
5994.45 0.10259713
5997.6 0.10253286
