300.0 0.0
355.0 0.0000000
358.55 0.0000000
362.1 0.0000000
365.65 0.0000000
369.2 0.0000000
372.75 0.0000000
376.3 0.0000000
379.85 0.0000000
383.4 0.0000000
386.95 0.0000000
390.5 0.0000000
394.05 0.0000000
397.6 0.0000000
401.15 0.0000000
404.7 0.0000000
408.25 0.0000000
411.8 0.0000000
415.35 0.0000000
418.9 0.0000000
422.45 0.0000000
426.0 0.0000000
429.55 0.0000000
433.1 0.0000000
436.65 0.0000000
440.2 0.0000000
443.75 0.0000000
447.3 0.0000000
450.85 0.0000000
454.4 0.0000000
457.95 0.0000000
461.5 0.0000000
465.05 0.0000000
468.6 0.0000000
472.15 0.0000000
475.7 0.0000000
479.25 0.0000000
482.8 0.0000000
486.35 0.0000000
489.9 0.0000000
493.45 0.0000000
497.0 0.0000000
500.55 0.0000000
504.1 0.0000000
507.65 0.0000000
511.2 0.0000000
514.75 0.0000000
518.3 0.0000000
521.85 0.0000000
525.4 0.0000000
528.95 0.0000000
532.5 0.0000000
536.05 0.0000000
539.6 0.0000000
543.15 0.0000000
546.7 0.0000000
550.25 0.0000000
553.8 0.0000000
557.35 0.0000000
560.9 0.0000000
564.45 0.0000000
568.0 0.0000000
571.55 0.0000000
575.1 0.0000000
578.65 0.0000000
582.2 0.0000000
585.75 0.0000000
589.3 0.0000000
592.85 0.0000000
596.4 0.0000000
599.95 0.0000000
603.5 0.0000000
607.05 0.0000000
610.6 0.0000000
614.15 0.0000000
617.7 0.0000000
621.25 0.0000000
624.8 0.0000000
628.35 0.0000000
631.9 0.0000000
635.45 0.0000000
639.0 0.0000000
642.55 0.0000000
646.1 0.0000000
649.65 0.12955645
653.2 0.11921988
656.75 0.10945938
660.3 0.10050590
663.85 9.20242742E-02
667.4 8.33953843E-02
670.95 7.45358244E-02
674.5 6.60466999E-02
678.05 5.83771914E-02
681.6 5.14737852E-02
685.15 4.52179536E-02
688.7 3.95660028E-02
692.25 0.11778630
695.8 0.10726392
699.35 9.74189788E-02
702.9 8.82442072E-02
706.45 7.97099173E-02
710.0 7.87433386E-02
713.55 7.41176233E-02
717.1 6.63473979E-02
720.65 6.38080761E-02
724.2 6.24962300E-02
727.75 6.20152839E-02
731.3 0.58649826
734.85 0.58569157
738.4 0.48693323
741.95 0.39830685
745.5 0.36691785
749.05 0.35044277
752.6 0.34480041
756.15 0.34369019
759.7 0.32841450
763.25 0.29082477
766.8 0.28775036
770.35 0.25230363
773.9 0.22500235
777.45 0.20390221
781.0 0.19293654
784.55 0.19289848
788.1 0.18097831
791.65 0.17764023
795.2 0.17286848
798.75 0.15721747
802.3 0.13091145
805.85 0.11857294
809.4 0.10095220
812.95 9.48082060E-02
816.5 8.70713219E-02
820.05 7.75403380E-02
823.6 7.09182993E-02
827.15 6.69618770E-02
830.7 6.35339320E-02
834.25 6.23467118E-02
837.8 5.87755442E-02
841.35 5.58638945E-02
844.9 5.38912974E-02
848.45 5.36058359E-02
852.0 5.46236709E-02
855.55 5.83500788E-02
859.1 6.44402131E-02
862.65 7.76065961E-02
866.2 6.6950665
869.75 5.4059300
873.3 5.0337791
876.85 5.0233197
880.4 4.6979036
883.95 3.7547910
887.5 3.2366347
891.05 3.0389166
894.6 2.9034908
898.15 2.7106090
901.7 2.4711816
905.25 2.3115625
908.8 2.2546732
912.35 2.2570975
915.9 2.2900457
919.45 2.3019481
923.0 2.4721498
926.55 2.5070283
930.1 2.3955700
933.65 2.1796186
937.2 2.1903694
940.75 2.1672232
944.3 2.2157960
947.85 2.2505147
951.4 2.2196929
954.95 2.1366751
958.5 2.1051569
962.05 2.1688240
965.6 2.1522024
969.15 2.1849067
972.7 2.1535425
976.25 2.2007170
979.8 2.3231897
983.35 2.4500272
986.9 2.6262326
990.45 2.6709821
994.0 2.7051780
997.55 2.4566250
1001.1 2.2906158
1004.65 2.1668453
1008.2 2.1114821
1011.75 2.0992355
1015.3 2.0017195
1018.85 1.9737506
1022.4 1.9593858
1025.95 1.9422693
1029.5 1.9745158
1033.05 1.9529969
1036.6 1.9089135
1040.15 1.9636089
1043.7 1.9271671
1047.25 1.9546829
1050.8 1.9988292
1054.35 2.0257168
1057.9 2.0723243
1061.45 2.0666187
1065.0 2.1293790
1068.55 2.1737204
1072.1 2.2237101
1075.65 2.3047700
1079.2 2.4733481
1082.75 2.6995232
1086.3 2.9588358
1089.85 3.2884085
1093.4 3.6977832
1096.95 3.9373851
1100.5 3.5690820
1104.05 3.0236387
1107.6 2.6093383
1111.15 2.3917174
1114.7 2.2808015
1118.25 2.2159321
1121.8 2.1080899
1125.35 2.0975137
1128.9 2.0314112
1132.45 2.0682528
1136.0 2.0705957
1139.55 2.0601177
1143.1 2.0793266
1146.65 2.0500696
1150.2 2.0776703
1153.75 2.1030703
1157.3 2.1030405
1160.85 2.1447189
1164.4 2.0585191
1167.95 2.0411487
1171.5 2.0113199
1175.05 2.0409083
1178.6 2.0467491
1182.15 2.0143218
1185.7 1.9093381
1189.25 1.8448117
1192.8 1.8160596
1196.35 1.7798613
1199.9 1.7800789
1203.45 1.7726120
1207.0 1.7665948
1210.55 1.7917798
1214.1 1.7835202
1217.65 1.8094693
1221.2 1.8152175
1224.75 1.8092842
1228.3 1.7859194
1231.85 1.8059366
1235.4 1.8114314
1238.95 1.8578634
1242.5 1.8254542
1246.05 1.7935954
1249.6 1.7123731
1253.15 1.7358103
1256.7 1.7415010
1260.25 1.7161844
1263.8 1.7720195
1267.35 1.7866820
1270.9 1.7376240
1274.45 1.7060001
1278.0 1.7062659
1281.55 1.7043095
1285.1 1.7015880
1288.65 1.7212886
1292.2 1.6893133
1295.75 1.6821097
1299.3 1.7017533
1302.85 1.6979834
1306.4 1.7381645
1309.95 1.7288392
1313.5 1.8386769
1317.05 1.8304656
1320.6 1.8472043
1324.15 1.8174003
1327.7 1.8195461
1331.25 1.8344594
1334.8 1.9141705
1338.35 2.0576177
1341.9 2.1875041
1345.45 2.2927592
1349.0 2.3315446
1352.55 2.4517000
1356.1 2.3425550
1359.65 2.1399062
1363.2 1.9555738
1366.75 1.8328179
1370.3 1.7746146
1373.85 1.7155190
1377.4 1.6599928
1380.95 1.6171494
1384.5 1.6038860
1388.05 1.5412173
1391.6 1.5146964
1395.15 1.5004764
1398.7 1.5127687
1402.25 1.5169008
1405.8 1.4797213
1409.35 1.4835608
1412.9 1.4891794
1416.45 1.4993882
1420.0 1.4600848
1423.55 1.4738361
1427.1 1.5060260
1430.65 1.4224545
1434.2 1.4579899
1437.75 1.4652491
1441.3 1.4529384
1444.85 1.4632800
1448.4 1.4380940
1451.95 1.4170847
1455.5 1.4544441
1459.05 1.5111969
1462.6 1.4792721
1466.15 1.5144055
1469.7 1.4996773
1473.25 1.5017247
1476.8 1.4913144
1480.35 1.5085288
1483.9 1.5022557
1487.45 1.4965492
1491.0 1.4469773
1494.55 1.4217725
1498.1 1.4384800
1501.65 1.4572073
1505.2 1.3939435
1508.75 1.4595255
1512.3 1.4071163
1515.85 1.4390478
1519.4 1.4242367
1522.95 1.4515169
1526.5 1.3813571
1530.05 1.4001619
1533.6 1.3972024
1537.15 1.4199588
1540.7 1.3481231
1544.25 1.3623412
1547.8 1.3866574
1551.35 1.3235173
1554.9 1.3465776
1558.45 1.3043783
1562.0 1.2665973
1565.55 1.2635765
1569.1 1.2605658
1572.65 1.2671435
1576.2 1.2731272
1579.75 1.2733079
1583.3 1.2538486
1586.85 1.2456616
1590.4 1.2427100
1593.95 1.2397687
1597.5 1.2535634
1601.05 1.2496444
1604.6 1.2661706
1608.15 1.2719195
1611.7 1.2695348
1615.25 1.2768812
1618.8 1.2867423
1622.35 1.3080872
1625.9 1.3354390
1629.45 1.3230889
1633.0 1.3560375
1636.55 1.3695680
1640.1 1.3790269
1643.65 1.3846228
1647.2 1.3924110
1650.75 1.4078220
1654.3 1.4128828
1657.85 1.3917481
1661.4 1.3774475
1664.95 1.3446364
1668.5 1.3392942
1672.05 1.3115060
1675.6 1.3286819
1679.15 1.3104076
1682.7 1.3000382
1686.25 1.3017181
1689.8 1.2917690
1693.35 1.2928922
1696.9 1.2938216
1700.45 1.3067335
1704.0 1.3353661
1707.55 1.3129772
1711.1 1.3581945
1714.65 1.3896749
1718.2 1.4287248
1721.75 1.4223788
1725.3 1.3799485
1728.85 1.3710020
1732.4 1.3733288
1735.95 1.3401464
1739.5 1.3132505
1743.05 1.3038954
1746.6 1.2969124
1750.15 1.3198212
1753.7 1.3447304
1757.25 1.3481079
1760.8 1.3374606
1764.35 1.3389519
1767.9 1.3286779
1771.45 1.3335470
1775.0 1.3181579
1778.55 1.3108803
1782.1 1.3106192
1785.65 1.3028191
1789.2 1.2846524
1792.75 1.2644155
1796.3 1.2745473
1799.85 1.2771086
1803.4 1.2760191
1806.95 1.2620602
1810.5 1.2506598
1814.05 1.2458007
1817.6 1.2380451
1821.15 1.2317044
1824.7 1.2196405
1828.25 1.2017176
1831.8 1.2063259
1835.35 1.2049685
1838.9 1.1902058
1842.45 1.1576812
1846.0 1.1860247
1849.55 1.1898766
1853.1 1.1812575
1856.65 1.1798353
1860.2 1.1885920
1863.75 1.1652784
1867.3 1.1643357
1870.85 1.1402935
1874.4 1.1211531
1877.95 1.0761102
1881.5 1.0699362
1885.05 1.0669383
1888.6 1.0553095
1892.15 1.0827824
1895.7 1.0973392
1899.25 1.0984908
1902.8 1.0737612
1906.35 1.0835491
1909.9 1.0871187
1913.45 1.1005628
1917.0 1.0995464
1920.55 1.1238098
1924.1 1.1552340
1927.65 1.1641592
1931.2 1.1480299
1934.75 1.1819602
1938.3 1.1964781
1941.85 1.1940960
1945.4 1.1990287
1948.95 1.2462922
1952.5 1.2755942
1956.05 1.2677268
1959.6 1.2905610
1963.15 1.2599382
1966.7 1.2901856
1970.25 1.3330799
1973.8 1.4427575
1977.35 1.5712680
1980.9 1.7715172
1984.45 1.9753619
1988.0 2.0365052
1991.55 1.9311432
1995.1 1.7088004
1998.65 1.5188169
2002.2 1.4005244
2005.75 1.3414733
2009.3 1.2947606
2012.85 1.2584023
2016.4 1.2295835
2019.95 1.2019507
2023.5 1.1923313
2027.05 1.1671184
2030.6 1.1451638
2034.15 1.1202685
2037.7 1.1057696
2041.25 1.1013592
2044.8 1.0688149
2048.35 1.0698559
2051.9 1.0422752
2055.45 1.0344965
2059.0 1.0323750
2062.55 0.98885584
2066.1 1.0027431
2069.65 1.0011537
2073.2 1.0149007
2076.75 1.0417843
2080.3 1.0505877
2083.85 1.0532275
2087.4 1.0514332
2090.95 1.0577999
2094.5 1.0424489
2098.05 1.0441114
2101.6 1.0570328
2105.15 1.0405349
2108.7 1.0431637
2112.25 1.0235617
2115.8 1.0288584
2119.35 1.0032150
2122.9 0.98552036
2126.45 0.96705377
2130.0 0.95750421
2133.55 0.93379039
2137.1 0.92360431
2140.65 0.89761335
2144.2 0.87958431
2147.75 0.87533712
2151.3 0.88293183
2154.85 0.87074023
2158.4 0.88866156
2161.95 0.89262795
2165.5 0.89476442
2169.05 0.89397579
2172.6 0.89406335
2176.15 0.91110629
2179.7 0.90099579
2183.25 0.91809875
2186.8 0.91640574
2190.35 0.91211230
2193.9 0.90151948
2197.45 0.91003120
2201.0 0.90295166
2204.55 0.92151272
2208.1 0.94418633
2211.65 0.94602585
2215.2 0.98315042
2218.75 0.99039090
2222.3 0.98926193
2225.85 0.97501004
2229.4 0.97337985
2232.95 0.93686372
2236.5 0.95695913
2240.05 0.94688082
2243.6 0.94443649
2247.15 0.95558089
2250.7 0.98009121
2254.25 0.98035538
2257.8 0.99193043
2261.35 0.99742091
2264.9 1.0044599
2268.45 0.99390548
2272.0 0.99802333
2275.55 0.98248935
2279.1 0.99288863
2282.65 0.97995031
2286.2 0.95019430
2289.75 0.94993043
2293.3 0.96093816
2296.85 0.93497622
2300.4 0.93289810
2303.95 0.93295920
2307.5 0.93176639
2311.05 0.94590968
2314.6 0.94110131
2318.15 0.92451519
2321.7 0.92207026
2325.25 0.93998408
2328.8 0.93756616
2332.35 0.93052840
2335.9 0.94692683
2339.45 0.91951412
2343.0 0.90750420
2346.55 0.89472991
2350.1 0.88549978
2353.65 0.87824219
2357.2 0.85955495
2360.75 0.85557038
2364.3 0.86507213
2367.85 0.87217170
2371.4 0.88279063
2374.95 0.90972912
2378.5 0.87819219
2382.05 0.86538744
2385.6 0.85946524
2389.15 0.85481310
2392.7 0.84430408
2396.25 0.86376238
2399.8 0.86005223
2403.35 0.86557657
2406.9 0.85693806
2410.45 0.85902691
2414.0 0.85895008
2417.55 0.87804037
2421.1 0.88262445
2424.65 0.89698613
2428.2 0.92549872
2431.75 0.96253777
2435.3 0.91652483
2438.85 0.88108760
2442.4 0.88553071
2445.95 0.87134504
2449.5 0.83898413
2453.05 0.84780961
2456.6 0.84967917
2460.15 0.82552081
2463.7 0.81938404
2467.25 0.80064791
2470.8 0.78879070
2474.35 0.80942470
2477.9 0.80660915
2481.45 0.79466641
2485.0 0.80969012
2488.55 0.78887188
2492.1 0.77567780
2495.65 0.77484602
2499.2 0.76130438
2502.75 0.74819648
2506.3 0.73329163
2509.85 0.74203223
2513.4 0.73974484
2516.95 0.71789366
2520.5 0.72373682
2524.05 0.73491669
2527.6 0.73932743
2531.15 0.72488791
2534.7 0.73767310
2538.25 0.75555205
2541.8 0.74089450
2545.35 0.75652593
2548.9 0.73437089
2552.45 0.73563433
2556.0 0.72428095
2559.55 0.73315054
2563.1 0.73699123
2566.65 0.72203791
2570.2 0.74157292
2573.75 0.72862548
2577.3 0.72170448
2580.85 0.72758079
2584.4 0.71137655
2587.95 0.71871674
2591.5 0.71254712
2595.05 0.71682566
2598.6 0.72109747
2602.15 0.71098262
2605.7 0.70444041
2609.25 0.70202416
2612.8 0.69835144
2616.35 0.69367963
2619.9 0.69370818
2623.45 0.70296353
2627.0 0.70150405
2630.55 0.70040107
2634.1 0.68656796
2637.65 0.68873894
2641.2 0.71726722
2644.75 0.80800939
2648.3 0.83890319
2651.85 0.70858711
2655.4 0.68309504
2658.95 0.68257880
2662.5 0.67409414
2666.05 0.69790977
2669.6 0.67802674
2673.15 0.66278392
2676.7 0.66701156
2680.25 0.65911275
2683.8 0.65008283
2687.35 0.64292210
2690.9 0.63464785
2694.45 0.59986365
2698.0 0.60928106
2701.55 0.59755480
2705.1 0.62333649
2708.65 0.62152809
2712.2 0.61456299
2715.75 0.60814899
2719.3 0.60336292
2722.85 0.61848938
2726.4 0.60556138
2729.95 0.61539227
2733.5 0.62445951
2737.05 0.63446611
2740.6 0.65938061
2744.15 0.70938528
2747.7 0.73862141
2751.25 0.66352618
2754.8 0.61978048
2758.35 0.64169157
2761.9 0.64653194
2765.45 0.61253089
2769.0 0.59916085
2772.55 0.59977227
2776.1 0.58897740
2779.65 0.58523685
2783.2 0.57412183
2786.75 0.55725735
2790.3 0.53860545
2793.85 0.53462279
2797.4 0.55065572
2800.95 0.56684262
2804.5 0.56823164
2808.05 0.57434058
2811.6 0.58825141
2815.15 0.58849347
2818.7 0.58462322
2822.25 0.56491971
2825.8 0.56706411
2829.35 0.56387943
2832.9 0.54026598
2836.45 0.54693943
2840.0 0.52839226
2843.55 0.52820748
2847.1 0.51885515
2850.65 0.52994418
2854.2 0.53647238
2857.75 0.52649629
2861.3 0.50976121
2864.85 0.50901783
2868.4 0.50646228
2871.95 0.50030500
2875.5 0.51532024
2879.05 0.50429803
2882.6 0.51705652
2886.15 0.52713794
2889.7 0.55905682
2893.25 0.55023450
2896.8 0.54679561
2900.35 0.57074392
2903.9 0.57852000
2907.45 0.59848219
2911.0 0.63617373
2914.55 0.61733460
2918.1 0.58627015
2921.65 0.58313376
2925.2 0.55686688
2928.75 0.54275566
2932.3 0.53691876
2935.85 0.52774829
2939.4 0.50996166
2942.95 0.49017340
2946.5 0.48430285
2950.05 0.48640248
2953.6 0.49968925
2957.15 0.49551111
2960.7 0.49212855
2964.25 0.50280029
2967.8 0.48528114
2971.35 0.47898665
2974.9 0.48763946
2978.45 0.47631460
2982.0 0.47101703
2985.55 0.47011608
2989.1 0.46921775
2992.65 0.47119695
2996.2 0.47492290
2999.75 0.47258377
3003.3 0.47065809
3006.85 0.49679390
3010.4 0.49362895
3013.95 0.50097293
3017.5 0.49187118
3021.05 0.47985479
3024.6 0.47201061
3028.15 0.49299648
3031.7 0.49252123
3035.25 0.48883510
3038.8 0.51125604
3042.35 0.49751639
3045.9 0.51343399
3049.45 0.54120058
3053.0 0.53167999
3056.55 0.54238850
3060.1 0.55215460
3063.65 0.57457262
3067.2 0.61081380
3070.75 0.61736470
3074.3 0.65133953
3077.85 0.70478600
3081.4 0.73068303
3084.95 0.73357826
3088.5 0.68191099
3092.05 0.66954225
3095.6 0.66264296
3099.15 0.63030708
3102.7 0.60161227
3106.25 0.55080765
3109.8 0.53916317
3113.35 0.51755846
3116.9 0.50696445
3120.45 0.51967067
3124.0 0.50535691
3127.55 0.49662128
3131.1 0.49698892
3134.65 0.48524061
3138.2 0.48168543
3141.75 0.47904655
3145.3 0.44935158
3148.85 0.46460199
3152.4 0.46209198
3155.95 0.47373977
3159.5 0.46334344
3163.05 0.46119174
3166.6 0.48183259
3170.15 0.48866430
3173.7 0.50696886
3177.25 0.49949104
3180.8 0.49555114
3184.35 0.47683033
3187.9 0.50294685
3191.45 0.50392854
3195.0 0.50689304
3198.55 0.50311840
3202.1 0.52191067
3205.65 0.54398835
3209.2 0.53992695
3212.75 0.51764464
3216.3 0.50526571
3219.85 0.49288544
3223.4 0.49617815
3226.95 0.53254485
3230.5 0.51792675
3234.05 0.51146239
3237.6 0.53113252
3241.15 0.52652228
3244.7 0.48746309
3248.25 0.51358891
3251.8 0.53384322
3255.35 0.51073420
3258.9 0.50084323
3262.45 0.50860125
3266.0 0.48946667
3269.55 0.47792903
3273.1 0.47934335
3276.65 0.49446440
3280.2 0.51225054
3283.75 0.51178300
3287.3 0.50140017
3290.85 0.50747621
3294.4 0.49219298
3297.95 0.50020856
3301.5 0.48492205
3305.05 0.51016891
3308.6 0.48000768
3312.15 0.49542055
3315.7 0.47462702
3319.25 0.47889876
3322.8 0.48244640
3326.35 0.49816114
3329.9 0.45419973
3333.45 0.45306495
3337.0 0.42580789
3340.55 0.42027980
3344.1 0.41425294
3347.65 0.42422733
3351.2 0.42268604
3354.75 0.42127010
3358.3 0.41356260
3361.85 0.41967782
3365.4 0.42383826
3368.95 0.41478565
3372.5 0.40072337
3376.05 0.40414271
3379.6 0.40563598
3383.15 0.40336871
3386.7 0.40949771
3390.25 0.41454339
3393.8 0.42185950
3397.35 0.42010653
3400.9 0.41664386
3404.45 0.42459288
3408.0 0.43661323
3411.55 0.43673128
3415.1 0.44057679
3418.65 0.45690131
3422.2 0.48365185
3425.75 0.48572996
3429.3 0.52187878
3432.85 0.52649653
3436.4 0.54390073
3439.95 0.58431929
3443.5 0.60814732
3447.05 0.68014383
3450.6 0.74160957
3454.15 0.71790874
3457.7 0.66940171
3461.25 0.62140661
3464.8 0.58761764
3468.35 0.55820447
3471.9 0.52116185
3475.45 0.51168019
3479.0 0.50642848
3482.55 0.48862672
3486.1 0.46121889
3489.65 0.47481170
3493.2 0.45916346
3496.75 0.45196360
3500.3 0.44417602
3503.85 0.43207130
3507.4 0.42720893
3510.95 0.43816605
3514.5 0.43810540
3518.05 0.51678210
3521.6 0.56472403
3525.15 0.47188628
3528.7 0.41895470
3532.25 0.40772414
3535.8 0.40416259
3539.35 0.39408770
3542.9 0.41957137
3546.45 0.45821738
3550.0 0.55665660
3553.55 0.78396934
3557.1 0.78188187
3560.65 0.52560019
3564.2 0.44231895
3567.75 0.41568828
3571.3 0.40413186
3574.85 0.39446479
3578.4 0.38675523
3581.95 0.38687229
3585.5 0.38400099
3589.05 0.38441068
3592.6 0.38375422
3596.15 0.37735826
3599.7 0.37303081
3603.25 0.37289375
3606.8 0.35850796
3610.35 0.35101330
3613.9 0.36631083
3617.45 0.36289167
3621.0 0.36727351
3624.55 0.35234645
3628.1 0.35510066
3631.65 0.35002375
3635.2 0.36211726
3638.75 0.35563418
3642.3 0.34635645
3645.85 0.35417712
3649.4 0.35185036
3652.95 0.36244780
3656.5 0.36420763
3660.05 0.37867603
3663.6 0.38673681
3667.15 0.38116616
3670.7 0.37002701
3674.25 0.38618010
3677.8 0.37008262
3681.35 0.36079049
3684.9 0.36139518
3688.45 0.38166440
3692.0 0.37441045
3695.55 0.35457972
3699.1 0.35911706
3702.65 0.36230588
3706.2 0.36827359
3709.75 0.36218640
3713.3 0.36550930
3716.85 0.36396062
3720.4 0.36585072
3723.95 0.35238799
3727.5 0.35824728
3731.05 0.36976153
3734.6 0.35187885
3738.15 0.36170766
3741.7 0.36305436
3745.25 0.36027935
3748.8 0.36068255
3752.35 0.36316937
3755.9 0.36068717
3759.45 0.37444010
3763.0 0.35733831
3766.55 0.34971285
3770.1 0.38229823
3773.65 0.35674766
3777.2 0.37322569
3780.75 0.36368164
3784.3 0.35274071
3787.85 0.34763637
3791.4 0.34357715
3794.95 0.35375795
3798.5 0.33515781
3802.05 0.33801240
3805.6 0.34134534
3809.15 0.33753908
3812.7 0.32158643
3816.25 0.32737526
3819.8 0.33516076
3823.35 0.33434185
3826.9 0.32406795
3830.45 0.32515186
3834.0 0.32230929
3837.55 0.31596482
3841.1 0.32216331
3844.65 0.32860437
3848.2 0.32628205
3851.75 0.31820935
3855.3 0.31347725
3858.85 0.30869573
3862.4 0.31929672
3865.95 0.30775166
3869.5 0.32843858
3873.05 0.30947456
3876.6 0.31077719
3880.15 0.30587667
3883.7 0.30541068
3887.25 0.30494577
3890.8 0.30448192
3894.35 0.31134480
3897.9 0.31259179
3901.45 0.31966960
3905.0 0.31176254
3908.55 0.31258544
3912.1 0.30172157
3915.65 0.30126518
3919.2 0.30973661
3922.75 0.31879237
3926.3 0.31329826
3929.85 0.30555072
3933.4 0.31746775
3936.95 0.32244769
3940.5 0.30617127
3944.05 0.30953681
3947.6 0.29720554
3951.15 0.29675964
3954.7 0.30263096
3958.25 0.29754746
3961.8 0.32518199
3965.35 0.31034502
3968.9 0.30179015
3972.45 0.33684230
3976.0 0.33226892
3979.55 0.31717417
3983.1 0.31129241
3986.65 0.29710773
3990.2 0.29661828
3993.75 0.29148814
3997.3 0.30094561
4000.85 0.29062355
4004.4 0.29195720
4007.95 0.28976291
4011.5 0.29204473
4015.05 0.28890613
4018.6 0.29043540
4022.15 0.28929403
4025.7 0.28762826
4029.25 0.29756784
4032.8 0.29309282
4036.35 0.28635922
4039.9 0.28593805
4043.45 0.28551790
4047.0 0.28509867
4050.55 0.28468034
4054.1 0.28426307
4057.65 0.28384662
4061.2 0.28962454
4064.75 0.28301662
4068.3 0.28342336
4071.85 0.28219035
4075.4 0.28340563
4078.95 0.28146231
4082.5 0.28095776
4086.05 0.28362858
4089.6 0.28753027
4093.15 0.28884986
4096.7 0.28610682
4100.25 0.28556898
4103.8 0.28469625
4107.35 0.28071970
4110.9 0.28298476
4114.45 0.28108606
4118.0 0.28049570
4121.55 0.28669238
4125.1 0.29920205
4128.65 0.28447503
4132.2 0.29429197
4135.75 0.28855440
4139.3 0.29742733
4142.85 0.29040894
4146.4 0.29978293
4149.95 0.29495057
4153.5 0.29624662
4157.05 0.30481407
4160.6 0.29737568
4164.15 0.30300987
4167.7 0.31295723
4171.25 0.33690342
4174.8 0.32914725
4178.35 0.32274705
4181.9 0.32445300
4185.45 0.29581055
4189.0 0.29081115
4192.55 0.30430844
4196.1 0.29888201
4199.65 0.28843722
4203.2 0.28996193
4206.75 0.29151651
4210.3 0.29185787
4213.85 0.28667900
4217.4 0.29229730
4220.95 0.29826692
4224.5 0.27987820
4228.05 0.28283066
4231.6 0.28084862
4235.15 0.28982168
4238.7 0.27338240
4242.25 0.27628073
4245.8 0.27549729
4249.35 0.27447948
4252.9 0.27642190
4256.45 0.27584326
4260.0 0.27513915
4263.55 0.27760270
4267.1 0.27308664
4270.65 0.27078432
4274.2 0.26600710
4277.75 0.26576418
4281.3 0.26140678
4284.85 0.26646030
4288.4 0.26701236
4291.95 0.27006286
4295.5 0.27222675
4299.05 0.26183236
4302.6 0.26743650
4306.15 0.27544484
4309.7 0.27221024
4313.25 0.27490139
4316.8 0.27989373
4320.35 0.27528691
4323.9 0.27730653
4327.45 0.27180389
4331.0 0.28544393
4334.55 0.26244441
4338.1 0.25370014
4341.65 0.25752872
4345.2 0.25407213
4348.75 0.25543007
4352.3 0.25577047
4355.85 0.26077935
4359.4 0.26558661
4362.95 0.25351256
4366.5 0.26062515
4370.05 0.26766014
4373.6 0.25778437
4377.15 0.25346953
4380.7 0.24955602
4384.25 0.24921545
4387.8 0.25025728
4391.35 0.26501617
4394.9 0.25248295
4398.45 0.25395826
4402.0 0.24752325
4405.55 0.24813113
4409.1 0.24790442
4412.65 0.25192243
4416.2 0.24936724
4419.75 0.25504068
4423.3 0.25588313
4426.85 0.25006229
4430.4 0.24832965
4433.95 0.24794477
4437.5 0.25508314
4441.05 0.25347775
4444.6 0.24811503
4448.15 0.24630190
4451.7 0.24439304
4455.25 0.24320242
4458.8 0.24520521
4462.35 0.24733625
4465.9 0.25549555
4469.45 0.25899515
4473.0 0.26388332
4476.55 0.27226064
4480.1 0.26136413
4483.65 0.24854583
4487.2 0.24934720
4490.75 0.24676199
4494.3 0.24290425
4497.85 0.24668339
4501.4 0.25401378
4504.95 0.25667650
4508.5 0.24867928
4512.05 0.25060791
4515.6 0.25434738
4519.15 0.25893122
4522.7 0.26284972
4526.25 0.24988919
4529.8 0.25235459
4533.35 0.25702861
4536.9 0.25778750
4540.45 0.25229782
4544.0 0.25184068
4547.55 0.25557083
4551.1 0.25532764
4554.65 0.25253603
4558.2 0.25872880
4561.75 0.25607049
4565.3 0.25967631
4568.85 0.26588193
4572.4 0.26215860
4575.95 0.26978081
4579.5 0.26544937
4583.05 0.28346580
4586.6 0.28555056
4590.15 0.29301330
4593.7 0.30124706
4597.25 0.30001190
4600.8 0.30612677
4604.35 0.32328346
4607.9 0.32506093
4611.45 0.33920529
4615.0 0.35485587
4618.55 0.37661403
4622.1 0.40180805
4625.65 0.43221074
4629.2 0.47409496
4632.75 0.52641267
4636.3 0.59044582
4639.85 0.66589314
4643.4 0.78067428
4646.95 0.91718745
4650.5 1.0891262
4654.05 1.2625006
4657.6 1.4849935
4661.15 1.5260087
4664.7 1.3049276
4668.25 1.0860394
4671.8 0.98801082
4675.35 0.93051875
4678.9 0.80576307
4682.45 0.67971587
4686.0 0.61231041
4689.55 0.55847412
4693.1 0.50925398
4696.65 0.47174463
4700.2 0.44879216
4703.75 0.42017081
4707.3 0.39117980
4710.85 0.36709103
4714.4 0.34289607
4717.95 0.32220864
4721.5 0.31565362
4725.05 0.30914858
4728.6 0.29358393
4732.15 0.29166964
4735.7 0.28617916
4739.25 0.28648415
4742.8 0.29151112
4746.35 0.29067442
4749.9 0.28460214
4753.45 0.27535349
4757.0 0.28908449
4760.55 0.29649186
4764.1 0.30250904
4767.65 0.33310983
4771.2 0.33136222
4774.75 0.30889174
4778.3 0.31197926
4781.85 0.31572413
4785.4 0.30663043
4788.95 0.28296292
4792.5 0.25992647
4796.05 0.25735602
4799.6 0.25082013
4803.15 0.24319141
4806.7 0.24165279
4810.25 0.23489912
4813.8 0.22453621
4817.35 0.22327334
4820.9 0.22435328
4824.45 0.22394368
4828.0 0.21348995
4831.55 0.21147756
4835.1 0.21121539
4838.65 0.21796255
4842.2 0.22652741
4845.75 0.21753909
4849.3 0.21435967
4852.85 0.21371624
4856.4 0.20964953
4859.95 0.20939046
4863.5 0.20913191
4867.05 0.22323397
4870.6 0.21471329
4874.15 0.21622847
4877.7 0.20810267
4881.25 0.20784660
4884.8 0.21161364
4888.35 0.21837571
4891.9 0.21665251
4895.45 0.21153475
4899.0 0.21364753
4902.55 0.21381867
4906.1 0.21220872
4909.65 0.20581634
4913.2 0.20556478
4916.75 0.20531374
4920.3 0.20696260
4923.85 0.20481309
4927.4 0.20456351
4930.95 0.20431444
4934.5 0.20912516
4938.05 0.20381773
4941.6 0.20357007
4945.15 0.20332292
4948.7 0.20610139
4952.25 0.20283005
4955.8 0.20258436
4959.35 0.20233913
4962.9 0.20209438
4966.45 0.20753177
4970.0 0.20281701
4973.55 0.21397769
4977.1 0.20264217
4980.65 0.20261811
4984.2 0.20063590
4987.75 0.20039447
4991.3 0.21467887
4994.85 0.22272767
4998.4 0.21497746
5001.95 0.23094095
5005.5 0.21351558
5009.05 0.24023099
5012.6 0.22612001
5016.15 0.20892110
5019.7 0.23249447
5023.25 0.21656400
5026.8 0.21118984
5030.35 0.21293382
5033.9 0.20618635
5037.45 0.20325533
5041.0 0.19682881
5044.55 0.19659476
5048.1 0.19939971
5051.65 0.20685680
5055.2 0.19589533
5058.75 0.19566312
5062.3 0.19543135
5065.85 0.19520003
5069.4 0.21466154
5072.95 0.19937941
5076.5 0.19450867
5080.05 0.19427915
5083.6 0.19753823
5087.15 0.19618517
5090.7 0.19359307
5094.25 0.19336537
5097.8 0.19883363
5101.35 0.20498185
5104.9 0.21631607
5108.45 0.19245854
5112.0 0.21290548
5115.55 0.19256260
5119.1 0.20161252
5122.65 0.19155872
5126.2 0.20450424
5129.75 0.19910876
5133.3 0.19868410
5136.85 0.20260948
5140.4 0.21203543
5143.95 0.20198254
5147.5 0.19000067
5151.05 0.20278178
5154.6 0.22447164
5158.15 0.18933931
5161.7 0.18911971
5165.25 0.18944348
5168.8 0.18868174
5172.35 0.18846340
5175.9 0.18824546
5179.45 0.20665440
5183.0 0.20128284
5186.55 0.18759419
5190.1 0.18737794
5193.65 0.19740504
5197.2 0.21122500
5200.75 0.18673161
5204.3 0.18827519
5207.85 0.23010398
5211.4 0.19785973
5214.95 0.19612926
5218.5 0.18566264
5222.05 0.21094698
5225.6 0.22542623
5229.15 0.21531419
5232.7 0.23679990
5236.25 0.23179935
5239.8 0.24426097
5243.35 0.21227992
5246.9 0.22023883
5250.45 0.27120689
5254.0 0.24321617
5257.55 0.23337761
5261.1 0.21121301
5264.65 0.20408095
5268.2 0.25223407
5271.75 0.24056444
5275.3 0.23269959
5278.85 0.21671504
5282.4 0.19388370
5285.95 0.21908256
5289.5 0.18148747
5293.05 0.18128285
5296.6 0.18107860
5300.15 0.18087481
5303.7 0.18067139
5307.25 0.18046831
5310.8 0.18026569
5314.35 0.18006337
5317.9 0.17986149
5321.45 0.17965995
5325.0 0.17945884
5328.55 0.17925808
5332.1 0.17905772
5335.65 0.17885773
5339.2 0.17865814
5342.75 0.17845894
5346.3 0.17826007
5349.85 0.17806162
5353.4 0.17786352
5356.95 0.17766581
5360.5 0.17746848
5364.05 0.17727150
5367.6 0.17707494
5371.15 0.17687872
5374.7 0.17668284
5378.25 0.17648736
5381.8 0.17629227
5385.35 0.17609757
5388.9 0.17590317
5392.45 0.17570917
5396.0 0.17551558
5399.55 0.17532231
5403.1 0.17512943
5406.65 0.17493689
5410.2 0.17474473
5413.75 0.17455292
5417.3 0.17436150
5420.85 0.17417046
5424.4 0.17397977
5427.95 0.17378938
5431.5 0.17359939
5435.05 0.17340977
5438.6 0.17322050
5442.15 0.17303160
5445.7 0.17284305
5449.25 0.17265487
5452.8 0.17246702
5456.35 0.17227955
5459.9 0.17209245
5463.45 0.17190570
5467.0 0.17171924
5470.55 0.17153317
5474.1 0.17134750
5477.65 0.17116211
5481.2 0.17097713
5484.75 0.17079246
5488.3 0.17060810
5491.85 0.17042419
5495.4 0.17024064
5498.95 0.17005733
5502.5 0.16987438
5506.05 0.16969186
5509.6 0.16950963
5513.15 0.16932769
5516.7 0.16914615
5520.25 0.16896509
5523.8 0.16878414
5527.35 0.16860366
5530.9 0.16842352
5534.45 0.16824372
5538.0 0.16806425
5541.55 0.16788507
5545.1 0.16770624
5548.65 0.16752787
5552.2 0.16734970
5555.75 0.16717190
5559.3 0.16699442
5562.85 0.16681729
5566.4 0.16664053
5569.95 0.16646406
5573.5 0.16628793
5577.05 0.16611221
5580.6 0.16593678
5584.15 0.16576169
5587.7 0.16558689
5591.25 0.16541246
5594.8 0.16523834
5598.35 0.16506451
5601.9 0.16489105
5605.45 0.16471797
5609.0 0.16454510
5612.55 0.16437265
5616.1 0.16420053
5619.65 0.16402869
5623.2 0.16385721
5626.75 0.16368602
5630.3 0.16351512
5633.85 0.16334467
5637.4 0.16317442
5640.95 0.16300455
5644.5 0.16283497
5648.05 0.16266575
5651.6 0.16249682
5655.15 0.16232826
5658.7 0.16216001
5662.25 0.16199207
5665.8 0.16182438
5669.35 0.16165708
5672.9 0.16149008
5676.45 0.16132338
5680.0 0.16115701
5683.55 0.16099098
5687.1 0.16082521
5690.65 0.16065982
5694.2 0.16049474
5697.75 0.16032995
5701.3 0.16016538
5704.85 0.16000126
5708.4 0.15983735
5711.95 0.15967390
5715.5 0.15951063
5719.05 0.15934768
5722.6 0.15918507
5726.15 0.15902273
5729.7 0.15886080
5733.25 0.15869910
5736.8 0.15853766
5740.35 0.15837660
5743.9 0.15821587
5747.45 0.15805541
5751.0 0.15789521
5754.55 0.15773536
5758.1 0.15757583
5761.65 0.15741655
5765.2 0.15725759
5768.75 0.15709902
5772.3 0.15694065
5775.85 0.15678255
5779.4 0.15662485
5782.95 0.15646738
5786.5 0.15631028
5790.05 0.15615344
5793.6 0.15599686
5797.15 0.15584067
5800.7 0.15568469
5804.25 0.15552907
5807.8 0.15537369
5811.35 0.15521863
5814.9 0.15506388
5818.45 0.15490940
5822.0 0.15475528
5825.55 0.15460135
5829.1 0.15444779
5832.65 0.15429451
5836.2 0.15414150
5839.75 0.15398879
5843.3 0.15383644
5846.85 0.15368430
5850.4 0.15353246
5853.95 0.15338095
5857.5 0.15322967
5861.05 0.15307875
5864.6 0.15292805
5868.15 0.15277764
5871.7 0.15262756
5875.25 0.15247777
5878.8 0.15232819
5882.35 0.15217900
5885.9 0.15203007
5889.45 0.15188137
5893.0 0.15173300
5896.55 0.15158489
5900.1 0.15143710
5903.65 0.15128954
5907.2 0.15114236
5910.75 0.15099539
5914.3 0.15084864
5917.85 0.15070230
5921.4 0.15055621
5924.95 0.15041032
5928.5 0.15026478
5932.05 0.15011950
5935.6 0.14997451
5939.15 0.14982979
5942.7 0.14968534
5946.25 0.14954114
5949.8 0.14939725
5953.35 0.14925365
5956.9 0.14911035
5960.45 0.14896733
5964.0 0.14882450
5967.55 0.14868201
5971.1 0.14853981
5974.65 0.14839786
5978.2 0.14825615
5981.75 0.14811473
5985.3 0.14797366
5988.85 0.14783274
5992.4 0.14769213
5995.95 0.14755182
5999.5 0.14741179
