300.0 0.0
420.0 0.0000000
424.2 0.0000000
428.4 0.0000000
432.6 0.0000000
436.8 0.0000000
441.0 0.0000000
445.2 0.0000000
449.4 0.0000000
453.6 0.0000000
457.8 0.0000000
462.0 0.0000000
466.2 0.0000000
470.4 0.0000000
474.6 0.0000000
478.8 0.0000000
483.0 0.0000000
487.2 0.0000000
491.4 0.0000000
495.6 0.0000000
499.8 0.0000000
504.0 0.0000000
508.2 0.0000000
512.4 0.0000000
516.6 0.0000000
520.8 0.0000000
525.0 0.0000000
529.2 0.0000000
533.4 0.0000000
537.6 0.0000000
541.79995 0.0000000
545.99995 0.0000000
550.19995 0.0000000
554.39995 0.0000000
558.59995 0.0000000
562.79995 0.0000000
566.99995 0.0000000
571.19995 0.0000000
575.39995 0.0000000
579.59995 0.0000000
583.79995 0.0000000
587.99995 0.0000000
592.19995 0.0000000
596.39995 0.0000000
600.59995 0.0000000
604.79995 0.0000000
608.99995 0.0000000
613.19995 0.0000000
617.39995 0.0000000
621.59995 0.0000000
625.79995 0.0000000
629.99995 0.0000000
634.19995 0.0000000
638.39995 0.0000000
642.59995 0.0000000
646.79995 0.0000000
650.99995 0.0000000
655.19995 0.0000000
659.39995 0.0000000
663.59995 0.0000000
667.79995 0.0000000
671.99995 0.0000000
676.19995 0.0000000
680.39995 0.0000000
684.59995 0.0000000
688.79995 0.0000000
692.99995 0.0000000
697.19995 0.0000000
701.39995 0.0000000
705.59995 0.0000000
709.79995 0.0000000
713.99995 0.0000000
718.19995 0.0000000
722.39995 0.0000000
726.59995 0.0000000
730.79995 0.0000000
734.99995 0.0000000
739.19995 0.0000000
743.39995 0.0000000
747.59995 0.0000000
751.79995 0.0000000
755.99995 0.0000000
760.19995 0.0000000
764.39995 0.0000000
768.59995 5.32224003E-05
772.79995 3.94515264E-05
776.99995 2.89379823E-05
781.19995 2.10506751E-05
785.39995 1.51991408E-05
789.59995 1.07147125E-05
793.79995 7.27787210E-06
797.99995 4.79556093E-06
802.19995 3.10722248E-06
806.39995 1.99295823E-06
810.59995 1.25852637E-06
814.79995 7.82015661E-07
818.99995 3.64707957E-05
823.2 2.59557637E-05
827.4 1.82555432E-05
831.6 1.26837176E-05
835.8 8.70389158E-06
840.0 6.46625313E-06
844.2 4.52958238E-06
848.4 2.98643931E-06
852.6 2.09167342E-06
856.8 1.47548269E-06
861.0 1.04239746E-06
865.2 2.62904982E-03
869.4 2.27309321E-03
873.6 1.62713276E-03
877.8 1.13919005E-03
882.0 8.93055694E-04
886.2 7.21461372E-04
890.4 5.96632599E-04
894.6 4.96837951E-04
898.8 3.93995724E-04
903.0 2.87563336E-04
907.2 2.32935694E-04
911.4 1.65991209E-04
915.6 1.19428674E-04
919.8 8.67146955E-05
924.0 6.50796792E-05
928.2 5.10451937E-05
932.4 3.75233176E-05
936.6 2.90879489E-05
940.8 2.25690710E-05
945.0 1.63878558E-05
949.2 1.08102213E-05
953.4 7.67271194E-06
957.6 5.08140465E-06
961.8 3.68343262E-06
966.0 2.59201170E-06
970.2 1.75475873E-06
974.4 1.20982349E-06
978.6 8.54378754E-07
982.8 6.01157581E-07
987.0 4.33504766E-07
991.2 2.97783942E-07
995.4 2.04390375E-07
999.6 1.41013160E-07
1003.8 9.94069538E-08
1008.0 7.10995351E-08
1012.2 5.13464933E-08
1016.4 3.66941144E-08
1020.6 3.16685878E-08
1024.8 1.0517538
1029.0 0.85409242
1033.2 0.79980004
1037.4 0.80262762
1041.6 0.75482541
1045.8 0.60663146
1050.0 0.52579075
1054.2 0.49636501
1058.4 0.47680819
1062.6 0.44752747
1066.8 0.41017073
1071.0 0.38570580
1075.2 0.37819281
1079.3999 0.38057190
1083.5999 0.38812408
1087.7999 0.39214873
1091.9999 0.42328846
1096.1999 0.43143564
1100.3999 0.41432241
1104.5999 0.37885392
1108.7999 0.38261238
1112.9999 0.38042870
1117.1999 0.39085540
1121.3999 0.39890388
1125.5999 0.39533255
1129.7999 0.38236669
1133.9999 0.37851351
1138.1999 0.39179555
1142.3999 0.39061195
1146.5999 0.39839265
1150.7999 0.39448559
1154.9999 0.40497124
1159.1999 0.42945540
1163.3999 0.45494905
1167.5999 0.48985699
1171.7999 0.50042450
1175.9999 0.50907522
1180.1999 0.46433353
1184.3999 0.43484679
1188.5999 0.41313434
1192.7999 0.40431371
1196.9999 0.40368894
1201.1999 0.38657272
1205.3999 0.38278103
1209.5999 0.38158959
1213.7999 0.37983239
1217.9999 0.38773760
1222.1999 0.38508925
1226.3999 0.37793520
1230.5999 0.39034230
1234.7999 0.38464290
1238.9999 0.39169830
1243.1999 0.40213987
1247.3999 0.40916160
1251.5999 0.42022067
1255.7999 0.42070094
1259.9999 0.43515936
1264.1999 0.44593406
1268.3999 0.45793736
1272.5999 0.47643796
1276.7999 0.51322073
1280.9999 0.56225860
1285.1999 0.61857170
1289.3999 0.69002515
1293.5999 0.77879035
1297.7999 0.83229512
1301.9999 0.75719255
1306.1999 0.64379942
1310.3999 0.55758655
1314.5999 0.51291293
1318.7999 0.49086726
1322.9999 0.47859234
1327.1999 0.45690101
1331.3999 0.45619729
1335.5999 0.44335493
1339.7999 0.45295411
1343.9999 0.45502278
1348.1999 0.45426518
1352.3999 0.46005526
1356.5999 0.45511124
1360.7999 0.46278462
1364.9999 0.47000307
1369.1999 0.47155294
1373.3999 0.48248211
1377.5999 0.46460655
1381.7999 0.46218541
1385.9999 0.45690525
1390.1999 0.46511835
1394.3999 0.46794158
1398.5999 0.46199280
1402.7999 0.43929937
1406.9999 0.42578810
1411.1999 0.42046246
1415.3999 0.41336322
1419.5999 0.41469187
1423.7999 0.41422215
1427.9999 0.41407791
1432.1999 0.42125779
1436.3999 0.42058367
1440.5999 0.42798573
1444.7999 0.43062875
1448.9999 0.43049774
1453.1999 0.42619503
1457.3999 0.43223915
1461.5999 0.43482235
1465.7999 0.44726557
1469.9999 0.44073445
1474.1999 0.43428835
1478.3999 0.41580823
1482.5999 0.42269900
1486.7999 0.42528570
1490.9999 0.42028302
1495.1999 0.43517262
1499.3999 0.43999556
1503.5999 0.42909998
1507.7999 0.42245203
1511.9999 0.42367607
1516.1999 0.42434436
1520.3999 0.42481598
1524.5999 0.43089473
1528.7999 0.42402548
1532.9999 0.42334470
1537.1999 0.42942646
1541.3999 0.42960766
1545.5999 0.44092989
1549.7999 0.43971157
1553.9999 0.46886489
1558.1999 0.46797925
1562.3999 0.47347519
1566.5999 0.46702966
1570.7999 0.46877274
1574.9999 0.47381389
1579.1999 0.49565002
1583.3999 0.53413171
1587.5999 0.56926721
1591.7999 0.59814125
1595.9999 0.60976428
1600.1999 0.64276683
1604.3999 0.61565542
1608.5999 0.56376743
1612.7999 0.51645339
1616.9999 0.48520237
1621.1999 0.47092158
1625.3999 0.45632759
1629.5999 0.44260702
1633.7999 0.43220332
1637.9999 0.42966795
1642.2 0.41448137
1646.4 0.40892154
1650.6 0.40663740
1654.8 0.41153380
1659.0 0.41422421
1663.2 0.40559736
1667.4 0.40817693
1671.6 0.41125295
1675.8 0.41561067
1680.0 0.40621150
1684.2 0.41154423
1688.4 0.42207018
1692.6 0.40009797
1696.8 0.41157645
1701.0 0.41511375
1705.2 0.41309890
1709.4 0.41751984
1713.6 0.41178626
1717.8 0.40719980
1722.0 0.41939905
1726.2 0.43728274
1730.4 0.42952886
1734.6 0.44124642
1738.8 0.43845466
1743.0 0.44055152
1747.2 0.43898317
1751.4 0.44555017
1755.6 0.44518808
1759.8 0.44498000
1764.0 0.43167126
1768.2 0.42555556
1772.4 0.43197322
1776.6 0.43903032
1780.8 0.42133865
1785.0 0.44259241
1789.2 0.42807573
1793.4 0.43919504
1797.6 0.43606296
1801.8 0.44582736
1806.0 0.42561954
1810.2 0.43277073
1814.4 0.43320745
1818.6 0.44163457
1822.8 0.42059129
1827.0 0.42633778
1831.2 0.43527901
1835.4 0.41672742
1839.6 0.42527661
1843.8 0.41319460
1848.0 0.40243372
1852.2 0.40267569
1856.4 0.40291309
1860.6 0.40621638
1864.8 0.40933889
1869.0 0.41059920
1873.2 0.40550524
1877.4 0.40402901
1881.6 0.40423805
1885.8 0.40444311
1890.0 0.41011506
1894.2 0.40999913
1898.4 0.41660091
1902.6 0.41967469
1906.8 0.42006600
1911.0 0.42367950
1915.2 0.42814073
1919.4 0.43644941
1923.6 0.44680491
1927.8 0.44388875
1932.0 0.45618629
1936.2 0.46199220
1940.4 0.46644250
1944.6 0.46959788
1948.8 0.47350630
1953.0 0.48002535
1957.2 0.48303169
1961.4 0.47706562
1965.6 0.47340727
1969.8 0.46334186
1974.0 0.46270585
1978.2 0.45428252
1982.4 0.46142206
1986.6 0.45624742
1990.8 0.45379657
1995.0 0.45554209
1999.2 0.45320845
2003.4 0.45474926
2007.6 0.45622176
2011.8 0.46192878
2016.0 0.47322783
2020.2 0.46644884
2024.4 0.48370561
2028.6 0.49613491
2032.8 0.51132548
2037.0 0.51029646
2041.2 0.49627566
2045.4 0.49425045
2049.6 0.49628070
2053.8 0.48544994
2058.0 0.47684222
2062.2 0.47456989
2066.4 0.47314477
2070.6 0.48263621
2074.8 0.49289790
2079.0 0.49528921
2083.2 0.49251926
2087.4 0.49420914
2091.6 0.49154708
2095.8 0.49448016
2100.0 0.48989004
2104.2 0.48829350
2108.4 0.48930165
2112.6 0.48748642
2116.8 0.48176792
2121.0 0.47523886
2125.2 0.48011371
2129.4 0.48214477
2133.6 0.48279688
2137.8 0.47856444
2142.0 0.47527984
2146.2 0.47446486
2150.4 0.47253481
2154.5998 0.47113058
2158.7998 0.46751991
2162.9998 0.46163666
2167.1998 0.46439636
2171.3998 0.46485943
2175.5998 0.46013615
2179.7998 0.44850546
2183.9998 0.46045068
2188.1998 0.46291146
2192.3998 0.46051514
2196.5998 0.46091413
2200.7998 0.46529400
2204.9998 0.45710549
2209.1998 0.45767066
2213.3998 0.44913438
2217.5998 0.44249257
2221.7998 0.42557436
2225.9998 0.42398515
2230.1998 0.42364529
2234.3998 0.41986513
2238.5998 0.43165287
2242.7998 0.43832326
2246.9998 0.43964976
2251.1998 0.43059704
2255.3998 0.43537298
2259.5998 0.43765968
2263.7998 0.44393274
2267.9998 0.44438082
2272.1998 0.45506266
2276.3998 0.46868506
2280.5998 0.47320893
2284.7998 0.46754158
2288.9998 0.48227319
2293.1998 0.48911932
2297.3998 0.48906416
2301.5998 0.49200538
2305.7998 0.51235437
2309.9998 0.52537578
2314.1998 0.52310318
2318.3998 0.53350812
2322.5998 0.52180624
2326.7998 0.53531176
2330.9998 0.55411774
2335.1998 0.60079676
2339.3998 0.65549636
2343.5998 0.74036807
2347.7998 0.82704389
2351.9998 0.85416842
2356.1998 0.81142026
2360.3998 0.71927226
2364.5998 0.64043510
2368.7998 0.59159535
2372.9998 0.56764621
2377.1998 0.54883772
2381.3998 0.53435516
2385.5998 0.52302408
2389.7998 0.51215357
2393.9998 0.50893003
2398.1998 0.49902272
2402.3998 0.49047282
2406.5998 0.48062754
2410.7998 0.47521168
2414.9998 0.47411638
2419.1998 0.46088153
2423.3998 0.46210444
2427.5998 0.45094377
2431.7998 0.44832343
2435.9998 0.44814652
2440.1998 0.42996484
2444.3998 0.43672115
2448.5998 0.43674409
2452.7998 0.44346499
2456.9998 0.45595327
2461.1998 0.46055207
2465.3998 0.46245590
2469.5998 0.46241152
2473.7998 0.46595845
2477.9998 0.45993048
2482.1998 0.46139818
2486.3998 0.46784976
2490.5998 0.46127620
2494.7998 0.46317023
2498.9998 0.45518059
2503.1998 0.45825171
2507.3998 0.44752663
2511.5998 0.44031629
2515.7998 0.43273470
2519.9998 0.42912224
2524.1998 0.41913766
2528.3998 0.41520008
2532.5998 0.40413204
2536.7998 0.39661679
2540.9998 0.39529961
2545.1998 0.39933088
2549.3998 0.39440939
2553.5998 0.40313062
2557.7998 0.40553448
2561.9998 0.40710992
2566.1998 0.40735474
2570.3998 0.40799654
2574.5998 0.41638604
2578.7998 0.41237009
2582.9998 0.42081213
2587.1998 0.42064810
2591.3998 0.41928568
2595.5998 0.41501573
2599.7998 0.41953847
2603.9998 0.41687256
2608.1998 0.42605114
2612.3998 0.43715703
2616.5998 0.43863159
2620.7998 0.45649105
2624.9998 0.46050209
2629.1998 0.46062469
2633.3998 0.45462543
2637.5998 0.45450017
2641.7998 0.43805930
2645.9998 0.44807678
2650.1998 0.44397113
2654.3998 0.44343576
2658.5998 0.44928494
2662.7998 0.46143982
2666.9998 0.46219432
2671.1998 0.46828741
2675.3998 0.47151804
2679.5998 0.47548714
2683.7998 0.47112474
2687.9998 0.47371149
2692.1998 0.46696228
2696.3998 0.47253388
2700.5998 0.46699607
2704.7998 0.45341533
2708.9998 0.45388776
2713.1998 0.45975161
2717.3998 0.44791681
2721.5998 0.44750482
2725.7998 0.44811735
2729.9998 0.44812533
2734.1998 0.45551616
2738.3998 0.45378482
2742.5998 0.44636014
2746.7998 0.44575015
2750.9998 0.45499048
2755.1998 0.45439753
2759.3998 0.45155862
2763.5998 0.46009734
2767.7998 0.44734111
2771.9998 0.44205254
2776.1998 0.43637559
2780.3998 0.43241331
2784.5998 0.42940271
2788.7998 0.42078695
2792.9998 0.41935396
2797.1998 0.42453316
2801.3998 0.42854300
2805.5998 0.43429172
2809.7998 0.44808993
2813.9998 0.43308255
2818.1998 0.42728496
2822.3998 0.42487383
2826.5998 0.42308277
2830.7998 0.41838336
2834.9998 0.42853758
2839.1998 0.42720613
2843.3998 0.43046167
2847.5998 0.42667037
2851.7998 0.42821586
2855.9998 0.42868200
2860.1998 0.43872398
2864.3998 0.44153115
2868.5998 0.44923893
2872.7998 0.46405768
2876.9998 0.48318937
2881.1998 0.46062303
2885.3998 0.44332328
2889.5998 0.44607052
2893.7998 0.43942752
2897.9998 0.42359078
2902.1998 0.42853373
2906.3998 0.42996573
2910.5998 0.41821289
2914.7998 0.41557211
2918.9998 0.40652588
2923.1998 0.40095448
2927.3998 0.41190225
2931.5998 0.41092649
2935.7998 0.40529194
2939.9998 0.41341141
2944.1998 0.40322638
2948.3998 0.39691806
2952.5998 0.39692724
2956.7998 0.39041653
2960.9998 0.38411275
2965.1998 0.37686977
2969.3998 0.38177523
2973.5998 0.38100940
2977.7998 0.37015313
2981.9998 0.37356645
2986.1998 0.37974277
2990.3998 0.38242951
2994.5998 0.37535900
2998.7998 0.38238454
3002.9998 0.39206666
3007.1998 0.38486591
3011.3998 0.39339909
3015.5998 0.38227829
3019.7998 0.38333565
3023.9998 0.37781286
3028.1998 0.38283676
3032.3998 0.38524050
3036.5998 0.37781364
3040.7998 0.38843504
3044.9998 0.38204458
3049.1998 0.37880325
3053.3998 0.38227683
3057.5998 0.37414342
3061.7998 0.37838730
3065.9998 0.37551805
3070.1998 0.37815395
3074.3998 0.38078979
3078.5998 0.37582484
3082.7998 0.37273845
3086.9998 0.37182993
3091.1998 0.37025255
3095.3998 0.36813954
3099.5998 0.36851847
3103.7998 0.37380284
3107.9998 0.37339291
3112.1998 0.37317088
3116.3998 0.36615795
3120.5998 0.36767301
3124.7998 0.38327441
3128.9998 0.43218055
3133.1998 0.44913778
3137.3998 0.37973329
3141.5998 0.36642292
3145.7998 0.36649650
3149.9998 0.36228591
3154.1998 0.37544253
3158.3998 0.36509225
3162.5998 0.35722202
3166.7998 0.35983962
3170.9998 0.35591274
3175.1998 0.35136601
3179.3998 0.34782061
3183.5998 0.34366402
3187.7998 0.32513040
3191.9998 0.33054104
3196.1998 0.32447886
3200.3998 0.33879077
3204.5998 0.33811864
3208.7998 0.33463570
3212.9998 0.33144614
3217.1998 0.32913718
3221.3998 0.33769557
3225.5998 0.33093673
3229.7998 0.33661300
3233.9998 0.34188065
3238.1998 0.34767142
3242.3998 0.36164787
3246.5998 0.38942161
3250.7998 0.40583241
3254.9998 0.36489564
3259.1998 0.34114048
3263.3998 0.35351291
3267.5998 0.35649383
3271.7998 0.33804256
3275.9998 0.33095399
3280.2 0.33158100
3284.4 0.32589707
3288.6 0.32410890
3292.8 0.31822893
3297.0 0.30914855
3301.2 0.29905853
3305.4 0.29710257
3309.6 0.30627498
3313.8 0.31554779
3318.0 0.31659079
3322.2 0.32026675
3326.4 0.32830182
3330.6 0.32871488
3334.8 0.32682854
3339.0 0.31607911
3343.2 0.31754535
3347.4 0.31602639
3351.6 0.30304489
3355.8 0.30704340
3360.0 0.29687777
3364.2 0.29701966
3368.4 0.29200161
3372.6 0.29848778
3376.8 0.30241305
3381.0 0.29703256
3385.2 0.28782597
3389.4 0.28764057
3393.6 0.28642905
3397.8 0.28317600
3402.0 0.29191065
3406.2 0.28589725
3410.4 0.29336590
3414.6 0.29932547
3418.8 0.31770387
3423.0 0.31293997
3427.2 0.31123164
3431.4 0.32512054
3435.6 0.32981074
3439.8 0.34146044
3444.0 0.36325067
3448.2 0.35277063
3452.4 0.33528143
3456.6 0.33374843
3460.8 0.31896329
3465.0 0.31112203
3469.2 0.30801478
3473.4 0.30298787
3477.6 0.29300216
3481.8 0.28184918
3486.0 0.27868700
3490.2 0.28010932
3494.4 0.28798065
3498.6 0.28579006
3502.8 0.28405440
3507.0 0.29043382
3511.2 0.28052610
3515.4 0.27709603
3519.6 0.28231350
3523.8 0.27596375
3528.0 0.27309832
3532.2 0.27277917
3536.4 0.27246058
3540.6 0.27381277
3544.8 0.27618188
3549.0 0.27502474
3553.2 0.27410546
3557.4 0.28953901
3561.6 0.28790519
3565.8 0.29240182
3570.0 0.28729868
3574.2 0.28048390
3578.4 0.27609882
3582.6 0.28858265
3586.8 0.28851268
3591.0 0.28655919
3595.2 0.29991785
3599.4 0.29206669
3603.6 0.30162650
3607.8 0.31816489
3612.0 0.31279004
3616.2 0.31931588
3620.4 0.32529515
3624.6 0.33874124
3628.8 0.36036071
3633.0 0.36448112
3637.2 0.38480839
3641.4 0.41667509
3645.6 0.43228653
3649.8 0.43430090
3654.0 0.40399209
3658.2 0.39693859
3662.4 0.39311925
3666.6 0.37419298
3670.8 0.35740292
3675.0 0.32744512
3679.2 0.32074159
3683.4 0.30809894
3687.6 0.30199751
3691.8 0.30977643
3696.0 0.30144769
3700.2 0.29643673
3704.4 0.29685578
3708.6 0.29003298
3712.8 0.28810081
3717.0 0.28671387
3721.2 0.26912042
3725.4 0.27843902
3729.6 0.27711838
3733.8 0.28429157
3738.0 0.27823621
3742.2 0.27712649
3746.4 0.28971961
3750.6 0.29401994
3754.8 0.30523285
3759.0 0.30092674
3763.2 0.29874730
3767.4 0.28764784
3771.6 0.30359906
3775.8 0.30438814
3780.0 0.30637604
3784.2 0.30429003
3788.4 0.31585819
3792.6 0.32943007
3796.8 0.32717928
3801.0 0.31387660
3805.2 0.30656514
3809.4 0.29924306
3813.6 0.30143255
3817.8 0.32372966
3822.0 0.31504154
3826.2 0.31130475
3830.4 0.32347950
3834.6 0.32087204
3838.8 0.29725379
3843.0 0.31337997
3847.2 0.32594085
3851.4 0.31202447
3855.6 0.30617064
3859.8 0.31110471
3864.0 0.29958436
3868.2 0.29270196
3872.4 0.29374769
3876.6 0.30319902
3880.8 0.31429654
3885.0 0.31420037
3889.2 0.30801252
3893.4 0.31193358
3897.6 0.30272183
3901.8 0.30783695
3906.0 0.29860851
3910.2 0.31434345
3914.4 0.29593614
3918.6 0.30562067
3922.8 0.29296753
3927.0 0.29577971
3931.2 0.29814729
3935.4 0.30804071
3939.6 0.28102255
3943.8 0.28048527
3948.0 0.26376554
3952.2 0.26049361
3956.4 0.25690806
3960.6 0.26324722
3964.8 0.26244330
3969.0 0.26171586
3973.2 0.25707623
3977.4 0.26102820
3981.6 0.26376775
3985.8 0.25828245
3990.0 0.24966913
3994.2 0.25194362
3998.4 0.25301892
4002.6 0.25174803
4006.8 0.25571853
4011.0 0.25901616
4015.2 0.26373661
4019.4 0.26278901
4023.6 0.26076975
4027.8 0.26589426
4032.0 0.27357513
4036.2 0.27380222
4040.4 0.27636728
4044.6 0.28676710
4048.8 0.30372533
4053.0 0.30519956
4057.2 0.32809442
4061.4 0.33118027
4065.6 0.34231648
4069.8 0.36795691
4074.0 0.38317186
4078.2 0.42876875
4082.4 0.46777257
4086.6 0.45306987
4090.8 0.42268696
4095.0 0.39259368
4099.2 0.37144738
4103.4 0.35304511
4107.6 0.32979459
4111.8 0.32396853
4116.0 0.32081544
4120.2 0.30970398
4124.4 0.29248831
4128.6 0.30126888
4132.8 0.29149494
4137.0 0.28707644
4141.2 0.28227931
4145.4 0.27473170
4149.6 0.27178314
4153.8 0.27890053
4158.0 0.27900830
4162.2 0.32928601
4166.4 0.36002201
4170.6 0.30099306
4174.8 0.26736966
4179.0 0.26033759
4183.2 0.25819722
4187.4 0.25189102
4191.6 0.26831791
4195.8 0.29318303
4200.0 0.35635078
4204.2 0.50212514
4208.4 0.50104427
4212.6 0.33698612
4216.8 0.28373513
4221.0 0.26678780
4225.2 0.25950247
4229.4 0.25342315
4233.6 0.24859564
4237.8 0.24879615
4242.0 0.24707375
4246.2 0.24746147
4250.4 0.24716254
4254.6 0.24316454
4258.8 0.24049582
4263.0 0.24052705
4267.2 0.23136260
4271.4 0.22663811
4275.6 0.23663214
4279.8 0.23453908
4284.0 0.23748788
4288.2 0.22794758
4292.4 0.22984201
4296.6 0.22666673
4300.8 0.23461264
4304.9996 0.23052454
4309.1996 0.22461978
4313.3996 0.22980303
4317.5996 0.22840384
4321.7996 0.23539680
4325.9996 0.23665379
4330.1996 0.24617335
4334.3996 0.25153422
4338.5996 0.24802984
4342.7996 0.24089655
4346.9996 0.25153247
4351.1996 0.24116237
4355.3996 0.23521887
4359.5996 0.23572479
4363.7996 0.24906340
4367.9996 0.24444504
4372.1996 0.23160699
4376.3996 0.23468105
4380.5996 0.23687598
4384.7996 0.24089041
4388.9996 0.23701943
4393.1996 0.23930548
4397.3996 0.23840240
4401.5996 0.23975173
4405.7996 0.23103628
4409.9996 0.23498642
4414.1996 0.24265093
4418.3996 0.23102200
4422.5996 0.23758411
4426.7996 0.23857811
4430.9996 0.23686287
4435.1996 0.23723631
4439.3996 0.23898086
4443.5996 0.23745547
4447.7996 0.24662150
4451.9996 0.23546420
4456.1996 0.23054372
4460.3996 0.25213891
4464.5996 0.23539340
4468.7996 0.24637681
4472.9996 0.24018419
4477.1996 0.23306282
4481.3996 0.22979289
4485.5996 0.22721092
4489.7996 0.23404767
4493.9996 0.22184022
4498.1996 0.22382882
4502.3996 0.22613582
4506.5996 0.22371294
4510.7996 0.21323378
4514.9996 0.21716760
4519.1996 0.22242972
4523.3996 0.22198342
4527.5996 0.21525617
4531.7996 0.21607032
4535.9996 0.21427459
4540.1996 0.21014796
4544.3996 0.21436347
4548.5996 0.21874386
4552.7996 0.21729176
4556.9996 0.21200694
4561.1996 0.20894402
4565.3996 0.20584530
4569.5996 0.21300547
4573.7996 0.20539142
4577.9996 0.21929130
4582.1996 0.20671740
4586.3996 0.20767574
4590.5996 0.20448768
4594.7996 0.20426260
4598.9996 0.20403785
4603.1996 0.20381337
4607.3996 0.20849498
4611.5996 0.20941795
4615.7996 0.21424942
4619.9996 0.20903735
4624.1996 0.20967665
4628.3996 0.20247371
4632.5996 0.20225154
4636.7996 0.20802507
4640.9996 0.21419580
4645.1996 0.21059138
4649.3996 0.20546845
4653.5996 0.21357001
4657.7996 0.21700935
4661.9996 0.20613976
4666.1996 0.20849109
4670.3996 0.20026706
4674.5996 0.20004818
4678.7996 0.20408916
4682.9996 0.20074248
4687.1996 0.21947530
4691.3996 0.20954616
4695.5996 0.20385221
4699.7996 0.22762088
4703.9996 0.22462077
4708.1996 0.21450254
4712.3996 0.21060918
4716.5996 0.20109275
4720.7996 0.20084168
4724.9996 0.19744670
4729.1996 0.20393407
4733.3996 0.19701760
4737.5996 0.19800013
4741.7996 0.19658978
4745.9996 0.19821611
4750.1996 0.19616315
4754.3996 0.19727910
4758.5996 0.19658095
4762.7996 0.19552563
4766.9996 0.20236151
4771.1996 0.19939607
4775.3996 0.19489104
4779.5996 0.19468006
4783.7996 0.19446947
4787.9996 0.19425914
4792.1996 0.19404915
4796.3996 0.19383949
4800.5996 0.19363010
4804.7996 0.19764751
4808.9996 0.19321227
4813.1996 0.19356406
4817.3996 0.19279568
4821.5996 0.19369987
4825.7996 0.19244495
4829.9996 0.19217300
4834.1996 0.19407347
4838.3996 0.19681774
4842.5996 0.19779576
4846.7996 0.19599134
4850.9996 0.19569659
4855.1996 0.19517189
4859.3996 0.19251804
4863.5996 0.19414409
4867.7996 0.19291359
4871.9996 0.19258025
4876.1996 0.19690803
4880.3996 0.20557643
4884.5996 0.19553031
4888.7996 0.20235281
4892.9996 0.19848108
4897.1996 0.20465976
4901.3996 0.19990405
4905.5996 0.20643257
4909.7996 0.20317951
4913.9996 0.20414707
4918.1996 0.21012785
4922.3996 0.20507489
4926.5996 0.20903645
4930.7996 0.21597736
4934.9996 0.23258747
4939.1996 0.22731516
4943.3996 0.22297570
4947.5996 0.22423524
4951.7996 0.20451359
4955.9996 0.20112953
4960.1996 0.21054004
4964.3996 0.20685978
4968.5996 0.19970225
4972.7996 0.20082961
4976.9996 0.20197828
4981.1996 0.20228675
4985.3996 0.19876786
4989.5996 0.20273514
4993.7996 0.20694880
4997.9996 0.19425865
5002.1996 0.19637713
5006.3996 0.19506957
5010.5996 0.20137274
5014.7996 0.19001709
5018.9996 0.19209884
5023.1996 0.19162104
5027.3996 0.19097970
5031.5996 0.19239819
5035.7996 0.19206218
5039.9996 0.19163840
5044.1996 0.19342126
5048.3996 0.19034046
5052.5996 0.18880087
5056.7996 0.18553390
5060.9996 0.18542825
5065.1996 0.18245061
5069.3996 0.18604146
5073.5996 0.18649070
5077.7996 0.18868567
5081.9996 0.19026235
5086.1996 0.18305984
5090.3996 0.18704146
5094.5996 0.19270770
5098.7996 0.19050917
5102.9996 0.19245756
5107.1996 0.19601879
5111.3996 0.19285735
5115.5996 0.19433755
5119.7996 0.19054516
5123.9996 0.20017435
5128.1996 0.18410692
5132.3996 0.17803212
5136.5996 0.18077900
5140.7996 0.17841186
5144.9996 0.17942494
5149.1996 0.17972358
5153.3996 0.18330379
5157.5996 0.18674450
5161.7996 0.17831351
5165.9996 0.18337664
5170.1996 0.18838832
5174.3996 0.18149690
5178.5996 0.17851740
5182.7996 0.17581855
5186.9996 0.17563587
5191.1996 0.17642754
5195.3996 0.18689305
5199.5996 0.17811224
5203.7996 0.17921098
5207.9996 0.17472649
5212.1996 0.17521210
5216.3996 0.17510843
5220.5996 0.17800377
5224.7996 0.17625494
5228.9996 0.18032275
5233.1996 0.18097627
5237.3996 0.17691594
5241.5996 0.17574613
5245.7996 0.17552963
5249.9996 0.18064052
5254.1996 0.17956060
5258.3996 0.17581739
5262.5996 0.17458774
5266.7996 0.17328936
5270.9996 0.17249946
5275.1996 0.17397472
5279.3996 0.17554182
5283.5996 0.18138953
5287.7996 0.18393163
5291.9996 0.18746163
5296.1996 0.19347315
5300.3996 0.18578772
5304.5996 0.17673087
5308.7996 0.17735572
5312.9996 0.17557129
5317.1996 0.17287996
5321.3996 0.17562383
5325.5996 0.18089837
5329.7996 0.18285087
5333.9996 0.17720824
5338.1996 0.17863731
5342.3996 0.18135838
5346.5996 0.18468322
5350.7996 0.18753532
5354.9996 0.17834266
5359.1996 0.18015695
5363.3996 0.18354943
5367.5996 0.18414715
5371.7996 0.18028018
5375.9996 0.18000787
5380.1996 0.18272915
5384.3996 0.18261023
5388.5996 0.18066795
5392.7996 0.18515386
5396.9996 0.18330640
5401.1996 0.18594317
5405.3996 0.19044356
5409.5996 0.18783261
5413.7996 0.19335128
5417.9996 0.19030344
5422.1996 0.20327988
5426.3996 0.20483549
5430.5996 0.21025093
5434.7996 0.21622279
5438.9996 0.21539965
5443.1996 0.21985458
5447.3996 0.23224436
5451.5996 0.23358972
5455.7996 0.24382520
5459.9996 0.25514957
5464.1996 0.27087316
5468.3996 0.28907761
5472.5996 0.31104097
5476.7996 0.34128201
5480.9996 0.37905321
5485.1996 0.42528445
5489.3996 0.47976586
5493.5996 0.56262606
5497.7996 0.66120023
5501.9996 0.78537655
5506.1996 0.91065907
5510.3996 1.0714531
5514.5996 1.1013613
5518.7996 0.94206983
5522.9996 0.78427076
5527.1996 0.71368355
5531.3996 0.67234534
5535.5996 0.58236837
5539.7996 0.49140638
5543.9996 0.44280016
5548.1996 0.40398169
5552.3996 0.36848128
5556.5996 0.34143659
5560.7996 0.32491538
5564.9996 0.30427948
5569.1996 0.28336409
5573.3996 0.26598886
5577.5996 0.24852689
5581.7996 0.23359792
5585.9996 0.22890924
5590.1996 0.22425410
5594.3996 0.21302265
5598.5996 0.21169223
5602.7996 0.20776466
5606.9996 0.20804344
5611.1996 0.21175230
5615.3996 0.21120259
5619.5996 0.20684727
5623.7996 0.20018026
5627.9996 0.21022013
5632.1996 0.21566562
5636.3996 0.22010247
5640.5996 0.24243326
5644.7996 0.24122699
5648.9996 0.22492987
5653.1996 0.22723970
5657.3996 0.23002963
5661.5996 0.22346450
5665.7996 0.20627183
5669.9996 0.18952997
5674.1996 0.18770613
5678.3996 0.18298820
5682.5996 0.17747016
5686.7996 0.17639452
5690.9996 0.17151047
5695.1996 0.16398782
5699.3996 0.16310892
5703.5996 0.16394141
5707.7996 0.16368556
5711.9996 0.15608604
5716.1996 0.15465567
5720.3996 0.15450476
5724.5996 0.15948240
5728.7996 0.16579291
5732.9996 0.15925634
5737.1996 0.15696995
5741.3996 0.15653981
5745.5996 0.15360129
5749.7996 0.15345156
5753.9996 0.15330207
5758.1996 0.16368209
5762.3996 0.15747540
5766.5996 0.15862784
5770.7996 0.15270625
5774.9996 0.15255783
5779.1996 0.15536298
5783.3996 0.16036892
5787.5996 0.15914445
5791.7996 0.15542512
5795.9996 0.15701781
5800.1996 0.15718390
5804.3996 0.15604033
5808.5996 0.15137862
5812.7996 0.15123220
5816.9996 0.15108597
5821.1996 0.15233812
5825.3996 0.15079424
5829.5996 0.15064868
5833.7996 0.15050338
5837.9996 0.15408605
5842.1996 0.15021338
5846.3996 0.15006870
5850.5996 0.14992423
5854.7996 0.15201120
5858.9996 0.14963594
5863.1996 0.14949214
5867.3996 0.14934853
5871.5996 0.14920513
5875.7996 0.15325774
5879.9996 0.14981331
5884.1996 0.15809660
5888.3996 0.14975856
5892.5996 0.14977787
5896.7996 0.14834931
5900.9996 0.14820744
5905.1996 0.15881105
5909.3996 0.16480583
5913.5996 0.15911025
5917.7996 0.17096719
5921.9996 0.15810585
5926.1996 0.17793189
5930.3996 0.16752127
5934.5996 0.15481721
5938.7996 0.17232785
5942.9996 0.16055904
5947.1996 0.15661269
5951.3996 0.15794434
5955.5996 0.15297644
5959.7996 0.15083830
5963.9996 0.14610437
5968.1996 0.14596583
5972.3996 0.14808407
5976.5996 0.15365903
5980.7996 0.14555147
5984.9996 0.14541380
5989.1996 0.14527634
5993.3996 0.14513905
5997.5996 0.15964755
