300.0 0.0
445.0 0.0000000
449.45 0.0000000
453.9 0.0000000
458.35 0.0000000
462.8 0.0000000
467.25 0.0000000
471.7 0.0000000
476.15 0.0000000
480.6 0.0000000
485.05 0.0000000
489.5 0.0000000
493.95 0.0000000
498.4 0.0000000
502.85 0.0000000
507.3 0.0000000
511.75 0.0000000
516.2 0.0000000
520.65 0.0000000
525.1 0.0000000
529.55 0.0000000
534.0 0.0000000
538.45 0.0000000
542.9 0.0000000
547.35 0.0000000
551.8 0.0000000
556.25 0.0000000
560.7 0.0000000
565.15 0.0000000
569.6 0.0000000
574.04995 0.0000000
578.49995 0.0000000
582.94995 0.0000000
587.39995 0.0000000
591.84995 0.0000000
596.29995 0.0000000
600.74995 0.0000000
605.19995 0.0000000
609.64995 0.0000000
614.09995 0.0000000
618.54995 0.0000000
622.99995 0.0000000
627.44995 0.0000000
631.89995 0.0000000
636.34995 0.0000000
640.79995 0.0000000
645.24995 0.0000000
649.69995 0.0000000
654.14995 0.0000000
658.59995 0.0000000
663.04995 0.0000000
667.49995 0.0000000
671.94995 0.0000000
676.39995 0.0000000
680.84995 0.0000000
685.29995 0.0000000
689.74995 0.0000000
694.19995 0.0000000
698.64995 0.0000000
703.09995 0.0000000
707.54995 0.0000000
711.99995 0.0000000
716.44995 0.0000000
720.89995 0.0000000
725.34995 0.0000000
729.79995 0.0000000
734.24995 0.0000000
738.69995 0.0000000
743.14995 0.0000000
747.59995 0.0000000
752.04995 0.0000000
756.49995 0.0000000
760.94995 0.0000000
765.39995 0.0000000
769.84995 0.0000000
774.29995 0.0000000
778.74995 0.0000000
783.19995 0.0000000
787.64995 0.0000000
792.09995 0.0000000
796.54995 0.0000000
800.99995 0.0000000
805.44995 0.0000000
809.89995 0.0000000
814.34995 7.41309293E-07
818.79995 4.40828416E-07
823.25 2.57179465E-07
827.7 1.47090006E-07
832.15 8.24385040E-08
836.6 4.52496103E-08
841.05 2.43018441E-08
845.5 1.27665833E-08
849.95 6.55564003E-09
854.4 3.28727134E-09
858.85 1.60945401E-09
863.3 7.68450747E-10
867.75 2.87110112E-07
872.2 1.69088466E-07
876.65 9.77588073E-08
881.1 5.54793935E-08
885.55 3.08807415E-08
890.0 1.84845987E-08
894.45 1.03584981E-08
898.9 5.42265388E-09
903.35 2.99305825E-09
907.8 1.65125247E-09
912.25 9.04985697E-10
916.7 1.57814371E-04
921.15 1.22969737E-04
925.6 7.90426566E-05
930.05 4.95440727E-05
934.5 3.46450615E-05
938.95 2.48718316E-05
943.4 1.82194362E-05
947.85 1.33832100E-05
952.3 9.32477633E-06
956.75 5.95859410E-06
961.2 4.20661945E-06
965.65 2.60234401E-06
970.1 1.61877972E-06
974.55 1.01109993E-06
979.0 6.50171842E-07
983.45 4.34920935E-07
987.9 2.71232182E-07
992.35 1.77606452E-07
996.8 1.15785937E-07
1001.25 7.02628427E-08
1005.7 3.85555907E-08
1010.15 2.25643735E-08
1014.6 1.15286305E-08
1019.05 6.75706602E-09
1023.5 4.77308815E-09
1027.95 4.00249389E-09
1032.4 3.79689391E-09
1036.85 3.85814758E-09
1041.3 4.20761737E-09
1045.75 4.78846429E-09
1050.2 5.15968379E-09
1054.65 5.62573987E-09
1059.1 6.24741903E-09
1063.55 7.18011384E-09
1068.0 8.48681747E-09
1072.45 1.05561888E-08
1076.9 1.36272504E-08
1081.35 1.92631298E-08
1085.8 1.0517538
1090.25 0.85409242
1094.7 0.79980004
1099.15 0.80262762
1103.6 0.75482541
1108.05 0.60663146
1112.5 0.52579075
1116.95 0.49636501
1121.4 0.47680819
1125.85 0.44752747
1130.3 0.41017073
1134.75 0.38570580
1139.2 0.37819281
1143.6499 0.38057190
1148.0999 0.38812408
1152.5499 0.39214873
1156.9999 0.42328846
1161.4499 0.43143564
1165.8999 0.41432241
1170.3499 0.37885392
1174.7999 0.38261238
1179.2499 0.38042870
1183.6999 0.39085540
1188.1499 0.39890388
1192.5999 0.39533255
1197.0499 0.38236669
1201.4999 0.37851351
1205.9499 0.39179555
1210.3999 0.39061195
1214.8499 0.39839265
1219.2999 0.39448559
1223.7499 0.40497124
1228.1999 0.42945540
1232.6499 0.45494905
1237.0999 0.48985699
1241.5499 0.50042450
1245.9999 0.50907522
1250.4499 0.46433353
1254.8999 0.43484679
1259.3499 0.41313434
1263.7999 0.40431371
1268.2499 0.40368894
1272.6999 0.38657272
1277.1499 0.38278103
1281.5999 0.38158959
1286.0499 0.37983239
1290.4999 0.38773760
1294.9499 0.38508925
1299.3999 0.37793520
1303.8499 0.39034230
1308.2999 0.38464290
1312.7499 0.39169830
1317.1999 0.40213987
1321.6499 0.40916160
1326.0999 0.42022067
1330.5499 0.42070094
1334.9999 0.43515936
1339.4499 0.44593406
1343.8999 0.45793736
1348.3499 0.47643796
1352.7999 0.51322073
1357.2499 0.56225860
1361.6999 0.61857170
1366.1499 0.69002515
1370.5999 0.77879035
1375.0499 0.83229512
1379.4999 0.75719255
1383.9499 0.64379942
1388.3999 0.55758655
1392.8499 0.51291293
1397.2999 0.49086726
1401.7499 0.47859234
1406.1999 0.45690101
1410.6499 0.45619729
1415.0999 0.44335493
1419.5499 0.45295411
1423.9999 0.45502278
1428.4499 0.45426518
1432.8999 0.46005526
1437.3499 0.45511124
1441.7999 0.46278462
1446.2499 0.47000307
1450.6999 0.47155294
1455.1499 0.48248211
1459.5999 0.46460655
1464.0499 0.46218541
1468.4999 0.45690525
1472.9499 0.46511835
1477.3999 0.46794158
1481.8499 0.46199280
1486.2999 0.43929937
1490.7499 0.42578810
1495.1999 0.42046246
1499.6499 0.41336322
1504.0999 0.41469187
1508.5499 0.41422215
1512.9999 0.41407791
1517.4499 0.42125779
1521.8999 0.42058367
1526.3499 0.42798573
1530.7999 0.43062875
1535.2499 0.43049774
1539.6999 0.42619503
1544.1499 0.43223915
1548.5999 0.43482235
1553.0499 0.44726557
1557.4999 0.44073445
1561.9499 0.43428835
1566.3999 0.41580823
1570.8499 0.42269900
1575.2999 0.42528570
1579.7499 0.42028302
1584.1999 0.43517262
1588.6499 0.43999556
1593.0999 0.42909998
1597.5499 0.42245203
1601.9999 0.42367607
1606.4499 0.42434436
1610.8999 0.42481598
1615.3499 0.43089473
1619.7999 0.42402548
1624.2499 0.42334470
1628.6999 0.42942646
1633.1499 0.42960766
1637.5999 0.44092989
1642.05 0.43971157
1646.5 0.46886489
1650.95 0.46797925
1655.4 0.47347519
1659.85 0.46702966
1664.3 0.46877274
1668.75 0.47381389
1673.2 0.49565002
1677.65 0.53413171
1682.1 0.56926721
1686.55 0.59814125
1691.0 0.60976428
1695.45 0.64276683
1699.9 0.61565542
1704.35 0.56376743
1708.8 0.51645339
1713.25 0.48520237
1717.7 0.47092158
1722.15 0.45632759
1726.6 0.44260702
1731.05 0.43220332
1735.5 0.42966795
1739.95 0.41448137
1744.4 0.40892154
1748.85 0.40663740
1753.3 0.41153380
1757.75 0.41422421
1762.2 0.40559736
1766.65 0.40817693
1771.1 0.41125295
1775.55 0.41561067
1780.0 0.40621150
1784.45 0.41154423
1788.9 0.42207018
1793.35 0.40009797
1797.8 0.41157645
1802.25 0.41511375
1806.7 0.41309890
1811.15 0.41751984
1815.6 0.41178626
1820.05 0.40719980
1824.5 0.41939905
1828.95 0.43728274
1833.4 0.42952886
1837.85 0.44124642
1842.3 0.43845466
1846.75 0.44055152
1851.2 0.43898317
1855.65 0.44555017
1860.1 0.44518808
1864.55 0.44498000
1869.0 0.43167126
1873.45 0.42555556
1877.9 0.43197322
1882.35 0.43903032
1886.8 0.42133865
1891.25 0.44259241
1895.7 0.42807573
1900.15 0.43919504
1904.6 0.43606296
1909.05 0.44582736
1913.5 0.42561954
1917.95 0.43277073
1922.4 0.43320745
1926.85 0.44163457
1931.3 0.42059129
1935.75 0.42633778
1940.2 0.43527901
1944.65 0.41672742
1949.1 0.42527661
1953.55 0.41319460
1958.0 0.40243372
1962.45 0.40267569
1966.9 0.40291309
1971.35 0.40621638
1975.8 0.40933889
1980.25 0.41059920
1984.7 0.40550524
1989.15 0.40402901
1993.6 0.40423805
1998.05 0.40444311
2002.5 0.41011506
2006.95 0.40999913
2011.4 0.41660091
2015.85 0.41967469
2020.3 0.42006600
2024.75 0.42367950
2029.2 0.42814073
2033.65 0.43644941
2038.1 0.44680491
2042.55 0.44388875
2047.0 0.45618629
2051.45 0.46199220
2055.9 0.46644250
2060.35 0.46959788
2064.8 0.47350630
2069.25 0.48002535
2073.7 0.48303169
2078.15 0.47706562
2082.6 0.47340727
2087.05 0.46334186
2091.5 0.46270585
2095.95 0.45428252
2100.4 0.46142206
2104.85 0.45624742
2109.3 0.45379657
2113.75 0.45554209
2118.2 0.45320845
2122.65 0.45474926
2127.1 0.45622176
2131.55 0.46192878
2136.0 0.47322783
2140.45 0.46644884
2144.9 0.48370561
2149.35 0.49613491
2153.8 0.51132548
2158.25 0.51029646
2162.7 0.49627566
2167.15 0.49425045
2171.6 0.49628070
2176.05 0.48544994
2180.5 0.47684222
2184.95 0.47456989
2189.4 0.47314477
2193.85 0.48263621
2198.3 0.49289790
2202.75 0.49528921
2207.2 0.49251926
2211.65 0.49420914
2216.1 0.49154708
2220.55 0.49448016
2225.0 0.48989004
2229.45 0.48829350
2233.9 0.48930165
2238.35 0.48748642
2242.8 0.48176792
2247.25 0.47523886
2251.7 0.48011371
2256.15 0.48214477
2260.6 0.48279688
2265.05 0.47856444
2269.5 0.47527984
2273.95 0.47446486
2278.4 0.47253481
2282.8498 0.47113058
2287.2998 0.46751991
2291.7498 0.46163666
2296.1998 0.46439636
2300.6498 0.46485943
2305.0998 0.46013615
2309.5498 0.44850546
2313.9998 0.46045068
2318.4498 0.46291146
2322.8998 0.46051514
2327.3498 0.46091413
2331.7998 0.46529400
2336.2498 0.45710549
2340.6998 0.45767066
2345.1498 0.44913438
2349.5998 0.44249257
2354.0498 0.42557436
2358.4998 0.42398515
2362.9498 0.42364529
2367.3998 0.41986513
2371.8498 0.43165287
2376.2998 0.43832326
2380.7498 0.43964976
2385.1998 0.43059704
2389.6498 0.43537298
2394.0998 0.43765968
2398.5498 0.44393274
2402.9998 0.44438082
2407.4498 0.45506266
2411.8998 0.46868506
2416.3498 0.47320893
2420.7998 0.46754158
2425.2498 0.48227319
2429.6998 0.48911932
2434.1498 0.48906416
2438.5998 0.49200538
2443.0498 0.51235437
2447.4998 0.52537578
2451.9498 0.52310318
2456.3998 0.53350812
2460.8498 0.52180624
2465.2998 0.53531176
2469.7498 0.55411774
2474.1998 0.60079676
2478.6498 0.65549636
2483.0998 0.74036807
2487.5498 0.82704389
2491.9998 0.85416842
2496.4498 0.81142026
2500.8998 0.71927226
2505.3498 0.64043510
2509.7998 0.59159535
2514.2498 0.56764621
2518.6998 0.54883772
2523.1498 0.53435516
2527.5998 0.52302408
2532.0498 0.51215357
2536.4998 0.50893003
2540.9498 0.49902272
2545.3998 0.49047282
2549.8498 0.48062754
2554.2998 0.47521168
2558.7498 0.47411638
2563.1998 0.46088153
2567.6498 0.46210444
2572.0998 0.45094377
2576.5498 0.44832343
2580.9998 0.44814652
2585.4498 0.42996484
2589.8998 0.43672115
2594.3498 0.43674409
2598.7998 0.44346499
2603.2498 0.45595327
2607.6998 0.46055207
2612.1498 0.46245590
2616.5998 0.46241152
2621.0498 0.46595845
2625.4998 0.45993048
2629.9498 0.46139818
2634.3998 0.46784976
2638.8498 0.46127620
2643.2998 0.46317023
2647.7498 0.45518059
2652.1998 0.45825171
2656.6498 0.44752663
2661.0998 0.44031629
2665.5498 0.43273470
2669.9998 0.42912224
2674.4498 0.41913766
2678.8998 0.41520008
2683.3498 0.40413204
2687.7998 0.39661679
2692.2498 0.39529961
2696.6998 0.39933088
2701.1498 0.39440939
2705.5998 0.40313062
2710.0498 0.40553448
2714.4998 0.40710992
2718.9498 0.40735474
2723.3998 0.40799654
2727.8498 0.41638604
2732.2998 0.41237009
2736.7498 0.42081213
2741.1998 0.42064810
2745.6498 0.41928568
2750.0998 0.41501573
2754.5498 0.41953847
2758.9998 0.41687256
2763.4498 0.42605114
2767.8998 0.43715703
2772.3498 0.43863159
2776.7998 0.45649105
2781.2498 0.46050209
2785.6998 0.46062469
2790.1498 0.45462543
2794.5998 0.45450017
2799.0498 0.43805930
2803.4998 0.44807678
2807.9498 0.44397113
2812.3998 0.44343576
2816.8498 0.44928494
2821.2998 0.46143982
2825.7498 0.46219432
2830.1998 0.46828741
2834.6498 0.47151804
2839.0998 0.47548714
2843.5498 0.47112474
2847.9998 0.47371149
2852.4498 0.46696228
2856.8998 0.47253388
2861.3498 0.46699607
2865.7998 0.45341533
2870.2498 0.45388776
2874.6998 0.45975161
2879.1498 0.44791681
2883.5998 0.44750482
2888.0498 0.44811735
2892.4998 0.44812533
2896.9498 0.45551616
2901.3998 0.45378482
2905.8498 0.44636014
2910.2998 0.44575015
2914.7498 0.45499048
2919.1998 0.45439753
2923.6498 0.45155862
2928.0998 0.46009734
2932.5498 0.44734111
2936.9998 0.44205254
2941.4498 0.43637559
2945.8998 0.43241331
2950.3498 0.42940271
2954.7998 0.42078695
2959.2498 0.41935396
2963.6998 0.42453316
2968.1498 0.42854300
2972.5998 0.43429172
2977.0498 0.44808993
2981.4998 0.43308255
2985.9498 0.42728496
2990.3998 0.42487383
2994.8498 0.42308277
2999.2998 0.41838336
3003.7498 0.42853758
3008.1998 0.42720613
3012.6498 0.43046167
3017.0998 0.42667037
3021.5498 0.42821586
3025.9998 0.42868200
3030.4498 0.43872398
3034.8998 0.44153115
3039.3498 0.44923893
3043.7998 0.46405768
3048.2498 0.48318937
3052.6998 0.46062303
3057.1498 0.44332328
3061.5998 0.44607052
3066.0498 0.43942752
3070.4998 0.42359078
3074.9498 0.42853373
3079.3998 0.42996573
3083.8498 0.41821289
3088.2998 0.41557211
3092.7498 0.40652588
3097.1998 0.40095448
3101.6498 0.41190225
3106.0998 0.41092649
3110.5498 0.40529194
3114.9998 0.41341141
3119.4498 0.40322638
3123.8998 0.39691806
3128.3498 0.39692724
3132.7998 0.39041653
3137.2498 0.38411275
3141.6998 0.37686977
3146.1498 0.38177523
3150.5998 0.38100940
3155.0498 0.37015313
3159.4998 0.37356645
3163.9498 0.37974277
3168.3998 0.38242951
3172.8498 0.37535900
3177.2998 0.38238454
3181.7498 0.39206666
3186.1998 0.38486591
3190.6498 0.39339909
3195.0998 0.38227829
3199.5498 0.38333565
3203.9998 0.37781286
3208.4498 0.38283676
3212.8998 0.38524050
3217.3498 0.37781364
3221.7998 0.38843504
3226.2498 0.38204458
3230.6998 0.37880325
3235.1498 0.38227683
3239.5998 0.37414342
3244.0498 0.37838730
3248.4998 0.37551805
3252.9498 0.37815395
3257.3998 0.38078979
3261.8498 0.37582484
3266.2998 0.37273845
3270.7498 0.37182993
3275.1998 0.37025255
3279.65 0.36813954
3284.1 0.36851847
3288.55 0.37380284
3293.0 0.37339291
3297.45 0.37317088
3301.9 0.36615795
3306.35 0.36767301
3310.8 0.38327441
3315.25 0.43218055
3319.7 0.44913778
3324.15 0.37973329
3328.6 0.36642292
3333.05 0.36649650
3337.5 0.36228591
3341.95 0.37544253
3346.4 0.36509225
3350.85 0.35722202
3355.3 0.35983962
3359.75 0.35591274
3364.2 0.35136601
3368.65 0.34782061
3373.1 0.34366402
3377.55 0.32513040
3382.0 0.33054104
3386.45 0.32447886
3390.9 0.33879077
3395.35 0.33811864
3399.8 0.33463570
3404.25 0.33144614
3408.7 0.32913718
3413.15 0.33769557
3417.6 0.33093673
3422.05 0.33661300
3426.5 0.34188065
3430.95 0.34767142
3435.4 0.36164787
3439.85 0.38942161
3444.3 0.40583241
3448.75 0.36489564
3453.2 0.34114048
3457.65 0.35351291
3462.1 0.35649383
3466.55 0.33804256
3471.0 0.33095399
3475.45 0.33158100
3479.9 0.32589707
3484.35 0.32410890
3488.8 0.31822893
3493.25 0.30914855
3497.7 0.29905853
3502.15 0.29710257
3506.6 0.30627498
3511.05 0.31554779
3515.5 0.31659079
3519.95 0.32026675
3524.4 0.32830182
3528.85 0.32871488
3533.3 0.32682854
3537.75 0.31607911
3542.2 0.31754535
3546.65 0.31602639
3551.1 0.30304489
3555.55 0.30704340
3560.0 0.29687777
3564.45 0.29701966
3568.9 0.29200161
3573.35 0.29848778
3577.8 0.30241305
3582.25 0.29703256
3586.7 0.28782597
3591.15 0.28764057
3595.6 0.28642905
3600.05 0.28317600
3604.5 0.29191065
3608.95 0.28589725
3613.4 0.29336590
3617.85 0.29932547
3622.3 0.31770387
3626.75 0.31293997
3631.2 0.31123164
3635.65 0.32512054
3640.1 0.32981074
3644.55 0.34146044
3649.0 0.36325067
3653.45 0.35277063
3657.9 0.33528143
3662.35 0.33374843
3666.8 0.31896329
3671.25 0.31112203
3675.7 0.30801478
3680.15 0.30298787
3684.6 0.29300216
3689.05 0.28184918
3693.5 0.27868700
3697.95 0.28010932
3702.4 0.28798065
3706.85 0.28579006
3711.3 0.28405440
3715.75 0.29043382
3720.2 0.28052610
3724.65 0.27709603
3729.1 0.28231350
3733.55 0.27596375
3738.0 0.27309832
3742.45 0.27277917
3746.9 0.27246058
3751.35 0.27381277
3755.8 0.27618188
3760.25 0.27502474
3764.7 0.27410546
3769.15 0.28953901
3773.6 0.28790519
3778.05 0.29240182
3782.5 0.28729868
3786.95 0.28048390
3791.4 0.27609882
3795.85 0.28858265
3800.3 0.28851268
3804.75 0.28655919
3809.2 0.29991785
3813.65 0.29206669
3818.1 0.30162650
3822.55 0.31816489
3827.0 0.31279004
3831.45 0.31931588
3835.9 0.32529515
3840.35 0.33874124
3844.8 0.36036071
3849.25 0.36448112
3853.7 0.38480839
3858.15 0.41667509
3862.6 0.43228653
3867.05 0.43430090
3871.5 0.40399209
3875.95 0.39693859
3880.4 0.39311925
3884.85 0.37419298
3889.3 0.35740292
3893.75 0.32744512
3898.2 0.32074159
3902.65 0.30809894
3907.1 0.30199751
3911.55 0.30977643
3916.0 0.30144769
3920.45 0.29643673
3924.9 0.29685578
3929.35 0.29003298
3933.8 0.28810081
3938.25 0.28671387
3942.7 0.26912042
3947.15 0.27843902
3951.6 0.27711838
3956.05 0.28429157
3960.5 0.27823621
3964.95 0.27712649
3969.4 0.28971961
3973.85 0.29401994
3978.3 0.30523285
3982.75 0.30092674
3987.2 0.29874730
3991.65 0.28764784
3996.1 0.30359906
4000.55 0.30438814
4005.0 0.30637604
4009.45 0.30429003
4013.9 0.31585819
4018.35 0.32943007
4022.8 0.32717928
4027.25 0.31387660
4031.7 0.30656514
4036.15 0.29924306
4040.6 0.30143255
4045.05 0.32372966
4049.5 0.31504154
4053.95 0.31130475
4058.4 0.32347950
4062.85 0.32087204
4067.3 0.29725379
4071.75 0.31337997
4076.2 0.32594085
4080.65 0.31202447
4085.1 0.30617064
4089.55 0.31110471
4094.0 0.29958436
4098.45 0.29270196
4102.9 0.29374769
4107.35 0.30319902
4111.8 0.31429654
4116.25 0.31420037
4120.7 0.30801252
4125.15 0.31193358
4129.6 0.30272183
4134.05 0.30783695
4138.5 0.29860851
4142.95 0.31434345
4147.4 0.29593614
4151.85 0.30562067
4156.3 0.29296753
4160.75 0.29577971
4165.2 0.29814729
4169.65 0.30804071
4174.1 0.28102255
4178.55 0.28048527
4183.0 0.26376554
4187.45 0.26049361
4191.9 0.25690806
4196.35 0.26324722
4200.8 0.26244330
4205.25 0.26171586
4209.7 0.25707623
4214.15 0.26102820
4218.6 0.26376775
4223.05 0.25828245
4227.5 0.24966913
4231.95 0.25194362
4236.4 0.25301892
4240.85 0.25174803
4245.3 0.25571853
4249.75 0.25901616
4254.2 0.26373661
4258.65 0.26278901
4263.1 0.26076975
4267.55 0.26589426
4272.0 0.27357513
4276.45 0.27380222
4280.9 0.27636728
4285.35 0.28676710
4289.8 0.30372533
4294.25 0.30519956
4298.7 0.32809442
4303.15 0.33118027
4307.6 0.34231648
4312.05 0.36795691
4316.5 0.38317186
4320.95 0.42876875
4325.4 0.46777257
4329.85 0.45306987
4334.3 0.42268696
4338.75 0.39259368
4343.2 0.37144738
4347.65 0.35304511
4352.1 0.32979459
4356.55 0.32396853
4361.0 0.32081544
4365.45 0.30970398
4369.9 0.29248831
4374.35 0.30126888
4378.8 0.29149494
4383.25 0.28707644
4387.7 0.28227931
4392.15 0.27473170
4396.6 0.27178314
4401.05 0.27890053
4405.5 0.27900830
4409.95 0.32928601
4414.4 0.36002201
4418.85 0.30099306
4423.3 0.26736966
4427.75 0.26033759
4432.2 0.25819722
4436.65 0.25189102
4441.1 0.26831791
4445.55 0.29318303
4450.0 0.35635078
4454.45 0.50212514
4458.9 0.50104427
4463.35 0.33698612
4467.8 0.28373513
4472.25 0.26678780
4476.7 0.25950247
4481.15 0.25342315
4485.6 0.24859564
4490.05 0.24879615
4494.5 0.24707375
4498.95 0.24746147
4503.4 0.24716254
4507.85 0.24316454
4512.3 0.24049582
4516.75 0.24052705
4521.2 0.23136260
4525.65 0.22663811
4530.1 0.23663214
4534.55 0.23453908
4539.0 0.23748788
4543.45 0.22794758
4547.9 0.22984201
4552.35 0.22666673
4556.8 0.23461264
4561.2496 0.23052454
4565.6996 0.22461978
4570.1496 0.22980303
4574.5996 0.22840384
4579.0496 0.23539680
4583.4996 0.23665379
4587.9496 0.24617335
4592.3996 0.25153422
4596.8496 0.24802984
4601.2996 0.24089655
4605.7496 0.25153247
4610.1996 0.24116237
4614.6496 0.23521887
4619.0996 0.23572479
4623.5496 0.24906340
4627.9996 0.24444504
4632.4496 0.23160699
4636.8996 0.23468105
4641.3496 0.23687598
4645.7996 0.24089041
4650.2496 0.23701943
4654.6996 0.23930548
4659.1496 0.23840240
4663.5996 0.23975173
4668.0496 0.23103628
4672.4996 0.23498642
4676.9496 0.24265093
4681.3996 0.23102200
4685.8496 0.23758411
4690.2996 0.23857811
4694.7496 0.23686287
4699.1996 0.23723631
4703.6496 0.23898086
4708.0996 0.23745547
4712.5496 0.24662150
4716.9996 0.23546420
4721.4496 0.23054372
4725.8996 0.25213891
4730.3496 0.23539340
4734.7996 0.24637681
4739.2496 0.24018419
4743.6996 0.23306282
4748.1496 0.22979289
4752.5996 0.22721092
4757.0496 0.23404767
4761.4996 0.22184022
4765.9496 0.22382882
4770.3996 0.22613582
4774.8496 0.22371294
4779.2996 0.21323378
4783.7496 0.21716760
4788.1996 0.22242972
4792.6496 0.22198342
4797.0996 0.21525617
4801.5496 0.21607032
4805.9996 0.21427459
4810.4496 0.21014796
4814.8996 0.21436347
4819.3496 0.21874386
4823.7996 0.21729176
4828.2496 0.21200694
4832.6996 0.20894402
4837.1496 0.20584530
4841.5996 0.21300547
4846.0496 0.20539142
4850.4996 0.21929130
4854.9496 0.20671740
4859.3996 0.20767574
4863.8496 0.20448768
4868.2996 0.20426260
4872.7496 0.20403785
4877.1996 0.20381337
4881.6496 0.20849498
4886.0996 0.20941795
4890.5496 0.21424942
4894.9996 0.20903735
4899.4496 0.20967665
4903.8996 0.20247371
4908.3496 0.20225154
4912.7996 0.20802507
4917.2496 0.21419580
4921.6996 0.21059138
4926.1496 0.20546845
4930.5996 0.21357001
4935.0496 0.21700935
4939.4996 0.20613976
4943.9496 0.20849109
4948.3996 0.20026706
4952.8496 0.20004818
4957.2996 0.20408916
4961.7496 0.20074248
4966.1996 0.21947530
4970.6496 0.20954616
4975.0996 0.20385221
4979.5496 0.22762088
4983.9996 0.22462077
4988.4496 0.21450254
4992.8996 0.21060918
4997.3496 0.20109275
5001.7996 0.20084168
5006.2496 0.19744670
5010.6996 0.20393407
5015.1496 0.19701760
5019.5996 0.19800013
5024.0496 0.19658978
5028.4996 0.19821611
5032.9496 0.19616315
5037.3996 0.19727910
5041.8496 0.19658095
5046.2996 0.19552563
5050.7496 0.20236151
5055.1996 0.19939607
5059.6496 0.19489104
5064.0996 0.19468006
5068.5496 0.19446947
5072.9996 0.19425914
5077.4496 0.19404915
5081.8996 0.19383949
5086.3496 0.19363010
5090.7996 0.19764751
5095.2496 0.19321227
5099.6996 0.19356406
5104.1496 0.19279568
5108.5996 0.19369987
5113.0496 0.19244495
5117.4996 0.19217300
5121.9496 0.19407347
5126.3996 0.19681774
5130.8496 0.19779576
5135.2996 0.19599134
5139.7496 0.19569659
5144.1996 0.19517189
5148.6496 0.19251804
5153.0996 0.19414409
5157.5496 0.19291359
5161.9996 0.19258025
5166.4496 0.19690803
5170.8996 0.20557643
5175.3496 0.19553031
5179.7996 0.20235281
5184.2496 0.19848108
5188.6996 0.20465976
5193.1496 0.19990405
5197.5996 0.20643257
5202.0496 0.20317951
5206.4996 0.20414707
5210.9496 0.21012785
5215.3996 0.20507489
5219.8496 0.20903645
5224.2996 0.21597736
5228.7496 0.23258747
5233.1996 0.22731516
5237.6496 0.22297570
5242.0996 0.22423524
5246.5496 0.20451359
5250.9996 0.20112953
5255.4496 0.21054004
5259.8996 0.20685978
5264.3496 0.19970225
5268.7996 0.20082961
5273.2496 0.20197828
5277.6996 0.20228675
5282.1496 0.19876786
5286.5996 0.20273514
5291.0496 0.20694880
5295.4996 0.19425865
5299.9496 0.19637713
5304.3996 0.19506957
5308.8496 0.20137274
5313.2996 0.19001709
5317.7496 0.19209884
5322.1996 0.19162104
5326.6496 0.19097970
5331.0996 0.19239819
5335.5496 0.19206218
5339.9996 0.19163840
5344.4496 0.19342126
5348.8996 0.19034046
5353.3496 0.18880087
5357.7996 0.18553390
5362.2496 0.18542825
5366.6996 0.18245061
5371.1496 0.18604146
5375.5996 0.18649070
5380.0496 0.18868567
5384.4996 0.19026235
5388.9496 0.18305984
5393.3996 0.18704146
5397.8496 0.19270770
5402.2996 0.19050917
5406.7496 0.19245756
5411.1996 0.19601879
5415.6496 0.19285735
5420.0996 0.19433755
5424.5496 0.19054516
5428.9996 0.20017435
5433.4496 0.18410692
5437.8996 0.17803212
5442.3496 0.18077900
5446.7996 0.17841186
5451.2496 0.17942494
5455.6996 0.17972358
5460.1496 0.18330379
5464.5996 0.18674450
5469.0496 0.17831351
5473.4996 0.18337664
5477.9496 0.18838832
5482.3996 0.18149690
5486.8496 0.17851740
5491.2996 0.17581855
5495.7496 0.17563587
5500.1996 0.17642754
5504.6496 0.18689305
5509.0996 0.17811224
5513.5496 0.17921098
5517.9996 0.17472649
5522.4496 0.17521210
5526.8996 0.17510843
5531.3496 0.17800377
5535.7996 0.17625494
5540.2496 0.18032275
5544.6996 0.18097627
5549.1496 0.17691594
5553.5996 0.17574613
5558.0496 0.17552963
5562.4996 0.18064052
5566.9496 0.17956060
5571.3996 0.17581739
5575.8496 0.17458774
5580.2996 0.17328936
5584.7496 0.17249946
5589.1996 0.17397472
5593.6496 0.17554182
5598.0996 0.18138953
5602.5496 0.18393163
5606.9996 0.18746163
5611.4496 0.19347315
5615.8996 0.18578772
5620.3496 0.17673087
5624.7996 0.17735572
5629.2496 0.17557129
5633.6996 0.17287996
5638.1496 0.17562383
5642.5996 0.18089837
5647.0496 0.18285087
5651.4996 0.17720824
5655.9496 0.17863731
5660.3996 0.18135838
5664.8496 0.18468322
5669.2996 0.18753532
5673.7496 0.17834266
5678.1996 0.18015695
5682.6496 0.18354943
5687.0996 0.18414715
5691.5496 0.18028018
5695.9996 0.18000787
5700.4496 0.18272915
5704.8996 0.18261023
5709.3496 0.18066795
5713.7996 0.18515386
5718.2496 0.18330640
5722.6996 0.18594317
5727.1496 0.19044356
5731.5996 0.18783261
5736.0496 0.19335128
5740.4996 0.19030344
5744.9496 0.20327988
5749.3996 0.20483549
5753.8496 0.21025093
5758.2996 0.21622279
5762.7496 0.21539965
5767.1996 0.21985458
5771.6496 0.23224436
5776.0996 0.23358972
5780.5496 0.24382520
5784.9996 0.25514957
5789.4496 0.27087316
5793.8996 0.28907761
5798.3496 0.31104097
5802.7996 0.34128201
5807.2496 0.37905321
5811.6996 0.42528445
5816.1496 0.47976586
5820.5996 0.56262606
5825.0496 0.66120023
5829.4996 0.78537655
5833.9496 0.91065907
5838.3996 1.0714531
5842.8496 1.1013613
5847.2996 0.94206983
5851.7496 0.78427076
5856.1996 0.71368355
5860.6496 0.67234534
5865.0996 0.58236837
5869.5496 0.49140638
5873.9996 0.44280016
5878.4496 0.40398169
5882.8996 0.36848128
5887.3496 0.34143659
5891.7996 0.32491538
5896.2496 0.30427948
5900.6996 0.28336409
5905.1496 0.26598886
5909.5996 0.24852689
5914.0496 0.23359792
5918.4996 0.22890924
5922.9496 0.22425410
5927.3996 0.21302265
5931.8496 0.21169223
5936.2996 0.20776466
5940.7496 0.20804344
5945.1996 0.21175230
5949.6496 0.21120259
5954.0996 0.20684727
5958.5496 0.20018026
5962.9996 0.21022013
5967.4496 0.21566562
5971.8996 0.22010247
5976.3496 0.24243326
5980.7996 0.24122699
5985.2496 0.22492987
5989.6996 0.22723970
5994.1496 0.23002963
5998.5996 0.22346450
