300.0 0.0
390.0 0.0000000
393.9 0.0000000
397.8 0.0000000
401.7 0.0000000
405.6 0.0000000
409.5 0.0000000
413.4 0.0000000
417.3 0.0000000
421.2 0.0000000
425.1 0.0000000
429.0 0.0000000
432.9 0.0000000
436.8 0.0000000
440.7 0.0000000
444.6 0.0000000
448.5 0.0000000
452.4 0.0000000
456.3 0.0000000
460.2 0.0000000
464.1 0.0000000
468.0 0.0000000
471.9 0.0000000
475.8 0.0000000
479.7 0.0000000
483.6 0.0000000
487.5 0.0000000
491.4 0.0000000
495.3 0.0000000
499.2 0.0000000
503.1 0.0000000
507.0 0.0000000
510.9 0.0000000
514.8 0.0000000
518.7 0.0000000
522.6 0.0000000
526.5 0.0000000
530.4 0.0000000
534.3 0.0000000
538.2 0.0000000
542.1 0.0000000
546.0 0.0000000
549.9 0.0000000
553.8 0.0000000
557.7 0.0000000
561.6 0.0000000
565.5 0.0000000
569.4 0.0000000
573.3 0.0000000
577.2 0.0000000
581.1 0.0000000
585.0 0.0000000
588.9 0.0000000
592.8 0.0000000
596.7 0.0000000
600.6 0.0000000
604.5 0.0000000
608.4 0.0000000
612.3 0.0000000
616.2 0.0000000
620.1 0.0000000
624.0 0.0000000
627.9 0.0000000
631.8 0.0000000
635.7 0.0000000
639.6 0.0000000
643.5 0.0000000
647.4 0.0000000
651.3 0.0000000
655.2 0.0000000
659.1 0.0000000
663.0 0.0000000
666.9 0.0000000
670.8 0.0000000
674.7 0.0000000
678.6 0.0000000
682.5 0.0000000
686.4 0.0000000
690.3 0.0000000
694.2 0.0000000
698.1 0.0000000
702.0 0.0000000
705.9 0.0000000
709.8 0.0000000
713.7 1.60834454E-02
717.6 1.33470120E-02
721.5 1.10095339E-02
725.4 9.02728923E-03
729.3 7.35418219E-03
733.2 5.95276710E-03
737.1 4.78645600E-03
741.0 3.82155878E-03
744.9 3.03019746E-03
748.8 2.38523702E-03
752.7 1.86368602E-03
756.6 1.44517771E-03
760.5 1.33619858E-02
764.4 1.12396423E-02
768.3 9.40746907E-03
772.2 7.83322752E-03
776.1 6.48732204E-03
780.0 5.86494571E-03
783.9 5.06414007E-03
787.8 4.12375573E-03
791.7 3.53020150E-03
795.6 3.00428132E-03
799.5 2.55493540E-03
803.4 0.22873794
807.3 0.21279213
811.2 0.16434404
815.1 0.12449515
819.0 0.10588217
822.9 9.30793285E-02
826.8 8.40135589E-02
830.7 7.65750781E-02
834.6 6.66901916E-02
838.5 5.36310747E-02
842.4 4.80109192E-02
846.3 3.79462056E-02
850.2 3.03847082E-02
854.1 2.46302225E-02
858.0 2.07188874E-02
861.9 1.82824731E-02
865.8 1.51733374E-02
869.7 1.33371213E-02
873.6 1.17792133E-02
877.5 9.77192633E-03
881.4 7.39882980E-03
885.3 6.05289172E-03
889.2 4.63946769E-03
893.1 3.91173223E-03
897.0 3.21590295E-03
900.9 2.55465275E-03
904.8 2.07760162E-03
908.7 1.73885433E-03
912.6 1.45706942E-03
916.5 1.25841459E-03
920.4 1.04060606E-03
924.3 8.64339177E-04
928.2 7.25873630E-04
932.1 6.26271183E-04
936.0 5.51370322E-04
939.9 5.06817887E-04
943.8 4.79750976E-04
947.7 4.93123604E-04
951.6 7.6413846
955.5 6.1675234
959.4 5.7406273
963.3 5.7264047
967.2 5.3533115
971.1 4.2769380
975.0 3.6852834
978.9 3.4588137
982.8 3.3034036
986.7 3.0827739
990.6 2.8094072
994.5 2.6269517
998.4 2.5613399
1002.3 2.5631421
1006.2 2.5996003
1010.1 2.6121538
1014.0 2.8042738
1017.9 2.8428116
1021.8 2.7154541
1025.7 2.4697883
1029.6 2.4810925
1033.5 2.4540153
1037.4 2.5081422
1041.3 2.5465624
1045.2 2.5108254
1049.1 2.4160955
1053.0 2.3796511
1056.9 2.4507978
1060.8 2.4312043
1064.7 2.4673302
1068.6 2.4311125
1072.5 2.4835577
1076.4 2.6209197
1080.3 2.7631221
1084.2 2.9608982
1088.1 3.0103939
1092.0 3.0479732
1095.9 2.7670567
1099.8 2.5792665
1103.7 2.4391453
1107.6 2.3760953
1111.5 2.3615932
1115.4 2.2512071
1119.3 2.2190845
1123.2 2.2022755
1127.1 2.1823893
1131.0 2.2179670
1134.9 2.1931517
1138.8 2.1430233
1142.7 2.2037888
1146.6 2.1622679
1150.5 2.1925137
1154.4 2.2413955
1158.3 2.2709053
1162.2 2.3225033
1166.1 2.3154638
1170.0 2.3851209
1173.9 2.4341187
1177.8 2.4894171
1181.7 2.5794618
1185.6 2.7673852
1189.5 3.0196385
1193.4 3.3088193
1197.3 3.6764021
1201.2 4.1329899
1205.1 4.3996406
1209.0 3.9870620
1212.9 3.3768685
1216.8 2.9134197
1220.7 2.6697571
1224.6 2.5453014
1228.5 2.4722860
1232.4 2.3513782
1236.3 2.3389986
1240.2 2.2647250
1244.1 2.3052304
1248.0 2.3072770
1251.9 2.2950428
1255.8 2.3158820
1259.7 2.2827480
1263.6 2.3129287
1267.5 2.3406482
1271.4 2.3400624
1275.3 2.3858778
1279.2 2.2894511
1283.1 2.2696049
1287.0 2.2359214
1290.9 2.2682934
1294.8 2.2742660
1298.7 2.2377262
1302.6 2.1206207
1306.5 2.0484946
1310.4 2.0161183
1314.3 1.9754943
1318.2 1.9753002
1322.1 1.9665829
1326.0 1.9594802
1329.9 1.9869840
1333.8 1.9773984
1337.7 2.0057383
1341.6 2.0116808
1345.5 2.0046799
1349.4 1.9783747
1353.3 2.0001295
1357.2 2.0057967
1361.1 2.0567839
1365.0 2.0204880
1368.9 1.9848177
1372.8 1.8945495
1376.7 1.9200902
1380.6 1.9259961
1384.5 1.8976163
1388.4 1.9589626
1392.3 1.9747796
1396.2 1.9201772
1400.1 1.8848604
1404.0 1.8847854
1407.9 1.8822583
1411.8 1.8788888
1415.7 1.9002763
1419.6 1.8646190
1423.5 1.8563141
1427.4 1.8776362
1431.3 1.8731233
1435.2 1.9170897
1439.1 1.9064485
1443.0 2.0271940
1446.9 2.0177681
1450.8 2.0358453
1454.7 2.0026314
1458.6 2.0046315
1462.5 2.0206962
1466.4 2.1081200
1470.3 2.2656956
1474.2 2.4082878
1478.1 2.5237186
1482.0 2.5659583
1485.9 2.6977203
1489.8 2.5771725
1493.7 2.3538184
1497.6 2.1506875
1501.5 2.0153368
1505.4 1.9510033
1509.3 1.8857124
1513.2 1.8243681
1517.1 1.7769823
1521.0 1.7621121
1524.9 1.6927929
1528.8 1.6632057
1532.7 1.6471409
1536.6 1.6601828
1540.5 1.6642673
1544.4 1.6230388
1548.3 1.6268145
1552.2 1.6325406
1556.1 1.6432968
1560.0 1.5997999
1563.9 1.6144438
1567.8 1.6492749
1571.7 1.5573504
1575.6 1.5958443
1579.5 1.6033785
1583.4 1.5895019
1587.3 1.6004093
1591.2 1.5724660
1595.1 1.5491045
1599.0 1.5895472
1602.9 1.6511614
1606.8 1.6158804
1610.7 1.6538516
1614.6 1.6373664
1618.5 1.6392030
1622.4 1.6274456
1626.3 1.6458349
1630.2 1.6385982
1634.1 1.6319844
1638.0 1.5775521
1641.9 1.5497072
1645.8 1.5675503
1649.7 1.5875871
1653.6 1.5183101
1657.5 1.5893756
1661.4 1.5319513
1665.3 1.5663571
1669.2 1.5498825
1673.1 1.5792115
1677.0 1.5025408
1680.9 1.5226536
1684.8 1.5190961
1688.7 1.5434951
1692.6 1.4650860
1696.5 1.4802119
1700.4 1.5063022
1704.3 1.4374013
1708.2 1.4621290
1712.1 1.4160031
1716.0 1.3746939
1719.9 1.3711225
1723.8 1.3675650
1727.7 1.3744104
1731.6 1.3806100
1735.5 1.3805166
1739.4 1.3591357
1743.3 1.3499813
1747.2 1.3465044
1751.1 1.3430415
1755.0 1.3577080
1758.9 1.3531879
1762.8 1.3708060
1766.7 1.3767525
1770.6 1.3738955
1774.5 1.3815697
1778.4 1.3919629
1782.3 1.4147735
1786.2 1.4440718
1790.1 1.4304368
1794.0 1.4657727
1797.9 1.4801109
1801.8 1.4900454
1805.7 1.4958043
1809.6 1.5039299
1813.5 1.5202855
1817.4 1.5254613
1821.3 1.5023589
1825.2 1.4866424
1829.1 1.4509590
1833.0 1.4449252
1836.9 1.4146832
1840.8 1.4329458
1844.7 1.4129782
1848.6 1.4015408
1852.5 1.4030966
1856.4 1.3921204
1860.3 1.3930796
1864.2 1.3938307
1868.1 1.4074891
1872.0 1.4380734
1875.9 1.4137120
1879.8 1.4621407
1883.7 1.4957678
1887.6 1.5375302
1891.5 1.5304345
1895.4 1.4845239
1899.3 1.4746449
1903.2 1.4768940
1907.1 1.4409630
1911.0 1.4118035
1914.9 1.4015087
1918.8 1.3937677
1922.7 1.4181492
1926.6 1.4446723
1930.5 1.4480597
1934.4 1.4363850
1938.3 1.4377493
1942.2 1.4264826
1946.1 1.4314759
1950.0 1.4147261
1953.9 1.4066870
1957.8 1.4061797
1961.7 1.3975860
1965.6 1.3778770
1969.5 1.3559554
1973.4 1.3666034
1977.3 1.3691331
1981.2 1.3677497
1985.1 1.3525753
1989.0 1.3401480
1992.9 1.3347337
1996.8 1.3262190
2000.7 1.3192232
2004.6 1.3061014
2008.5 1.2867115
2012.4 1.2914487
2016.3 1.2898002
2020.2 1.2738056
2024.1 1.2388103
2028.0 1.2689500
2031.9 1.2728814
2035.8 1.2634733
2039.7 1.2617654
2043.6 1.2709428
2047.5 1.2458313
2051.4 1.2446415
2055.3 1.2187637
2059.2 1.1981324
2063.1 1.1498311
2067.0 1.1430695
2070.9 1.1397036
2074.8 1.1271211
2078.7 1.1562992
2082.6 1.1716787
2086.5 1.1727431
2090.4 1.1461810
2094.3 1.1564674
2098.2 1.1601158
2102.1 1.1742996
2106.0 1.1730533
2109.9 1.1987737
2113.8 1.2321254
2117.7 1.2414752
2121.6 1.2241083
2125.5 1.2601165
2129.4 1.2754223
2133.3 1.2727122
2137.2 1.2777987
2141.1 1.3279901
2145.0 1.3590324
2148.9 1.3504719
2152.8 1.3746156
2156.7 1.3418224
2160.6 1.3738557
2164.5 1.4193470
2168.4 1.5359230
2172.3 1.6725159
2176.2 1.8854259
2180.1 2.1021085
2184.0 2.1668983
2187.9 2.0545287
2191.8 1.8177497
2195.7 1.6154492
2199.6 1.4894432
2203.5 1.4264644
2207.4 1.3766203
2211.3 1.3377970
2215.2 1.3069979
2219.1 1.2774678
2223.0 1.2670883
2226.9 1.2401428
2230.8 1.2166659
2234.7 1.1900716
2238.6 1.1745270
2242.5 1.1697013
2246.4 1.1350011
2250.3 1.1359706
2254.2 1.1065536
2258.1 1.0981647
2262.0 1.0957826
2265.9 1.0494668
2269.8 1.0640802
2273.7 1.0622692
2277.6 1.0767298
2281.5 1.1051227
2285.4 1.1143322
2289.3 1.1170034
2293.2 1.1149724
2297.1 1.1215953
2301.0 1.1051922
2304.9 1.1068288
2308.8 1.1203996
2312.7 1.1027881
2316.6 1.1054498
2320.5 1.0845559
2324.4 1.0900466
2328.3 1.0627598
2332.2 1.0438992
2336.1 1.0242254
2340.0 1.0139997
2343.9 0.98877823
2347.8 0.97788548
2351.7 0.95026350
2355.6 0.93107587
2359.5 0.92647994
2363.4 0.93441772
2367.3 0.92141622
2371.2 0.94027996
2375.1 0.94437605
2379.0 0.94653589
2382.9 0.94560152
2386.8 0.94559425
2390.7 0.96351838
2394.6 0.95272624
2398.5 0.97070998
2402.4 0.96881920
2406.3 0.96418023
2410.2 0.95288432
2414.1 0.96178192
2418.0 0.95420194
2421.9 0.97371697
2425.8 0.99757344
2429.7 0.99941552
2433.6 1.0385301
2437.5 1.0460731
2441.4 1.0447756
2445.3 1.0296208
2449.2 1.0277967
2453.1 0.98914075
2457.0 1.0102574
2460.9 0.99951911
2464.8 0.99684060
2468.7 1.0085045
2472.6 1.0342712
2476.5 1.0344493
2480.4 1.0465614
2484.3 1.0522524
2488.2 1.0595760
2492.1 1.0483418
2496.0 1.0525843
2499.9 1.0361021
2503.8 1.0469693
2507.7 1.0332282
2511.6 1.0017598
2515.5 1.0013874
2519.4 1.0128961
2523.3 0.98543811
2527.2 0.98315620
2531.1 0.98312920
2535.0 0.98178124
2538.9 0.99659163
2542.8 0.99143440
2546.7 0.97387189
2550.6 0.97120768
2554.5 0.98998582
2558.4 0.98734963
2562.3 0.97984940
2566.2 0.99702698
2570.1 0.96807677
2574.0 0.95534688
2577.9 0.94181502
2581.8 0.93201619
2585.7 0.92429525
2589.6 0.90454799
2593.5 0.90027535
2597.4 0.91019368
2601.3 0.91758305
2605.2 0.92867368
2609.1 0.95692915
2613.0 0.92367566
2616.9 0.91012907
2620.8 0.90382266
2624.7 0.89885312
2628.6 0.88772655
2632.5 0.90810806
2636.4 0.90413040
2640.3 0.90986055
2644.2 0.90070409
2648.1 0.90282333
2652.0 0.90266675
2655.9 0.92265123
2659.8 0.92739075
2663.7 0.94240236
2667.6 0.97227776
2671.5 1.0111053
2675.4 0.96269125
2679.3 0.92539281
2683.2 0.92998320
2687.1 0.91501051
2691.0 0.88095611
2694.9 0.89015073
2698.8 0.89204150
2702.7 0.86660874
2706.6 0.86009735
2710.5 0.84036285
2714.4 0.82785118
2718.3 0.84943932
2722.2 0.84641731
2726.1 0.83381891
2730.0 0.84951574
2733.9 0.82760841
2737.8 0.81370252
2741.7 0.81276631
2745.6 0.79849970
2749.5 0.78469032
2753.4 0.76899886
2757.3 0.77810496
2761.2 0.77564651
2765.1 0.75267690
2769.0 0.75874501
2772.9 0.77040690
2776.8 0.77497154
2780.7 0.75977820
2784.6 0.77312034
2788.5 0.79179859
2792.4 0.77637941
2796.3 0.79270005
2800.2 0.76942807
2804.1 0.77069443
2808.0 0.75874346
2811.9 0.76797813
2815.8 0.77194428
2819.7 0.75622600
2823.6 0.77662891
2827.5 0.76301354
2831.4 0.75571060
2835.3 0.76180845
2839.2 0.74478775
2843.1 0.75241822
2847.0 0.74590552
2850.9 0.75033021
2854.8 0.75474757
2858.7 0.74410748
2862.6 0.73720795
2866.5 0.73462707
2870.4 0.73073184
2874.3 0.72579217
2878.2 0.72577083
2882.1 0.73540229
2886.0 0.73382401
2889.9 0.73261899
2893.8 0.71809953
2897.7 0.72032017
2901.6 0.75010449
2905.5 0.84494263
2909.4 0.87718815
2913.3 0.74087387
2917.2 0.71417141
2921.1 0.71358287
2925.0 0.70466489
2928.9 0.72951096
2932.8 0.70867968
2936.7 0.69270098
2940.6 0.69707251
2944.5 0.68877149
2948.4 0.67928982
2952.3 0.67176241
2956.2 0.66307294
2960.1 0.62668914
2964.0 0.63648558
2967.9 0.62419456
2971.8 0.65108275
2975.7 0.64915127
2979.6 0.64183456
2983.5 0.63509452
2987.4 0.63005537
2991.3 0.64580911
2995.2 0.63226908
2999.1 0.64249218
3003.0 0.65191674
3006.9 0.66232079
3010.8 0.68828499
3014.7 0.74043447
3018.6 0.77090120
3022.5 0.69248009
3026.4 0.64678454
3030.3 0.66960806
3034.2 0.67461652
3038.1 0.63909847
3042.0 0.62510937
3045.9 0.62570822
3049.8 0.61440825
3053.7 0.61046833
3057.6 0.59883702
3061.5 0.58121067
3065.4 0.56172246
3069.3 0.55753458
3073.2 0.57421947
3077.1 0.59106296
3081.0 0.59247530
3084.9 0.59880841
3088.8 0.61327475
3092.7 0.61349005
3096.6 0.60941869
3100.5 0.58884418
3104.4 0.59104389
3108.3 0.58768946
3112.2 0.56304538
3116.1 0.56996632
3120.0 0.55060565
3123.9 0.55038053
3127.8 0.54060376
3131.7 0.55212516
3135.6 0.55889380
3139.5 0.54846871
3143.4 0.53100425
3147.3 0.53019905
3151.2 0.52750653
3155.1 0.52106327
3159.0 0.53667051
3162.9 0.52516145
3166.8 0.53841680
3170.7 0.54888332
3174.6 0.58208573
3178.5 0.57286733
3182.4 0.56925464
3186.3 0.59415287
3190.2 0.60221392
3194.1 0.62295860
3198.0 0.66215432
3201.9 0.64250982
3205.8 0.61014444
3209.7 0.60684651
3213.6 0.57947928
3217.5 0.56476367
3221.4 0.55865920
3225.3 0.54908705
3229.2 0.53055203
3233.1 0.50993681
3237.0 0.50380200
3240.9 0.50595862
3244.8 0.51975119
3248.7 0.51537728
3252.6 0.51183140
3256.5 0.52290207
3260.4 0.50465530
3264.3 0.49808273
3268.2 0.50705338
3272.1 0.49525109
3276.0 0.48971683
3279.9 0.48875406
3283.8 0.48779422
3287.7 0.48982584
3291.6 0.49367303
3295.5 0.49121562
3299.4 0.48918831
3303.3 0.51632607
3307.2 0.51300985
3311.1 0.52061504
3315.0 0.51112986
3318.9 0.49861705
3322.8 0.49044076
3326.7 0.51221967
3330.6 0.51169944
3334.5 0.50784379
3338.4 0.53110927
3342.3 0.51680970
3346.2 0.53331733
3350.1 0.56213063
3354.0 0.55221385
3357.9 0.56330746
3361.8 0.57342124
3365.7 0.59667265
3369.6 0.63427591
3373.5 0.64104635
3377.4 0.67629063
3381.3 0.73174798
3385.2 0.75859803
3389.1 0.76156598
3393.0 0.70789254
3396.9 0.69501823
3400.8 0.68782252
3404.7 0.65422583
3408.6 0.62441152
3412.5 0.57165354
3416.4 0.55954111
3420.3 0.53709370
3424.2 0.52607429
3428.1 0.53923333
3432.0 0.52435541
3435.9 0.51526660
3439.8 0.51562333
3443.7 0.50341034
3447.6 0.49969810
3451.5 0.49693686
3455.4 0.46611077
3459.3 0.48190707
3463.2 0.47928083
3467.1 0.49133867
3471.0 0.48053351
3474.9 0.47827947
3478.8 0.49966171
3482.7 0.50672245
3486.6 0.52567893
3490.5 0.51790100
3494.4 0.51379204
3498.3 0.49435923
3502.2 0.52141172
3506.1 0.52240539
3510.0 0.52545440
3513.9 0.52151757
3517.8 0.54097235
3521.7 0.56383055
3525.6 0.55959553
3529.5 0.53647715
3533.4 0.52362406
3537.3 0.51077092
3541.2 0.51415986
3545.1 0.55181968
3549.0 0.53664839
3552.9 0.52992660
3556.8 0.55028224
3560.7 0.54548138
3564.6 0.50499326
3568.5 0.53203499
3572.4 0.55299234
3576.3 0.52903098
3580.2 0.51876277
3584.1 0.52677524
3588.0 0.50693464
3591.9 0.49496359
3595.8 0.49640661
3599.7 0.51204365
3603.6 0.53043908
3607.5 0.52993190
3611.4 0.51915842
3615.3 0.52542698
3619.2 0.50958121
3623.1 0.51785773
3627.0 0.50201029
3630.9 0.52812427
3634.8 0.49688029
3638.7 0.51281309
3642.6 0.49126872
3646.5 0.49566919
3650.4 0.49932000
3654.3 0.51556259
3658.2 0.47004578
3662.1 0.46885169
3666.0 0.44062641
3669.9 0.43488774
3673.8 0.42863354
3677.7 0.43893597
3681.6 0.43732306
3685.5 0.43584004
3689.4 0.42784825
3693.3 0.43415684
3697.2 0.43844277
3701.1 0.42906064
3705.0 0.41449738
3708.9 0.41801715
3712.8 0.41954461
3716.7 0.41718262
3720.6 0.42350435
3724.5 0.42870525
3728.4 0.43625367
3732.3 0.43442336
3736.2 0.43082535
3740.1 0.43902734
3744.0 0.45143822
3747.9 0.45154226
3751.8 0.45550004
3755.7 0.47235867
3759.6 0.49999437
3763.5 0.50212282
3767.4 0.53947031
3771.3 0.54422224
3775.2 0.56219029
3779.1 0.60394430
3783.0 0.62854803
3786.9 0.70293224
3790.8 0.76642746
3794.7 0.74190468
3798.6 0.69174945
3802.5 0.64212710
3806.4 0.60718805
3810.3 0.57677305
3814.2 0.53847754
3818.1 0.52866048
3822.0 0.52321446
3825.9 0.50480336
3829.8 0.47646996
3833.7 0.49049360
3837.6 0.47431052
3841.5 0.46685550
3845.4 0.45879397
3849.3 0.44627401
3853.2 0.44123524
3857.1 0.45253512
3861.0 0.45245549
3864.9 0.53368926
3868.8 0.58317792
3872.7 0.48728833
3876.6 0.43261299
3880.5 0.42100072
3884.4 0.41730773
3888.3 0.40689012
3892.2 0.43318573
3896.1 0.47306836
3900.0 0.57467693
3903.9 0.80931878
3907.8 0.80713427
3911.7 0.54255575
3915.6 0.45657125
3919.5 0.42906693
3923.4 0.41712347
3927.3 0.40713090
3931.2 0.39915943
3935.1 0.39926589
3939.0 0.39628837
3942.9 0.39669695
3946.8 0.39600536
3950.7 0.38939133
3954.6 0.38491216
3958.5 0.38475710
3962.4 0.36990049
3966.3 0.36215487
3970.2 0.37792462
3974.1 0.37438390
3978.0 0.37889117
3981.9 0.36347920
3985.8 0.36630762
3989.7 0.36105785
3993.6 0.37351960
3997.5 0.36681959
4001.4 0.35723764
4005.3 0.36529139
4009.2 0.36287907
4013.1 0.37379578
4017.0 0.37559780
4020.9 0.39050525
4024.8 0.39880416
4028.7 0.39304623
4032.6 0.38154688
4036.5 0.39818931
4040.4 0.38157827
4044.3 0.37198487
4048.2 0.37259573
4052.1 0.39347982
4056.0 0.38598832
4059.9 0.36553204
4063.8 0.37019715
4067.7 0.37347183
4071.6 0.37961078
4075.5 0.37332374
4079.4 0.37673622
4083.3 0.37512752
4087.2 0.37706316
4091.1 0.36317578
4095.0 0.36920226
4098.9 0.38105604
4102.8 0.36261520
4106.7 0.37273169
4110.6 0.37410718
4114.5 0.37123549
4118.4 0.37163886
4122.3 0.37418905
4126.2 0.37161946
4130.1 0.38577670
4134.0 0.36814526
4137.9 0.36027756
4141.8 0.39383462
4145.7 0.36750120
4149.6 0.38446361
4153.5 0.37462017
4157.4 0.36333856
4161.3 0.35806942
4165.2 0.35387716
4169.1 0.36435154
4173.0 0.34518349
4176.9 0.34811246
4180.8 0.35153386
4184.7 0.34760302
4188.6 0.33116433
4192.5 0.33711499
4196.4 0.34512129
4200.3 0.34426728
4204.2 0.33367801
4208.1 0.33478358
4212.0 0.33184651
4215.9 0.32530421
4219.8 0.33167565
4223.7 0.33829644
4227.6 0.33589530
4231.5 0.32757464
4235.4 0.32269338
4239.3 0.31776157
4243.2 0.32866380
4247.1 0.31677037
4251.0 0.33805323
4254.9 0.31852436
4258.8 0.31985536
4262.7 0.31480217
4266.6 0.31431308
4270.5 0.31382516
4274.4 0.31333837
4278.3 0.32039124
4282.2 0.32166481
4286.1 0.32893819
4290.0 0.32079229
4293.9 0.32162943
4297.8 0.31044200
4301.7 0.30996323
4305.6 0.31866977
4309.5 0.32797700
4313.4 0.32231510
4317.3 0.31433532
4321.2 0.32658538
4325.1 0.33169860
4329.0 0.31494597
4332.9 0.31839868
4336.8 0.30570540
4340.7 0.30523786
4344.6 0.31126791
4348.5 0.30603042
4352.4 0.33444312
4356.3 0.31917438
4360.2 0.31036717
4364.1 0.34640554
4368.0 0.34169248
4371.9 0.32616025
4375.8 0.32010272
4379.7 0.30550784
4383.6 0.30499586
4387.5 0.29971227
4391.4 0.30942780
4395.3 0.29880634
4399.2 0.30016902
4403.1 0.29790461
4407.0 0.30024207
4410.9 0.29700702
4414.8 0.29857078
4418.7 0.29738912
4422.6 0.29566845
4426.5 0.30587733
4430.4 0.30126894
4434.3 0.29433933
4438.2 0.29389822
4442.1 0.29345825
4446.0 0.29301926
4449.9 0.29258126
4453.8 0.29214430
4457.7 0.29170832
4461.6 0.29763806
4465.5 0.29083934
4469.4 0.29124936
4473.3 0.28997439
4477.2 0.29121527
4481.1 0.28921053
4485.0 0.28868425
4488.9 0.29142064
4492.8 0.29542151
4496.7 0.29676932
4500.6 0.29394314
4504.5 0.29338264
4508.4 0.29247817
4512.3 0.28838524
4516.2 0.29070434
4520.1 0.28874615
4524.0 0.28813201
4527.9 0.29448956
4531.8 0.30733132
4535.7 0.29219642
4539.6 0.30227181
4543.5 0.29637086
4547.4 0.30547604
4551.3 0.29825991
4555.2 0.30787927
4559.1 0.30290842
4563.0 0.30423149
4566.9 0.31302169
4570.8 0.30537501
4574.7 0.31115270
4578.6 0.32135898
4582.5 0.34593910
4586.4 0.33796614
4590.3 0.33138594
4594.2 0.33312893
4598.1 0.30371279
4602.0 0.29857215
4605.9 0.31242165
4609.8 0.30684265
4613.7 0.29611215
4617.6 0.29766980
4621.5 0.29925808
4625.4 0.29960090
4629.3 0.29427719
4633.2 0.30003679
4637.1 0.30615672
4641.0 0.28727433
4644.9 0.29029751
4648.8 0.28825590
4652.7 0.29745814
4656.6 0.28057870
4660.5 0.28354621
4664.4 0.28273514
4668.3 0.28168356
4672.2 0.28366992
4676.1 0.28306904
4680.0 0.28233951
4683.9 0.28486049
4687.8 0.28021944
4691.7 0.27785012
4695.6 0.27294153
4699.5 0.27268562
4703.4 0.26820818
4707.3 0.27338645
4711.2 0.27394620
4715.1 0.27706915
4719.0 0.27928236
4722.9 0.26861203
4726.8 0.27435464
4730.7 0.28256330
4734.6 0.27923837
4738.5 0.28199220
4742.4 0.28710639
4746.3 0.28237405
4750.2 0.28443885
4754.1 0.27878803
4758.0 0.29277155
4761.9 0.26917517
4765.8 0.26020044
4769.7 0.26412085
4773.6 0.26056957
4777.5 0.26195604
4781.4 0.26229891
4785.3 0.26742932
4789.2 0.27235276
4793.1 0.25996497
4797.0 0.26725233
4800.9 0.27445975
4804.8 0.26432693
4808.7 0.25989649
4812.6 0.25587779
4816.5 0.25552264
4820.4 0.25658488
4824.3 0.27171060
4828.2 0.25885484
4832.1 0.26036131
4836.0 0.25375822
4839.9 0.25437555
4843.8 0.25413728
4847.7 0.25825036
4851.6 0.25562513
4855.5 0.26143497
4859.4 0.26229253
4863.3 0.25632006
4867.2 0.25453827
4871.1 0.25413796
4875.0 0.26144871
4878.9 0.25979739
4882.8 0.25429520
4886.7 0.25243121
4890.6 0.25046921
4894.5 0.24924338
4898.4 0.25129026
4902.3 0.25346851
4906.2 0.26182425
4910.1 0.26540458
4914.0 0.27040771
4917.9 0.27898592
4921.8 0.26781431
4925.7 0.25467399
4929.6 0.25548947
4933.5 0.25283498
4937.4 0.24887681
4941.3 0.25274330
4945.2 0.26024804
4949.1 0.26297033
4953.0 0.25477141
4956.9 0.25674167
4960.8 0.26056698
4964.7 0.26525712
4968.6 0.26926547
4972.5 0.25598305
4976.4 0.25850296
4980.3 0.26328513
4984.2 0.26405677
4988.1 0.25842801
4992.0 0.25795418
4995.9 0.26176926
4999.8 0.26151454
5003.7 0.25864977
5007.6 0.26498678
5011.5 0.26225859
5015.4 0.26594585
5019.3 0.27229548
5023.2 0.26847664
5027.1 0.27627668
5031.0 0.27183515
5034.9 0.29027888
5038.8 0.29240751
5042.7 0.30004317
5046.6 0.30846795
5050.5 0.30719671
5054.4 0.31345147
5058.3 0.33101171
5062.2 0.33282471
5066.1 0.34729964
5070.0 0.36331609
5073.9 0.38558498
5077.8 0.41137058
5081.7 0.44248763
5085.6 0.48535767
5089.5 0.53890711
5093.4 0.60444760
5097.3 0.68166995
5101.2 0.79915416
5105.1 0.93887955
5109.0 1.1148620
5112.9 1.2923065
5116.8 1.5200211
5120.7 1.5619720
5124.6 1.3356535
5128.5 1.1115887
5132.4 1.0112334
5136.3 0.95237070
5140.2 0.82466859
5144.1 0.69564992
5148.0 0.62665164
5151.9 0.57154292
5155.8 0.52116048
5159.7 0.48276448
5163.6 0.45926660
5167.5 0.42996868
5171.4 0.40029362
5175.3 0.37563616
5179.2 0.35087100
5183.1 0.32969585
5187.0 0.32298210
5190.9 0.31631976
5194.8 0.30038813
5198.7 0.29842356
5202.6 0.29280016
5206.5 0.29310644
5210.4 0.29824373
5214.3 0.29738188
5218.2 0.29116374
5222.1 0.28169638
5226.0 0.29573789
5229.9 0.30330983
5233.8 0.30945936
5237.7 0.34075657
5241.6 0.33896229
5245.5 0.31597030
5249.4 0.31912237
5253.3 0.32294676
5257.2 0.31363896
5261.1 0.28942493
5265.0 0.26585728
5268.9 0.26322311
5272.8 0.25653332
5276.7 0.24872606
5280.6 0.24714769
5284.5 0.24023588
5288.4 0.22963315
5292.3 0.22833729
5296.2 0.22943734
5300.1 0.22901413
5304.0 0.21831958
5307.9 0.21625757
5311.8 0.21598540
5315.7 0.22288075
5319.6 0.23163448
5323.5 0.22243936
5327.4 0.21918422
5331.3 0.21852221
5335.2 0.21436004
5339.1 0.21409115
5343.0 0.21382280
5346.9 0.22823694
5350.8 0.21952121
5354.7 0.22106624
5358.6 0.21275470
5362.5 0.21248898
5366.4 0.21633618
5370.3 0.22324501
5374.2 0.22147930
5378.1 0.21624357
5382.0 0.21839936
5385.9 0.21857029
5389.8 0.21692061
5393.7 0.21038248
5397.6 0.21012148
5401.5 0.20986104
5405.4 0.21154259
5409.3 0.20934172
5413.2 0.20908284
5417.1 0.20882449
5421.0 0.21373753
5424.9 0.20830928
5428.8 0.20805243
5432.7 0.20779611
5436.6 0.21063191
5440.5 0.20728494
5444.4 0.20703015
5448.3 0.20677584
5452.2 0.20652203
5456.1 0.21207479
5460.0 0.20725313
5463.9 0.21865404
5467.8 0.20706713
5471.7 0.20703885
5475.6 0.20500977
5479.5 0.20475946
5483.4 0.21935114
5487.3 0.22757113
5491.2 0.21964851
5495.1 0.23595472
5499.0 0.21814723
5502.9 0.24543786
5506.8 0.23101701
5510.7 0.21344189
5514.6 0.23752123
5518.5 0.22124249
5522.4 0.21574847
5526.3 0.21752635
5530.2 0.21062969
5534.1 0.20763193
5538.0 0.20106356
5541.9 0.20082100
5545.8 0.20368274
5549.7 0.21129638
5553.6 0.20009623
5557.5 0.19985564
5561.4 0.19961546
5565.3 0.19937578
5569.2 0.21924989
5573.1 0.20363764
5577.0 0.19865949
5580.9 0.19842172
5584.8 0.20174687
5588.7 0.20036159
5592.6 0.19771099
5596.5 0.19747508
5600.4 0.20305616
5604.3 0.20933142
5608.2 0.22090246
5612.1 0.19653578
5616.0 0.21741226
5619.9 0.19663547
5623.8 0.20587336
5627.7 0.19560383
5631.6 0.20881924
5635.5 0.20330654
5639.4 0.20286955
5643.3 0.20687421
5647.2 0.21649498
5651.1 0.20622726
5655.0 0.19399039
5658.9 0.20703645
5662.8 0.22917764
5666.7 0.19330560
5670.6 0.19307823
5674.5 0.19340561
5678.4 0.19262478
5682.3 0.19239876
5686.2 0.19217312
5690.1 0.21096273
5694.0 0.20547584
5697.9 0.19149892
5701.8 0.19127508
5705.7 0.20150748
5709.6 0.21561113
5713.5 0.19060607
5717.4 0.19217856
5721.3 0.23487081
5725.2 0.20195535
5729.1 0.20018584
5733.0 0.18949969
5736.9 0.21530314
5740.8 0.23007773
5744.7 0.21975352
5748.6 0.24167837
5752.5 0.23657104
5756.4 0.24928522
5760.3 0.21664293
5764.2 0.22476186
5768.1 0.27677226
5772.0 0.24820323
5775.9 0.23815919
5779.8 0.21553707
5783.7 0.20825574
5787.6 0.25738987
5791.5 0.24547784
5795.4 0.23744865
5799.3 0.22113442
5803.2 0.19783440
5807.1 0.22354327
5811.0 0.18517981
5814.9 0.18496816
5818.8 0.18475689
5822.7 0.18454611
5826.6 0.18433571
5830.5 0.18412566
5834.4 0.18391611
5838.3 0.18370683
5842.2 0.18349805
5846.1 0.18328963
5850.0 0.18308166
5853.9 0.18287405
5857.8 0.18266685
5861.7 0.18246004
5865.6 0.18225367
5869.5 0.18204767
5873.4 0.18184204
5877.3 0.18163686
5881.2 0.18143201
5885.1 0.18122759
5889.0 0.18102357
5892.9 0.18081991
5896.8 0.18061671
5900.7 0.18041384
5904.6 0.18021134
5908.5 0.18000926
5912.4 0.17980756
5916.3 0.17960630
5920.2 0.17940533
5924.1 0.17920481
5928.0 0.17900471
5931.9 0.17880493
5935.8 0.17860554
5939.7 0.17840655
5943.6 0.17820793
5947.5 0.17800969
5951.4 0.17781186
5955.3 0.17761442
5959.2 0.17741734
5963.1 0.17722058
5967.0 0.17702425
5970.9 0.17682829
5974.8 0.17663269
5978.7 0.17643748
5982.6 0.17624265
5986.5 0.17604820
5990.4 0.17585410
5994.3 0.17566040
5998.2 0.17546707
