300.0 0.0
365.0 0.0000000
368.65 0.0000000
372.3 0.0000000
375.95 0.0000000
379.6 0.0000000
383.25 0.0000000
386.9 0.0000000
390.55 0.0000000
394.2 0.0000000
397.85 0.0000000
401.5 0.0000000
405.15 0.0000000
408.8 0.0000000
412.45 0.0000000
416.1 0.0000000
419.75 0.0000000
423.4 0.0000000
427.05 0.0000000
430.7 0.0000000
434.35 0.0000000
438.0 0.0000000
441.65 0.0000000
445.3 0.0000000
448.95 0.0000000
452.6 0.0000000
456.25 0.0000000
459.9 0.0000000
463.55 0.0000000
467.2 0.0000000
470.85 0.0000000
474.5 0.0000000
478.15 0.0000000
481.8 0.0000000
485.45 0.0000000
489.1 0.0000000
492.75 0.0000000
496.4 0.0000000
500.05 0.0000000
503.7 0.0000000
507.35 0.0000000
511.0 0.0000000
514.65 0.0000000
518.3 0.0000000
521.95 0.0000000
525.6 0.0000000
529.25 0.0000000
532.9 0.0000000
536.55 0.0000000
540.2 0.0000000
543.85 0.0000000
547.5 0.0000000
551.15 0.0000000
554.8 0.0000000
558.45 0.0000000
562.1 0.0000000
565.75 0.0000000
569.4 0.0000000
573.05 0.0000000
576.7 0.0000000
580.35 0.0000000
584.0 0.0000000
587.65 0.0000000
591.3 0.0000000
594.95 0.0000000
598.6 0.0000000
602.25 0.0000000
605.9 0.0000000
609.55 0.0000000
613.2 0.0000000
616.85 0.0000000
620.5 0.0000000
624.15 0.0000000
627.8 0.0000000
631.45 0.0000000
635.1 0.0000000
638.75 0.0000000
642.4 0.0000000
646.05 0.0000000
649.7 0.0000000
653.35 0.0000000
657.0 0.0000000
660.65 0.0000000
664.3 0.0000000
667.95 8.13487452E-03
671.6 7.30565656E-03
675.25 6.50887424E-03
678.9 5.78739448E-03
682.55 5.12908073E-03
686.2 4.52716509E-03
689.85 3.97868035E-03
693.5 3.48170451E-03
697.15 3.03314230E-03
700.8 2.62993295E-03
704.45 2.26963614E-03
708.1 1.94899389E-03
711.75 7.55956257E-03
715.4 6.81811338E-03
719.05 6.12899614E-03
722.7 5.49170515E-03
726.35 4.90399962E-03
730.0 4.78588836E-03
733.65 4.44720406E-03
737.3 3.92743200E-03
740.95 3.72347375E-03
744.6 3.59252980E-03
748.25 3.50922486E-03
751.9 5.62394224E-02
755.55 5.63246310E-02
759.2 4.69546691E-02
762.85 3.85064259E-02
766.5 3.55545096E-02
770.15 3.40350792E-02
773.8 3.35584171E-02
777.45 3.35081629E-02
781.1 3.21455896E-02
784.75 2.86595915E-02
788.4 2.83279084E-02
792.05 2.43638419E-02
795.7 2.09257193E-02
799.35 1.80983376E-02
803.0 1.63030922E-02
806.65 1.54814981E-02
810.3 1.38556240E-02
813.95 1.31552601E-02
817.6 1.25743728E-02
821.25 1.13166086E-02
824.9 9.31345858E-03
828.55 8.29887949E-03
832.2 6.94611063E-03
835.85 6.40889537E-03
839.5 5.77796716E-03
843.15 5.04686451E-03
846.8 4.52405028E-03
850.45 4.18328959E-03
854.1 3.88316321E-03
857.75 3.72495642E-03
861.4 3.42996162E-03
865.05 3.18151456E-03
868.7 2.99281115E-03
872.35 2.90042232E-03
876.0 2.87674740E-03
879.65 2.98824348E-03
883.3 3.20608844E-03
886.95 3.74732516E-03
890.6 1.0517538
894.25 0.85409242
897.9 0.79980004
901.55 0.80262762
905.2 0.75482541
908.85 0.60663146
912.5 0.52579075
916.15 0.49636501
919.8 0.47680819
923.45 0.44752747
927.1 0.41017073
930.75 0.38570580
934.4 0.37819281
938.05 0.38057190
941.7 0.38812408
945.35 0.39214873
949.0 0.42328846
952.65 0.43143564
956.3 0.41432241
959.95 0.37885392
963.6 0.38261238
967.25 0.38042870
970.9 0.39085540
974.55 0.39890388
978.2 0.39533255
981.85 0.38236669
985.5 0.37851351
989.15 0.39179555
992.8 0.39061195
996.45 0.39839265
1000.1 0.39448559
1003.75 0.40497124
1007.4 0.42945540
1011.05 0.45494905
1014.7 0.48985699
1018.35 0.50042450
1022.0 0.50907522
1025.65 0.46433353
1029.3 0.43484679
1032.95 0.41313434
1036.6 0.40431371
1040.25 0.40368894
1043.9 0.38657272
1047.55 0.38278103
1051.2 0.38158959
1054.85 0.37983239
1058.5 0.38773760
1062.15 0.38508925
1065.8 0.37793520
1069.45 0.39034230
1073.1 0.38464290
1076.75 0.39169830
1080.4 0.40213987
1084.05 0.40916160
1087.7 0.42022067
1091.35 0.42070094
1095.0 0.43515936
1098.65 0.44593406
1102.3 0.45793736
1105.95 0.47643796
1109.6 0.51322073
1113.25 0.56225860
1116.9 0.61857170
1120.55 0.69002515
1124.2 0.77879035
1127.85 0.83229512
1131.5 0.75719255
1135.15 0.64379942
1138.8 0.55758655
1142.45 0.51291293
1146.1 0.49086726
1149.75 0.47859234
1153.4 0.45690101
1157.05 0.45619729
1160.7 0.44335493
1164.35 0.45295411
1168.0 0.45502278
1171.65 0.45426518
1175.3 0.46005526
1178.95 0.45511124
1182.6 0.46278462
1186.25 0.47000307
1189.9 0.47155294
1193.55 0.48248211
1197.2 0.46460655
1200.85 0.46218541
1204.5 0.45690525
1208.15 0.46511835
1211.8 0.46794158
1215.45 0.46199280
1219.1 0.43929937
1222.75 0.42578810
1226.4 0.42046246
1230.05 0.41336322
1233.7 0.41469187
1237.35 0.41422215
1241.0 0.41407791
1244.65 0.42125779
1248.3 0.42058367
1251.95 0.42798573
1255.6 0.43062875
1259.25 0.43049774
1262.9 0.42619503
1266.55 0.43223915
1270.2 0.43482235
1273.85 0.44726557
1277.5 0.44073445
1281.15 0.43428835
1284.8 0.41580823
1288.45 0.42269900
1292.1 0.42528570
1295.75 0.42028302
1299.4 0.43517262
1303.05 0.43999556
1306.7 0.42909998
1310.35 0.42245203
1314.0 0.42367607
1317.65 0.42434436
1321.3 0.42481598
1324.95 0.43089473
1328.6 0.42402548
1332.25 0.42334470
1335.9 0.42942646
1339.55 0.42960766
1343.2 0.44092989
1346.85 0.43971157
1350.5 0.46886489
1354.15 0.46797925
1357.8 0.47347519
1361.45 0.46702966
1365.1 0.46877274
1368.75 0.47381389
1372.4 0.49565002
1376.05 0.53413171
1379.7 0.56926721
1383.35 0.59814125
1387.0 0.60976428
1390.65 0.64276683
1394.3 0.61565542
1397.95 0.56376743
1401.6 0.51645339
1405.25 0.48520237
1408.9 0.47092158
1412.55 0.45632759
1416.2 0.44260702
1419.85 0.43220332
1423.5 0.42966795
1427.15 0.41448137
1430.8 0.40892154
1434.45 0.40663740
1438.1 0.41153380
1441.75 0.41422421
1445.4 0.40559736
1449.05 0.40817693
1452.7 0.41125295
1456.35 0.41561067
1460.0 0.40621150
1463.65 0.41154423
1467.3 0.42207018
1470.95 0.40009797
1474.6 0.41157645
1478.25 0.41511375
1481.9 0.41309890
1485.55 0.41751984
1489.2 0.41178626
1492.85 0.40719980
1496.5 0.41939905
1500.15 0.43728274
1503.8 0.42952886
1507.45 0.44124642
1511.1 0.43845466
1514.75 0.44055152
1518.4 0.43898317
1522.05 0.44555017
1525.7 0.44518808
1529.35 0.44498000
1533.0 0.43167126
1536.65 0.42555556
1540.3 0.43197322
1543.95 0.43903032
1547.6 0.42133865
1551.25 0.44259241
1554.9 0.42807573
1558.55 0.43919504
1562.2 0.43606296
1565.85 0.44582736
1569.5 0.42561954
1573.15 0.43277073
1576.8 0.43320745
1580.45 0.44163457
1584.1 0.42059129
1587.75 0.42633778
1591.4 0.43527901
1595.05 0.41672742
1598.7 0.42527661
1602.35 0.41319460
1606.0 0.40243372
1609.65 0.40267569
1613.3 0.40291309
1616.95 0.40621638
1620.6 0.40933889
1624.25 0.41059920
1627.9 0.40550524
1631.55 0.40402901
1635.2 0.40423805
1638.85 0.40444311
1642.5 0.41011506
1646.15 0.40999913
1649.8 0.41660091
1653.45 0.41967469
1657.1 0.42006600
1660.75 0.42367950
1664.4 0.42814073
1668.05 0.43644941
1671.7 0.44680491
1675.35 0.44388875
1679.0 0.45618629
1682.65 0.46199220
1686.3 0.46644250
1689.95 0.46959788
1693.6 0.47350630
1697.25 0.48002535
1700.9 0.48303169
1704.55 0.47706562
1708.2 0.47340727
1711.85 0.46334186
1715.5 0.46270585
1719.15 0.45428252
1722.8 0.46142206
1726.45 0.45624742
1730.1 0.45379657
1733.75 0.45554209
1737.4 0.45320845
1741.05 0.45474926
1744.7 0.45622176
1748.35 0.46192878
1752.0 0.47322783
1755.65 0.46644884
1759.3 0.48370561
1762.95 0.49613491
1766.6 0.51132548
1770.25 0.51029646
1773.9 0.49627566
1777.55 0.49425045
1781.2 0.49628070
1784.85 0.48544994
1788.5 0.47684222
1792.15 0.47456989
1795.8 0.47314477
1799.45 0.48263621
1803.1 0.49289790
1806.75 0.49528921
1810.4 0.49251926
1814.05 0.49420914
1817.7 0.49154708
1821.35 0.49448016
1825.0 0.48989004
1828.65 0.48829350
1832.3 0.48930165
1835.95 0.48748642
1839.6 0.48176792
1843.25 0.47523886
1846.9 0.48011371
1850.55 0.48214477
1854.2 0.48279688
1857.85 0.47856444
1861.5 0.47527984
1865.15 0.47446486
1868.8 0.47253481
1872.45 0.47113058
1876.1 0.46751991
1879.75 0.46163666
1883.4 0.46439636
1887.05 0.46485943
1890.7 0.46013615
1894.35 0.44850546
1898.0 0.46045068
1901.65 0.46291146
1905.3 0.46051514
1908.95 0.46091413
1912.6 0.46529400
1916.25 0.45710549
1919.9 0.45767066
1923.55 0.44913438
1927.2 0.44249257
1930.85 0.42557436
1934.5 0.42398515
1938.15 0.42364529
1941.8 0.41986513
1945.45 0.43165287
1949.1 0.43832326
1952.75 0.43964976
1956.4 0.43059704
1960.05 0.43537298
1963.7 0.43765968
1967.35 0.44393274
1971.0 0.44438082
1974.65 0.45506266
1978.3 0.46868506
1981.95 0.47320893
1985.6 0.46754158
1989.25 0.48227319
1992.9 0.48911932
1996.55 0.48906416
2000.2 0.49200538
2003.85 0.51235437
2007.5 0.52537578
2011.15 0.52310318
2014.8 0.53350812
2018.45 0.52180624
2022.1 0.53531176
2025.75 0.55411774
2029.4 0.60079676
2033.05 0.65549636
2036.7 0.74036807
2040.35 0.82704389
2044.0 0.85416842
2047.65 0.81142026
2051.3 0.71927226
2054.95 0.64043510
2058.6 0.59159535
2062.25 0.56764621
2065.9 0.54883772
2069.55 0.53435516
2073.2 0.52302408
2076.85 0.51215357
2080.5 0.50893003
2084.15 0.49902272
2087.8 0.49047282
2091.45 0.48062754
2095.1 0.47521168
2098.75 0.47411638
2102.4 0.46088153
2106.05 0.46210444
2109.7 0.45094377
2113.35 0.44832343
2117.0 0.44814652
2120.65 0.42996484
2124.3 0.43672115
2127.95 0.43674409
2131.6 0.44346499
2135.25 0.45595327
2138.9 0.46055207
2142.55 0.46245590
2146.2 0.46241152
2149.85 0.46595845
2153.5 0.45993048
2157.15 0.46139818
2160.8 0.46784976
2164.45 0.46127620
2168.1 0.46317023
2171.75 0.45518059
2175.4 0.45825171
2179.05 0.44752663
2182.7 0.44031629
2186.35 0.43273470
2190.0 0.42912224
2193.65 0.41913766
2197.3 0.41520008
2200.95 0.40413204
2204.6 0.39661679
2208.25 0.39529961
2211.9 0.39933088
2215.55 0.39440939
2219.2 0.40313062
2222.85 0.40553448
2226.5 0.40710992
2230.15 0.40735474
2233.8 0.40799654
2237.45 0.41638604
2241.1 0.41237009
2244.75 0.42081213
2248.4 0.42064810
2252.05 0.41928568
2255.7 0.41501573
2259.35 0.41953847
2263.0 0.41687256
2266.65 0.42605114
2270.3 0.43715703
2273.95 0.43863159
2277.6 0.45649105
2281.25 0.46050209
2284.9 0.46062469
2288.55 0.45462543
2292.2 0.45450017
2295.85 0.43805930
2299.5 0.44807678
2303.15 0.44397113
2306.8 0.44343576
2310.45 0.44928494
2314.1 0.46143982
2317.75 0.46219432
2321.4 0.46828741
2325.05 0.47151804
2328.7 0.47548714
2332.35 0.47112474
2336.0 0.47371149
2339.65 0.46696228
2343.3 0.47253388
2346.95 0.46699607
2350.6 0.45341533
2354.25 0.45388776
2357.9 0.45975161
2361.55 0.44791681
2365.2 0.44750482
2368.85 0.44811735
2372.5 0.44812533
2376.15 0.45551616
2379.8 0.45378482
2383.45 0.44636014
2387.1 0.44575015
2390.75 0.45499048
2394.4 0.45439753
2398.05 0.45155862
2401.7 0.46009734
2405.35 0.44734111
2409.0 0.44205254
2412.65 0.43637559
2416.3 0.43241331
2419.95 0.42940271
2423.6 0.42078695
2427.25 0.41935396
2430.9 0.42453316
2434.55 0.42854300
2438.2 0.43429172
2441.85 0.44808993
2445.5 0.43308255
2449.15 0.42728496
2452.8 0.42487383
2456.45 0.42308277
2460.1 0.41838336
2463.75 0.42853758
2467.4 0.42720613
2471.05 0.43046167
2474.7 0.42667037
2478.35 0.42821586
2482.0 0.42868200
2485.65 0.43872398
2489.3 0.44153115
2492.95 0.44923893
2496.6 0.46405768
2500.25 0.48318937
2503.9 0.46062303
2507.55 0.44332328
2511.2 0.44607052
2514.85 0.43942752
2518.5 0.42359078
2522.15 0.42853373
2525.8 0.42996573
2529.45 0.41821289
2533.1 0.41557211
2536.75 0.40652588
2540.4 0.40095448
2544.05 0.41190225
2547.7 0.41092649
2551.35 0.40529194
2555.0 0.41341141
2558.65 0.40322638
2562.3 0.39691806
2565.95 0.39692724
2569.6 0.39041653
2573.25 0.38411275
2576.9 0.37686977
2580.55 0.38177523
2584.2 0.38100940
2587.85 0.37015313
2591.5 0.37356645
2595.15 0.37974277
2598.8 0.38242951
2602.45 0.37535900
2606.1 0.38238454
2609.75 0.39206666
2613.4 0.38486591
2617.05 0.39339909
2620.7 0.38227829
2624.35 0.38333565
2628.0 0.37781286
2631.65 0.38283676
2635.3 0.38524050
2638.95 0.37781364
2642.6 0.38843504
2646.25 0.38204458
2649.9 0.37880325
2653.55 0.38227683
2657.2 0.37414342
2660.85 0.37838730
2664.5 0.37551805
2668.15 0.37815395
2671.8 0.38078979
2675.45 0.37582484
2679.1 0.37273845
2682.75 0.37182993
2686.4 0.37025255
2690.05 0.36813954
2693.7 0.36851847
2697.35 0.37380284
2701.0 0.37339291
2704.65 0.37317088
2708.3 0.36615795
2711.95 0.36767301
2715.6 0.38327441
2719.25 0.43218055
2722.9 0.44913778
2726.55 0.37973329
2730.2 0.36642292
2733.85 0.36649650
2737.5 0.36228591
2741.15 0.37544253
2744.8 0.36509225
2748.45 0.35722202
2752.1 0.35983962
2755.75 0.35591274
2759.4 0.35136601
2763.05 0.34782061
2766.7 0.34366402
2770.35 0.32513040
2774.0 0.33054104
2777.65 0.32447886
2781.3 0.33879077
2784.95 0.33811864
2788.6 0.33463570
2792.25 0.33144614
2795.9 0.32913718
2799.55 0.33769557
2803.2 0.33093673
2806.85 0.33661300
2810.5 0.34188065
2814.15 0.34767142
2817.8 0.36164787
2821.45 0.38942161
2825.1 0.40583241
2828.75 0.36489564
2832.4 0.34114048
2836.05 0.35351291
2839.7 0.35649383
2843.35 0.33804256
2847.0 0.33095399
2850.65 0.33158100
2854.3 0.32589707
2857.95 0.32410890
2861.6 0.31822893
2865.25 0.30914855
2868.9 0.29905853
2872.55 0.29710257
2876.2 0.30627498
2879.85 0.31554779
2883.5 0.31659079
2887.15 0.32026675
2890.8 0.32830182
2894.45 0.32871488
2898.1 0.32682854
2901.75 0.31607911
2905.4 0.31754535
2909.05 0.31602639
2912.7 0.30304489
2916.35 0.30704340
2920.0 0.29687777
2923.65 0.29701966
2927.3 0.29200161
2930.95 0.29848778
2934.6 0.30241305
2938.25 0.29703256
2941.9 0.28782597
2945.55 0.28764057
2949.2 0.28642905
2952.85 0.28317600
2956.5 0.29191065
2960.15 0.28589725
2963.8 0.29336590
2967.45 0.29932547
2971.1 0.31770387
2974.75 0.31293997
2978.4 0.31123164
2982.05 0.32512054
2985.7 0.32981074
2989.35 0.34146044
2993.0 0.36325067
2996.65 0.35277063
3000.3 0.33528143
3003.95 0.33374843
3007.6 0.31896329
3011.25 0.31112203
3014.9 0.30801478
3018.55 0.30298787
3022.2 0.29300216
3025.85 0.28184918
3029.5 0.27868700
3033.15 0.28010932
3036.8 0.28798065
3040.45 0.28579006
3044.1 0.28405440
3047.75 0.29043382
3051.4 0.28052610
3055.05 0.27709603
3058.7 0.28231350
3062.35 0.27596375
3066.0 0.27309832
3069.65 0.27277917
3073.3 0.27246058
3076.95 0.27381277
3080.6 0.27618188
3084.25 0.27502474
3087.9 0.27410546
3091.55 0.28953901
3095.2 0.28790519
3098.85 0.29240182
3102.5 0.28729868
3106.15 0.28048390
3109.8 0.27609882
3113.45 0.28858265
3117.1 0.28851268
3120.75 0.28655919
3124.4 0.29991785
3128.05 0.29206669
3131.7 0.30162650
3135.35 0.31816489
3139.0 0.31279004
3142.65 0.31931588
3146.3 0.32529515
3149.95 0.33874124
3153.6 0.36036071
3157.25 0.36448112
3160.9 0.38480839
3164.55 0.41667509
3168.2 0.43228653
3171.85 0.43430090
3175.5 0.40399209
3179.15 0.39693859
3182.8 0.39311925
3186.45 0.37419298
3190.1 0.35740292
3193.75 0.32744512
3197.4 0.32074159
3201.05 0.30809894
3204.7 0.30199751
3208.35 0.30977643
3212.0 0.30144769
3215.65 0.29643673
3219.3 0.29685578
3222.95 0.29003298
3226.6 0.28810081
3230.25 0.28671387
3233.9 0.26912042
3237.55 0.27843902
3241.2 0.27711838
3244.85 0.28429157
3248.5 0.27823621
3252.15 0.27712649
3255.8 0.28971961
3259.45 0.29401994
3263.1 0.30523285
3266.75 0.30092674
3270.4 0.29874730
3274.05 0.28764784
3277.7 0.30359906
3281.35 0.30438814
3285.0 0.30637604
3288.65 0.30429003
3292.3 0.31585819
3295.95 0.32943007
3299.6 0.32717928
3303.25 0.31387660
3306.9 0.30656514
3310.55 0.29924306
3314.2 0.30143255
3317.85 0.32372966
3321.5 0.31504154
3325.15 0.31130475
3328.8 0.32347950
3332.45 0.32087204
3336.1 0.29725379
3339.75 0.31337997
3343.4 0.32594085
3347.05 0.31202447
3350.7 0.30617064
3354.35 0.31110471
3358.0 0.29958436
3361.65 0.29270196
3365.3 0.29374769
3368.95 0.30319902
3372.6 0.31429654
3376.25 0.31420037
3379.9 0.30801252
3383.55 0.31193358
3387.2 0.30272183
3390.85 0.30783695
3394.5 0.29860851
3398.15 0.31434345
3401.8 0.29593614
3405.45 0.30562067
3409.1 0.29296753
3412.75 0.29577971
3416.4 0.29814729
3420.05 0.30804071
3423.7 0.28102255
3427.35 0.28048527
3431.0 0.26376554
3434.65 0.26049361
3438.3 0.25690806
3441.95 0.26324722
3445.6 0.26244330
3449.25 0.26171586
3452.9 0.25707623
3456.55 0.26102820
3460.2 0.26376775
3463.85 0.25828245
3467.5 0.24966913
3471.15 0.25194362
3474.8 0.25301892
3478.45 0.25174803
3482.1 0.25571853
3485.75 0.25901616
3489.4 0.26373661
3493.05 0.26278901
3496.7 0.26076975
3500.35 0.26589426
3504.0 0.27357513
3507.65 0.27380222
3511.3 0.27636728
3514.95 0.28676710
3518.6 0.30372533
3522.25 0.30519956
3525.9 0.32809442
3529.55 0.33118027
3533.2 0.34231648
3536.85 0.36795691
3540.5 0.38317186
3544.15 0.42876875
3547.8 0.46777257
3551.45 0.45306987
3555.1 0.42268696
3558.75 0.39259368
3562.4 0.37144738
3566.05 0.35304511
3569.7 0.32979459
3573.35 0.32396853
3577.0 0.32081544
3580.65 0.30970398
3584.3 0.29248831
3587.95 0.30126888
3591.6 0.29149494
3595.25 0.28707644
3598.9 0.28227931
3602.55 0.27473170
3606.2 0.27178314
3609.85 0.27890053
3613.5 0.27900830
3617.15 0.32928601
3620.8 0.36002201
3624.45 0.30099306
3628.1 0.26736966
3631.75 0.26033759
3635.4 0.25819722
3639.05 0.25189102
3642.7 0.26831791
3646.35 0.29318303
3650.0 0.35635078
3653.65 0.50212514
3657.3 0.50104427
3660.95 0.33698612
3664.6 0.28373513
3668.25 0.26678780
3671.9 0.25950247
3675.55 0.25342315
3679.2 0.24859564
3682.85 0.24879615
3686.5 0.24707375
3690.15 0.24746147
3693.8 0.24716254
3697.45 0.24316454
3701.1 0.24049582
3704.75 0.24052705
3708.4 0.23136260
3712.05 0.22663811
3715.7 0.23663214
3719.35 0.23453908
3723.0 0.23748788
3726.65 0.22794758
3730.3 0.22984201
3733.95 0.22666673
3737.6 0.23461264
3741.25 0.23052454
3744.9 0.22461978
3748.55 0.22980303
3752.2 0.22840384
3755.85 0.23539680
3759.5 0.23665379
3763.15 0.24617335
3766.8 0.25153422
3770.45 0.24802984
3774.1 0.24089655
3777.75 0.25153247
3781.4 0.24116237
3785.05 0.23521887
3788.7 0.23572479
3792.35 0.24906340
3796.0 0.24444504
3799.65 0.23160699
3803.3 0.23468105
3806.95 0.23687598
3810.6 0.24089041
3814.25 0.23701943
3817.9 0.23930548
3821.55 0.23840240
3825.2 0.23975173
3828.85 0.23103628
3832.5 0.23498642
3836.15 0.24265093
3839.8 0.23102200
3843.45 0.23758411
3847.1 0.23857811
3850.75 0.23686287
3854.4 0.23723631
3858.05 0.23898086
3861.7 0.23745547
3865.35 0.24662150
3869.0 0.23546420
3872.65 0.23054372
3876.3 0.25213891
3879.95 0.23539340
3883.6 0.24637681
3887.25 0.24018419
3890.9 0.23306282
3894.55 0.22979289
3898.2 0.22721092
3901.85 0.23404767
3905.5 0.22184022
3909.15 0.22382882
3912.8 0.22613582
3916.45 0.22371294
3920.1 0.21323378
3923.75 0.21716760
3927.4 0.22242972
3931.05 0.22198342
3934.7 0.21525617
3938.35 0.21607032
3942.0 0.21427459
3945.65 0.21014796
3949.3 0.21436347
3952.95 0.21874386
3956.6 0.21729176
3960.25 0.21200694
3963.9 0.20894402
3967.55 0.20584530
3971.2 0.21300547
3974.85 0.20539142
3978.5 0.21929130
3982.15 0.20671740
3985.8 0.20767574
3989.45 0.20448768
3993.1 0.20426260
3996.75 0.20403785
4000.4 0.20381337
4004.05 0.20849498
4007.7 0.20941795
4011.35 0.21424942
4015.0 0.20903735
4018.65 0.20967665
4022.3 0.20247371
4025.95 0.20225154
4029.6 0.20802507
4033.25 0.21419580
4036.9 0.21059138
4040.55 0.20546845
4044.2 0.21357001
4047.85 0.21700935
4051.5 0.20613976
4055.15 0.20849109
4058.8 0.20026706
4062.45 0.20004818
4066.1 0.20408916
4069.75 0.20074248
4073.4 0.21947530
4077.05 0.20954616
4080.7 0.20385221
4084.35 0.22762088
4088.0 0.22462077
4091.65 0.21450254
4095.3 0.21060918
4098.95 0.20109275
4102.6 0.20084168
4106.25 0.19744670
4109.9 0.20393407
4113.55 0.19701760
4117.2 0.19800013
4120.85 0.19658978
4124.5 0.19821611
4128.15 0.19616315
4131.8 0.19727910
4135.45 0.19658095
4139.1 0.19552563
4142.75 0.20236151
4146.4 0.19939607
4150.05 0.19489104
4153.7 0.19468006
4157.35 0.19446947
4161.0 0.19425914
4164.65 0.19404915
4168.3 0.19383949
4171.95 0.19363010
4175.6 0.19764751
4179.25 0.19321227
4182.9 0.19356406
4186.55 0.19279568
4190.2 0.19369987
4193.85 0.19244495
4197.5 0.19217300
4201.15 0.19407347
4204.8 0.19681774
4208.45 0.19779576
4212.1 0.19599134
4215.75 0.19569659
4219.4 0.19517189
4223.05 0.19251804
4226.7 0.19414409
4230.35 0.19291359
4234.0 0.19258025
4237.65 0.19690803
4241.3 0.20557643
4244.95 0.19553031
4248.6 0.20235281
4252.25 0.19848108
4255.9 0.20465976
4259.55 0.19990405
4263.2 0.20643257
4266.85 0.20317951
4270.5 0.20414707
4274.15 0.21012785
4277.8 0.20507489
4281.45 0.20903645
4285.1 0.21597736
4288.75 0.23258747
4292.4 0.22731516
4296.05 0.22297570
4299.7 0.22423524
4303.35 0.20451359
4307.0 0.20112953
4310.65 0.21054004
4314.3 0.20685978
4317.95 0.19970225
4321.6 0.20082961
4325.25 0.20197828
4328.9 0.20228675
4332.55 0.19876786
4336.2 0.20273514
4339.85 0.20694880
4343.5 0.19425865
4347.15 0.19637713
4350.8 0.19506957
4354.45 0.20137274
4358.1 0.19001709
4361.75 0.19209884
4365.4 0.19162104
4369.05 0.19097970
4372.7 0.19239819
4376.35 0.19206218
4380.0 0.19163840
4383.65 0.19342126
4387.3 0.19034046
4390.95 0.18880087
4394.6 0.18553390
4398.25 0.18542825
4401.9 0.18245061
4405.55 0.18604146
4409.2 0.18649070
4412.85 0.18868567
4416.5 0.19026235
4420.15 0.18305984
4423.8 0.18704146
4427.45 0.19270770
4431.1 0.19050917
4434.75 0.19245756
4438.4 0.19601879
4442.05 0.19285735
4445.7 0.19433755
4449.35 0.19054516
4453.0 0.20017435
4456.65 0.18410692
4460.3 0.17803212
4463.95 0.18077900
4467.6 0.17841186
4471.25 0.17942494
4474.9 0.17972358
4478.55 0.18330379
4482.2 0.18674450
4485.85 0.17831351
4489.5 0.18337664
4493.15 0.18838832
4496.8 0.18149690
4500.45 0.17851740
4504.1 0.17581855
4507.75 0.17563587
4511.4 0.17642754
4515.05 0.18689305
4518.7 0.17811224
4522.35 0.17921098
4526.0 0.17472649
4529.65 0.17521210
4533.3 0.17510843
4536.95 0.17800377
4540.6 0.17625494
4544.25 0.18032275
4547.9 0.18097627
4551.55 0.17691594
4555.2 0.17574613
4558.85 0.17552963
4562.5 0.18064052
4566.15 0.17956060
4569.8 0.17581739
4573.45 0.17458774
4577.1 0.17328936
4580.75 0.17249946
4584.4 0.17397472
4588.05 0.17554182
4591.7 0.18138953
4595.35 0.18393163
4599.0 0.18746163
4602.65 0.19347315
4606.3 0.18578772
4609.95 0.17673087
4613.6 0.17735572
4617.25 0.17557129
4620.9 0.17287996
4624.55 0.17562383
4628.2 0.18089837
4631.85 0.18285087
4635.5 0.17720824
4639.15 0.17863731
4642.8 0.18135838
4646.45 0.18468322
4650.1 0.18753532
4653.75 0.17834266
4657.4 0.18015695
4661.05 0.18354943
4664.7 0.18414715
4668.35 0.18028018
4672.0 0.18000787
4675.65 0.18272915
4679.3 0.18261023
4682.95 0.18066795
4686.6 0.18515386
4690.25 0.18330640
4693.9 0.18594317
4697.55 0.19044356
4701.2 0.18783261
4704.85 0.19335128
4708.5 0.19030344
4712.15 0.20327988
4715.8 0.20483549
4719.45 0.21025093
4723.1 0.21622279
4726.75 0.21539965
4730.4 0.21985458
4734.05 0.23224436
4737.7 0.23358972
4741.35 0.24382520
4745.0 0.25514957
4748.65 0.27087316
4752.3 0.28907761
4755.95 0.31104097
4759.6 0.34128201
4763.25 0.37905321
4766.9 0.42528445
4770.55 0.47976586
4774.2 0.56262606
4777.85 0.66120023
4781.5 0.78537655
4785.15 0.91065907
4788.8 1.0714531
4792.45 1.1013613
4796.1 0.94206983
4799.75 0.78427076
4803.4 0.71368355
4807.05 0.67234534
4810.7 0.58236837
4814.35 0.49140638
4818.0 0.44280016
4821.65 0.40398169
4825.3 0.36848128
4828.95 0.34143659
4832.6 0.32491538
4836.25 0.30427948
4839.9 0.28336409
4843.55 0.26598886
4847.2 0.24852689
4850.85 0.23359792
4854.5 0.22890924
4858.15 0.22425410
4861.8 0.21302265
4865.45 0.21169223
4869.1 0.20776466
4872.75 0.20804344
4876.4 0.21175230
4880.05 0.21120259
4883.7 0.20684727
4887.35 0.20018026
4891.0 0.21022013
4894.65 0.21566562
4898.3 0.22010247
4901.95 0.24243326
4905.6 0.24122699
4909.25 0.22492987
4912.9 0.22723970
4916.55 0.23002963
4920.2 0.22346450
4923.85 0.20627183
4927.5 0.18952997
4931.15 0.18770613
4934.8 0.18298820
4938.45 0.17747016
4942.1 0.17639452
4945.75 0.17151047
4949.4 0.16398782
4953.05 0.16310892
4956.7 0.16394141
4960.35 0.16368556
4964.0 0.15608604
4967.65 0.15465567
4971.3 0.15450476
4974.95 0.15948240
4978.6 0.16579291
4982.25 0.15925634
4985.9 0.15696995
4989.55 0.15653981
4993.2 0.15360129
4996.85 0.15345156
5000.5 0.15330207
5004.15 0.16368209
5007.8 0.15747540
5011.45 0.15862784
5015.1 0.15270625
5018.75 0.15255783
5022.4 0.15536298
5026.05 0.16036892
5029.7 0.15914445
5033.35 0.15542512
5037.0 0.15701781
5040.65 0.15718390
5044.3 0.15604033
5047.95 0.15137862
5051.6 0.15123220
5055.25 0.15108597
5058.9 0.15233812
5062.55 0.15079424
5066.2 0.15064868
5069.85 0.15050338
5073.5 0.15408605
5077.15 0.15021338
5080.8 0.15006870
5084.45 0.14992423
5088.1 0.15201120
5091.75 0.14963594
5095.4 0.14949214
5099.05 0.14934853
5102.7 0.14920513
5106.35 0.15325774
5110.0 0.14981331
5113.65 0.15809660
5117.3 0.14975856
5120.95 0.14977787
5124.6 0.14834931
5128.25 0.14820744
5131.9 0.15881105
5135.55 0.16480583
5139.2 0.15911025
5142.85 0.17096719
5146.5 0.15810585
5150.15 0.17793189
5153.8 0.16752127
5157.45 0.15481721
5161.1 0.17232785
5164.75 0.16055904
5168.4 0.15661269
5172.05 0.15794434
5175.7 0.15297644
5179.35 0.15083830
5183.0 0.14610437
5186.65 0.14596583
5190.3 0.14808407
5193.95 0.15365903
5197.6 0.14555147
5201.25 0.14541380
5204.9 0.14527634
5208.55 0.14513905
5212.2 0.15964755
5215.85 0.14831732
5219.5 0.14472842
5223.15 0.14459199
5226.8 0.14705244
5230.45 0.14607976
5234.1 0.14418377
5237.75 0.14404820
5241.4 0.14815672
5245.05 0.15277390
5248.7 0.16125928
5252.35 0.14350763
5256.0 0.15879121
5259.65 0.14365250
5263.3 0.15043892
5266.95 0.14297035
5270.6 0.15266784
5274.25 0.14867456
5277.9 0.14839192
5281.55 0.15135880
5285.2 0.15843710
5288.85 0.15096030
5292.5 0.14203791
5296.15 0.15162759
5299.8 0.16788457
5303.45 0.14164132
5307.1 0.14150952
5310.75 0.14178427
5314.4 0.14124647
5318.05 0.14111528
5321.7 0.14098427
5325.35 0.15480667
5329.0 0.15081713
5332.65 0.14059244
5336.3 0.14046222
5339.95 0.14801227
5343.6 0.15841015
5347.25 0.14007275
5350.9 0.14126249
5354.55 0.17268541
5358.2 0.14852057
5361.85 0.14725468
5365.5 0.13942754
5369.15 0.15845087
5372.8 0.16936468
5376.45 0.16180351
5380.1 0.17798920
5383.75 0.17426935
5387.4 0.18367895
5391.05 0.15966535
5394.7 0.16568829
5398.35 0.20407732
5402.0 0.18305537
5405.65 0.17568919
5409.3 0.15903847
5412.95 0.15370202
5416.6 0.19000991
5420.25 0.18125881
5423.9 0.17537130
5427.55 0.16336045
5431.2 0.14618205
5434.85 0.16521719
5438.5 0.13689534
5442.15 0.13677074
5445.8 0.13664632
5449.45 0.13652213
5453.1 0.13639812
5456.75 0.13627428
5460.4 0.13615066
5464.05 0.13602716
5467.7 0.13590391
5471.35 0.13578083
5475.0 0.13565795
5478.65 0.13553524
5482.3 0.13541274
5485.95 0.13529040
5489.6 0.13516831
5493.25 0.13504635
5496.9 0.13492459
5500.55 0.13480301
5504.2 0.13468161
5507.85 0.13456044
5511.5 0.13443942
5515.15 0.13431859
5518.8 0.13419798
5522.45 0.13407752
5526.1 0.13395724
5529.75 0.13383712
5533.4 0.13371724
5537.05 0.13359755
5540.7 0.13347799
5544.35 0.13335864
5548.0 0.13323952
5551.65 0.13312054
5555.3 0.13300173
5558.95 0.13288312
5562.6 0.13276468
5566.25 0.13264644
5569.9 0.13252841
5573.55 0.13241054
5577.2 0.13229287
5580.85 0.13217533
5584.5 0.13205801
5588.15 0.13194087
5591.8 0.13182388
5595.45 0.13170710
5599.1 0.13159050
5602.75 0.13147409
5606.4 0.13135786
5610.05 0.13124178
5613.7 0.13112591
5617.35 0.13101023
5621.0 0.13089471
5624.65 0.13077936
5628.3 0.13066421
5631.95 0.13054922
5635.6 0.13043445
5639.25 0.13031979
5642.9 0.13020532
5646.55 0.13009110
5650.2 0.12997715
5653.85 0.12986314
5657.5 0.12974937
5661.15 0.12963587
5664.8 0.12952253
5668.45 0.12940921
5672.1 0.12929614
5675.75 0.12918355
5679.4 0.12907067
5683.05 0.12895826
5686.7 0.12884606
5690.35 0.12873390
5694.0 0.12862195
5697.65 0.12851018
5701.3 0.12839845
5704.95 0.12828720
5708.6 0.12817587
5712.25 0.12806480
5715.9 0.12795375
5719.55 0.12784308
5723.2 0.12773249
5726.85 0.12762208
5730.5 0.12751186
5734.15 0.12740192
5737.8 0.12729216
5741.45 0.12718244
5745.1 0.12707289
5748.75 0.12696359
5752.4 0.12685448
5756.05 0.12674537
5759.7 0.12663651
5763.35 0.12652805
5767.0 0.12641938
5770.65 0.12631117
5774.3 0.12620313
5777.95 0.12609513
5781.6 0.12598734
5785.25 0.12587975
5788.9 0.12577213
5792.55 0.12566501
5796.2 0.12555784
5799.85 0.12545091
5803.5 0.12534416
5807.15 0.12523764
5810.8 0.12513112
5814.45 0.12502502
5818.1 0.12491895
5821.75 0.12481307
5825.4 0.12470719
5829.05 0.12460171
5832.7 0.12449627
5836.35 0.12439102
5840.0 0.12428596
5843.65 0.12418114
5847.3 0.12407630
5850.95 0.12397189
5854.6 0.12386750
5858.25 0.12376329
5861.9 0.12365908
5865.55 0.12355529
5869.2 0.12345147
5872.85 0.12334814
5876.5 0.12324473
5880.15 0.12314137
5883.8 0.12303840
5887.45 0.12293543
5891.1 0.12283289
5894.75 0.12273033
5898.4 0.12262777
5902.05 0.12252562
5905.7 0.12242369
5909.35 0.12232178
5913.0 0.12221999
5916.65 0.12211848
5920.3 0.12201715
5923.95 0.12191582
5927.6 0.12181471
5931.25 0.12171399
5934.9 0.12161325
5938.55 0.12151251
5942.2 0.12141221
5945.85 0.12131188
5949.5 0.12121195
5953.15 0.12111203
5956.8 0.12101212
5960.45 0.12091263
5964.1 0.12081327
5967.75 0.12071399
5971.4 0.12061484
5975.05 0.12051592
5978.7 0.12041720
5982.35 0.12031848
5986.0 0.12022017
5989.65 0.12012181
5993.3 0.12002369
5996.95 0.11992575
