300.0 0.0
410.0 0.0000000
414.1 0.0000000
418.2 0.0000000
422.3 0.0000000
426.4 0.0000000
430.5 0.0000000
434.6 0.0000000
438.7 0.0000000
442.8 0.0000000
446.9 0.0000000
451.0 0.0000000
455.1 0.0000000
459.2 0.0000000
463.3 0.0000000
467.4 0.0000000
471.5 0.0000000
475.6 0.0000000
479.7 0.0000000
483.8 0.0000000
487.9 0.0000000
492.0 0.0000000
496.1 0.0000000
500.2 0.0000000
504.3 0.0000000
508.4 0.0000000
512.5 0.0000000
516.6 0.0000000
520.7 0.0000000
524.8 0.0000000
528.9 0.0000000
533.0 0.0000000
537.1 0.0000000
541.2 0.0000000
545.3 0.0000000
549.4 0.0000000
553.5 0.0000000
557.6 0.0000000
561.7 0.0000000
565.8 0.0000000
569.9 0.0000000
574.0 0.0000000
578.1 0.0000000
582.2 0.0000000
586.3 0.0000000
590.4 0.0000000
594.5 0.0000000
598.6 0.0000000
602.7 0.0000000
606.8 0.0000000
610.9 0.0000000
615.0 0.0000000
619.1 0.0000000
623.2 0.0000000
627.3 0.0000000
631.4 0.0000000
635.5 0.0000000
639.6 0.0000000
643.7 0.0000000
647.8 0.0000000
651.9 0.0000000
656.0 0.0000000
660.1 0.0000000
664.2 0.0000000
668.3 0.0000000
672.4 0.0000000
676.5 0.0000000
680.6 0.0000000
684.7 0.0000000
688.8 0.0000000
692.9 0.0000000
697.0 0.0000000
701.1 0.0000000
705.2 0.0000000
709.3 0.0000000
713.4 0.0000000
717.5 0.0000000
721.6 0.0000000
725.7 0.0000000
729.8 0.0000000
733.9 0.0000000
738.0 0.0000000
742.1 0.0000000
746.2 0.0000000
750.3 2.16433764E-04
754.4 1.68111234E-04
758.5 1.29440508E-04
762.6 9.87832318E-05
766.7 7.47129234E-05
770.8 5.59771070E-05
774.9 4.15384347E-05
779.0 3.05087215E-05
783.1 2.23029110E-05
787.2 1.60816526E-05
791.3 1.12573180E-05
795.4 7.60915464E-06
799.5 1.87110738E-04
803.6 1.40582619E-04
807.7 1.04895291E-04
811.8 7.74676664E-05
815.9 5.66144663E-05
820.0 4.48972787E-05
824.1 3.36447956E-05
828.2 2.37782060E-05
832.3 1.78997725E-05
836.4 1.36020180E-05
840.5 1.03749007E-05
844.6 7.19996355E-03
848.7 6.42168196E-03
852.8 4.74574650E-03
856.9 3.43500893E-03
861.0 2.78649805E-03
865.1 2.33172160E-03
869.2 2.00033071E-03
873.3 1.72958127E-03
877.4 1.42564403E-03
881.5 1.08323491E-03
885.6 9.14440432E-04
889.7 6.79933466E-04
893.8 5.11269260E-04
897.9 3.88386397E-04
902.0 3.05366353E-04
906.1 2.51334219E-04
910.2 1.94114313E-04
914.3 1.58339084E-04
918.4 1.29492881E-04
922.5 9.92405621E-05
926.6 6.92087415E-05
930.7 5.20236099E-05
934.8 3.65446285E-05
938.9 2.81500561E-05
943.0 2.10885191E-05
947.1 1.52238572E-05
951.2 1.12140769E-05
955.3 8.47694446E-06
959.4 6.39625523E-06
963.5 4.95695804E-06
967.6 3.66688573E-06
971.7 2.71584554E-06
975.8 2.02643196E-06
979.9 1.54823499E-06
984.0 1.20274240E-06
988.1 9.71769055E-07
992.2 8.05592890E-07
996.3 7.22409311E-07
1000.4 1.2004144
1004.5 0.97441763
1008.6 0.91210854
1012.7 0.91496670
1016.8 0.86013150
1020.9 0.69099057
1025.0 0.59867358
1029.1 0.56494933
1033.2 0.54248136
1037.3 0.50897259
1041.4 0.46630988
1045.5 0.43833122
1049.6 0.42963216
1053.7 0.43217447
1057.8 0.44058824
1061.9 0.44499376
1066.0 0.48015559
1070.1 0.48922071
1074.2 0.46964753
1078.3 0.42929009
1082.4 0.43339556
1086.5 0.43077129
1090.6 0.44242379
1094.7 0.45137826
1098.8 0.44718388
1102.9 0.43237007
1107.0 0.42786822
1111.1 0.44273376
1115.2 0.44124913
1119.3 0.44988927
1123.4 0.44533071
1127.5 0.45701891
1131.6 0.48449251
1135.7 0.51308793
1139.8 0.55228025
1143.9 0.56401527
1148.0 0.57358426
1152.1 0.52300906
1156.2 0.48964381
1160.3 0.46505135
1164.4 0.45498261
1168.5 0.45414096
1172.6 0.43475389
1176.7 0.43036002
1180.8 0.42889217
1184.9 0.42679039
1189.0 0.43554434
1193.1 0.43244255
1197.2 0.42428523
1201.3 0.43808717
1205.4 0.43156648
1209.5 0.43935713
1213.6 0.45094109
1217.7 0.45868561
1221.8 0.47095117
1225.9 0.47135812
1230.0 0.48742262
1234.1 0.49935409
1238.2 0.51265526
1242.3 0.53322166
1246.4 0.57423335
1250.5 0.62893248
1254.6 0.69173902
1258.7 0.77144003
1262.8 0.87044930
1266.9 0.93000799
1271.0 0.84586823
1275.1 0.71900982
1279.2 0.62256551
1283.3 0.57253951
1287.4 0.54779202
1291.5 0.53395891
1295.6 0.50963056
1299.7 0.50871873
1303.8 0.49427545
1307.9 0.50485283
1312.0 0.50703460
1316.1 0.50606710
1320.2 0.51239365
1324.3 0.50676531
1328.4 0.51518637
1332.5 0.52309805
1336.6 0.52469903
1340.7 0.53673375
1344.8 0.51672763
1348.9 0.51391566
1353.0 0.50792718
1357.1 0.51693881
1361.2 0.51995802
1365.3 0.51323146
1369.4 0.48791105
1373.5 0.47279868
1377.6 0.46678105
1381.7 0.45879790
1385.8 0.46017110
1389.9 0.45954904
1394.0 0.45928887
1398.1 0.46715143
1402.2 0.46630338
1406.3 0.47440824
1410.4 0.47723621
1414.5 0.47698984
1418.6 0.47212282
1422.7 0.47871795
1426.8 0.48147851
1430.9 0.49515399
1435.0 0.48782298
1439.1 0.48058957
1443.2 0.46004534
1447.3 0.46757421
1451.4 0.47034049
1455.5 0.46471450
1459.6 0.48108202
1463.7 0.48631716
1467.8 0.47418085
1471.9 0.46674266
1476.0 0.46800351
1480.1 0.46865049
1484.2 0.46908069
1488.3 0.47570109
1492.4 0.46802795
1496.5 0.46718749
1500.6 0.47380939
1504.7 0.47391993
1508.8 0.48631880
1512.9 0.48488450
1517.0 0.51693690
1521.1 0.51586521
1525.2 0.52182758
1529.3 0.51462972
1533.4 0.51645660
1537.5 0.52191609
1541.6 0.54587072
1545.7 0.58814603
1549.8 0.62672299
1553.9 0.65839446
1558.0 0.67106992
1562.1 0.70726639
1566.2 0.67731607
1570.3 0.62012345
1574.4 0.56798148
1578.5 0.53352058
1582.6 0.51772898
1586.7 0.50159895
1590.8 0.48643470
1594.9 0.47492072
1599.0 0.47205541
1603.1 0.45524466
1607.2 0.44901451
1611.3 0.44638428
1615.4 0.45163631
1619.5 0.45446584
1623.6 0.44488111
1627.7 0.44759065
1631.8 0.45084372
1635.9 0.45550022
1640.0 0.44508174
1644.1 0.45080662
1648.2 0.46221626
1652.3 0.43804061
1656.4 0.45049140
1660.5 0.45424658
1664.6 0.45192644
1668.7 0.45664701
1672.8 0.45026249
1676.9 0.44513559
1681.0 0.45835695
1685.1 0.47778314
1689.2 0.46919510
1693.3 0.48187622
1697.4 0.47871032
1701.5 0.48088264
1705.6 0.47905469
1709.7 0.48610404
1713.8 0.48559260
1717.9 0.48524988
1722.0 0.47062513
1726.1 0.46384811
1730.2 0.47073284
1734.3 0.47831136
1738.4 0.45893005
1742.5 0.48196867
1746.6 0.46605322
1750.7 0.47804955
1754.8 0.47453240
1758.9 0.48504826
1763.0 0.46295825
1767.1 0.47063127
1771.2 0.47100097
1775.3 0.48005670
1779.4 0.45708165
1783.5 0.46322477
1787.6 0.47283620
1791.7 0.45258531
1795.8 0.46177006
1799.9 0.44855455
1804.0 0.43677902
1808.1 0.43694839
1812.2 0.43711311
1816.3 0.44060352
1820.4 0.44389704
1824.5 0.44517037
1828.6 0.43955597
1832.7 0.43786496
1836.8 0.43800113
1840.9 0.43813324
1845.0 0.44418693
1849.1 0.44397098
1853.2 0.45102841
1857.3 0.45426467
1861.4 0.45459700
1865.5 0.45841607
1869.6 0.46315098
1873.7 0.47204572
1877.8 0.48315072
1881.9 0.47990325
1886.0 0.49310246
1890.1 0.49928123
1894.2 0.50399339
1898.3 0.50730526
1902.4 0.51142961
1906.5 0.51837200
1910.6 0.52151954
1914.7 0.51498091
1918.8 0.51093584
1922.9 0.49997899
1927.0 0.49919966
1931.1 0.49002120
1935.2 0.49763069
1939.3 0.49195957
1943.4 0.48922735
1947.5 0.49101987
1951.6 0.48841596
1955.7 0.48998809
1959.8 0.49148646
1963.9 0.49754572
1968.0 0.50962526
1972.1 0.50223601
1976.2 0.52072495
1980.3 0.53401166
1984.4 0.55026585
1988.5 0.54906279
1992.6 0.53388441
1996.7 0.53161401
2000.8 0.53370607
2004.9 0.52196938
2009.0 0.51262671
2013.1 0.51009756
2017.2 0.50847983
2021.3 0.51859307
2025.4 0.52953064
2029.5 0.53201109
2033.6 0.52894813
2037.7 0.53067535
2041.8 0.52773005
2045.9 0.53079212
2050.0 0.52577931
2054.1 0.52398074
2058.2 0.52497768
2062.3 0.52294606
2066.4 0.51672882
2070.5 0.50964469
2074.6 0.51479065
2078.7 0.51688671
2082.8 0.51750427
2086.9 0.51288718
2091.0 0.50928730
2095.1 0.50833499
2099.2 0.50618887
2103.3 0.50460678
2107.4 0.50066268
2111.5 0.49428681
2115.6 0.49716589
2119.7 0.49758616
2123.8 0.49245605
2127.9 0.47993633
2132.0 0.49264473
2136.1 0.49520373
2140.2 0.49256703
2144.3 0.49292091
2148.4 0.49753159
2152.5 0.48870403
2156.6 0.48923686
2160.7 0.48004189
2164.8 0.47287449
2168.9 0.45472902
2173.0 0.45296589
2177.1 0.45253789
2181.2 0.44843599
2185.3 0.46096039
2189.4 0.46801746
2193.5 0.46936774
2197.6 0.45963857
2201.7 0.46467170
2205.8 0.46704727
2209.9 0.47367585
2214.0 0.47408852
2218.1 0.48541766
2222.2 0.49988025
2226.3 0.50463635
2230.4 0.49852487
2234.5 0.51416314
2238.6 0.52139175
2242.7 0.52126282
2246.8 0.52432752
2250.9 0.54594058
2255.0 0.55974132
2259.1 0.55724639
2263.2 0.56825554
2267.3 0.55571866
2271.4 0.57002729
2275.5 0.58997607
2279.6 0.63959306
2283.7 0.69773459
2287.8 0.78797388
2291.9 0.88010997
2296.0 0.90885901
2300.1 0.86326396
2304.2 0.76513135
2308.3 0.68118173
2312.4 0.62915552
2316.5 0.60361028
2320.6 0.58353734
2324.7 0.56806844
2328.8 0.55595368
2332.9 0.54433155
2337.0 0.54083902
2341.1 0.53024560
2345.2 0.52109706
2349.3 0.51057506
2353.4 0.50476062
2357.5 0.50353652
2361.6 0.48942155
2365.7 0.49066138
2369.8 0.47875398
2373.9 0.47591546
2378.0 0.47567135
2382.1 0.45631906
2386.2 0.46343499
2390.3 0.46340510
2394.4 0.47048143
2398.5 0.48367420
2402.6 0.48849607
2406.7 0.49045885
2410.8 0.49035540
2414.9 0.49406010
2419.0 0.48761293
2423.1 0.48911330
2427.2 0.49589619
2431.3 0.48887342
2435.4 0.49082559
2439.5 0.48230481
2443.6 0.48550475
2447.7 0.47408912
2451.8 0.46639904
2455.9 0.45831773
2460.0 0.45444167
2464.1 0.44381922
2468.2 0.43960181
2472.3 0.42783663
2476.4 0.41983500
2480.5 0.41839546
2484.6 0.42261678
2488.7 0.41736346
2492.8 0.42654663
2496.9 0.42904443
2501.0 0.43066543
2505.1 0.43087873
2509.2 0.43151212
2513.3 0.44033891
2517.4 0.43604624
2521.5 0.44492656
2525.6 0.44470686
2529.7 0.44322056
2533.8 0.43866158
2537.9 0.44339630
2542.0 0.44053364
2546.1 0.45018718
2550.2 0.46187517
2554.3 0.46338609
2558.4 0.48220471
2562.5 0.48639265
2566.6 0.48647320
2570.7 0.48008916
2574.8 0.47990903
2578.9 0.46250299
2583.0 0.47303262
2587.1 0.46865195
2591.2 0.46804082
2595.3 0.47416794
2599.4 0.48694846
2603.5 0.48769712
2607.6 0.49407849
2611.7 0.49743891
2615.8 0.50157785
2619.9 0.49692822
2624.0 0.49960884
2628.1 0.49244359
2632.2 0.49827179
2636.3 0.49238572
2640.4 0.47802141
2644.5 0.47847438
2648.6 0.48461032
2652.7 0.47209144
2656.8 0.47161329
2660.9 0.47221488
2665.0 0.47217962
2669.1 0.47992277
2673.2 0.47805467
2677.3 0.47018969
2681.4 0.46950424
2685.5 0.47919333
2689.6 0.47852531
2693.7 0.47549263
2697.8 0.48444015
2701.9 0.47096667
2706.0 0.46535707
2710.1 0.45933980
2714.2 0.45512846
2718.3 0.45191953
2722.4 0.44281277
2726.5 0.44126591
2730.6 0.44667646
2734.7 0.45085591
2738.8 0.45686406
2742.9 0.47133839
2747.0 0.45551282
2751.1 0.44937602
2755.2 0.44680175
2759.3 0.44488001
2763.4 0.43990076
2767.5 0.45053875
2771.6 0.44910070
2775.7 0.45248461
2779.8 0.44846144
2783.9 0.45004791
2788.0 0.45049992
2792.1 0.46101433
2796.2 0.46392530
2800.3 0.47198471
2804.4 0.48751336
2808.5 0.50757003
2812.6 0.48382506
2816.7 0.46561563
2820.8 0.46846262
2824.9 0.46144846
2829.0 0.44478175
2833.1 0.44993547
2837.2 0.45140246
2841.3 0.43902826
2845.4 0.43622091
2849.5 0.42669100
2853.6 0.42080951
2857.7 0.43226495
2861.8 0.43120667
2865.9 0.42526031
2870.0 0.43374553
2874.1 0.42302623
2878.2 0.41637549
2882.3 0.41635254
2886.4 0.40949124
2890.5 0.40284809
2894.6 0.39522120
2898.7 0.40033457
2902.8 0.39950067
2906.9 0.38808769
2911.0 0.39163640
2915.1 0.39808115
2919.2 0.40086704
2923.3 0.39342579
2927.4 0.40075907
2931.5 0.41087544
2935.6 0.40329891
2939.7 0.41220984
2943.8 0.40052733
2947.9 0.40160525
2952.0 0.39578986
2956.1 0.40102306
2960.2 0.40351111
2964.3 0.39570287
2968.4 0.40679729
2972.5 0.40007547
2976.6 0.39665216
2980.7 0.40026027
2984.8 0.39171574
2988.9 0.39613026
2993.0 0.39309815
2997.1 0.39582893
3001.2 0.39855939
3005.3 0.39333460
3009.4 0.39007658
3013.5 0.38909811
3017.6 0.38742000
3021.7 0.38518181
3025.8 0.38555110
3029.9 0.39105219
3034.0 0.39059600
3038.1 0.39033645
3042.2 0.38297421
3046.3 0.38453215
3050.4 0.40082109
3054.5 0.45193505
3058.6 0.46963498
3062.7 0.39703581
3066.8 0.38309279
3070.9 0.38314348
3075.0 0.37871590
3079.1 0.39244244
3083.2 0.38159770
3087.3 0.37334645
3091.4 0.37605688
3095.5 0.37192810
3099.6 0.36715212
3103.7 0.36342320
3107.8 0.35905629
3111.9 0.33967003
3116.0 0.34529975
3120.1 0.33894452
3124.2 0.35387120
3128.3 0.35314593
3132.4 0.34948537
3136.5 0.34613165
3140.6 0.34369802
3144.7 0.35261217
3148.8 0.34553236
3152.9 0.35143632
3157.0 0.35691297
3161.1 0.36293510
3165.2 0.37750098
3169.3 0.40646619
3173.4 0.42356837
3177.5 0.38081840
3181.6 0.35600412
3185.7 0.36889234
3189.8 0.37197950
3193.9 0.35270461
3198.0 0.34528697
3202.1 0.34591958
3206.2 0.33996865
3210.3 0.33808228
3214.4 0.33192825
3218.5 0.32243705
3222.6 0.31189415
3226.7 0.30983523
3230.8 0.31938115
3234.9 0.32903066
3239.0 0.33009809
3243.1 0.33391064
3247.2 0.34226730
3251.3 0.34267721
3255.4 0.34069023
3259.5 0.32946509
3263.6 0.33097357
3267.7 0.32937071
3271.8 0.31582227
3275.9 0.31997034
3280.0 0.30935836
3284.1 0.30948794
3288.2 0.30424130
3292.3 0.31098104
3296.4 0.31505215
3300.5 0.30942866
3304.6 0.29982039
3308.7 0.29960981
3312.8 0.29833058
3316.9 0.29492530
3321.0 0.30400476
3325.1 0.29772514
3329.2 0.30548519
3333.3 0.31167313
3337.4 0.33079085
3341.5 0.32581210
3345.6 0.32401508
3349.7 0.33845529
3353.8 0.34331846
3357.9 0.35542530
3362.0 0.37808543
3366.1 0.36715677
3370.2 0.34893486
3374.3 0.34732008
3378.4 0.33191520
3382.5 0.32373759
3386.6 0.32048661
3390.7 0.31523874
3394.8 0.30483252
3398.9 0.29321313
3403.0 0.28990757
3407.1 0.29137129
3411.2 0.29954270
3415.3 0.29724801
3419.4 0.29542679
3423.5 0.30204529
3427.6 0.29172570
3431.7 0.28814319
3435.8 0.29355294
3439.9 0.28693506
3444.0 0.28394055
3448.1 0.28359360
3452.2 0.28324732
3456.3 0.28463802
3460.4 0.28708562
3464.5 0.28586772
3468.6 0.28489724
3472.7 0.30092266
3476.8 0.29920894
3480.9 0.30386627
3485.0 0.29854751
3489.1 0.29145074
3493.2 0.28687936
3497.3 0.29983521
3501.4 0.29974705
3505.5 0.29770219
3509.6 0.31156430
3513.7 0.30339283
3517.8 0.31330734
3521.9 0.33046940
3526.0 0.32487020
3530.1 0.33163127
3534.2 0.33782411
3538.3 0.35177040
3542.4 0.37420258
3546.5 0.37846231
3550.6 0.39954937
3554.7 0.43261519
3558.8 0.44880155
3562.9 0.45087048
3567.0 0.41938457
3571.1 0.41204196
3575.2 0.40805727
3579.3 0.38839275
3583.4 0.37094736
3587.5 0.33983764
3591.6 0.33286417
3595.7 0.31972814
3599.8 0.31338117
3603.9 0.32143778
3608.0 0.31278041
3612.1 0.30756623
3616.2 0.30798623
3620.3 0.30089319
3624.4 0.29887438
3628.5 0.29742140
3632.6 0.27915758
3636.7 0.28881001
3640.8 0.28742665
3644.9 0.29485270
3649.0 0.28855881
3653.1 0.28739437
3657.2 0.30043998
3661.3 0.30488518
3665.4 0.31649768
3669.5 0.31201813
3673.6 0.30974394
3677.7 0.29822215
3681.8 0.31474519
3685.9 0.31554869
3690.0 0.31759480
3694.1 0.31541798
3698.2 0.32739422
3702.3 0.34144616
3706.4 0.33909783
3710.5 0.32529575
3714.6 0.31770387
3718.7 0.31010172
3722.8 0.31235659
3726.9 0.33544663
3731.0 0.32642940
3735.1 0.32254305
3739.2 0.33514240
3743.3 0.33242604
3747.4 0.30794364
3751.5 0.32463539
3755.6 0.33763239
3759.7 0.32320255
3763.8 0.31712508
3767.9 0.32222146
3772.0 0.31027585
3776.1 0.30313459
3780.2 0.30420429
3784.3 0.31397834
3788.4 0.32545623
3792.5 0.32534257
3796.6 0.31892148
3800.7 0.32296747
3804.8 0.31341642
3808.9 0.31869853
3813.0 0.30913123
3817.1 0.32540673
3821.2 0.30633849
3825.3 0.31634998
3829.4 0.30323976
3833.5 0.30613759
3837.6 0.30857497
3841.7 0.31880099
3845.8 0.29082677
3849.9 0.29025862
3854.0 0.27294481
3858.1 0.26954776
3862.2 0.26582649
3866.3 0.27237439
3870.4 0.27153131
3874.5 0.27076748
3878.6 0.26595640
3882.7 0.27003375
3886.8 0.27285659
3890.9 0.26717132
3895.0 0.25825098
3899.1 0.26059297
3903.2 0.26169452
3907.3 0.26036948
3911.4 0.26446521
3915.5 0.26786479
3919.6 0.27273548
3923.7 0.27174458
3927.8 0.26964569
3931.9 0.27493358
3936.0 0.28286424
3940.1 0.28308773
3944.2 0.28572839
3948.3 0.29646868
3952.4 0.31398818
3956.5 0.31549972
3960.6 0.33915386
3964.7 0.34233019
3968.8 0.35382739
3972.9 0.38031512
3977.0 0.39602557
3981.1 0.44313473
3985.2 0.48342657
3989.3 0.46821365
3993.4 0.43679821
3997.5 0.40568456
4001.6 0.38381830
4005.7 0.36478907
4009.8 0.34075201
4013.9 0.33471954
4018.0 0.33144912
4022.1 0.31995711
4026.2 0.30215999
4030.3 0.31121907
4034.4 0.30111089
4038.5 0.29653543
4042.6 0.29156920
4046.7 0.28376245
4050.8 0.28070641
4054.9 0.28804669
4059.0 0.28814715
4063.1 0.34005904
4067.2 0.37178668
4071.3 0.31081727
4075.4 0.27608615
4079.5 0.26881486
4083.6 0.26659492
4087.7 0.26007405
4091.8 0.27702439
4095.9 0.30268520
4100.0 0.36788669
4104.1 0.51836115
4108.2 0.51722640
4112.3 0.34785706
4116.4 0.29287755
4120.5 0.27537417
4124.6 0.26784468
4128.7 0.26156047
4132.8 0.25656870
4136.9 0.25676641
4141.0 0.25497970
4145.1 0.25537065
4149.2 0.25505304
4153.3 0.25091848
4157.4 0.24815582
4161.5 0.24817921
4165.6 0.23871474
4169.7 0.23383185
4173.8 0.24413449
4177.9 0.24196653
4182.0 0.24500012
4186.1 0.23514982
4190.2 0.23709577
4194.3 0.23381214
4198.4 0.24200010
4202.5 0.23777500
4206.6 0.23167646
4210.7 0.23701432
4214.8 0.23556311
4218.9 0.24276690
4223.0 0.24405481
4227.1 0.25386339
4231.2 0.25938284
4235.3 0.25576034
4239.4 0.24839623
4243.5 0.25935450
4247.6 0.24865344
4251.7 0.24251710
4255.8 0.24303049
4259.9 0.25677383
4264.0 0.25200400
4268.1 0.23876095
4272.2 0.24192180
4276.3 0.24417628
4280.4 0.24830611
4284.5 0.24430782
4288.6 0.24665596
4292.7 0.24571697
4296.8 0.24709952
4300.9 0.23810907
4305.0 0.24217215
4309.1 0.25006276
4313.2 0.23807082
4317.3 0.24482512
4321.4 0.24584135
4325.5 0.24406593
4329.6 0.24444275
4333.7 0.24623229
4337.8 0.24465264
4341.9 0.25408825
4346.0 0.24258530
4350.1 0.23750833
4354.2 0.25974756
4358.3 0.24248894
4362.4 0.25379527
4366.5 0.24740824
4370.6 0.24006502
4374.7 0.23668930
4378.8 0.23402241
4382.9 0.24105644
4387.0 0.22847617
4391.1 0.23051699
4395.2 0.23288554
4399.3 0.23038308
4403.4 0.21958457
4407.5 0.22362854
4411.6 0.22904006
4415.7 0.22857331
4419.8 0.22163947
4423.9 0.22247081
4428.0 0.22061503
4432.1 0.21635960
4436.2 0.22069286
4440.3 0.22519565
4444.4 0.22369380
4448.5 0.21824656
4452.6 0.21508688
4456.7 0.21189058
4460.8 0.21925431
4464.9 0.21141045
4469.0 0.22571076
4473.1 0.21276233
4477.2 0.21374220
4481.3 0.21045467
4485.4 0.21021663
4489.5 0.20997898
4493.6 0.20974168
4497.7 0.21455298
4501.8 0.21549635
4505.9 0.22046143
4510.0 0.21509182
4514.1 0.21574318
4518.2 0.20832567
4522.3 0.20809087
4526.4 0.21402477
4530.5 0.22036694
4534.6 0.21665227
4538.7 0.21137565
4542.8 0.21970372
4546.9 0.22323526
4551.0 0.21204761
4555.1 0.21446006
4559.2 0.20599456
4563.3 0.20576344
4567.4 0.20991375
4571.5 0.20646557
4575.6 0.22572589
4579.7 0.21550778
4583.8 0.20964576
4587.9 0.23408321
4592.0 0.23099130
4596.1 0.22057976
4600.2 0.21656990
4604.3 0.20677823
4608.4 0.20651416
4612.5 0.20301752
4616.6 0.20968197
4620.7 0.20256482
4624.8 0.20356926
4628.9 0.20211349
4633.0 0.20377980
4637.1 0.20166355
4641.2 0.20280506
4645.3 0.20208171
4649.4 0.20099123
4653.5 0.20801237
4657.6 0.20495844
4661.7 0.20032214
4665.8 0.20009974
4669.9 0.19987772
4674.0 0.19965604
4678.1 0.19943470
4682.2 0.19921373
4686.3 0.19899306
4690.4 0.20311616
4694.5 0.19855276
4698.6 0.19890884
4702.7 0.19811380
4706.8 0.19903752
4710.9 0.19774264
4715.0 0.19745786
4719.1 0.19940516
4723.2 0.20221934
4727.3 0.20321876
4731.4 0.20135944
4735.5 0.20105119
4739.6 0.20050676
4743.7 0.19777505
4747.8 0.19944017
4751.9 0.19817083
4756.0 0.19782312
4760.1 0.20226336
4764.2 0.21116190
4768.3 0.20083751
4772.4 0.20783968
4776.5 0.20385757
4780.6 0.21019812
4784.7 0.20530827
4788.8 0.21200773
4792.9 0.20866135
4797.0 0.20964952
4801.1 0.21578586
4805.2 0.21059135
4809.3 0.21465389
4813.4 0.22177555
4817.5 0.23882541
4821.6 0.23340565
4825.7 0.22894402
4829.8 0.23023133
4833.9 0.20997694
4838.0 0.20649715
4842.1 0.21615325
4846.2 0.21236944
4850.3 0.20501603
4854.4 0.20616812
4858.5 0.20734207
4862.6 0.20765345
4866.7 0.20403601
4870.8 0.20810319
4874.9 0.21242307
4879.0 0.19939218
4883.1 0.20156157
4887.2 0.20021446
4891.3 0.20667870
4895.4 0.19501893
4899.5 0.19715054
4903.6 0.19665529
4907.7 0.19599222
4911.8 0.19744304
4915.9 0.19709332
4920.0 0.19665356
4924.1 0.19847815
4928.2 0.19531198
4932.3 0.19372743
4936.4 0.19037050
4940.5 0.19025743
4944.6 0.18719767
4948.7 0.19087727
4952.8 0.19133350
4956.9 0.19358076
4961.0 0.19519359
4965.1 0.18779986
4969.2 0.19187991
4973.3 0.19768795
4977.4 0.19542785
4981.5 0.19742180
4985.6 0.20107003
4989.7 0.19782238
4993.8 0.19933590
4997.9 0.19544129
5002.0 0.20531300
5006.1 0.18882859
5010.2 0.18259364
5014.3 0.18540651
5018.4 0.18297441
5022.5 0.18400905
5026.6 0.18431097
5030.7 0.18797812
5034.8 0.19150203
5038.9 0.18285197
5043.0 0.18803953
5047.1 0.19317412
5051.2 0.18610328
5055.3 0.18304387
5059.4 0.18027239
5063.5 0.18008088
5067.6 0.18088838
5071.7 0.19161406
5075.8 0.18260720
5079.9 0.18372944
5084.0 0.17912772
5088.1 0.17962143
5092.2 0.17951104
5096.3 0.18247499
5100.4 0.18067807
5104.5 0.18484373
5108.6 0.18550940
5112.7 0.18134323
5116.8 0.18014005
5120.9 0.17991401
5125.0 0.18514839
5129.1 0.18403734
5133.2 0.18019673
5137.3 0.17893240
5141.4 0.17759773
5145.5 0.17678422
5149.6 0.17829211
5153.7 0.17989406
5157.8 0.18588260
5161.9 0.18848345
5166.0 0.19209650
5170.1 0.19825225
5174.2 0.19037277
5178.3 0.18108839
5182.4 0.18172461
5186.5 0.17989224
5190.6 0.17713076
5194.7 0.17993814
5198.8 0.18533814
5202.9 0.18733446
5207.0 0.18154947
5211.1 0.18300956
5215.2 0.18579318
5219.3 0.18919519
5223.4 0.19211276
5227.5 0.18269175
5231.6 0.18454629
5235.7 0.18801734
5239.8 0.18862553
5243.9 0.18466054
5248.0 0.18437763
5252.1 0.18716094
5256.2 0.18703510
5260.3 0.18504180
5264.4 0.18963225
5268.5 0.18773606
5272.6 0.19043249
5276.7 0.19503736
5280.8 0.19235937
5284.9 0.19800684
5289.0 0.19488148
5293.1 0.20816568
5297.2 0.20975424
5301.3 0.21529518
5305.4 0.22140566
5309.5 0.22055815
5313.6 0.22511502
5317.7 0.23779628
5321.8 0.23916878
5325.9 0.24964355
5330.0 0.26123264
5334.1 0.27732533
5338.2 0.29595730
5342.3 0.31843674
5346.4 0.34938958
5350.5 0.38805002
5354.6 0.43536961
5358.7 0.49113286
5362.8 0.57594436
5366.9 0.67683810
5371.0 0.80393469
5375.1 0.93215859
5379.2 1.0967263
5383.3 1.1273168
5387.4 0.96425188
5391.5 0.80272090
5395.6 0.73045826
5399.7 0.68813443
5403.8 0.59603244
5407.9 0.50292605
5412.0 0.45317122
5416.1 0.41343525
5420.2 0.37709647
5424.3 0.34941253
5428.4 0.33249867
5432.5 0.31137490
5436.6 0.28996596
5440.7 0.27218053
5444.8 0.25430697
5448.9 0.23902607
5453.0 0.23422378
5457.1 0.22945602
5461.2 0.21795973
5465.3 0.21659417
5469.4 0.21257146
5473.5 0.21285251
5477.6 0.21664286
5481.7 0.21607618
5485.8 0.21161622
5489.9 0.20479149
5494.0 0.21505843
5498.1 0.22062497
5502.2 0.22515945
5506.3 0.24799849
5510.4 0.24675971
5514.5 0.23008434
5518.6 0.23244262
5522.7 0.23529187
5526.8 0.22857215
5530.9 0.21098244
5535.0 0.19385453
5539.1 0.19198538
5543.2 0.18715630
5547.3 0.18150909
5551.4 0.18040554
5555.5 0.17540708
5559.6 0.16771029
5563.7 0.16680829
5567.8 0.16765650
5571.9 0.16739166
5576.0 0.15961707
5580.1 0.15815134
5584.2 0.15799403
5588.3 0.16308102
5592.4 0.16953073
5596.5 0.16284372
5600.6 0.16050284
5604.7 0.16006000
5608.8 0.15705247
5612.9 0.15689646
5617.0 0.15674068
5621.1 0.16735043
5625.2 0.16100165
5629.3 0.16217688
5633.4 0.15611991
5637.5 0.15596531
5641.6 0.15883015
5645.7 0.16394480
5649.8 0.16269003
5653.9 0.15888493
5658.0 0.16051011
5662.1 0.16067696
5666.2 0.15950504
5670.3 0.15473700
5674.4 0.15458451
5678.5 0.15443227
5682.6 0.15570928
5686.7 0.15412845
5690.8 0.15397690
5694.9 0.15382560
5699.0 0.15748449
5703.1 0.15352364
5707.2 0.15337302
5711.3 0.15322264
5715.4 0.15535271
5719.5 0.15292248
5723.6 0.15277278
5727.7 0.15262331
5731.8 0.15247405
5735.9 0.15661265
5740.0 0.15309009
5744.1 0.16155168
5748.2 0.15302871
5752.3 0.15304576
5756.4 0.15158334
5760.5 0.15143569
5764.6 0.16226740
5768.7 0.16838969
5772.8 0.16256741
5776.9 0.17467894
5781.0 0.16153553
5785.1 0.18178844
5789.2 0.17114919
5793.3 0.15816726
5797.4 0.17605373
5801.5 0.16402763
5805.6 0.15999326
5809.7 0.16135083
5813.8 0.15627308
5817.9 0.15408620
5822.0 0.14924778
5826.1 0.14910369
5830.2 0.15126486
5834.3 0.15695688
5838.4 0.14867277
5842.5 0.14852960
5846.6 0.14838664
5850.7 0.14824389
5854.8 0.16305999
5858.9 0.15148497
5863.0 0.14781693
5867.1 0.14767507
5871.2 0.15018544
5875.3 0.14918953
5879.4 0.14725070
5883.5 0.14710975
5887.6 0.15130304
5891.7 0.15601566
5895.8 0.16467831
5899.9 0.14654784
5904.0 0.16215248
5908.1 0.14669086
5912.2 0.15361828
5916.3 0.14598943
5920.4 0.15588908
5924.5 0.15180904
5928.6 0.15151793
5932.7 0.15454474
5936.8 0.16176938
5940.9 0.15413275
5945.0 0.14502048
5949.1 0.15480897
5953.2 0.17140423
5957.3 0.14460842
5961.4 0.14447150
5965.5 0.14474961
5969.6 0.14419822
5973.7 0.14406194
5977.8 0.14392582
5981.9 0.15803407
5986.0 0.15395884
5990.1 0.14351884
5994.2 0.14338359
5998.3 0.15108821
