300.0 0.0
440.0 0.0000000
444.4 0.0000000
448.8 0.0000000
453.2 0.0000000
457.6 0.0000000
462.0 0.0000000
466.4 0.0000000
470.8 0.0000000
475.2 0.0000000
479.6 0.0000000
484.0 0.0000000
488.4 0.0000000
492.8 0.0000000
497.2 0.0000000
501.6 0.0000000
506.0 0.0000000
510.4 0.0000000
514.8 0.0000000
519.2 0.0000000
523.6 0.0000000
528.0 0.0000000
532.4 0.0000000
536.8 0.0000000
541.2 0.0000000
545.6 0.0000000
550.0 0.0000000
554.4 0.0000000
558.8 0.0000000
563.2 0.0000000
567.6 0.0000000
572.0 0.0000000
576.4 0.0000000
580.8 0.0000000
585.2 0.0000000
589.6 0.0000000
594.0 0.0000000
598.4 0.0000000
602.8 0.0000000
607.2 0.0000000
611.6 0.0000000
616.0 0.0000000
620.4 0.0000000
624.8 0.0000000
629.2 0.0000000
633.6 0.0000000
638.0 0.0000000
642.4 0.0000000
646.8 0.0000000
651.2 0.0000000
655.6 0.0000000
660.0 0.0000000
664.4 0.0000000
668.8 0.0000000
673.2 0.0000000
677.6 0.0000000
682.0 0.0000000
686.4 0.0000000
690.8 0.0000000
695.2 0.0000000
699.6 0.0000000
704.0 0.0000000
708.4 0.0000000
712.8 0.0000000
717.2 0.0000000
721.6 0.0000000
726.0 0.0000000
730.4 0.0000000
734.8 0.0000000
739.2 0.0000000
743.6 0.0000000
748.0 0.0000000
752.4 0.0000000
756.8 0.0000000
761.2 0.0000000
765.6 0.0000000
770.0 0.0000000
774.4 0.0000000
778.8 0.0000000
783.2 0.0000000
787.6 0.0000000
792.0 0.0000000
796.4 0.0000000
800.8 0.0000000
805.2 1.08279673E-05
809.6 6.67537824E-06
814.0 4.04382217E-06
818.4 2.40566646E-06
822.8 1.40481632E-06
827.2 8.04719946E-07
831.6 4.51960176E-07
836.0 2.48751917E-07
840.4 1.34046815E-07
844.8 7.06998833E-08
849.2 3.64759742E-08
853.6 1.83892990E-08
858.0 4.22295398E-06
862.4 2.58163709E-06
866.8 1.55214332E-06
871.2 9.17506043E-07
875.6 5.32685078E-07
880.0 3.33154361E-07
884.4 1.95397263E-07
888.8 1.07248404E-07
893.2 6.21972731E-08
897.6 3.61086556E-08
902.0 2.08622595E-08
906.4 1.36028777E-03
910.8 1.07947981E-03
915.2 7.07360276E-04
919.6 4.52416338E-04
924.0 3.23031010E-04
928.4 2.37034852E-04
932.8 1.77611189E-04
937.2 1.33560316E-04
941.6 9.53925774E-05
946.0 6.25353787E-05
950.4 4.53344146E-05
954.8 2.88304327E-05
959.2 1.84517085E-05
963.6 1.18719754E-05
968.0 7.87265344E-06
972.4 5.43613032E-06
976.8 3.50435630E-06
981.2 2.37460972E-06
985.6 1.60369996E-06
990.0 1.00956845E-06
994.4 5.75313322E-07
998.8 3.51142404E-07
1003.2 1.99186132E-07
1007.6 1.23175184E-07
1012.0 7.18186044E-08
1016.4 3.85393086E-08
1020.8 2.37232616E-08
1025.2 1.90198932E-08
1029.6 1.79351289E-08
1034.0 1.85388878E-08
1038.4 1.94148626E-08
1042.8 2.15273666E-08
1047.2 2.40308182E-08
1051.6 2.75009597E-08
1056.0 3.23687033E-08
1060.4 4.00925018E-08
1064.8 5.15414129E-08
1069.2 7.25569862E-08
1073.6 3.9453545
1078.0 3.1908677
1082.4 2.9760029
1086.8 2.9745827
1091.2 2.7863169
1095.6 2.2304728
1100.0 1.9256834
1104.4 1.8108610
1108.8 1.7328286
1113.2 1.6201963
1117.6 1.4793286
1122.0 1.3858621
1126.4 1.3537835
1130.8 1.3572527
1135.2 1.3790960
1139.6 1.3882979
1144.0 1.4931120
1148.4 1.5163661
1152.8 1.4510236
1157.2 1.3220981
1161.6 1.3305001
1166.0 1.3182847
1170.4 1.3497089
1174.8 1.3727525
1179.2 1.3558090
1183.6 1.3068811
1188.0 1.2893454
1192.4 1.3301220
1196.8 1.3216896
1201.2 1.3435545
1205.6 1.3260108
1210.0 1.3568261
1214.4 1.4341959
1218.8 1.5144476
1223.2 1.6254443
1227.6 1.6552428
1232.0 1.6785518
1236.4 1.5262372
1240.8 1.4248735
1245.2 1.3495494
1249.6 1.3166854
1254.0 1.3106468
1258.4 1.2512788
1262.8 1.2352817
1267.2 1.2277594
1271.6 1.2184809
1276.0 1.2401742
1280.4 1.2280976
1284.8 1.2017764
1289.2 1.2376423
1293.6 1.2160707
1298.0 1.2348440
1302.4 1.2641677
1306.8 1.2826190
1311.2 1.3136004
1315.6 1.3114440
1320.0 1.3527670
1324.4 1.3824562
1328.8 1.4157951
1333.2 1.4689990
1337.6 1.5781480
1342.0 1.7243099
1346.4 1.8919605
1350.8 2.1049268
1355.2 2.3694620
1359.6 2.5256350
1364.0 2.2917686
1368.4 1.9435376
1372.8 1.6789567
1377.2 1.5405023
1381.6 1.4705534
1386.0 1.4301699
1390.4 1.3619328
1394.8 1.3564512
1399.2 1.3150051
1403.6 1.3401732
1408.0 1.3430047
1412.4 1.3375098
1416.8 1.3512871
1421.2 1.3335557
1425.6 1.3528026
1430.0 1.3706430
1434.4 1.3719189
1438.8 1.4004227
1443.2 1.3453934
1447.6 1.3352797
1452.0 1.3169816
1456.4 1.3375827
1460.8 1.3426353
1465.2 1.3225628
1469.6 1.2547643
1474.0 1.2134476
1478.4 1.1956015
1482.8 1.1728103
1487.2 1.1739887
1491.6 1.1700901
1496.0 1.1671354
1500.4 1.1848013
1504.8 1.1803576
1509.2 1.1985584
1513.6 1.2033918
1518.0 1.2004764
1522.4 1.1859739
1526.8 1.2002732
1531.2 1.2049302
1535.6 1.2368420
1540.0 1.2162695
1544.4 1.1960238
1548.8 1.1427950
1553.2 1.1593773
1557.6 1.1641184
1562.0 1.1481171
1566.4 1.1864184
1570.8 1.1971865
1575.2 1.1652354
1579.6 1.1449291
1584.0 1.1460034
1588.4 1.1455804
1592.8 1.1446368
1597.2 1.1587815
1601.6 1.1381269
1606.0 1.1341374
1610.4 1.1482520
1614.8 1.1465727
1619.2 1.1745859
1623.6 1.1691566
1628.0 1.2443601
1632.4 1.2397183
1636.8 1.2519747
1641.2 1.2326757
1645.6 1.2350290
1650.0 1.2460532
1654.4 1.3011336
1658.8 1.3996425
1663.2 1.4890558
1667.6 1.5618110
1672.0 1.5893530
1676.4 1.6724343
1680.8 1.5990973
1685.2 1.4617797
1689.6 1.3367859
1694.0 1.2537359
1698.4 1.2147535
1702.8 1.1751028
1707.2 1.1378397
1711.6 1.1092211
1716.0 1.1008632
1720.4 1.0590200
1724.8 1.0419431
1729.2 1.0332917
1733.6 1.0428915
1738.0 1.0468726
1742.4 1.0223138
1746.8 1.0260648
1751.2 1.0310483
1755.6 1.0392170
1760.0 1.0130429
1764.4 1.0236562
1768.8 1.0471051
1773.2 0.99002540
1777.6 1.0158054
1782.0 1.0219109
1786.4 1.0143597
1790.8 1.0226170
1795.2 1.0060312
1799.6 0.99233037
1804.0 1.0195098
1808.4 1.0603448
1812.8 1.0389714
1817.2 1.0646938
1821.6 1.0553719
1826.0 1.0578417
1830.4 1.0515267
1834.8 1.0646896
1839.2 1.0612787
1843.6 1.0582561
1848.0 1.0241734
1852.4 1.0072838
1856.8 1.0200777
1861.2 1.0343239
1865.6 0.99033940
1870.0 1.0378925
1874.4 1.0015442
1878.8 1.0252104
1883.2 1.0155834
1887.6 1.0359746
1892.0 0.98678988
1896.4 1.0011213
1900.8 0.99989742
1905.2 1.0170864
1909.6 0.96648580
1914.0 0.97753847
1918.4 0.99585783
1922.8 0.95134062
1927.2 0.96875572
1931.6 0.93920630
1936.0 0.91278553
1940.4 0.91138661
1944.8 0.90998822
1949.2 0.91551065
1953.6 0.92060858
1958.0 0.92151088
1962.4 0.90818441
1966.8 0.90300328
1971.2 0.90160769
1975.6 0.90021336
1980.0 0.91097438
1984.4 0.90886569
1988.8 0.92163163
1993.2 0.92656267
1997.6 0.92556792
2002.0 0.93166775
2006.4 0.93960929
2010.8 0.95595157
2015.2 0.97670889
2019.6 0.96843499
2024.0 0.99332607
2028.4 1.0040169
2032.8 1.0117326
2037.2 1.0166198
2041.6 1.0231209
2046.0 1.0352331
2050.4 1.0397429
2054.8 1.0249637
2059.2 1.0151945
2063.6 0.99175388
2068.0 0.98854977
2072.4 0.96875679
2076.8 0.98216844
2081.2 0.96937191
2085.6 0.96240419
2090.0 0.96434969
2094.4 0.95767283
2098.8 0.95919722
2103.2 0.96057659
2107.6 0.97085643
2112.0 0.99283582
2116.4 0.97688174
2120.8 1.0112375
2125.2 1.0354029
2129.6 1.0652419
2134.0 1.0612491
2138.4 1.0303049
2142.8 1.0243318
2147.2 1.0267751
2151.6 1.0026516
2156.0 0.98319805
2160.4 0.97685605
2164.8 0.97228056
2169.2 0.99012029
2173.6 1.0094819
2178.0 1.0126917
2182.4 1.0053601
2186.8 1.0071458
2191.2 1.0000752
2195.6 1.0043975
2200.0 0.99345404
2204.4 0.98861068
2208.8 0.98905253
2213.2 0.98379928
2217.6 0.97070277
2222.0 0.95602131
2226.4 0.96429455
2230.8 0.96684378
2235.2 0.96662772
2239.6 0.95665294
2244.0 0.94860399
2248.4 0.94550627
2252.8 0.94020253
2257.2 0.93596435
2261.6 0.92736632
2266.0 0.91429746
2270.4 0.91836298
2274.8 0.91788614
2279.2 0.90718859
2283.6 0.88292903
2288.0 0.90508777
2292.4 0.90856904
2296.8 0.90252382
2301.2 0.90197068
2305.6 0.90920085
2310.0 0.89189065
2314.4 0.89169008
2318.8 0.87378603
2323.2 0.85961735
2327.6 0.82555842
2332.0 0.82129401
2336.4 0.81946182
2340.8 0.81099278
2345.2 0.83257818
2349.6 0.84424883
2354.0 0.84561139
2358.4 0.82703859
2362.8 0.83504415
2367.2 0.83826196
2371.6 0.84909904
2376.0 0.84878343
2380.4 0.86799097
2384.8 0.89275086
2389.2 0.90013915
2393.6 0.88815063
2398.0 0.91489547
2402.4 0.92663276
2406.8 0.92528480
2411.2 0.92960453
2415.6 0.96676302
2420.0 0.99001837
2424.4 0.98443294
2428.8 1.0026926
2433.2 0.97941428
2437.6 1.0034513
2442.0 1.0373526
2446.4 1.1232822
2450.8 1.2239685
2455.2 1.3806667
2459.6 1.5403270
2464.0 1.5888157
2468.4 1.5073825
2472.8 1.3345058
2477.2 1.1867355
2481.6 1.0948573
2486.0 1.0492198
2490.4 1.0131897
2494.8 0.98522812
2499.2 0.96314240
2503.6 0.94196200
2508.0 0.93488306
2512.4 0.91556233
2516.8 0.89877814
2521.2 0.87966692
2525.6 0.86870241
2530.0 0.86565530
2534.4 0.84047979
2538.8 0.84170145
2543.2 0.82039386
2547.6 0.81465822
2552.0 0.81337273
2556.4 0.77945334
2560.8 0.79077142
2565.2 0.78988773
2569.6 0.80110776
2574.0 0.82271057
2578.4 0.83004701
2582.8 0.83251703
2587.2 0.83148080
2591.6 0.83689928
2596.0 0.82513034
2600.4 0.82682234
2604.8 0.83743429
2609.2 0.82473618
2613.6 0.82719183
2618.0 0.81201208
2622.4 0.81657869
2626.8 0.79658055
2631.2 0.78287780
2635.6 0.76854789
2640.0 0.76129371
2644.4 0.74276501
2648.8 0.73498392
2653.2 0.71461219
2657.6 0.70056278
2662.0 0.69748157
2666.4 0.70383626
2670.8 0.69441593
2675.2 0.70901161
2679.6 0.71247983
2684.0 0.71448857
2688.4 0.71416134
2692.8 0.71453255
2697.2 0.72845942
2701.6 0.72067785
2706.0 0.73466456
2710.4 0.73361486
2714.8 0.73048079
2719.2 0.72229558
2723.6 0.72941548
2728.0 0.72403789
2732.4 0.73922342
2736.8 0.75772053
2741.2 0.75950509
2745.6 0.78962976
2750.0 0.79576564
2754.4 0.79517806
2758.8 0.78403616
2763.2 0.78303796
2767.6 0.75396240
2772.0 0.77043998
2776.4 0.76262718
2780.8 0.76095814
2785.2 0.77023959
2789.6 0.79030490
2794.0 0.79082602
2798.4 0.80047405
2802.8 0.80521661
2807.2 0.81121200
2811.6 0.80299687
2816.0 0.80663282
2820.4 0.79438120
2824.8 0.80309498
2829.2 0.79293078
2833.6 0.76914424
2838.0 0.76922053
2842.4 0.77842659
2846.8 0.75767916
2851.2 0.75627702
2855.6 0.75660801
2860.0 0.75592089
2864.4 0.76767856
2868.8 0.76405734
2873.2 0.75086695
2877.6 0.74915540
2882.0 0.76398838
2886.4 0.76230001
2890.8 0.75685191
2895.2 0.77046782
2899.6 0.74843276
2904.0 0.73892218
2908.4 0.72878128
2912.8 0.72152042
2917.2 0.71586102
2921.6 0.70087695
2926.0 0.69787425
2930.4 0.70587271
2934.8 0.71191543
2939.2 0.72083515
2943.6 0.74309027
2948.0 0.71757925
2952.4 0.70736104
2956.8 0.70276284
2961.2 0.69919920
2965.6 0.69084013
2970.0 0.70700306
2974.4 0.70420623
2978.8 0.70897031
2983.2 0.70213223
2987.6 0.70408118
2992.0 0.70425516
2996.4 0.72014862
3000.8 0.72415066
3005.2 0.73617882
3009.6 0.75983196
3014.0 0.79050267
3018.4 0.75296223
3022.8 0.72408724
3027.2 0.72797740
3031.6 0.71654999
3036.0 0.69016296
3040.4 0.69764960
3044.8 0.69941455
3049.2 0.67974782
3053.6 0.67491210
3058.0 0.65969110
3062.4 0.65012950
3066.8 0.66734892
3071.2 0.66523898
3075.6 0.65559733
3080.0 0.66820300
3084.4 0.65122777
3088.8 0.64053673
3093.2 0.64005029
3097.6 0.62906075
3102.0 0.61842227
3106.4 0.60629070
3110.8 0.61370736
3115.2 0.61200422
3119.6 0.59410912
3124.0 0.59912831
3128.4 0.60856920
3132.8 0.61240816
3137.2 0.60062975
3141.6 0.61140853
3146.0 0.62641633
3150.4 0.61444902
3154.8 0.62760115
3159.2 0.60940385
3163.6 0.61063433
3168.0 0.60138911
3172.4 0.60893428
3176.8 0.61230516
3181.2 0.60005850
3185.6 0.61647457
3190.0 0.60588866
3194.4 0.60030907
3198.8 0.60537314
3203.2 0.59206271
3207.6 0.59834510
3212.0 0.59337986
3216.4 0.59711480
3220.8 0.60084563
3225.2 0.59258723
3229.6 0.58730185
3234.0 0.58545387
3238.4 0.58255649
3242.8 0.57882279
3247.2 0.57901001
3251.6 0.58690006
3256.0 0.58584577
3260.4 0.58508819
3264.8 0.57369262
3269.2 0.57566649
3273.6 0.59967756
3278.0 0.67572999
3282.4 0.70175958
3286.8 0.59291035
3291.2 0.57173640
3295.6 0.57146049
3300.0 0.56451076
3304.4 0.58461374
3308.8 0.56811231
3313.2 0.55549043
3317.6 0.55918431
3322.0 0.55271083
3326.4 0.54528469
3330.8 0.53942227
3335.2 0.53262174
3339.6 0.50356317
3344.0 0.51160431
3348.4 0.50189024
3352.8 0.52368242
3357.2 0.52230030
3361.6 0.51658225
3366.0 0.51132447
3370.4 0.50743228
3374.8 0.52028888
3379.2 0.50954545
3383.6 0.51795119
3388.0 0.52571809
3392.4 0.53427958
3396.8 0.55540216
3401.2 0.59767407
3405.6 0.62246472
3410.0 0.55932099
3414.4 0.52257770
3418.8 0.54118890
3423.2 0.54540861
3427.6 0.51685530
3432.0 0.50570029
3436.4 0.50634253
3440.8 0.49735314
3445.2 0.49431723
3449.6 0.48504904
3454.0 0.47091743
3458.4 0.45526743
3462.8 0.45201203
3467.2 0.46568164
3471.6 0.47948781
3476.0 0.48077980
3480.4 0.48606670
3484.8 0.49796006
3489.2 0.49828538
3493.6 0.49512765
3498.0 0.47855535
3502.4 0.48048714
3506.8 0.47790292
3511.2 0.45799905
3515.6 0.46376652
3520.0 0.44814613
3524.4 0.44809535
3528.8 0.44026530
3533.2 0.44978037
3537.6 0.45542800
3542.0 0.44706354
3546.4 0.43295422
3550.8 0.43242356
3555.2 0.43035242
3559.6 0.42521876
3564.0 0.43808168
3568.4 0.42881033
3572.8 0.43975985
3577.2 0.44843680
3581.6 0.47569886
3586.0 0.46829879
3590.4 0.46547776
3594.8 0.48597461
3599.2 0.49270701
3603.6 0.50982320
3608.0 0.54205287
3612.4 0.52611899
3616.8 0.49975628
3621.2 0.49719369
3625.6 0.47490364
3630.0 0.46297202
3634.4 0.45809454
3638.8 0.45036975
3643.2 0.43528688
3647.6 0.41848814
3652.0 0.41356665
3656.4 0.41545036
3660.8 0.42689204
3665.2 0.42341462
3669.6 0.42061532
3674.0 0.42982927
3678.4 0.41494223
3682.8 0.40964824
3687.2 0.41713789
3691.6 0.40753758
3696.0 0.40309089
3700.4 0.40240559
3704.8 0.40172198
3709.2 0.40350199
3713.6 0.40677848
3718.0 0.40486047
3722.4 0.40329543
3726.8 0.42577979
3731.2 0.42315578
3735.6 0.42954084
3740.0 0.42182469
3744.4 0.41160509
3748.8 0.40496039
3753.2 0.42305246
3757.6 0.42273179
3762.0 0.41965416
3766.4 0.43899208
3770.8 0.42728186
3775.2 0.44104236
3779.6 0.46498853
3784.0 0.45690137
3788.4 0.46619809
3792.8 0.47468814
3797.2 0.49406049
3801.6 0.52532887
3806.0 0.53106946
3810.4 0.56040722
3814.8 0.60651308
3819.2 0.62892431
3823.6 0.63154155
3828.0 0.58717722
3832.4 0.57664055
3836.8 0.57081103
3841.2 0.54306316
3845.6 0.51844174
3850.0 0.47475344
3854.4 0.46480745
3858.8 0.44626907
3863.2 0.43721914
3867.6 0.44826409
3872.0 0.43600136
3876.4 0.42854720
3880.8 0.42894688
3885.2 0.41888735
3889.6 0.41589782
3894.0 0.41369829
3898.4 0.38812795
3902.8 0.40137672
3907.2 0.39928395
3911.6 0.40942585
3916.0 0.40051645
3920.4 0.39873147
3924.8 0.41665503
3929.2 0.42264169
3933.6 0.43855509
3938.0 0.43216681
3942.4 0.42883763
3946.8 0.41271359
3951.2 0.43539891
3955.6 0.43632925
3960.0 0.43897679
3964.4 0.43578789
3968.8 0.45214817
3973.2 0.47136080
3977.6 0.46792695
3982.0 0.44869763
3986.4 0.43804696
3990.8 0.42739105
3995.2 0.43032393
3999.6 0.46194711
4004.0 0.44934765
4008.4 0.44381884
4012.8 0.46096990
4017.2 0.45705020
4021.6 0.42322001
4026.0 0.44598189
4030.4 0.46365219
4034.8 0.44365996
4039.2 0.43514472
4043.6 0.44196284
4048.0 0.42541000
4052.4 0.41545504
4056.8 0.41675729
4061.2 0.42997900
4065.6 0.44552305
4070.0 0.44519368
4074.4 0.43623719
4078.8 0.44159988
4083.2 0.42837441
4087.6 0.43542552
4092.0 0.42219117
4096.4 0.44424808
4100.8 0.41805539
4105.2 0.43155250
4109.6 0.41350988
4114.0 0.41730225
4118.4 0.42046472
4122.8 0.43423378
4127.2 0.39598051
4131.6 0.39505753
4136.0 0.37135249
4140.4 0.36659271
4144.8 0.36139598
4149.2 0.37015933
4153.6 0.36887571
4158.0 0.36770093
4162.4 0.36103317
4166.8 0.36643216
4171.2 0.37012565
4175.6 0.36227977
4180.0 0.35005489
4184.4 0.35309955
4188.8 0.35446206
4193.2 0.35253817
4197.6 0.35795295
4202.0 0.36242220
4206.4 0.36887810
4210.8 0.36740452
4215.2 0.36443484
4219.6 0.37144741
4224.0 0.38202438
4228.4 0.38218874
4232.8 0.38561550
4237.2 0.39996722
4241.6 0.42345160
4246.0 0.42533842
4250.4 0.45706502
4254.8 0.46118197
4259.2 0.47650209
4263.6 0.51199245
4268.0 0.53295451
4272.4 0.59614241
4276.8 0.65011817
4281.2 0.62943918
4285.6 0.58700097
4290.0 0.54499823
4294.4 0.51544368
4298.8 0.48971868
4303.2 0.45729125
4307.6 0.44904050
4312.0 0.44449982
4316.4 0.42894053
4320.8 0.40494233
4325.2 0.41694009
4329.6 0.40326035
4334.0 0.39699724
4338.4 0.39021578
4342.8 0.37963885
4347.2 0.37542304
4351.6 0.38510981
4356.0 0.38511425
4360.4 0.45434257
4364.8 0.49656609
4369.2 0.41499496
4373.6 0.36849964
4378.0 0.35867476
4382.4 0.35559431
4386.8 0.34678131
4391.2 0.36926034
4395.6 0.40333155
4400.0 0.49005151
4404.4 0.69026691
4408.8 0.68852949
4413.2 0.46291396
4417.6 0.38962194
4422.0 0.36621717
4426.4 0.35608765
4430.8 0.34762004
4435.2 0.34087524
4439.6 0.34102747
4444.0 0.33854499
4448.4 0.33895481
4452.8 0.33842432
4457.2 0.33283135
4461.6 0.32906142
4466.0 0.32898724
4470.4 0.31634015
4474.8 0.30977082
4479.2 0.32331660
4483.6 0.32034394
4488.0 0.32425758
4492.4 0.31112245
4496.8 0.31359833
4501.2 0.30915797
4505.6 0.31988415
4510.0 0.31420088
4514.4 0.30604652
4518.8 0.31300035
4523.2 0.31098711
4527.6 0.32039797
4532.0 0.32199800
4536.4 0.33483556
4540.8 0.34201002
4545.2 0.33712974
4549.6 0.32732219
4554.0 0.34165761
4558.4 0.32746050
4562.8 0.31928188
4567.2 0.31986028
4571.6 0.33784562
4576.0 0.33146921
4580.4 0.31395510
4584.8 0.31801531
4589.2 0.32088214
4593.6 0.32621118
4598.0 0.32086205
4602.4 0.32384893
4606.8 0.32251963
4611.2 0.32423753
4615.6 0.31234744
4620.0 0.31758294
4624.4 0.32783338
4628.8 0.31201953
4633.2 0.32077709
4637.6 0.32201359
4642.0 0.31959403
4646.4 0.31999347
4650.8 0.32224172
4655.2 0.32008085
4659.6 0.33232856
4664.0 0.31719115
4668.4 0.31046253
4672.8 0.33943444
4677.2 0.31678936
4681.6 0.33146429
4686.0 0.32302955
4690.4 0.31335166
4694.8 0.30885670
4699.2 0.30528915
4703.6 0.31437537
4708.0 0.29788369
4712.4 0.30045888
4716.8 0.30345982
4721.2 0.30011386
4725.6 0.28596598
4730.0 0.29115015
4734.4 0.29811156
4738.8 0.29742032
4743.2 0.28831702
4747.6 0.28931737
4752.0 0.28682369
4756.4 0.28121266
4760.8 0.28676489
4765.2 0.29253438
4769.6 0.29050282
4774.0 0.28335020
4778.4 0.27917081
4782.8 0.27494630
4787.2 0.28442308
4791.6 0.27417246
4796.0 0.29263788
4800.4 0.27577451
4804.8 0.27696890
4809.2 0.27263454
4813.6 0.27225211
4818.0 0.27187046
4822.4 0.27148965
4826.8 0.27764228
4831.2 0.27878773
4835.6 0.28513429
4840.0 0.27811468
4844.4 0.27888203
4848.8 0.26922157
4853.2 0.26884630
4857.6 0.27643889
4862.0 0.28455481
4866.4 0.27968380
4870.8 0.27279967
4875.2 0.28347269
4879.6 0.28795317
4884.0 0.27345002
4888.4 0.27648824
4892.8 0.26550451
4897.2 0.26513708
4901.6 0.27041423
4906.0 0.26590273
4910.4 0.29063195
4914.8 0.27740350
4919.2 0.26978779
4923.6 0.30115765
4928.0 0.29710290
4932.4 0.28363827
4936.8 0.27841032
4941.2 0.26575434
4945.6 0.26534683
4950.0 0.26078722
4954.4 0.26927921
4958.8 0.26007277
4963.2 0.26129580
4967.6 0.25936127
4972.0 0.26143315
4976.4 0.25865266
4980.8 0.26005101
4985.2 0.25905812
4989.6 0.25759527
4994.0 0.26652673
4998.4 0.26254782
5002.8 0.25654456
5007.2 0.25619569
5011.6 0.25584760
5016.0 0.25550020
5020.4 0.25515351
5024.8 0.25480759
5029.2 0.25446233
5033.6 0.25967059
5038.0 0.25377393
5042.4 0.25416645
5046.8 0.25308836
5051.2 0.25420603
5055.6 0.25249040
5060.0 0.25206518
5064.4 0.25448895
5068.8 0.25801766
5073.2 0.25922984
5077.6 0.25679573
5082.0 0.25634059
5086.4 0.25558463
5090.8 0.25204176
5095.2 0.25410256
5099.6 0.25242463
5104.0 0.25192133
5108.4 0.25751415
5112.8 0.26877919
5117.2 0.25557673
5121.6 0.26442441
5126.0 0.25929651
5130.4 0.26729795
5134.8 0.26101798
5139.2 0.26947162
5143.6 0.26515564
5148.0 0.26634863
5152.4 0.27408007
5156.8 0.26741955
5161.2 0.27251455
5165.6 0.28149003
5170.0 0.30305994
5174.4 0.29611352
5178.8 0.29038572
5183.2 0.29195070
5187.6 0.26620495
5192.0 0.26173279
5196.4 0.27390859
5200.8 0.26905176
5205.2 0.25967598
5209.6 0.26107529
5214.0 0.26250172
5218.4 0.26283580
5222.8 0.25819814
5227.2 0.26328495
5231.6 0.26868919
5236.0 0.25214943
5240.4 0.25483507
5244.8 0.25307465
5249.2 0.26118654
5253.6 0.24639620
5258.0 0.24903332
5262.4 0.24835195
5266.8 0.24745907
5271.2 0.24923508
5275.6 0.24873804
5280.0 0.24812773
5284.4 0.25037420
5288.8 0.24632540
5293.2 0.24427278
5297.6 0.23998688
5302.0 0.23979132
5306.4 0.23588288
5310.8 0.24046649
5315.2 0.24098827
5319.6 0.24376522
5324.0 0.24574232
5328.4 0.23638216
5332.8 0.24146499
5337.2 0.24871971
5341.6 0.24582270
5346.0 0.24827693
5350.4 0.25281012
5354.8 0.24867298
5359.2 0.25052142
5363.6 0.24557380
5368.0 0.25792217
5372.4 0.23716287
5376.8 0.22928280
5381.2 0.23276505
5385.6 0.22966264
5390.0 0.23091203
5394.4 0.23124163
5398.8 0.23579241
5403.2 0.24016172
5407.6 0.22926512
5412.0 0.23571958
5416.4 0.24210502
5420.8 0.23319398
5425.2 0.22931220
5429.6 0.22579272
5434.0 0.22550559
5438.4 0.22646935
5442.8 0.23984763
5447.2 0.22852589
5451.6 0.22988245
5456.0 0.22407821
5460.4 0.22464922
5464.8 0.22446465
5469.2 0.22812366
5473.6 0.22583060
5478.0 0.23098971
5482.4 0.23177387
5486.8 0.22652218
5491.2 0.22497313
5495.6 0.22464487
5500.0 0.23113342
5504.4 0.22969957
5508.8 0.22486028
5513.2 0.22323722
5517.6 0.22152708
5522.0 0.22046772
5526.4 0.22230324
5530.8 0.22425537
5535.2 0.23167402
5539.6 0.23486830
5544.0 0.23932248
5548.4 0.24694207
5552.8 0.23707996
5557.2 0.22547266
5561.6 0.22621968
5566.0 0.22389409
5570.4 0.22041333
5574.8 0.22386228
5579.2 0.23053481
5583.6 0.23297188
5588.0 0.22573303
5592.4 0.22750363
5596.8 0.23091854
5601.2 0.23510066
5605.6 0.23867933
5610.0 0.22693032
5614.4 0.22918913
5618.8 0.23345432
5623.2 0.23416387
5627.6 0.22919707
5632.0 0.22880152
5636.4 0.23221041
5640.8 0.23200941
5645.2 0.22949247
5649.6 0.23514031
5654.0 0.23274426
5658.4 0.23604178
5662.8 0.24170318
5667.2 0.23833874
5671.6 0.24528924
5676.0 0.24137148
5680.4 0.25777557
5684.8 0.25969332
5689.2 0.26650283
5693.6 0.27401468
5698.0 0.27291417
5702.4 0.27850008
5706.8 0.29413313
5711.2 0.29577512
5715.6 0.30867094
5720.0 0.32293963
5724.4 0.34276941
5728.8 0.36572978
5733.2 0.39343527
5737.6 0.43159762
5742.0 0.47926530
5746.4 0.53760785
5750.8 0.60635352
5755.2 0.71093029
5759.6 0.83531624
5764.0 0.99198860
5768.4 1.1499943
5772.8 1.3527706
5777.2 1.3902473
5781.6 1.1889317
5786.0 0.98958117
5790.4 0.90033227
5794.8 0.84801096
5799.2 0.73437673
5803.6 0.61954677
5808.0 0.55815315
5812.4 0.50911957
5816.8 0.46428657
5821.2 0.43012390
5825.6 0.40922928
5830.0 0.38316169
5834.4 0.35675278
5838.8 0.33481073
5843.2 0.31276834
5847.6 0.29392192
5852.0 0.28796524
5856.4 0.28205320
5860.8 0.26787391
5865.2 0.26614830
5869.6 0.26115885
5874.0 0.26145777
5878.4 0.26606652
5882.8 0.26532373
5887.2 0.25980136
5891.6 0.25137839
5896.0 0.26393443
5900.4 0.27071851
5904.8 0.27623415
5909.2 0.30420071
5913.6 0.30262828
5918.0 0.28212824
5922.4 0.28497028
5926.8 0.28841326
5931.2 0.28012776
5935.6 0.25852582
5940.0 0.23749711
5944.4 0.23516653
5948.8 0.22921175
5953.2 0.22225726
5957.6 0.22086798
5962.0 0.21471158
5966.4 0.20525491
5970.8 0.20411602
5975.2 0.20511886
5979.6 0.20475993
5984.0 0.19521648
5988.4 0.19339095
5992.8 0.19316578
5997.2 0.19935140
