300.0 0.0
385.0 0.0000000
388.85 0.0000000
392.7 0.0000000
396.55 0.0000000
400.4 0.0000000
404.25 0.0000000
408.1 0.0000000
411.95 0.0000000
415.8 0.0000000
419.65 0.0000000
423.5 0.0000000
427.35 0.0000000
431.2 0.0000000
435.05 0.0000000
438.9 0.0000000
442.75 0.0000000
446.6 0.0000000
450.45 0.0000000
454.3 0.0000000
458.15 0.0000000
462.0 0.0000000
465.85 0.0000000
469.7 0.0000000
473.55 0.0000000
477.4 0.0000000
481.25 0.0000000
485.1 0.0000000
488.95 0.0000000
492.8 0.0000000
496.65 0.0000000
500.5 0.0000000
504.35 0.0000000
508.2 0.0000000
512.05 0.0000000
515.9 0.0000000
519.75 0.0000000
523.6 0.0000000
527.45 0.0000000
531.3 0.0000000
535.15 0.0000000
539.0 0.0000000
542.85 0.0000000
546.7 0.0000000
550.55 0.0000000
554.4 0.0000000
558.25 0.0000000
562.1 0.0000000
565.95 0.0000000
569.8 0.0000000
573.65 0.0000000
577.5 0.0000000
581.35 0.0000000
585.2 0.0000000
589.05 0.0000000
592.9 0.0000000
596.75 0.0000000
600.6 0.0000000
604.45 0.0000000
608.3 0.0000000
612.15 0.0000000
616.0 0.0000000
619.85 0.0000000
623.7 0.0000000
627.55 0.0000000
631.4 0.0000000
635.25 0.0000000
639.1 0.0000000
642.95 0.0000000
646.8 0.0000000
650.65 0.0000000
654.5 0.0000000
658.35 0.0000000
662.2 0.0000000
666.05 0.0000000
669.9 0.0000000
673.75 0.0000000
677.6 0.0000000
681.45 0.0000000
685.3 0.0000000
689.15 0.0000000
693.0 0.0000000
696.85 0.0000000
700.7 0.0000000
704.55 2.43396126E-02
708.4 2.05167588E-02
712.25 1.71995610E-02
716.1 1.43388892E-02
719.95 1.18838772E-02
723.8 9.79260076E-03
727.65 8.02021194E-03
731.5 6.52681757E-03
735.35 5.27823949E-03
739.2 4.23967512E-03
743.05 3.38249188E-03
746.9 2.68010981E-03
750.75 2.01469902E-02
754.6 1.71847530E-02
758.45 1.45908063E-02
762.3 1.23306736E-02
766.15 1.03720473E-02
770.0 9.52180661E-03
773.85 8.30994546E-03
777.7 6.87994296E-03
781.55 6.12471439E-03
785.4 5.55135123E-03
789.25 5.03178174E-03
793.1 0.30325231
796.95 0.28466636
800.8 0.22090906
804.65 0.16898011
808.5 0.14533827
812.35 0.12924092
816.2 0.11803714
820.05 0.10890866
823.9 9.60413143E-02
827.75 7.82354400E-02
831.6 7.09884539E-02
835.45 5.68899363E-02
839.3 4.62055951E-02
843.15 3.80121246E-02
847.0 3.24642472E-02
850.85 2.90946327E-02
854.7 2.45361459E-02
858.55 2.19227746E-02
862.4 1.96900908E-02
866.25 1.66226756E-02
870.1 1.28151355E-02
873.95 1.06798327E-02
877.8 8.34332779E-03
881.65 7.17346696E-03
885.5 6.01690123E-03
889.35 4.87976894E-03
893.2 4.05446440E-03
897.05 3.46884341E-03
900.9 2.97304662E-03
904.75 2.62786844E-03
908.6 2.22524139E-03
912.45 1.89403573E-03
916.3 1.63125282E-03
920.15 1.44436432E-03
924.0 1.30589248E-03
927.85 1.23357575E-03
931.7 1.20082404E-03
935.55 1.27030734E-03
939.4 7.6413846
943.25 6.1675234
947.1 5.7406273
950.95 5.7264047
954.8 5.3533115
958.65 4.2769380
962.5 3.6852834
966.35 3.4588137
970.2 3.3034036
974.05 3.0827739
977.9 2.8094072
981.75 2.6269517
985.6 2.5613399
989.45 2.5631421
993.3 2.5996003
997.15 2.6121538
1001.0 2.8042738
1004.85 2.8428116
1008.7 2.7154541
1012.55 2.4697883
1016.4 2.4810925
1020.25 2.4540153
1024.1 2.5081422
1027.95 2.5465624
1031.8 2.5108254
1035.65 2.4160955
1039.5 2.3796511
1043.35 2.4507978
1047.2 2.4312043
1051.05 2.4673302
1054.9 2.4311125
1058.75 2.4835577
1062.6 2.6209197
1066.45 2.7631221
1070.3 2.9608982
1074.15 3.0103939
1078.0 3.0479732
1081.85 2.7670567
1085.7 2.5792665
1089.55 2.4391453
1093.4 2.3760953
1097.25 2.3615932
1101.1 2.2512071
1104.95 2.2190845
1108.8 2.2022755
1112.65 2.1823893
1116.5 2.2179670
1120.35 2.1931517
1124.2 2.1430233
1128.05 2.2037888
1131.9 2.1622679
1135.75 2.1925137
1139.6 2.2413955
1143.45 2.2709053
1147.3 2.3225033
1151.15 2.3154638
1155.0 2.3851209
1158.85 2.4341187
1162.7 2.4894171
1166.55 2.5794618
1170.4 2.7673852
1174.25 3.0196385
1178.1 3.3088193
1181.95 3.6764021
1185.8 4.1329899
1189.65 4.3996406
1193.5 3.9870620
1197.35 3.3768685
1201.2 2.9134197
1205.05 2.6697571
1208.9 2.5453014
1212.75 2.4722860
1216.6 2.3513782
1220.45 2.3389986
1224.3 2.2647250
1228.15 2.3052304
1232.0 2.3072770
1235.85 2.2950428
1239.7 2.3158820
1243.55 2.2827480
1247.4 2.3129287
1251.25 2.3406482
1255.1 2.3400624
1258.95 2.3858778
1262.8 2.2894511
1266.65 2.2696049
1270.5 2.2359214
1274.35 2.2682934
1278.2 2.2742660
1282.05 2.2377262
1285.9 2.1206207
1289.75 2.0484946
1293.6 2.0161183
1297.45 1.9754943
1301.3 1.9753002
1305.15 1.9665829
1309.0 1.9594802
1312.85 1.9869840
1316.7 1.9773984
1320.55 2.0057383
1324.4 2.0116808
1328.25 2.0046799
1332.1 1.9783747
1335.95 2.0001295
1339.8 2.0057967
1343.65 2.0567839
1347.5 2.0204880
1351.35 1.9848177
1355.2 1.8945495
1359.05 1.9200902
1362.9 1.9259961
1366.75 1.8976163
1370.6 1.9589626
1374.45 1.9747796
1378.3 1.9201772
1382.15 1.8848604
1386.0 1.8847854
1389.85 1.8822583
1393.7 1.8788888
1397.55 1.9002763
1401.4 1.8646190
1405.25 1.8563141
1409.1 1.8776362
1412.95 1.8731233
1416.8 1.9170897
1420.65 1.9064485
1424.5 2.0271940
1428.35 2.0177681
1432.2 2.0358453
1436.05 2.0026314
1439.9 2.0046315
1443.75 2.0206962
1447.6 2.1081200
1451.45 2.2656956
1455.3 2.4082878
1459.15 2.5237186
1463.0 2.5659583
1466.85 2.6977203
1470.7 2.5771725
1474.55 2.3538184
1478.4 2.1506875
1482.25 2.0153368
1486.1 1.9510033
1489.95 1.8857124
1493.8 1.8243681
1497.65 1.7769823
1501.5 1.7621121
1505.35 1.6927929
1509.2 1.6632057
1513.05 1.6471409
1516.9 1.6601828
1520.75 1.6642673
1524.6 1.6230388
1528.45 1.6268145
1532.3 1.6325406
1536.15 1.6432968
1540.0 1.5997999
1543.85 1.6144438
1547.7 1.6492749
1551.55 1.5573504
1555.4 1.5958443
1559.25 1.6033785
1563.1 1.5895019
1566.95 1.6004093
1570.8 1.5724660
1574.65 1.5491045
1578.5 1.5895472
1582.35 1.6511614
1586.2 1.6158804
1590.05 1.6538516
1593.9 1.6373664
1597.75 1.6392030
1601.6 1.6274456
1605.45 1.6458349
1609.3 1.6385982
1613.15 1.6319844
1617.0 1.5775521
1620.85 1.5497072
1624.7 1.5675503
1628.55 1.5875871
1632.4 1.5183101
1636.25 1.5893756
1640.1 1.5319513
1643.95 1.5663571
1647.8 1.5498825
1651.65 1.5792115
1655.5 1.5025408
1659.35 1.5226536
1663.2 1.5190961
1667.05 1.5434951
1670.9 1.4650860
1674.75 1.4802119
1678.6 1.5063022
1682.45 1.4374013
1686.3 1.4621290
1690.15 1.4160031
1694.0 1.3746939
1697.85 1.3711225
1701.7 1.3675650
1705.55 1.3744104
1709.4 1.3806100
1713.25 1.3805166
1717.1 1.3591357
1720.95 1.3499813
1724.8 1.3465044
1728.65 1.3430415
1732.5 1.3577080
1736.35 1.3531879
1740.2 1.3708060
1744.05 1.3767525
1747.9 1.3738955
1751.75 1.3815697
1755.6 1.3919629
1759.45 1.4147735
1763.3 1.4440718
1767.15 1.4304368
1771.0 1.4657727
1774.85 1.4801109
1778.7 1.4900454
1782.55 1.4958043
1786.4 1.5039299
1790.25 1.5202855
1794.1 1.5254613
1797.95 1.5023589
1801.8 1.4866424
1805.65 1.4509590
1809.5 1.4449252
1813.35 1.4146832
1817.2 1.4329458
1821.05 1.4129782
1824.9 1.4015408
1828.75 1.4030966
1832.6 1.3921204
1836.45 1.3930796
1840.3 1.3938307
1844.15 1.4074891
1848.0 1.4380734
1851.85 1.4137120
1855.7 1.4621407
1859.55 1.4957678
1863.4 1.5375302
1867.25 1.5304345
1871.1 1.4845239
1874.95 1.4746449
1878.8 1.4768940
1882.65 1.4409630
1886.5 1.4118035
1890.35 1.4015087
1894.2 1.3937677
1898.05 1.4181492
1901.9 1.4446723
1905.75 1.4480597
1909.6 1.4363850
1913.45 1.4377493
1917.3 1.4264826
1921.15 1.4314759
1925.0 1.4147261
1928.85 1.4066870
1932.7 1.4061797
1936.55 1.3975860
1940.4 1.3778770
1944.25 1.3559554
1948.1 1.3666034
1951.95 1.3691331
1955.8 1.3677497
1959.65 1.3525753
1963.5 1.3401480
1967.35 1.3347337
1971.2 1.3262190
1975.05 1.3192232
1978.9 1.3061014
1982.75 1.2867115
1986.6 1.2914487
1990.45 1.2898002
1994.3 1.2738056
1998.15 1.2388103
2002.0 1.2689500
2005.85 1.2728814
2009.7 1.2634733
2013.55 1.2617654
2017.4 1.2709428
2021.25 1.2458313
2025.1 1.2446415
2028.95 1.2187637
2032.8 1.1981324
2036.65 1.1498311
2040.5 1.1430695
2044.35 1.1397036
2048.2 1.1271211
2052.05 1.1562992
2055.9 1.1716787
2059.75 1.1727431
2063.6 1.1461810
2067.45 1.1564674
2071.3 1.1601158
2075.15 1.1742996
2079.0 1.1730533
2082.85 1.1987737
2086.7 1.2321254
2090.55 1.2414752
2094.4 1.2241083
2098.25 1.2601165
2102.1 1.2754223
2105.95 1.2727122
2109.8 1.2777987
2113.65 1.3279901
2117.5 1.3590324
2121.35 1.3504719
2125.2 1.3746156
2129.05 1.3418224
2132.9 1.3738557
2136.75 1.4193470
2140.6 1.5359230
2144.45 1.6725159
2148.3 1.8854259
2152.15 2.1021085
2156.0 2.1668983
2159.85 2.0545287
2163.7 1.8177497
2167.55 1.6154492
2171.4 1.4894432
2175.25 1.4264644
2179.1 1.3766203
2182.95 1.3377970
2186.8 1.3069979
2190.65 1.2774678
2194.5 1.2670883
2198.35 1.2401428
2202.2 1.2166659
2206.05 1.1900716
2209.9 1.1745270
2213.75 1.1697013
2217.6 1.1350011
2221.45 1.1359706
2225.3 1.1065536
2229.15 1.0981647
2233.0 1.0957826
2236.85 1.0494668
2240.7 1.0640802
2244.55 1.0622692
2248.4 1.0767298
2252.25 1.1051227
2256.1 1.1143322
2259.95 1.1170034
2263.8 1.1149724
2267.65 1.1215953
2271.5 1.1051922
2275.35 1.1068288
2279.2 1.1203996
2283.05 1.1027881
2286.9 1.1054498
2290.75 1.0845559
2294.6 1.0900466
2298.45 1.0627598
2302.3 1.0438992
2306.15 1.0242254
2310.0 1.0139997
2313.85 0.98877823
2317.7 0.97788548
2321.55 0.95026350
2325.4 0.93107587
2329.25 0.92647994
2333.1 0.93441772
2336.95 0.92141622
2340.8 0.94027996
2344.65 0.94437605
2348.5 0.94653589
2352.35 0.94560152
2356.2 0.94559425
2360.05 0.96351838
2363.9 0.95272624
2367.75 0.97070998
2371.6 0.96881920
2375.45 0.96418023
2379.3 0.95288432
2383.15 0.96178192
2387.0 0.95420194
2390.85 0.97371697
2394.7 0.99757344
2398.55 0.99941552
2402.4 1.0385301
2406.25 1.0460731
2410.1 1.0447756
2413.95 1.0296208
2417.8 1.0277967
2421.65 0.98914075
2425.5 1.0102574
2429.35 0.99951911
2433.2 0.99684060
2437.05 1.0085045
2440.9 1.0342712
2444.75 1.0344493
2448.6 1.0465614
2452.45 1.0522524
2456.3 1.0595760
2460.15 1.0483418
2464.0 1.0525843
2467.85 1.0361021
2471.7 1.0469693
2475.55 1.0332282
2479.4 1.0017598
2483.25 1.0013874
2487.1 1.0128961
2490.95 0.98543811
2494.8 0.98315620
2498.65 0.98312920
2502.5 0.98178124
2506.35 0.99659163
2510.2 0.99143440
2514.05 0.97387189
2517.9 0.97120768
2521.75 0.98998582
2525.6 0.98734963
2529.45 0.97984940
2533.3 0.99702698
2537.15 0.96807677
2541.0 0.95534688
2544.85 0.94181502
2548.7 0.93201619
2552.55 0.92429525
2556.4 0.90454799
2560.25 0.90027535
2564.1 0.91019368
2567.95 0.91758305
2571.8 0.92867368
2575.65 0.95692915
2579.5 0.92367566
2583.35 0.91012907
2587.2 0.90382266
2591.05 0.89885312
2594.9 0.88772655
2598.75 0.90810806
2602.6 0.90413040
2606.45 0.90986055
2610.3 0.90070409
2614.15 0.90282333
2618.0 0.90266675
2621.85 0.92265123
2625.7 0.92739075
2629.55 0.94240236
2633.4 0.97227776
2637.25 1.0111053
2641.1 0.96269125
2644.95 0.92539281
2648.8 0.92998320
2652.65 0.91501051
2656.5 0.88095611
2660.35 0.89015073
2664.2 0.89204150
2668.05 0.86660874
2671.9 0.86009735
2675.75 0.84036285
2679.6 0.82785118
2683.45 0.84943932
2687.3 0.84641731
2691.15 0.83381891
2695.0 0.84951574
2698.85 0.82760841
2702.7 0.81370252
2706.55 0.81276631
2710.4 0.79849970
2714.25 0.78469032
2718.1 0.76899886
2721.95 0.77810496
2725.8 0.77564651
2729.65 0.75267690
2733.5 0.75874501
2737.35 0.77040690
2741.2 0.77497154
2745.05 0.75977820
2748.9 0.77312034
2752.75 0.79179859
2756.6 0.77637941
2760.45 0.79270005
2764.3 0.76942807
2768.15 0.77069443
2772.0 0.75874346
2775.85 0.76797813
2779.7 0.77194428
2783.55 0.75622600
2787.4 0.77662891
2791.25 0.76301354
2795.1 0.75571060
2798.95 0.76180845
2802.8 0.74478775
2806.65 0.75241822
2810.5 0.74590552
2814.35 0.75033021
2818.2 0.75474757
2822.05 0.74410748
2825.9 0.73720795
2829.75 0.73462707
2833.6 0.73073184
2837.45 0.72579217
2841.3 0.72577083
2845.15 0.73540229
2849.0 0.73382401
2852.85 0.73261899
2856.7 0.71809953
2860.55 0.72032017
2864.4 0.75010449
2868.25 0.84494263
2872.1 0.87718815
2875.95 0.74087387
2879.8 0.71417141
2883.65 0.71358287
2887.5 0.70466489
2891.35 0.72951096
2895.2 0.70867968
2899.05 0.69270098
2902.9 0.69707251
2906.75 0.68877149
2910.6 0.67928982
2914.45 0.67176241
2918.3 0.66307294
2922.15 0.62668914
2926.0 0.63648558
2929.85 0.62419456
2933.7 0.65108275
2937.55 0.64915127
2941.4 0.64183456
2945.25 0.63509452
2949.1 0.63005537
2952.95 0.64580911
2956.8 0.63226908
2960.65 0.64249218
2964.5 0.65191674
2968.35 0.66232079
2972.2 0.68828499
2976.05 0.74043447
2979.9 0.77090120
2983.75 0.69248009
2987.6 0.64678454
2991.45 0.66960806
2995.3 0.67461652
2999.15 0.63909847
3003.0 0.62510937
3006.85 0.62570822
3010.7 0.61440825
3014.55 0.61046833
3018.4 0.59883702
3022.25 0.58121067
3026.1 0.56172246
3029.95 0.55753458
3033.8 0.57421947
3037.65 0.59106296
3041.5 0.59247530
3045.35 0.59880841
3049.2 0.61327475
3053.05 0.61349005
3056.9 0.60941869
3060.75 0.58884418
3064.6 0.59104389
3068.45 0.58768946
3072.3 0.56304538
3076.15 0.56996632
3080.0 0.55060565
3083.85 0.55038053
3087.7 0.54060376
3091.55 0.55212516
3095.4 0.55889380
3099.25 0.54846871
3103.1 0.53100425
3106.95 0.53019905
3110.8 0.52750653
3114.65 0.52106327
3118.5 0.53667051
3122.35 0.52516145
3126.2 0.53841680
3130.05 0.54888332
3133.9 0.58208573
3137.75 0.57286733
3141.6 0.56925464
3145.45 0.59415287
3149.3 0.60221392
3153.15 0.62295860
3157.0 0.66215432
3160.85 0.64250982
3164.7 0.61014444
3168.55 0.60684651
3172.4 0.57947928
3176.25 0.56476367
3180.1 0.55865920
3183.95 0.54908705
3187.8 0.53055203
3191.65 0.50993681
3195.5 0.50380200
3199.35 0.50595862
3203.2 0.51975119
3207.05 0.51537728
3210.9 0.51183140
3214.75 0.52290207
3218.6 0.50465530
3222.45 0.49808273
3226.3 0.50705338
3230.15 0.49525109
3234.0 0.48971683
3237.85 0.48875406
3241.7 0.48779422
3245.55 0.48982584
3249.4 0.49367303
3253.25 0.49121562
3257.1 0.48918831
3260.95 0.51632607
3264.8 0.51300985
3268.65 0.52061504
3272.5 0.51112986
3276.35 0.49861705
3280.2 0.49044076
3284.05 0.51221967
3287.9 0.51169944
3291.75 0.50784379
3295.6 0.53110927
3299.45 0.51680970
3303.3 0.53331733
3307.15 0.56213063
3311.0 0.55221385
3314.85 0.56330746
3318.7 0.57342124
3322.55 0.59667265
3326.4 0.63427591
3330.25 0.64104635
3334.1 0.67629063
3337.95 0.73174798
3341.8 0.75859803
3345.65 0.76156598
3349.5 0.70789254
3353.35 0.69501823
3357.2 0.68782252
3361.05 0.65422583
3364.9 0.62441152
3368.75 0.57165354
3372.6 0.55954111
3376.45 0.53709370
3380.3 0.52607429
3384.15 0.53923333
3388.0 0.52435541
3391.85 0.51526660
3395.7 0.51562333
3399.55 0.50341034
3403.4 0.49969810
3407.25 0.49693686
3411.1 0.46611077
3414.95 0.48190707
3418.8 0.47928083
3422.65 0.49133867
3426.5 0.48053351
3430.35 0.47827947
3434.2 0.49966171
3438.05 0.50672245
3441.9 0.52567893
3445.75 0.51790100
3449.6 0.51379204
3453.45 0.49435923
3457.3 0.52141172
3461.15 0.52240539
3465.0 0.52545440
3468.85 0.52151757
3472.7 0.54097235
3476.55 0.56383055
3480.4 0.55959553
3484.25 0.53647715
3488.1 0.52362406
3491.95 0.51077092
3495.8 0.51415986
3499.65 0.55181968
3503.5 0.53664839
3507.35 0.52992660
3511.2 0.55028224
3515.05 0.54548138
3518.9 0.50499326
3522.75 0.53203499
3526.6 0.55299234
3530.45 0.52903098
3534.3 0.51876277
3538.15 0.52677524
3542.0 0.50693464
3545.85 0.49496359
3549.7 0.49640661
3553.55 0.51204365
3557.4 0.53043908
3561.25 0.52993190
3565.1 0.51915842
3568.95 0.52542698
3572.8 0.50958121
3576.65 0.51785773
3580.5 0.50201029
3584.35 0.52812427
3588.2 0.49688029
3592.05 0.51281309
3595.9 0.49126872
3599.75 0.49566919
3603.6 0.49932000
3607.45 0.51556259
3611.3 0.47004578
3615.15 0.46885169
3619.0 0.44062641
3622.85 0.43488774
3626.7 0.42863354
3630.55 0.43893597
3634.4 0.43732306
3638.25 0.43584004
3642.1 0.42784825
3645.95 0.43415684
3649.8 0.43844277
3653.65 0.42906064
3657.5 0.41449738
3661.35 0.41801715
3665.2 0.41954461
3669.05 0.41718262
3672.9 0.42350435
3676.75 0.42870525
3680.6 0.43625367
3684.45 0.43442336
3688.3 0.43082535
3692.15 0.43902734
3696.0 0.45143822
3699.85 0.45154226
3703.7 0.45550004
3707.55 0.47235867
3711.4 0.49999437
3715.25 0.50212282
3719.1 0.53947031
3722.95 0.54422224
3726.8 0.56219029
3730.65 0.60394430
3734.5 0.62854803
3738.35 0.70293224
3742.2 0.76642746
3746.05 0.74190468
3749.9 0.69174945
3753.75 0.64212710
3757.6 0.60718805
3761.45 0.57677305
3765.3 0.53847754
3769.15 0.52866048
3773.0 0.52321446
3776.85 0.50480336
3780.7 0.47646996
3784.55 0.49049360
3788.4 0.47431052
3792.25 0.46685550
3796.1 0.45879397
3799.95 0.44627401
3803.8 0.44123524
3807.65 0.45253512
3811.5 0.45245549
3815.35 0.53368926
3819.2 0.58317792
3823.05 0.48728833
3826.9 0.43261299
3830.75 0.42100072
3834.6 0.41730773
3838.45 0.40689012
3842.3 0.43318573
3846.15 0.47306836
3850.0 0.57467693
3853.85 0.80931878
3857.7 0.80713427
3861.55 0.54255575
3865.4 0.45657125
3869.25 0.42906693
3873.1 0.41712347
3876.95 0.40713090
3880.8 0.39915943
3884.65 0.39926589
3888.5 0.39628837
3892.35 0.39669695
3896.2 0.39600536
3900.05 0.38939133
3903.9 0.38491216
3907.75 0.38475710
3911.6 0.36990049
3915.45 0.36215487
3919.3 0.37792462
3923.15 0.37438390
3927.0 0.37889117
3930.85 0.36347920
3934.7 0.36630762
3938.55 0.36105785
3942.4 0.37351960
3946.25 0.36681959
3950.1 0.35723764
3953.95 0.36529139
3957.8 0.36287907
3961.65 0.37379578
3965.5 0.37559780
3969.35 0.39050525
3973.2 0.39880416
3977.05 0.39304623
3980.9 0.38154688
3984.75 0.39818931
3988.6 0.38157827
3992.45 0.37198487
3996.3 0.37259573
4000.15 0.39347982
4004.0 0.38598832
4007.85 0.36553204
4011.7 0.37019715
4015.55 0.37347183
4019.4 0.37961078
4023.25 0.37332374
4027.1 0.37673622
4030.95 0.37512752
4034.8 0.37706316
4038.65 0.36317578
4042.5 0.36920226
4046.35 0.38105604
4050.2 0.36261520
4054.05 0.37273169
4057.9 0.37410718
4061.75 0.37123549
4065.6 0.37163886
4069.45 0.37418905
4073.3 0.37161946
4077.15 0.38577670
4081.0 0.36814526
4084.85 0.36027756
4088.7 0.39383462
4092.55 0.36750120
4096.4 0.38446361
4100.25 0.37462017
4104.1 0.36333856
4107.95 0.35806942
4111.8 0.35387716
4115.65 0.36435154
4119.5 0.34518349
4123.35 0.34811246
4127.2 0.35153386
4131.05 0.34760302
4134.9 0.33116433
4138.75 0.33711499
4142.6 0.34512129
4146.45 0.34426728
4150.3 0.33367801
4154.15 0.33478358
4158.0 0.33184651
4161.85 0.32530421
4165.7 0.33167565
4169.55 0.33829644
4173.4 0.33589530
4177.25 0.32757464
4181.1 0.32269338
4184.95 0.31776157
4188.8 0.32866380
4192.65 0.31677037
4196.5 0.33805323
4200.35 0.31852436
4204.2 0.31985536
4208.05 0.31480217
4211.9 0.31431308
4215.75 0.31382516
4219.6 0.31333837
4223.45 0.32039124
4227.3 0.32166481
4231.15 0.32893819
4235.0 0.32079229
4238.85 0.32162943
4242.7 0.31044200
4246.55 0.30996323
4250.4 0.31866977
4254.25 0.32797700
4258.1 0.32231510
4261.95 0.31433532
4265.8 0.32658538
4269.65 0.33169860
4273.5 0.31494597
4277.35 0.31839868
4281.2 0.30570540
4285.05 0.30523786
4288.9 0.31126791
4292.75 0.30603042
4296.6 0.33444312
4300.45 0.31917438
4304.3 0.31036717
4308.15 0.34640554
4312.0 0.34169248
4315.85 0.32616025
4319.7 0.32010272
4323.55 0.30550784
4327.4 0.30499586
4331.25 0.29971227
4335.1 0.30942780
4338.95 0.29880634
4342.8 0.30016902
4346.65 0.29790461
4350.5 0.30024207
4354.35 0.29700702
4358.2 0.29857078
4362.05 0.29738912
4365.9 0.29566845
4369.75 0.30587733
4373.6 0.30126894
4377.45 0.29433933
4381.3 0.29389822
4385.15 0.29345825
4389.0 0.29301926
4392.85 0.29258126
4396.7 0.29214430
4400.55 0.29170832
4404.4 0.29763806
4408.25 0.29083934
4412.1 0.29124936
4415.95 0.28997439
4419.8 0.29121527
4423.65 0.28921053
4427.5 0.28868425
4431.35 0.29142064
4435.2 0.29542151
4439.05 0.29676932
4442.9 0.29394314
4446.75 0.29338264
4450.6 0.29247817
4454.45 0.28838524
4458.3 0.29070434
4462.15 0.28874615
4466.0 0.28813201
4469.85 0.29448956
4473.7 0.30733132
4477.55 0.29219642
4481.4 0.30227181
4485.25 0.29637086
4489.1 0.30547604
4492.95 0.29825991
4496.8 0.30787927
4500.65 0.30290842
4504.5 0.30423149
4508.35 0.31302169
4512.2 0.30537501
4516.05 0.31115270
4519.9 0.32135898
4523.75 0.34593910
4527.6 0.33796614
4531.45 0.33138594
4535.3 0.33312893
4539.15 0.30371279
4543.0 0.29857215
4546.85 0.31242165
4550.7 0.30684265
4554.55 0.29611215
4558.4 0.29766980
4562.25 0.29925808
4566.1 0.29960090
4569.95 0.29427719
4573.8 0.30003679
4577.65 0.30615672
4581.5 0.28727433
4585.35 0.29029751
4589.2 0.28825590
4593.05 0.29745814
4596.9 0.28057870
4600.75 0.28354621
4604.6 0.28273514
4608.45 0.28168356
4612.3 0.28366992
4616.15 0.28306904
4620.0 0.28233951
4623.85 0.28486049
4627.7 0.28021944
4631.55 0.27785012
4635.4 0.27294153
4639.25 0.27268562
4643.1 0.26820818
4646.95 0.27338645
4650.8 0.27394620
4654.65 0.27706915
4658.5 0.27928236
4662.35 0.26861203
4666.2 0.27435464
4670.05 0.28256330
4673.9 0.27923837
4677.75 0.28199220
4681.6 0.28710639
4685.45 0.28237405
4689.3 0.28443885
4693.15 0.27878803
4697.0 0.29277155
4700.85 0.26917517
4704.7 0.26020044
4708.55 0.26412085
4712.4 0.26056957
4716.25 0.26195604
4720.1 0.26229891
4723.95 0.26742932
4727.8 0.27235276
4731.65 0.25996497
4735.5 0.26725233
4739.35 0.27445975
4743.2 0.26432693
4747.05 0.25989649
4750.9 0.25587779
4754.75 0.25552264
4758.6 0.25658488
4762.45 0.27171060
4766.3 0.25885484
4770.15 0.26036131
4774.0 0.25375822
4777.85 0.25437555
4781.7 0.25413728
4785.55 0.25825036
4789.4 0.25562513
4793.25 0.26143497
4797.1 0.26229253
4800.95 0.25632006
4804.8 0.25453827
4808.65 0.25413796
4812.5 0.26144871
4816.35 0.25979739
4820.2 0.25429520
4824.05 0.25243121
4827.9 0.25046921
4831.75 0.24924338
4835.6 0.25129026
4839.45 0.25346851
4843.3 0.26182425
4847.15 0.26540458
4851.0 0.27040771
4854.85 0.27898592
4858.7 0.26781431
4862.55 0.25467399
4866.4 0.25548947
4870.25 0.25283498
4874.1 0.24887681
4877.95 0.25274330
4881.8 0.26024804
4885.65 0.26297033
4889.5 0.25477141
4893.35 0.25674167
4897.2 0.26056698
4901.05 0.26525712
4904.9 0.26926547
4908.75 0.25598305
4912.6 0.25850296
4916.45 0.26328513
4920.3 0.26405677
4924.15 0.25842801
4928.0 0.25795418
4931.85 0.26176926
4935.7 0.26151454
4939.55 0.25864977
4943.4 0.26498678
4947.25 0.26225859
4951.1 0.26594585
4954.95 0.27229548
4958.8 0.26847664
4962.65 0.27627668
4966.5 0.27183515
4970.35 0.29027888
4974.2 0.29240751
4978.05 0.30004317
4981.9 0.30846795
4985.75 0.30719671
4989.6 0.31345147
4993.45 0.33101171
4997.3 0.33282471
5001.15 0.34729964
5005.0 0.36331609
5008.85 0.38558498
5012.7 0.41137058
5016.55 0.44248763
5020.4 0.48535767
5024.25 0.53890711
5028.1 0.60444760
5031.95 0.68166995
5035.8 0.79915416
5039.65 0.93887955
5043.5 1.1148620
5047.35 1.2923065
5051.2 1.5200211
5055.05 1.5619720
5058.9 1.3356535
5062.75 1.1115887
5066.6 1.0112334
5070.45 0.95237070
5074.3 0.82466859
5078.15 0.69564992
5082.0 0.62665164
5085.85 0.57154292
5089.7 0.52116048
5093.55 0.48276448
5097.4 0.45926660
5101.25 0.42996868
5105.1 0.40029362
5108.95 0.37563616
5112.8 0.35087100
5116.65 0.32969585
5120.5 0.32298210
5124.35 0.31631976
5128.2 0.30038813
5132.05 0.29842356
5135.9 0.29280016
5139.75 0.29310644
5143.6 0.29824373
5147.45 0.29738188
5151.3 0.29116374
5155.15 0.28169638
5159.0 0.29573789
5162.85 0.30330983
5166.7 0.30945936
5170.55 0.34075657
5174.4 0.33896229
5178.25 0.31597030
5182.1 0.31912237
5185.95 0.32294676
5189.8 0.31363896
5193.65 0.28942493
5197.5 0.26585728
5201.35 0.26322311
5205.2 0.25653332
5209.05 0.24872606
5212.9 0.24714769
5216.75 0.24023588
5220.6 0.22963315
5224.45 0.22833729
5228.3 0.22943734
5232.15 0.22901413
5236.0 0.21831958
5239.85 0.21625757
5243.7 0.21598540
5247.55 0.22288075
5251.4 0.23163448
5255.25 0.22243936
5259.1 0.21918422
5262.95 0.21852221
5266.8 0.21436004
5270.65 0.21409115
5274.5 0.21382280
5278.35 0.22823694
5282.2 0.21952121
5286.05 0.22106624
5289.9 0.21275470
5293.75 0.21248898
5297.6 0.21633618
5301.45 0.22324501
5305.3 0.22147930
5309.15 0.21624357
5313.0 0.21839936
5316.85 0.21857029
5320.7 0.21692061
5324.55 0.21038248
5328.4 0.21012148
5332.25 0.20986104
5336.1 0.21154259
5339.95 0.20934172
5343.8 0.20908284
5347.65 0.20882449
5351.5 0.21373753
5355.35 0.20830928
5359.2 0.20805243
5363.05 0.20779611
5366.9 0.21063191
5370.75 0.20728494
5374.6 0.20703015
5378.45 0.20677584
5382.3 0.20652203
5386.15 0.21207479
5390.0 0.20725313
5393.85 0.21865404
5397.7 0.20706713
5401.55 0.20703885
5405.4 0.20500977
5409.25 0.20475946
5413.1 0.21935114
5416.95 0.22757113
5420.8 0.21964851
5424.65 0.23595472
5428.5 0.21814723
5432.35 0.24543786
5436.2 0.23101701
5440.05 0.21344189
5443.9 0.23752123
5447.75 0.22124249
5451.6 0.21574847
5455.45 0.21752635
5459.3 0.21062969
5463.15 0.20763193
5467.0 0.20106356
5470.85 0.20082100
5474.7 0.20368274
5478.55 0.21129638
5482.4 0.20009623
5486.25 0.19985564
5490.1 0.19961546
5493.95 0.19937578
5497.8 0.21924989
5501.65 0.20363764
5505.5 0.19865949
5509.35 0.19842172
5513.2 0.20174687
5517.05 0.20036159
5520.9 0.19771099
5524.75 0.19747508
5528.6 0.20305616
5532.45 0.20933142
5536.3 0.22090246
5540.15 0.19653578
5544.0 0.21741226
5547.85 0.19663547
5551.7 0.20587336
5555.55 0.19560383
5559.4 0.20881924
5563.25 0.20330654
5567.1 0.20286955
5570.95 0.20687421
5574.8 0.21649498
5578.65 0.20622726
5582.5 0.19399039
5586.35 0.20703645
5590.2 0.22917764
5594.05 0.19330560
5597.9 0.19307823
5601.75 0.19340561
5605.6 0.19262478
5609.45 0.19239876
5613.3 0.19217312
5617.15 0.21096273
5621.0 0.20547584
5624.85 0.19149892
5628.7 0.19127508
5632.55 0.20150748
5636.4 0.21561113
5640.25 0.19060607
5644.1 0.19217856
5647.95 0.23487081
5651.8 0.20195535
5655.65 0.20018584
5659.5 0.18949969
5663.35 0.21530314
5667.2 0.23007773
5671.05 0.21975352
5674.9 0.24167837
5678.75 0.23657104
5682.6 0.24928522
5686.45 0.21664293
5690.3 0.22476186
5694.15 0.27677226
5698.0 0.24820323
5701.85 0.23815919
5705.7 0.21553707
5709.55 0.20825574
5713.4 0.25738987
5717.25 0.24547784
5721.1 0.23744865
5724.95 0.22113442
5728.8 0.19783440
5732.65 0.22354327
5736.5 0.18517981
5740.35 0.18496816
5744.2 0.18475689
5748.05 0.18454611
5751.9 0.18433571
5755.75 0.18412566
5759.6 0.18391611
5763.45 0.18370683
5767.3 0.18349805
5771.15 0.18328963
5775.0 0.18308166
5778.85 0.18287405
5782.7 0.18266685
5786.55 0.18246004
5790.4 0.18225367
5794.25 0.18204767
5798.1 0.18184204
5801.95 0.18163686
5805.8 0.18143201
5809.65 0.18122759
5813.5 0.18102357
5817.35 0.18081991
5821.2 0.18061671
5825.05 0.18041384
5828.9 0.18021134
5832.75 0.18000926
5836.6 0.17980756
5840.45 0.17960630
5844.3 0.17940533
5848.15 0.17920481
5852.0 0.17900471
5855.85 0.17880493
5859.7 0.17860554
5863.55 0.17840655
5867.4 0.17820793
5871.25 0.17800969
5875.1 0.17781186
5878.95 0.17761442
5882.8 0.17741734
5886.65 0.17722058
5890.5 0.17702425
5894.35 0.17682829
5898.2 0.17663269
5902.05 0.17643748
5905.9 0.17624265
5909.75 0.17604820
5913.6 0.17585410
5917.45 0.17566040
5921.3 0.17546707
5925.15 0.17527410
5929.0 0.17508146
5932.85 0.17488922
5936.7 0.17469740
5940.55 0.17450587
5944.4 0.17431475
5948.25 0.17412397
5952.1 0.17393352
5955.95 0.17374352
5959.8 0.17355391
5963.65 0.17336455
5967.5 0.17317559
5971.35 0.17298704
5975.2 0.17279880
5979.05 0.17261088
5982.9 0.17242338
5986.75 0.17223634
5990.6 0.17204948
5994.45 0.17186306
5998.3 0.17167701
