300.0 0.0
425.0 0.0000000
429.25 0.0000000
433.5 0.0000000
437.75 0.0000000
442.0 0.0000000
446.25 0.0000000
450.5 0.0000000
454.75 0.0000000
459.0 0.0000000
463.25 0.0000000
467.5 0.0000000
471.75 0.0000000
476.0 0.0000000
480.25 0.0000000
484.5 0.0000000
488.75 0.0000000
493.0 0.0000000
497.25 0.0000000
501.5 0.0000000
505.75 0.0000000
510.0 0.0000000
514.25 0.0000000
518.5 0.0000000
522.75 0.0000000
527.0 0.0000000
531.25 0.0000000
535.5 0.0000000
539.75 0.0000000
544.0 0.0000000
548.25 0.0000000
552.5 0.0000000
556.75 0.0000000
561.0 0.0000000
565.25 0.0000000
569.5 0.0000000
573.75 0.0000000
578.0 0.0000000
582.25 0.0000000
586.5 0.0000000
590.75 0.0000000
595.0 0.0000000
599.25 0.0000000
603.5 0.0000000
607.75 0.0000000
612.0 0.0000000
616.25 0.0000000
620.5 0.0000000
624.75 0.0000000
629.0 0.0000000
633.25 0.0000000
637.5 0.0000000
641.75 0.0000000
646.0 0.0000000
650.25 0.0000000
654.5 0.0000000
658.75 0.0000000
663.0 0.0000000
667.25 0.0000000
671.5 0.0000000
675.75 0.0000000
680.0 0.0000000
684.25 0.0000000
688.5 0.0000000
692.75 0.0000000
697.0 0.0000000
701.25 0.0000000
705.5 0.0000000
709.75 0.0000000
714.0 0.0000000
718.25 0.0000000
722.5 0.0000000
726.75 0.0000000
731.0 0.0000000
735.25 0.0000000
739.5 0.0000000
743.75 0.0000000
748.0 0.0000000
752.25 0.0000000
756.5 0.0000000
760.75 0.0000000
765.0 0.0000000
769.25 0.0000000
773.5 0.0000000
777.75 6.10165662E-05
782.0 4.40400618E-05
786.25 3.14622739E-05
790.5 2.18557088E-05
794.75 1.46130196E-05
799.0 9.50087633E-06
803.25 6.09154858E-06
807.5 3.85895783E-06
811.75 2.40551867E-06
816.0 1.47476328E-06
820.25 8.88797729E-07
824.5 5.26308781E-07
828.75 3.49189941E-05
833.0 2.39855526E-05
837.25 1.62663491E-05
841.5 1.08826898E-05
845.75 7.18351566E-06
850.0 5.12840415E-06
854.25 3.44710020E-06
858.5 2.17837419E-06
862.75 1.46066520E-06
867.0 9.85025849E-07
871.25 6.64524407E-07
875.5 3.44863883E-03
879.75 2.92050024E-03
884.0 2.04678834E-03
888.25 1.40227878E-03
892.5 1.07507396E-03
896.75 8.48990807E-04
901.0 6.85809879E-04
905.25 5.57423453E-04
909.5 4.31240711E-04
913.75 3.06845614E-04
918.0 2.42169277E-04
922.25 1.68039696E-04
926.5 1.17618853E-04
930.75 8.30196950E-05
935.0 6.05321547E-05
939.25 4.60856427E-05
943.5 3.28621391E-05
947.75 2.46923628E-05
952.0 1.85498266E-05
956.25 1.30311691E-05
960.5 8.30981844E-06
964.75 5.69591748E-06
969.0 3.64015023E-06
973.25 2.54388965E-06
977.5 1.72390685E-06
981.75 1.12289376E-06
986.0 7.44076203E-07
990.25 5.04460616E-07
994.5 3.40419632E-07
998.75 2.35176060E-07
1003.0 1.54594531E-07
1007.25 1.01432100E-07
1011.5 6.56906707E-08
1015.75 4.13582129E-08
1020.0 2.88952826E-08
1024.25 2.61633808E-08
1028.5 2.90107440E-08
1032.75 3.79221632E-08
1037.0 2.0370424
1041.25 1.6508468
1045.5 1.5427918
1049.75 1.5451481
1054.0 1.4502354
1058.25 1.1632175
1062.5 1.0062338
1066.75 0.94807595
1071.0 0.90897024
1075.25 0.85151768
1079.5 0.77895916
1083.75 0.73111898
1088.0 0.71553558
1092.25 0.71870178
1096.5 0.73161495
1100.75 0.73784775
1105.0 0.79499507
1109.25 0.80883527
1113.5 0.77536553
1117.75 0.70773011
1122.0 0.71348840
1126.25 0.70817608
1130.5 0.72632027
1134.75 0.73999751
1139.0 0.73211706
1143.25 0.70690012
1147.5 0.69859475
1151.75 0.72189748
1156.0 0.71851772
1160.25 0.73161620
1164.5 0.72325104
1168.75 0.74126625
1173.0 0.78480774
1177.25 0.83005804
1181.5 0.89232010
1185.75 0.91012305
1190.0 0.92439657
1194.25 0.84183323
1198.5 0.78714776
1202.75 0.74668956
1207.0 0.72962582
1211.25 0.72738814
1215.5 0.69549274
1219.75 0.68763530
1224.0 0.68447065
1228.25 0.68030763
1232.5 0.69344234
1236.75 0.68769693
1241.0 0.67393881
1245.25 0.69505692
1249.5 0.68392473
1253.75 0.69547570
1258.0 0.71300226
1262.25 0.72442961
1266.5 0.74296838
1270.75 0.74278247
1275.0 0.76724780
1279.25 0.78516513
1283.5 0.80519903
1287.75 0.83659244
1292.0 0.89996582
1296.25 0.98463601
1300.5 1.0818104
1304.75 1.2051773
1309.0 1.3584234
1313.25 1.4498532
1317.5 1.3173115
1321.75 1.1185921
1326.0 0.96755546
1330.25 0.88890016
1334.5 0.84961551
1338.75 0.82732606
1343.0 0.78884006
1347.25 0.78664422
1351.5 0.76355350
1355.75 0.77912569
1360.0 0.78172743
1364.25 0.77947688
1368.5 0.78845841
1372.75 0.77904820
1377.0 0.79123712
1381.25 0.80262464
1385.5 0.80432111
1389.75 0.82199681
1394.0 0.79061913
1398.25 0.78558695
1402.5 0.77571630
1406.75 0.78875488
1411.0 0.79263788
1415.25 0.78167427
1419.5 0.74244004
1423.75 0.71879864
1428.0 0.70901734
1432.25 0.69627345
1436.5 0.69774181
1440.75 0.69618756
1445.0 0.69518703
1449.25 0.70647496
1453.5 0.70458442
1457.75 0.71621639
1462.0 0.71987170
1466.25 0.71888971
1470.5 0.71095437
1474.75 0.72028118
1479.0 0.72383046
1483.25 0.74377197
1487.5 0.73215568
1491.75 0.72070742
1496.0 0.68933570
1500.25 0.70004833
1504.5 0.70362133
1508.75 0.69464684
1513.0 0.71853799
1517.25 0.72578001
1521.5 0.70710856
1525.75 0.69546932
1530.0 0.69680279
1534.25 0.69722342
1538.5 0.69732338
1542.75 0.70662081
1547.0 0.69469041
1551.25 0.69291490
1555.5 0.70220345
1559.75 0.70183784
1564.0 0.71965981
1568.25 0.71700186
1572.5 0.76383030
1576.75 0.76168400
1581.0 0.76992136
1585.25 0.75874645
1589.5 0.76088625
1593.75 0.76837319
1598.0 0.80306095
1602.25 0.86463481
1606.5 0.92069024
1610.75 0.96653181
1615.0 0.98444444
1619.25 1.0368150
1623.5 0.99221617
1627.75 0.90780163
1632.0 0.83089554
1636.25 0.77994579
1640.5 0.75634223
1644.75 0.73227841
1649.0 0.70965892
1653.25 0.69239372
1657.5 0.68775403
1661.75 0.66252857
1666.0 0.65274262
1670.25 0.64820915
1674.5 0.65512210
1678.75 0.65851343
1683.0 0.64393151
1687.25 0.64715999
1691.5 0.65116942
1695.75 0.65719831
1700.0 0.64149022
1704.25 0.64906067
1708.5 0.66479450
1712.75 0.62937051
1717.0 0.64659232
1721.25 0.65131348
1725.5 0.64732593
1729.75 0.65342391
1734.0 0.64363790
1738.25 0.63567024
1742.5 0.65389705
1746.75 0.68093359
1751.0 0.66803306
1755.25 0.68541402
1759.5 0.68024462
1763.75 0.68266672
1768.0 0.67941332
1772.25 0.68874717
1776.5 0.68736351
1780.75 0.68622357
1785.0 0.66491079
1789.25 0.65471768
1793.5 0.66381198
1797.75 0.67386913
1802.0 0.64596307
1806.25 0.67776346
1810.5 0.65477997
1814.75 0.67101955
1819.0 0.66547602
1823.25 0.67960703
1827.5 0.64807171
1831.75 0.65822184
1836.0 0.65815121
1840.25 0.67020929
1844.5 0.63757008
1848.75 0.64557070
1853.0 0.65838897
1857.25 0.62964255
1861.5 0.64186382
1865.75 0.62295663
1870.0 0.60608226
1874.25 0.60579967
1878.5 0.60551316
1882.75 0.60983229
1887.0 0.61387372
1891.25 0.61511922
1895.5 0.60685539
1899.75 0.60401946
1904.0 0.60370868
1908.25 0.60339457
1912.5 0.61123180
1916.75 0.61043769
1921.0 0.61963910
1925.25 0.62358242
1929.5 0.62353802
1933.75 0.62827420
1938.0 0.63425934
1942.25 0.64592916
1946.5 0.66060448
1950.75 0.65565032
1955.0 0.67315805
1959.25 0.68106383
1963.5 0.68696070
1967.75 0.69094318
1972.0 0.69602746
1976.25 0.70493841
1980.5 0.70868105
1984.75 0.69926739
1989.0 0.69325364
1993.25 0.67787981
1997.5 0.67631930
2001.75 0.66339231
2006.0 0.67319703
2010.25 0.66503644
2014.5 0.66085982
2018.75 0.66279846
2023.0 0.65880609
2027.25 0.66044998
2031.5 0.66199392
2035.75 0.66967642
2040.0 0.68544698
2044.25 0.67502987
2048.5 0.69938636
2052.75 0.71672833
2057.0 0.73802811
2061.25 0.73590195
2065.5 0.71506310
2069.75 0.71153104
2074.0 0.71384078
2078.25 0.69766551
2082.5 0.68471181
2086.75 0.68087190
2091.0 0.67825466
2095.25 0.69127995
2099.5 0.70538753
2103.75 0.70821977
2108.0 0.70367551
2112.25 0.70550740
2116.5 0.70113057
2120.75 0.70473731
2125.0 0.69762683
2129.25 0.69478917
2133.5 0.69566154
2137.75 0.69252348
2142.0 0.68385190
2146.25 0.67404640
2150.5 0.68041974
2154.75 0.68275815
2159.0 0.68314326
2163.25 0.67662406
2167.5 0.67145544
2171.75 0.66978323
2176.0 0.66654217
2180.25 0.66404921
2184.5 0.65845448
2188.75 0.64967173
2193.0 0.65305769
2197.25 0.65321362
2201.5 0.64608842
2205.75 0.62928408
2210.0 0.64556038
2214.25 0.64852679
2218.5 0.64469051
2222.75 0.64477205
2227.0 0.65041965
2231.25 0.63850462
2235.5 0.63882732
2239.75 0.62645620
2244.0 0.61674500
2248.25 0.59273648
2252.5 0.59009868
2256.75 0.58920377
2261.0 0.58353031
2265.25 0.59948707
2269.5 0.60832059
2273.75 0.60973179
2278.0 0.59675825
2282.25 0.60295576
2286.5 0.60570079
2290.75 0.61395675
2295.0 0.61415237
2299.25 0.62848258
2303.5 0.64685309
2307.75 0.65265143
2312.0 0.64439690
2316.25 0.66425109
2320.5 0.67322659
2324.75 0.67269880
2329.0 0.67629170
2333.25 0.70379353
2337.5 0.72120154
2341.75 0.71760714
2346.0 0.73139912
2350.25 0.71488768
2354.5 0.73291147
2358.75 0.75816584
2363.0 0.82150126
2367.25 0.89571583
2371.5 1.0110399
2375.75 1.1286798
2380.0 1.1649534
2384.25 1.1059479
2388.5 0.97973108
2392.75 0.87179524
2397.0 0.80480587
2401.25 0.77174199
2405.5 0.74570554
2409.75 0.72557682
2414.0 0.70975113
2418.25 0.69457120
2422.5 0.68977535
2426.75 0.67593366
2431.0 0.66394746
2435.25 0.65022469
2439.5 0.64250875
2443.75 0.64064139
2448.0 0.62238383
2452.25 0.62366176
2456.5 0.60823643
2460.75 0.60434294
2465.0 0.60374677
2469.25 0.57891065
2473.5 0.58766198
2477.75 0.58734894
2482.0 0.59603959
2486.25 0.61246842
2490.5 0.61828786
2494.75 0.62048560
2499.0 0.62006962
2503.25 0.62446797
2507.5 0.61603779
2511.75 0.61765230
2516.0 0.62593400
2520.25 0.61679101
2524.5 0.61897546
2528.75 0.60795736
2533.0 0.61171770
2537.25 0.59706867
2541.5 0.58712333
2545.75 0.57669514
2550.0 0.57156634
2554.25 0.55796129
2558.5 0.55241770
2562.75 0.53739899
2567.0 0.52711946
2571.25 0.52508497
2575.5 0.53015429
2579.75 0.52333939
2584.0 0.53462541
2588.25 0.53752685
2592.5 0.53932858
2596.75 0.53936726
2601.0 0.53993219
2605.25 0.55074525
2609.5 0.54514766
2613.75 0.55601776
2618.0 0.55551213
2622.25 0.55342585
2626.5 0.54750711
2630.75 0.55318880
2635.0 0.54939193
2639.25 0.56120133
2643.5 0.57553703
2647.75 0.57718533
2652.0 0.60038233
2656.25 0.60535264
2660.5 0.60520959
2664.75 0.59702826
2669.0 0.59656596
2673.25 0.57470018
2677.5 0.58755112
2681.75 0.58188009
2686.0 0.58089250
2690.25 0.58826607
2694.5 0.60388589
2698.75 0.60457867
2703.0 0.61225152
2707.25 0.61617708
2711.5 0.62106431
2715.75 0.61507046
2720.0 0.61815143
2724.25 0.60905337
2728.5 0.61602724
2732.75 0.60851920
2737.0 0.59054363
2741.25 0.59088045
2745.5 0.59823310
2749.75 0.58256090
2754.0 0.58175391
2758.25 0.58227932
2762.5 0.58202004
2766.75 0.59134591
2771.0 0.58882731
2775.25 0.57892752
2779.5 0.57787210
2783.75 0.58958244
2788.0 0.58854675
2792.25 0.58460504
2796.5 0.59539080
2800.75 0.57862318
2805.0 0.57152635
2809.25 0.56393468
2813.5 0.55856514
2817.75 0.55443001
2822.0 0.54306525
2826.25 0.54097724
2830.5 0.54741788
2834.75 0.55234623
2839.0 0.55951118
2843.25 0.57703662
2847.5 0.55746847
2851.75 0.54976791
2856.0 0.54642981
2860.25 0.54389262
2864.5 0.53762072
2868.75 0.55043381
2873.0 0.54848993
2877.25 0.55243510
2881.5 0.54733807
2885.75 0.54908901
2890.0 0.54945564
2894.25 0.56209117
2898.5 0.56545120
2902.75 0.57508272
2907.0 0.59380627
2911.25 0.61803120
2915.5 0.58892423
2919.75 0.56657284
2924.0 0.56985021
2928.25 0.56113434
2932.5 0.54069096
2936.75 0.54677820
2941.0 0.54838336
2945.25 0.53317857
2949.5 0.52959859
2953.75 0.51786244
2958.0 0.51056081
2962.25 0.52429241
2966.5 0.52284259
2970.75 0.51546901
2975.0 0.52558798
2979.25 0.51243746
2983.5 0.50422275
2987.75 0.50403708
2992.0 0.49557611
2996.25 0.48738474
3000.5 0.47800902
3004.75 0.48404366
3009.0 0.48288643
3013.25 0.46894705
3017.5 0.47309011
3021.75 0.48072836
3026.0 0.48394516
3030.25 0.47481766
3034.5 0.48352164
3038.75 0.49557745
3043.0 0.48629254
3047.25 0.49688801
3051.5 0.48266119
3055.75 0.48381603
3060.0 0.47666821
3064.25 0.48282751
3068.5 0.48567969
3072.75 0.47614107
3077.0 0.48934677
3081.25 0.48111999
3085.5 0.47686377
3089.75 0.48106143
3094.0 0.47065523
3098.25 0.47582158
3102.5 0.47204325
3106.75 0.47518557
3111.0 0.47832617
3115.25 0.47192052
3119.5 0.46787819
3123.75 0.46657181
3128.0 0.46442765
3132.25 0.46161407
3136.5 0.46192628
3140.75 0.46838540
3145.0 0.46770787
3149.25 0.46726638
3153.5 0.45832530
3157.75 0.46006200
3162.0 0.47941738
3166.25 0.54040480
3170.5 0.56141496
3174.75 0.47449744
3179.0 0.45770878
3183.25 0.45764428
3187.5 0.45223260
3191.75 0.46849635
3196.0 0.45542660
3200.25 0.44545868
3204.5 0.44857180
3208.75 0.44352767
3213.0 0.43771508
3217.25 0.43315378
3221.5 0.42783514
3225.75 0.40462783
3230.0 0.41122523
3234.25 0.40355021
3238.5 0.42121106
3242.75 0.42023736
3247.0 0.41577262
3251.25 0.41167527
3255.5 0.40867451
3259.75 0.41916496
3264.0 0.41064253
3268.25 0.41755131
3272.5 0.42394909
3276.75 0.43099159
3281.0 0.44817403
3285.25 0.48243880
3289.5 0.50260955
3293.75 0.45176741
3298.0 0.42222315
3302.25 0.43739828
3306.5 0.44094762
3310.75 0.41799417
3315.0 0.40910086
3319.25 0.40974823
3323.5 0.40259898
3327.75 0.40026566
3332.0 0.39288247
3336.25 0.38155401
3340.5 0.36898726
3344.75 0.36646137
3349.0 0.37765941
3353.25 0.38897470
3357.5 0.39014158
3361.75 0.39455163
3366.0 0.40432808
3370.25 0.40471447
3374.5 0.40227088
3378.75 0.38892332
3383.0 0.39061037
3387.25 0.38862568
3391.5 0.37255105
3395.75 0.37735453
3400.0 0.36475283
3404.25 0.36481932
3408.5 0.35855010
3412.75 0.36640677
3417.0 0.37111640
3421.25 0.36440691
3425.5 0.35300913
3429.75 0.35267910
3434.0 0.35109177
3438.25 0.34700400
3442.5 0.35760412
3446.75 0.35013670
3451.0 0.35918039
3455.25 0.36637214
3459.5 0.38875619
3463.75 0.38281769
3468.0 0.38061979
3472.25 0.39749253
3476.5 0.40311301
3480.75 0.41723430
3485.0 0.44373533
3489.25 0.43081239
3493.5 0.40933973
3497.75 0.40735444
3502.0 0.38920024
3506.25 0.37952709
3510.5 0.37563264
3514.75 0.36940029
3519.0 0.35712743
3523.25 0.34343928
3527.5 0.33949322
3531.75 0.34113270
3536.0 0.35062322
3540.25 0.34786162
3544.5 0.34565538
3548.75 0.35332271
3553.0 0.34117755
3557.25 0.33691528
3561.5 0.34316707
3565.75 0.33535889
3570.0 0.33178827
3574.25 0.33131233
3578.5 0.33083743
3582.75 0.33239135
3587.0 0.33517882
3591.25 0.33368644
3595.5 0.33248383
3599.75 0.35111237
3604.0 0.34903979
3608.25 0.35439885
3612.5 0.34812307
3616.75 0.33977726
3621.0 0.33437866
3625.25 0.34940749
3629.5 0.34923273
3633.75 0.34677914
3638.0 0.36285195
3642.25 0.35326308
3646.5 0.36473286
3650.75 0.38463360
3655.0 0.37803996
3659.25 0.38582954
3663.5 0.39295515
3667.75 0.40909493
3672.0 0.43509525
3676.25 0.43995997
3680.5 0.46438068
3684.75 0.50271153
3689.0 0.52141678
3693.25 0.52371657
3697.5 0.48704720
3701.75 0.47842544
3706.0 0.47370544
3710.25 0.45078868
3714.5 0.43045622
3718.75 0.39427871
3723.0 0.38611278
3727.25 0.37080321
3731.5 0.36337185
3735.75 0.37264147
3740.0 0.36253497
3744.25 0.35642266
3748.5 0.35684079
3752.75 0.34855580
3757.0 0.34615099
3761.25 0.34440243
3765.5 0.32319215
3769.75 0.33430365
3774.0 0.33263934
3778.25 0.34116906
3782.5 0.33382359
3786.75 0.33241397
3791.0 0.34743795
3795.25 0.35251254
3799.5 0.36587077
3803.75 0.36062521
3808.0 0.35793027
3812.25 0.34455213
3816.5 0.36357489
3820.75 0.36443576
3825.0 0.36673149
3829.25 0.36415097
3833.5 0.37790832
3837.75 0.39405635
3842.0 0.39127484
3846.25 0.37528083
3850.5 0.36645585
3854.75 0.35762241
3859.0 0.36015776
3863.25 0.38671175
3867.5 0.37624881
3871.75 0.37170270
3876.0 0.38615322
3880.25 0.38295510
3884.5 0.35468829
3888.75 0.37384728
3893.0 0.38874567
3897.25 0.37206554
3901.5 0.36500484
3905.75 0.37080550
3910.0 0.35699606
3914.25 0.34871837
3918.5 0.34988785
3922.75 0.36106676
3927.0 0.37420094
3931.25 0.37400538
3935.5 0.36656040
3939.75 0.37114665
3944.0 0.36010873
3948.25 0.36611480
3952.5 0.35506320
3956.75 0.37369302
3961.0 0.35173526
3965.25 0.36316851
3969.5 0.34805885
3973.75 0.35132542
3978.0 0.35406274
3982.25 0.36573446
3986.5 0.33358571
3990.75 0.33287811
3995.0 0.31296962
3999.25 0.30902272
4003.5 0.30470565
4007.75 0.31215927
4012.0 0.31114137
4016.25 0.31021470
4020.5 0.30465236
4024.75 0.30927193
4029.0 0.31245354
4033.25 0.30589300
4037.5 0.29563138
4041.75 0.29826358
4046.0 0.29947555
4050.25 0.29791072
4054.5 0.30254787
4058.75 0.30638736
4063.0 0.31190807
4067.25 0.31072474
4071.5 0.30827519
4075.75 0.31427017
4080.0 0.32328376
4084.25 0.32348743
4088.5 0.32645291
4092.75 0.33867010
4097.0 0.35862651
4101.25 0.36029583
4105.5 0.38724732
4109.75 0.39081243
4114.0 0.40387434
4118.25 0.43404049
4122.5 0.45189950
4126.75 0.50557613
4131.0 0.55145937
4135.25 0.53402245
4139.5 0.49811414
4143.75 0.46256122
4148.0 0.43756163
4152.25 0.41580379
4156.5 0.38834539
4160.75 0.38141185
4165.0 0.37762734
4169.25 0.36447853
4173.5 0.34415245
4177.75 0.35441652
4182.0 0.34285325
4186.25 0.33759230
4190.5 0.33188826
4194.75 0.32295328
4199.0 0.31942707
4203.25 0.32773060
4207.5 0.32779580
4211.75 0.38679281
4216.0 0.42281756
4220.25 0.35342696
4224.5 0.31388792
4228.75 0.30557573
4233.0 0.30300733
4237.25 0.29555219
4241.5 0.31476843
4245.75 0.34387493
4250.0 0.41788781
4254.25 0.58872771
4258.5 0.58735317
4262.75 0.39496273
4267.0 0.33248976
4271.25 0.31257364
4275.5 0.30398294
4279.75 0.29680794
4284.0 0.29110149
4288.25 0.29128391
4292.5 0.28921548
4296.75 0.28961742
4301.0 0.28921586
4305.25 0.28448689
4309.5 0.28131458
4313.75 0.28130114
4318.0 0.27053517
4322.25 0.26496392
4326.5 0.27659917
4330.75 0.27410427
4335.0 0.27750182
4339.25 0.26630735
4343.5 0.26847360
4347.75 0.26471838
4352.0 0.27395046
4356.25 0.26913011
4360.5 0.26219097
4364.75 0.26819476
4369.0 0.26651576
4373.25 0.27462822
4377.5 0.27604717
4381.75 0.28710207
4386.0 0.29330400
4390.25 0.28916818
4394.5 0.28080380
4398.75 0.29315180
4403.0 0.28101805
4407.25 0.27404583
4411.5 0.27458879
4415.75 0.29007754
4420.0 0.28465065
4424.25 0.26965570
4428.5 0.27318889
4432.75 0.27569780
4437.0 0.28032327
4441.25 0.27577263
4445.5 0.27838612
4449.75 0.27728948
4454.0 0.27881271
4458.25 0.26863283
4462.5 0.27318066
4466.75 0.28204447
4471.0 0.26848346
4475.25 0.27606440
4479.5 0.27717397
4483.75 0.27513626
4488.0 0.27552509
4492.25 0.27750605
4496.5 0.27568996
4500.75 0.28628546
4505.0 0.27328953
4509.25 0.26753539
4513.5 0.29254851
4517.75 0.27307531
4522.0 0.28577110
4526.25 0.27854368
4530.5 0.27024180
4534.75 0.26640773
4539.0 0.26337242
4543.25 0.27125418
4547.5 0.25706533
4551.75 0.25932866
4556.0 0.26196018
4560.25 0.25911263
4564.5 0.24693644
4568.75 0.25145257
4573.0 0.25750509
4577.25 0.25694820
4581.5 0.24912250
4585.75 0.25002578
4590.0 0.24790932
4594.25 0.24309723
4598.5 0.24793530
4602.75 0.25296265
4607.0 0.25124466
4611.25 0.24509633
4615.5 0.24151826
4619.75 0.23789999
4624.0 0.24613750
4628.25 0.23730291
4632.5 0.25332376
4636.75 0.23876223
4641.0 0.23983270
4645.25 0.23611523
4649.5 0.23581970
4653.75 0.23552467
4658.0 0.23523015
4662.25 0.24059723
4666.5 0.24162605
4670.75 0.24716362
4675.0 0.24111483
4679.25 0.24181615
4683.5 0.23347440
4687.75 0.23318358
4692.0 0.23980454
4696.25 0.24688144
4700.5 0.24269116
4704.75 0.23675245
4709.0 0.24605136
4713.25 0.24997707
4717.5 0.23742139
4721.75 0.24009442
4726.0 0.23059012
4730.25 0.23030455
4734.5 0.23492257
4738.75 0.23103674
4743.0 0.25255996
4747.25 0.24109922
4751.5 0.23451404
4755.75 0.26182011
4760.0 0.25833213
4764.25 0.24665995
4768.5 0.24214822
4772.75 0.23117368
4777.0 0.23085213
4781.25 0.22691755
4785.5 0.23433994
4789.75 0.22636014
4794.0 0.22745682
4798.25 0.22580472
4802.5 0.22764064
4806.75 0.22525124
4811.0 0.22650082
4815.25 0.22566766
4819.5 0.22442476
4823.75 0.23223858
4828.0 0.22880343
4832.25 0.22360286
4836.5 0.22332977
4840.75 0.22305727
4845.0 0.22278522
4849.25 0.22251366
4853.5 0.22224261
4857.75 0.22197199
4862.0 0.22654635
4866.25 0.22143224
4870.5 0.22180508
4874.75 0.22089443
4879.0 0.22190015
4883.25 0.22043253
4887.5 0.22009116
4891.75 0.22223760
4896.0 0.22534963
4900.25 0.22643887
4904.5 0.22434290
4908.75 0.22397541
4913.0 0.22334486
4917.25 0.22027843
4921.5 0.22210921
4925.75 0.22067204
4930.0 0.22026137
4934.25 0.22518128
4938.5 0.23506312
4942.75 0.22354642
4947.0 0.23131585
4951.25 0.22685999
4955.5 0.23389128
4959.75 0.22842623
4964.0 0.23585528
4968.25 0.23210816
4972.5 0.23318298
4976.75 0.23998302
4981.0 0.23418163
4985.25 0.23867440
4989.5 0.24656738
4993.75 0.26549566
4998.0 0.25944382
5002.25 0.25445816
5006.5 0.25586253
5010.75 0.23332922
5015.0 0.22943887
5019.25 0.24014312
5023.5 0.23591521
5027.75 0.22772326
5032.0 0.22897959
5036.25 0.23025995
5040.5 0.23058231
5044.75 0.22654246
5049.0 0.23103487
5053.25 0.23580693
5057.5 0.22131924
5061.75 0.22370468
5066.0 0.22218725
5070.25 0.22933787
5074.5 0.21637811
5078.75 0.21872132
5083.0 0.21815008
5087.25 0.21739286
5091.5 0.21898030
5095.75 0.21857075
5100.0 0.21806146
5104.25 0.22006291
5108.5 0.21653104
5112.75 0.21475315
5117.0 0.21101114
5121.25 0.21086508
5125.5 0.20745355
5129.75 0.21151061
5134.0 0.21199545
5138.25 0.21446447
5142.5 0.21623023
5146.75 0.20801941
5151.0 0.21251817
5155.25 0.21892968
5159.5 0.21640582
5163.75 0.21859272
5168.0 0.22261071
5172.25 0.21899410
5176.5 0.22064839
5180.75 0.21631666
5185.0 0.22722106
5189.25 0.20895772
5193.5 0.20203887
5197.75 0.20513175
5202.0 0.20242169
5206.25 0.20354699
5210.5 0.20386165
5214.75 0.20789815
5219.0 0.21177554
5223.25 0.20219068
5227.5 0.20790735
5231.75 0.21356441
5236.0 0.20572796
5240.25 0.20232700
5244.5 0.19924493
5248.75 0.19901474
5253.0 0.19988857
5257.25 0.21172117
5261.5 0.20175049
5265.75 0.20297158
5270.0 0.19786966
5274.25 0.19839673
5278.5 0.19825654
5282.75 0.20151147
5287.0 0.19950879
5291.25 0.20408992
5295.5 0.20480618
5299.75 0.20018837
5304.0 0.19884203
5308.25 0.19857448
5312.5 0.20433320
5316.75 0.20308863
5321.0 0.19883244
5325.25 0.19741955
5329.5 0.19592930
5333.75 0.19501427
5338.0 0.19665998
5342.25 0.19840917
5346.5 0.20499572
5350.75 0.20784540
5355.0 0.21181071
5359.25 0.21857874
5363.5 0.20987271
5367.75 0.19961959
5372.0 0.20030317
5376.25 0.19826591
5380.5 0.19520514
5384.75 0.19828151
5389.0 0.20421402
5393.25 0.20639552
5397.5 0.20000438
5401.75 0.20159523
5406.0 0.20464362
5410.25 0.20837261
5414.5 0.21156749
5418.75 0.20117494
5423.0 0.20319946
5427.25 0.20700340
5431.5 0.20765503
5435.75 0.20327246
5440.0 0.20294352
5444.25 0.20598936
5448.5 0.20583315
5452.75 0.20362204
5457.0 0.20865555
5461.25 0.20655148
5465.5 0.20950024
5469.75 0.21454793
5474.0 0.21158400
5478.25 0.21777739
5482.5 0.21432179
5486.75 0.22891174
5491.0 0.23063913
5495.25 0.23671179
5499.5 0.24340957
5503.75 0.24245746
5508.0 0.24744600
5512.25 0.26136327
5516.5 0.26284978
5520.75 0.27433875
5525.0 0.28705037
5529.25 0.30470809
5533.5 0.32515272
5537.75 0.34982067
5542.0 0.38379225
5546.25 0.42622417
5550.5 0.47815925
5554.75 0.53935862
5559.0 0.63244593
5563.25 0.74317646
5567.5 0.88265765
5571.75 1.0233536
5576.0 1.2039229
5580.25 1.2374023
5584.5 1.0583273
5588.75 0.88096511
5593.0 0.80159366
5597.25 0.75508690
5601.5 0.65397078
5605.75 0.55176920
5610.0 0.49714211
5614.25 0.45351404
5618.5 0.41361928
5622.75 0.38322324
5627.0 0.36464351
5631.25 0.34145021
5635.5 0.31794798
5639.75 0.29842240
5644.0 0.27880338
5648.25 0.26202968
5652.5 0.25674483
5656.75 0.25149867
5661.0 0.23887907
5665.25 0.23736371
5669.5 0.23293684
5673.75 0.23322646
5678.0 0.23736091
5682.25 0.23672149
5686.5 0.23181719
5690.75 0.22432339
5695.0 0.23555112
5699.25 0.24162921
5703.5 0.24657620
5707.75 0.27156654
5712.0 0.27018905
5716.25 0.25191081
5720.5 0.25447309
5724.75 0.25757250
5729.0 0.25019717
5733.25 0.23092552
5737.5 0.21216226
5741.75 0.21010044
5746.0 0.20480001
5750.25 0.19860521
5754.5 0.19738263
5758.75 0.19189917
5763.0 0.18346472
5767.25 0.18246406
5771.5 0.18337797
5775.75 0.18307443
5780.0 0.17455821
5784.25 0.17294222
5788.5 0.17275715
5792.75 0.17830604
5797.0 0.18534394
5801.25 0.17801982
5805.5 0.17544761
5809.75 0.17495045
5814.0 0.17165029
5818.25 0.17146698
5822.5 0.17128395
5826.75 0.18286452
5831.0 0.17591409
5835.25 0.17718506
5839.5 0.17055492
5843.75 0.17037342
5848.0 0.17349012
5852.25 0.17906365
5856.5 0.17768006
5860.75 0.17351161
5865.0 0.17527357
5869.25 0.17544287
5873.5 0.17415054
5877.75 0.16893236
5882.0 0.16875359
5886.25 0.16857508
5890.5 0.16995671
5894.75 0.16821903
5899.0 0.16804144
5903.25 0.16786416
5907.5 0.17184457
5911.75 0.16751045
5916.0 0.16733406
5920.25 0.16715795
5924.5 0.16946959
5928.75 0.16680659
5933.0 0.16663137
5937.25 0.16645642
5941.5 0.16628177
5945.75 0.17078300
5950.0 0.16692983
5954.25 0.17614385
5958.5 0.16683921
5962.75 0.16684598
5967.0 0.16524002
5971.25 0.16506740
5975.5 0.17686167
5979.75 0.18352170
5984.0 0.17716375
5988.25 0.19034937
5992.5 0.17601453
5996.75 0.19806895
