300.0 0.0
365.0 0.0000000
368.65 0.0000000
372.3 0.0000000
375.95 0.0000000
379.6 0.0000000
383.25 0.0000000
386.9 0.0000000
390.55 0.0000000
394.2 0.0000000
397.85 0.0000000
401.5 0.0000000
405.15 0.0000000
408.8 0.0000000
412.45 0.0000000
416.1 0.0000000
419.75 0.0000000
423.4 0.0000000
427.05 0.0000000
430.7 0.0000000
434.35 0.0000000
438.0 0.0000000
441.65 0.0000000
445.3 0.0000000
448.95 0.0000000
452.6 0.0000000
456.25 0.0000000
459.9 0.0000000
463.55 0.0000000
467.2 0.0000000
470.85 0.0000000
474.5 0.0000000
478.15 0.0000000
481.8 0.0000000
485.45 0.0000000
489.1 0.0000000
492.75 0.0000000
496.4 0.0000000
500.05 0.0000000
503.7 0.0000000
507.35 0.0000000
511.0 0.0000000
514.65 0.0000000
518.3 0.0000000
521.95 0.0000000
525.6 0.0000000
529.25 0.0000000
532.9 0.0000000
536.55 0.0000000
540.2 0.0000000
543.85 0.0000000
547.5 0.0000000
551.15 0.0000000
554.8 0.0000000
558.45 0.0000000
562.1 0.0000000
565.75 0.0000000
569.4 0.0000000
573.05 0.0000000
576.7 0.0000000
580.35 0.0000000
584.0 0.0000000
587.65 0.0000000
591.3 0.0000000
594.95 0.0000000
598.6 0.0000000
602.25 0.0000000
605.9 0.0000000
609.55 0.0000000
613.2 0.0000000
616.85 0.0000000
620.5 0.0000000
624.15 0.0000000
627.8 0.0000000
631.45 0.0000000
635.1 0.0000000
638.75 0.0000000
642.4 0.0000000
646.05 0.0000000
649.7 0.0000000
653.35 0.0000000
657.0 0.0000000
660.65 0.0000000
664.3 0.0000000
667.95 3.58921327E-02
671.6 3.20305564E-02
675.25 2.83593703E-02
678.9 2.50604115E-02
682.55 2.20741723E-02
686.2 1.93658210E-02
689.85 1.69177391E-02
693.5 1.47168171E-02
697.15 1.27456617E-02
700.8 1.09871123E-02
704.45 9.42734722E-03
708.1 8.04939494E-03
711.75 3.10451742E-02
715.4 2.78440155E-02
719.05 2.48913541E-02
722.7 2.21809223E-02
726.35 1.96997710E-02
730.0 1.91220026E-02
733.65 1.76741891E-02
737.3 1.55261680E-02
740.95 1.46429548E-02
744.6 1.40548786E-02
748.25 1.36585943E-02
751.9 0.21778177
755.55 0.21701351
759.2 0.18000989
762.85 0.14689195
766.5 0.13496716
770.15 0.12857221
773.8 0.12616144
777.45 0.12537143
781.1 0.11970540
784.75 0.10622365
788.4 0.10450719
792.05 8.94689187E-02
795.7 7.64932632E-02
799.35 6.58585578E-02
803.0 5.90598471E-02
806.65 5.58339730E-02
810.3 4.97503914E-02
813.95 4.70289588E-02
817.6 4.47575077E-02
821.25 4.01076823E-02
824.9 3.28676179E-02
828.55 2.91633215E-02
832.2 2.43073497E-02
835.85 2.23340932E-02
839.5 2.00524479E-02
843.15 1.74435806E-02
846.8 1.55731840E-02
850.45 1.43422838E-02
854.1 1.32602239E-02
857.75 1.26696797E-02
861.4 1.16204657E-02
865.05 1.07368361E-02
868.7 1.00609846E-02
872.35 9.71304812E-03
876.0 9.59718227E-03
879.65 9.93153453E-03
883.3 1.06157036E-02
886.95 1.23616979E-02
890.6 3.4567573
894.25 2.7968452
897.9 2.6095653
901.55 2.6093650
905.2 2.4451869
908.85 1.9581673
912.5 1.6912496
916.15 1.5910240
919.8 1.5230510
923.45 1.4245996
927.1 1.3012319
930.75 1.2194772
934.4 1.1916964
938.05 1.1951938
941.7 1.2148767
945.35 1.2234311
949.0 1.3162756
952.65 1.3372581
956.3 1.2800912
959.95 1.1667681
963.6 1.1745981
967.25 1.1642216
970.9 1.1923884
974.55 1.2131650
978.2 1.1986017
981.85 1.1557409
985.5 1.1406188
989.15 1.1770862
992.8 1.1700140
996.45 1.1897643
1000.1 1.1746148
1003.75 1.2023036
1007.4 1.2712749
1011.05 1.3428426
1014.7 1.4417231
1018.35 1.4686199
1022.0 1.4897709
1025.65 1.3550111
1029.3 1.2654128
1032.95 1.1988893
1036.6 1.1700534
1040.25 1.1650424
1043.9 1.1126070
1047.55 1.0987134
1051.2 1.0923493
1054.85 1.0844163
1058.5 1.1040487
1062.15 1.0936183
1065.8 1.0704910
1069.45 1.1027579
1073.1 1.0838490
1076.75 1.1008955
1080.4 1.1273582
1084.05 1.1441351
1087.7 1.1721002
1091.35 1.1705019
1095.0 1.2077179
1098.65 1.2345630
1102.3 1.2646810
1105.95 1.3125626
1109.6 1.4104686
1113.25 1.5415139
1116.9 1.6918421
1120.55 1.8827808
1124.2 2.1199560
1127.85 2.2602751
1131.5 2.0515130
1135.15 1.7402383
1138.8 1.5037193
1142.45 1.3800679
1146.1 1.3177381
1149.75 1.2818743
1153.4 1.2210187
1157.05 1.2164074
1160.7 1.1795324
1164.35 1.2024035
1168.0 1.2052387
1171.65 1.2005997
1175.3 1.2132599
1178.95 1.1976275
1182.6 1.2152033
1186.25 1.2315214
1189.9 1.2329590
1193.55 1.2588714
1197.2 1.2096868
1200.85 1.2008718
1204.5 1.1846890
1208.15 1.2034967
1211.8 1.2083184
1215.45 1.1905242
1219.1 1.1297492
1222.75 1.0927939
1226.4 1.0769624
1230.05 1.0566671
1233.7 1.0579621
1237.35 1.0546799
1241.0 1.0522461
1244.65 1.0684048
1248.3 1.0646269
1251.95 1.0812752
1255.6 1.0858670
1259.25 1.0834663
1262.9 1.0706031
1266.55 1.0837384
1270.2 1.0881703
1273.85 1.1172218
1277.5 1.0988655
1281.15 1.0807959
1284.8 1.0329059
1288.45 1.0481066
1292.1 1.0526052
1295.75 1.0383451
1299.4 1.0731992
1303.05 1.0831546
1306.7 1.0544554
1310.35 1.0362831
1314.0 1.0374584
1317.65 1.0372772
1321.3 1.0366234
1324.95 1.0496354
1328.6 1.0311238
1332.25 1.0277051
1335.9 1.0406924
1339.55 1.0393664
1343.2 1.0649600
1346.85 1.0602350
1350.5 1.1286422
1354.15 1.1246396
1357.8 1.1359671
1361.45 1.1186607
1365.1 1.1210002
1368.75 1.1312113
1372.4 1.1814278
1376.05 1.2711016
1379.7 1.3525442
1383.35 1.4188811
1387.0 1.4441575
1390.65 1.5199158
1394.3 1.4535205
1397.95 1.3289349
1401.6 1.2155107
1405.25 1.1401913
1408.9 1.1049286
1412.55 1.0690449
1416.2 1.0353205
1419.85 1.0094507
1423.5 1.0020128
1427.15 0.96419364
1430.8 0.94890684
1434.45 0.94128543
1438.1 0.95028907
1441.75 0.95417494
1445.4 0.93204170
1449.05 0.93571192
1452.7 0.94050694
1456.35 0.94820940
1460.0 0.92457098
1463.65 0.93450230
1467.3 0.95615798
1470.95 0.90427047
1474.6 0.92805672
1478.25 0.93387437
1481.9 0.92721021
1485.55 0.93499535
1489.2 0.92006278
1492.85 0.90776074
1496.5 0.93285686
1500.15 0.97046226
1503.8 0.95113558
1507.45 0.97492319
1511.1 0.96662372
1514.75 0.96912175
1518.4 0.96356940
1522.05 0.97586650
1525.7 0.97297317
1529.35 0.97043347
1533.0 0.93940198
1536.65 0.92412835
1540.3 0.93608576
1543.95 0.94938058
1547.6 0.90921956
1551.25 0.95309788
1554.9 0.91993093
1558.55 0.94188398
1562.2 0.93325210
1565.85 0.95220584
1569.5 0.90720284
1573.15 0.92058492
1576.8 0.91966474
1580.45 0.93568224
1584.1 0.88932794
1587.75 0.89969617
1591.4 0.91675729
1595.05 0.87596679
1598.7 0.89219540
1602.35 0.86516786
1606.0 0.84101033
1609.65 0.83990061
1613.3 0.83879012
1616.95 0.84405899
1620.6 0.84893769
1624.25 0.84994775
1627.9 0.83783072
1631.55 0.83322382
1635.2 0.83210778
1638.85 0.83099163
1642.5 0.84109706
1646.15 0.83932096
1649.8 0.85128248
1653.45 0.85600960
1657.1 0.85526210
1660.75 0.86107045
1664.4 0.86858273
1668.05 0.88386452
1671.7 0.90323430
1675.35 0.89575827
1679.0 0.91896063
1682.65 0.92903137
1686.3 0.93635154
1689.95 0.94105560
1693.6 0.94725484
1697.25 0.95865148
1700.9 0.96301031
1704.55 0.94950104
1708.2 0.94062793
1711.85 0.91908079
1715.5 0.91628206
1719.15 0.89810252
1722.8 0.91070390
1726.45 0.89900362
1730.1 0.89270490
1733.75 0.89467210
1737.4 0.88863879
1741.05 0.89021391
1744.7 0.89165401
1748.35 0.90135735
1752.0 0.92192745
1755.65 0.90727335
1759.3 0.93934679
1762.95 0.96196312
1766.6 0.98985863
1770.25 0.98632008
1773.9 0.95772648
1777.55 0.95233840
1781.2 0.95477390
1784.85 0.93250126
1788.5 0.91456461
1792.15 0.90881932
1795.8 0.90471512
1799.45 0.92146987
1803.1 0.93964630
1806.75 0.94279104
1810.4 0.93612063
1814.05 0.93793815
1817.7 0.93150657
1821.35 0.93568563
1825.0 0.92564160
1828.65 0.92127836
1832.3 0.92183912
1835.95 0.91709030
1839.6 0.90502673
1843.25 0.89148080
1846.9 0.89933842
1850.55 0.90185851
1854.2 0.90179908
1857.85 0.89263320
1861.5 0.88526112
1865.15 0.88250750
1868.8 0.87769306
1872.45 0.87387133
1876.1 0.86597675
1879.75 0.85390353
1883.4 0.85783118
1887.05 0.85751569
1890.7 0.84764969
1894.35 0.82510644
1898.0 0.84594071
1901.65 0.84932113
1905.3 0.84379542
1908.95 0.84340310
1912.6 0.85028899
1916.25 0.83422297
1919.9 0.83415699
1923.55 0.81752717
1927.2 0.80438751
1930.85 0.77262825
1934.5 0.76874775
1938.15 0.76714265
1941.8 0.75932246
1945.45 0.77964330
1949.1 0.79068387
1952.75 0.79207164
1956.4 0.77478343
1960.05 0.78239238
1963.7 0.78551668
1967.35 0.79578227
1971.0 0.79559630
1974.65 0.81371218
1978.3 0.83703828
1981.95 0.84408075
1985.6 0.83295202
1989.25 0.85815090
1992.9 0.86927736
1996.55 0.86812931
2000.2 0.87229902
2003.85 0.90728778
2007.5 0.92923576
2011.15 0.92411560
2014.8 0.94138038
2018.45 0.91964602
2022.1 0.94233948
2025.75 0.97430289
2029.4 1.0551463
2033.05 1.1498740
2036.7 1.2972533
2040.35 1.4474529
2044.0 1.4932086
2047.65 1.4168559
2051.3 1.2545205
2054.95 1.1157478
2058.6 1.0294950
2062.25 0.98670578
2065.9 0.95294118
2069.55 0.92675751
2073.2 0.90609473
2076.85 0.88627815
2080.5 0.87972593
2084.15 0.86165047
2087.8 0.84595793
2091.45 0.82807040
2095.1 0.81784809
2098.75 0.81507766
2102.4 0.79146832
2106.05 0.79271358
2109.7 0.77273822
2113.35 0.76742691
2117.0 0.76630676
2120.65 0.73443669
2124.3 0.74518871
2127.95 0.74444318
2131.6 0.75510573
2135.25 0.77555823
2138.9 0.78256476
2142.55 0.78498405
2146.2 0.78409714
2149.85 0.78929716
2153.5 0.77828658
2157.15 0.77997118
2160.8 0.79007137
2164.45 0.77817923
2168.1 0.78058404
2171.75 0.76634556
2175.4 0.77074134
2179.05 0.75194937
2182.7 0.73909628
2186.35 0.72564799
2190.0 0.71887785
2193.65 0.70145857
2197.3 0.69418585
2200.95 0.67501855
2204.6 0.66181928
2208.25 0.65897983
2211.9 0.66505533
2215.55 0.65622449
2219.2 0.67008919
2222.85 0.67343873
2226.5 0.67540914
2230.15 0.67517126
2233.8 0.67559355
2237.45 0.68883383
2241.1 0.68154693
2244.75 0.69484669
2248.4 0.69392610
2252.05 0.69103324
2255.7 0.68336052
2259.35 0.69016778
2263.0 0.68514979
2266.65 0.69959122
2270.3 0.71716964
2273.95 0.71893173
2277.6 0.74752265
2281.25 0.75340736
2284.9 0.75292665
2288.55 0.74245107
2292.2 0.74157995
2295.85 0.71411479
2299.5 0.72979379
2303.15 0.72246456
2306.8 0.72095430
2310.45 0.72981942
2314.1 0.74890488
2317.75 0.74947190
2321.4 0.75868905
2325.05 0.76325786
2328.7 0.76901501
2332.35 0.76130044
2336.0 0.76482081
2339.65 0.75327617
2343.3 0.76161152
2346.95 0.75204366
2350.6 0.72955263
2354.25 0.72969371
2357.9 0.73849612
2361.55 0.71888024
2365.2 0.71761680
2368.85 0.71799773
2372.5 0.71741199
2376.15 0.72863811
2379.8 0.72526777
2383.45 0.71281242
2387.1 0.71125257
2390.75 0.72540122
2394.4 0.72386390
2398.05 0.71875560
2401.7 0.73175216
2405.35 0.71088839
2409.0 0.70191777
2412.65 0.69234657
2416.3 0.68550980
2419.95 0.68019331
2423.6 0.66601473
2427.25 0.66321981
2430.9 0.67088014
2434.55 0.67668259
2438.2 0.68522078
2441.85 0.70643783
2445.5 0.68224436
2449.15 0.67258751
2452.8 0.66827303
2456.45 0.66494143
2460.1 0.65704823
2463.75 0.67247796
2467.4 0.66987479
2471.05 0.67446387
2474.7 0.66801506
2478.35 0.66992593
2482.0 0.67014772
2485.65 0.68532896
2489.3 0.68919510
2492.95 0.70070100
2496.6 0.72327429
2500.25 0.75253165
2503.9 0.71685350
2507.55 0.68942004
2511.2 0.69318068
2514.85 0.68235523
2518.5 0.65728110
2522.15 0.66446507
2525.8 0.66619992
2529.45 0.64751947
2533.1 0.64296466
2536.75 0.62851459
2540.4 0.61945450
2544.05 0.63591206
2547.7 0.63395196
2551.35 0.62481326
2555.0 0.63687742
2558.65 0.62074679
2562.3 0.61060411
2565.95 0.61018819
2569.6 0.59975809
2573.25 0.58966106
2576.9 0.57813853
2580.55 0.58525616
2584.2 0.58367693
2587.85 0.56665367
2591.5 0.57148474
2595.15 0.58053434
2598.8 0.58424097
2602.45 0.57304782
2606.1 0.58337575
2609.75 0.59774059
2613.4 0.58636522
2617.05 0.59896117
2620.7 0.58163780
2624.35 0.58285564
2628.0 0.57407367
2631.65 0.58131927
2635.3 0.58458054
2638.95 0.57293063
2642.6 0.58864778
2646.25 0.57858205
2649.9 0.57329583
2653.55 0.57817411
2657.2 0.56550276
2660.85 0.57154471
2664.5 0.56684273
2668.15 0.57045174
2671.8 0.57405722
2675.45 0.56620741
2679.1 0.56119740
2682.75 0.55947137
2686.4 0.55674207
2690.05 0.55321294
2693.7 0.55343091
2697.35 0.56101179
2701.0 0.56004328
2704.65 0.55935818
2708.3 0.54850191
2711.95 0.55042738
2715.6 0.57342547
2719.25 0.64619327
2722.9 0.67113125
2726.55 0.56707180
2730.2 0.54685795
2733.85 0.54663140
2737.5 0.54002041
2741.15 0.55928928
2744.8 0.54353940
2748.45 0.53149939
2752.1 0.53506970
2755.75 0.52891088
2759.4 0.52183950
2763.05 0.51626360
2766.7 0.50978893
2770.35 0.48200807
2774.0 0.48973742
2777.65 0.48047033
2781.3 0.50136536
2784.95 0.50007504
2788.6 0.49463266
2792.25 0.48963019
2795.9 0.48593479
2799.55 0.49827906
2803.2 0.48802170
2806.85 0.49610433
2810.5 0.50357610
2814.15 0.51180983
2817.8 0.53207809
2821.45 0.57261139
2825.1 0.59640038
2828.75 0.53593463
2832.4 0.50075936
2836.05 0.51862633
2839.7 0.52270299
2843.35 0.49536946
2847.0 0.48470852
2850.65 0.48535439
2854.3 0.47676727
2857.95 0.47388640
2861.6 0.46503007
2865.25 0.45150965
2868.9 0.43653145
2872.55 0.43343666
2876.2 0.44657186
2879.85 0.45983955
2883.5 0.46110669
2887.15 0.46620557
2890.8 0.47764185
2894.45 0.47798273
2898.1 0.47498235
2901.75 0.45911187
2905.4 0.46099281
2909.05 0.45854089
2912.7 0.43946958
2916.35 0.44503015
2920.0 0.43006635
2923.65 0.43004304
2927.3 0.42255333
2930.95 0.43171102
2934.6 0.43715736
2938.25 0.42915359
2941.9 0.41563371
2945.55 0.41514844
2949.2 0.41318405
2952.85 0.40827882
2956.5 0.42065358
2960.15 0.41177472
2963.8 0.42231351
2967.45 0.43067086
2971.1 0.45687896
2974.75 0.44979730
2978.4 0.44711310
2982.05 0.46682775
2985.7 0.47332165
2989.35 0.48979199
2993.0 0.52078456
2996.65 0.50550425
3000.3 0.48020136
3003.95 0.47776574
3007.6 0.45637202
3011.25 0.44493070
3014.9 0.44026765
3018.55 0.43286735
3022.2 0.41839367
3025.85 0.40226898
3029.5 0.39755991
3033.15 0.39939258
3036.8 0.41041440
3040.45 0.40709335
3044.1 0.40442386
3047.75 0.41330543
3051.4 0.39901224
3055.05 0.39394265
3058.7 0.40116665
3062.35 0.39195490
3066.0 0.38769895
3069.65 0.38706037
3073.3 0.38642341
3076.95 0.38815621
3080.6 0.39132869
3084.25 0.38950408
3087.9 0.38801879
3091.55 0.40967295
3095.2 0.40716949
3098.85 0.41333488
3102.5 0.40593097
3106.15 0.39611697
3109.8 0.38974246
3113.45 0.40717569
3117.1 0.40688807
3120.75 0.40394646
3124.4 0.42258224
3128.05 0.41133076
3131.7 0.42459923
3135.35 0.44767541
3139.0 0.43991169
3142.65 0.44888538
3146.3 0.45708326
3149.95 0.47576109
3153.6 0.50589675
3157.25 0.51145059
3160.9 0.53973162
3164.55 0.58416551
3168.2 0.60578108
3171.85 0.60833222
3175.5 0.56562626
3179.15 0.55550379
3182.8 0.54991502
3186.45 0.52320856
3190.1 0.49951181
3193.75 0.45744106
3197.4 0.44787964
3201.05 0.43003729
3204.7 0.42133698
3208.35 0.43200165
3212.0 0.42020407
3215.65 0.41303989
3219.3 0.41344497
3222.95 0.40376833
3226.6 0.40090588
3230.25 0.39880466
3233.9 0.37417272
3237.55 0.38696352
3241.2 0.38496405
3244.85 0.39476094
3248.5 0.38618881
3252.15 0.38448578
3255.8 0.40178782
3259.45 0.40757993
3263.1 0.42294592
3266.75 0.41680443
3270.4 0.41361284
3274.05 0.39807969
3277.7 0.41998005
3281.35 0.42089686
3285.0 0.42347026
3288.65 0.42041329
3292.3 0.43621626
3295.95 0.45477277
3299.6 0.45148033
3303.25 0.43294656
3306.9 0.42268893
3310.55 0.41242531
3314.2 0.41527417
3317.85 0.44581154
3321.5 0.43367162
3325.15 0.42835489
3328.8 0.44492829
3332.45 0.44116464
3336.1 0.40852845
3339.75 0.43051931
3343.4 0.44759682
3347.05 0.42831582
3350.7 0.42011356
3354.35 0.42671493
3358.0 0.41075119
3361.65 0.40115684
3365.3 0.40243185
3368.95 0.41521716
3372.6 0.43024626
3376.25 0.42994678
3379.9 0.42131534
3383.55 0.42651299
3387.2 0.41375718
3390.85 0.42058575
3394.5 0.40781996
3398.15 0.42914438
3401.8 0.40385944
3405.45 0.41691595
3409.1 0.39950225
3412.75 0.40318328
3416.4 0.40625593
3420.05 0.41957739
3423.7 0.38263133
3427.35 0.38175553
3431.0 0.35886368
3434.65 0.35427877
3438.3 0.34927118
3441.95 0.35775539
3445.6 0.35652962
3449.25 0.35540888
3452.9 0.34897846
3456.55 0.35421175
3460.2 0.35779676
3463.85 0.35022664
3467.5 0.33842236
3471.15 0.34137979
3474.8 0.34271103
3478.45 0.34086481
3482.1 0.34611431
3485.75 0.35044995
3489.4 0.35670698
3493.05 0.35529637
3496.7 0.35243875
3500.35 0.35923490
3504.0 0.36947891
3507.65 0.36965266
3511.3 0.37298185
3514.95 0.38687876
3518.6 0.40961087
3522.25 0.41145235
3525.9 0.44216064
3529.55 0.44616097
3533.2 0.46100020
3536.85 0.49535540
3540.5 0.51565653
3544.15 0.57681602
3547.8 0.62906647
3551.45 0.60908085
3555.1 0.56803727
3558.75 0.52741194
3562.4 0.49883029
3566.05 0.47395271
3569.7 0.44258627
3573.35 0.43461755
3577.0 0.43023917
3580.65 0.41519493
3584.3 0.39198077
3587.95 0.40360981
3591.6 0.39038223
3595.25 0.38433373
3598.9 0.37778288
3602.55 0.36755678
3606.2 0.36348888
3609.85 0.37288174
3613.5 0.37289998
3617.15 0.43994910
3620.8 0.48085290
3624.45 0.40187797
3628.1 0.35686553
3631.75 0.34736371
3635.4 0.34439310
3639.05 0.33587012
3642.7 0.35765502
3646.35 0.39066982
3650.0 0.47468480
3653.65 0.66864645
3657.3 0.66698778
3660.95 0.44844732
3664.6 0.37745953
3668.25 0.35479823
3671.9 0.34499705
3675.55 0.33680531
3679.2 0.33028227
3682.85 0.33044165
3686.5 0.32804805
3690.15 0.32845685
3693.8 0.32795456
3697.45 0.32254615
3701.1 0.31890401
3704.75 0.31884348
3708.4 0.30659723
3712.05 0.30024084
3715.7 0.31338096
3719.35 0.31051058
3723.0 0.31431511
3726.65 0.30159333
3730.3 0.30400401
3733.95 0.29970998
3737.6 0.31011915
3741.25 0.30462000
3744.9 0.29672456
3748.55 0.30347711
3752.2 0.30153552
3755.85 0.31067109
3759.5 0.31223330
3763.15 0.32469273
3766.8 0.33166116
3770.45 0.32693976
3774.1 0.31743947
3777.75 0.33135337
3781.4 0.31759524
3785.05 0.30967352
3788.7 0.31024504
3792.35 0.32770076
3796.0 0.32152668
3799.65 0.30454814
3803.3 0.30849707
3806.95 0.31128851
3810.6 0.31646881
3814.25 0.31128985
3817.9 0.31419805
3821.55 0.31291878
3825.2 0.31459597
3828.85 0.30306947
3832.5 0.30815962
3836.15 0.31811643
3839.8 0.30278122
3843.45 0.31128970
3847.1 0.31249988
3850.75 0.31016192
3854.4 0.31055972
3858.05 0.31275186
3861.7 0.31066471
3865.35 0.32256258
3869.0 0.30788001
3872.65 0.30135864
3876.3 0.32949156
3879.95 0.30751970
3883.6 0.32177556
3887.25 0.31359738
3890.9 0.30421183
3894.55 0.29985756
3898.2 0.29640341
3901.85 0.30523482
3905.5 0.28923184
3909.15 0.29174146
3912.8 0.29466465
3916.45 0.29142484
3920.1 0.27769530
3923.75 0.28273845
3927.4 0.28950775
3931.05 0.28884554
3934.7 0.28001338
3938.35 0.28099370
3942.0 0.27858043
3945.65 0.27313912
3949.3 0.27854055
3952.95 0.28415334
3956.6 0.28218871
3960.25 0.27524927
3963.9 0.27119768
3967.55 0.26710203
3971.2 0.27631688
3974.85 0.26636651
3978.5 0.28431490
3982.15 0.26793930
3985.8 0.26910791
3989.45 0.26490459
3993.1 0.26454100
3996.75 0.26417816
4000.4 0.26381603
4004.05 0.26980290
4007.7 0.27092412
4011.35 0.27709994
4015.0 0.27028623
4018.65 0.27104008
4022.3 0.26165906
4025.95 0.26130205
4029.6 0.26868957
4033.25 0.27658615
4036.9 0.27185959
4040.55 0.26517582
4044.2 0.27555871
4047.85 0.27992234
4051.5 0.26583144
4055.15 0.26879287
4058.8 0.25812238
4062.45 0.25777268
4066.1 0.26291090
4069.75 0.25853211
4073.4 0.28258404
4077.05 0.26972964
4080.7 0.26233220
4084.35 0.29284358
4088.0 0.28890911
4091.65 0.27582371
4095.3 0.27074754
4098.95 0.25844729
4102.6 0.25805831
4106.25 0.25363120
4109.9 0.26189759
4113.55 0.25295070
4117.2 0.25414744
4120.85 0.25227296
4124.5 0.25429541
4128.15 0.25159791
4131.8 0.25296521
4135.45 0.25200641
4139.1 0.25059041
4142.75 0.25928625
4146.4 0.25542256
4150.05 0.24958916
4153.7 0.24925667
4157.35 0.24892493
4161.0 0.24859379
4164.65 0.24826333
4168.3 0.24793358
4171.95 0.24760444
4175.6 0.25267926
4179.25 0.24694817
4182.9 0.24733688
4186.55 0.24629450
4190.2 0.24738890
4193.85 0.24572597
4197.5 0.24531877
4201.15 0.24768437
4204.8 0.25112557
4208.45 0.25231215
4212.1 0.24994977
4215.75 0.24951345
4219.4 0.24878432
4223.05 0.24534227
4226.7 0.24735492
4230.35 0.24572811
4234.0 0.24524470
4237.65 0.25069594
4241.3 0.26166970
4244.95 0.24882302
4248.6 0.25744373
4252.25 0.25245786
4255.9 0.26025513
4259.55 0.25414735
4263.2 0.26238534
4266.85 0.25818962
4270.5 0.25935805
4274.15 0.26689357
4277.8 0.26041445
4281.45 0.26538292
4285.1 0.27413061
4288.75 0.29514423
4292.4 0.28838673
4296.05 0.28281569
4299.7 0.28434721
4303.35 0.25927863
4307.0 0.25492939
4310.65 0.26679552
4314.3 0.26207152
4317.95 0.25294545
4321.6 0.25431499
4325.25 0.25571099
4328.9 0.25604296
4332.55 0.25153151
4336.2 0.25649348
4339.85 0.26176494
4343.5 0.24565761
4347.15 0.24828036
4350.8 0.24657144
4354.45 0.25448126
4358.1 0.24007663
4361.75 0.24265219
4365.4 0.24199431
4369.05 0.24113029
4372.7 0.24286692
4376.35 0.24238861
4380.0 0.24179983
4383.65 0.24399504
4387.3 0.24005535
4390.95 0.23806083
4394.6 0.23388968
4398.25 0.23370484
4401.9 0.22990124
4405.55 0.23437436
4409.2 0.23488864
4412.85 0.23760112
4416.5 0.23953404
4420.15 0.23041593
4423.8 0.23537621
4427.45 0.24245384
4431.1 0.23963563
4434.75 0.24203393
4438.4 0.24645905
4442.05 0.24243167
4445.7 0.24423958
4449.35 0.23942177
4453.0 0.25146681
4456.65 0.23123258
4460.3 0.22355488
4463.95 0.22695553
4467.6 0.22393589
4471.25 0.22515944
4474.9 0.22548619
4478.55 0.22992913
4482.2 0.23419529
4485.85 0.22357468
4489.5 0.22987434
4493.15 0.23610696
4496.8 0.22742203
4500.45 0.22364154
4504.1 0.22021425
4507.75 0.21993932
4511.4 0.22088446
4515.05 0.23393823
4518.7 0.22290061
4522.35 0.22422896
4526.0 0.21857253
4529.65 0.21913454
4533.3 0.21895953
4536.95 0.22253394
4540.6 0.22030210
4544.25 0.22534005
4547.9 0.22611023
4551.55 0.22099189
4555.2 0.21948566
4558.85 0.21917039
4562.5 0.22550593
4566.15 0.22411209
4569.8 0.21939546
4573.45 0.21781678
4577.1 0.21615304
4580.75 0.21512419
4584.4 0.21692014
4588.05 0.21882989
4591.7 0.22607410
4595.35 0.22919631
4599.0 0.23354812
4602.65 0.24098924
4606.3 0.23137002
4609.95 0.22004713
4613.6 0.22078109
4617.25 0.21851625
4620.9 0.21512382
4624.55 0.21849483
4628.2 0.22501233
4631.85 0.22739601
4635.5 0.22033525
4639.15 0.22206837
4642.8 0.22540663
4646.45 0.22949393
4650.1 0.23299234
4653.75 0.22152810
4657.4 0.22373798
4661.05 0.22790666
4664.7 0.22860430
4668.35 0.22376025
4672.0 0.22337890
4675.65 0.22671190
4679.3 0.22652052
4682.95 0.22406794
4686.6 0.22958720
4690.25 0.22725259
4693.9 0.23047721
4697.55 0.23601021
4701.2 0.23272996
4704.85 0.23952197
4708.5 0.23570134
4712.15 0.25172538
4715.8 0.25360349
4719.45 0.26025879
4723.1 0.26760033
4726.75 0.26653114
4730.4 0.27199215
4734.05 0.28726590
4737.7 0.28887558
4741.35 0.30147690
4745.0 0.31541961
4748.65 0.33479461
4752.3 0.35722816
4755.95 0.38429767
4759.6 0.42158240
4763.25 0.46815366
4766.9 0.52515435
4770.55 0.59231979
4774.2 0.69449043
4777.85 0.81601691
4781.5 0.96908939
4785.15 1.1234705
4788.8 1.3215970
4792.45 1.3582379
4796.1 1.1615810
4799.75 0.96683615
4803.4 0.87965655
4807.05 0.82855350
4810.7 0.71754110
4814.35 0.60535592
4818.0 0.54537952
4821.65 0.49747810
4825.3 0.45367941
4828.95 0.42030564
4832.6 0.39989600
4836.25 0.37443045
4839.9 0.34863031
4843.55 0.32719436
4847.2 0.30565944
4850.85 0.28724712
4854.5 0.28143129
4858.15 0.27565888
4861.8 0.26180622
4865.45 0.26012483
4869.1 0.25525334
4872.75 0.25555056
4876.4 0.26006028
4880.05 0.25933933
4883.7 0.25394654
4887.35 0.24571815
4891.0 0.25799656
4894.65 0.26463315
4898.3 0.27003008
4901.95 0.29737431
4905.6 0.29584292
4909.25 0.27580783
4912.9 0.27859160
4916.55 0.28196296
4920.2 0.27386805
4923.85 0.25275370
4927.5 0.23219897
4931.15 0.22992480
4934.8 0.22410703
4938.45 0.21731161
4942.1 0.21595734
4945.75 0.20994183
4949.4 0.20069906
4953.05 0.19958925
4956.7 0.20057367
4960.35 0.20022649
4964.0 0.19089794
4967.65 0.18911637
4971.3 0.18889976
4974.95 0.19495243
4978.6 0.20263214
4982.25 0.19461024
4985.9 0.19178392
4989.55 0.19122615
4993.2 0.18760495
4996.85 0.18739058
5000.5 0.18717663
5004.15 0.19981681
5007.8 0.19220780
5011.45 0.19358210
5015.1 0.18632461
5018.75 0.18611255
5022.4 0.18950318
5026.05 0.19557671
5029.7 0.19405127
5033.35 0.18948482
5037.0 0.19139491
5040.65 0.19156577
5044.3 0.19014075
5047.95 0.18442999
5051.6 0.18422136
5055.25 0.18401311
5058.9 0.18550777
5062.55 0.18359776
5066.2 0.18339065
5069.85 0.18318392
5073.5 0.18751404
5077.15 0.18277155
5080.8 0.18256591
5084.45 0.18236068
5088.1 0.18486927
5091.75 0.18195124
5095.4 0.18174711
5099.05 0.18154331
5102.7 0.18133989
5106.35 0.18623546
5110.0 0.18202071
5113.65 0.19205406
5117.3 0.18189608
5120.95 0.18189056
5124.6 0.18012705
5128.25 0.17992619
5131.9 0.19276857
5135.55 0.20001350
5139.2 0.19307062
5142.85 0.20742558
5146.5 0.19179134
5150.15 0.21580747
5153.8 0.20314884
5157.45 0.18771349
5161.1 0.20891212
5164.75 0.19461443
5168.4 0.18980141
5172.05 0.19138537
5175.7 0.18533675
5179.35 0.18271790
5183.0 0.17695600
5186.65 0.17676081
5190.3 0.17929818
5193.95 0.18601950
5197.6 0.17617732
5201.25 0.17598356
5204.9 0.17579012
5208.55 0.17559703
5212.2 0.19312057
5215.85 0.17938726
5219.5 0.17501979
5223.15 0.17482808
5226.8 0.17777593
5230.45 0.17657316
5234.1 0.17425491
5237.75 0.17406464
5241.4 0.17900215
5245.05 0.18455267
5248.7 0.19477364
5252.35 0.17330655
5256.0 0.19173482
5259.65 0.17342927
5263.3 0.18159512
5266.95 0.17255391
5270.6 0.18423040
5274.25 0.17938472
5277.9 0.17901698
5281.55 0.18256892
5285.2 0.19107834
5288.85 0.18203409
5292.5 0.17124970
5296.15 0.18278450
5299.8 0.20235206
5303.45 0.17069572
5307.1 0.17051172
5310.75 0.17081760
5314.4 0.17014466
5318.05 0.16996166
5321.7 0.16977894
5325.35 0.18639717
5329.0 0.18156691
5332.65 0.16923282
5336.3 0.16905142
5339.95 0.17811224
5343.6 0.19059694
5347.25 0.16850916
5350.9 0.16991577
5354.55 0.20768239
5358.2 0.17859441
5361.85 0.17704661
5365.5 0.16761178
5369.15 0.19045311
5372.8 0.20354193
5376.45 0.19442704
5380.1 0.21384551
5383.75 0.20934632
5387.4 0.22061838
5391.05 0.19174805
5394.7 0.19895291
5398.35 0.24501429
5402.0 0.21974422
5405.65 0.21087174
5409.3 0.19085963
5412.95 0.18442935
5416.6 0.22796354
5420.25 0.21743380
5423.9 0.21034163
5427.55 0.19590817
5431.2 0.17528255
5434.85 0.19807927
5438.5 0.16410115
5442.15 0.16392888
5445.8 0.16375688
5449.45 0.16358526
5453.1 0.16341391
5456.75 0.16324283
5460.4 0.16307212
5464.05 0.16290164
5467.7 0.16273151
5471.35 0.16256166
5475.0 0.16239214
5478.65 0.16222289
5482.3 0.16205396
5485.95 0.16188532
5489.6 0.16171701
5493.25 0.16154899
5496.9 0.16138123
5500.55 0.16121380
5504.2 0.16104664
5507.85 0.16087982
5511.5 0.16071327
5515.15 0.16054700
5518.8 0.16038108
5522.45 0.16021541
5526.1 0.16005002
5529.75 0.15988493
5533.4 0.15972017
5537.05 0.15955570
5540.7 0.15939146
5544.35 0.15922756
5548.0 0.15906399
5551.65 0.15890066
5555.3 0.15873763
5558.95 0.15857488
5562.6 0.15841243
5566.25 0.15825026
5569.9 0.15808840
5573.55 0.15792684
5577.2 0.15776557
5580.85 0.15760450
5584.5 0.15744379
5588.15 0.15728335
5591.8 0.15712319
5595.45 0.15696333
5599.1 0.15680374
5602.75 0.15664446
5606.4 0.15648542
5610.05 0.15632670
5613.7 0.15616827
5617.35 0.15601012
5621.0 0.15585220
5624.65 0.15569459
5628.3 0.15553729
5631.95 0.15538022
5635.6 0.15522347
5639.25 0.15506697
5642.9 0.15491071
5646.55 0.15475483
5650.2 0.15459928
5653.85 0.15444383
5657.5 0.15428869
5661.15 0.15413392
5664.8 0.15397938
5668.45 0.15382503
5672.1 0.15367100
5675.75 0.15351745
5679.4 0.15336387
5683.05 0.15321073
5686.7 0.15305790
5690.35 0.15290527
5694.0 0.15275294
5697.65 0.15260082
5701.3 0.15244894
5704.95 0.15229753
5708.6 0.15214621
5712.25 0.15199520
5715.9 0.15184438
5719.55 0.15169394
5723.2 0.15154375
5726.85 0.15139380
5730.5 0.15124413
5734.15 0.15109481
5737.8 0.15094574
5741.45 0.15079689
5745.1 0.15064827
5748.75 0.15049995
5752.4 0.15035194
5756.05 0.15020406
5759.7 0.15005653
5763.35 0.14990936
5767.0 0.14976226
5770.65 0.14961556
5774.3 0.14946915
5777.95 0.14932291
5781.6 0.14917696
5785.25 0.14903127
5788.9 0.14888574
5792.55 0.14874068
5796.2 0.14859571
5799.85 0.14845106
5803.5 0.14830668
5807.15 0.14816257
5810.8 0.14801866
5814.45 0.14787515
5818.1 0.14773180
5821.75 0.14758871
5825.4 0.14744578
5829.05 0.14730325
5832.7 0.14716090
5836.35 0.14701882
5840.0 0.14687701
5843.65 0.14673549
5847.3 0.14659412
5850.95 0.14645314
5854.6 0.14631236
5858.25 0.14617181
5861.9 0.14603141
5865.55 0.14589144
5869.2 0.14575158
5872.85 0.14561220
5876.5 0.14547288
5880.15 0.14533377
5883.8 0.14519502
5887.45 0.14505644
5891.1 0.14491828
5894.75 0.14478023
5898.4 0.14464234
5902.05 0.14450485
5905.7 0.14436762
5909.35 0.14423059
5913.0 0.14409375
5916.65 0.14395723
5920.3 0.14382097
5923.95 0.14368485
5927.6 0.14354903
5931.25 0.14341359
5934.9 0.14327824
5938.55 0.14314307
5942.2 0.14300831
5945.85 0.14287367
5949.5 0.14273942
5953.15 0.14260533
5956.8 0.14247139
5960.45 0.14233784
5964.1 0.14220449
5967.75 0.14207137
5971.4 0.14193845
5975.05 0.14180581
5978.7 0.14167345
5982.35 0.14154123
5986.0 0.14140940
5989.65 0.14127766
5993.3 0.14114624
5996.95 0.14101505
