300.0 0.0
340.0 0.0000000
343.4 0.0000000
346.8 0.0000000
350.2 0.0000000
353.6 0.0000000
357.0 0.0000000
360.4 0.0000000
363.8 0.0000000
367.2 0.0000000
370.6 0.0000000
374.0 0.0000000
377.4 0.0000000
380.8 0.0000000
384.2 0.0000000
387.6 0.0000000
391.0 0.0000000
394.4 0.0000000
397.8 0.0000000
401.2 0.0000000
404.6 0.0000000
408.0 0.0000000
411.4 0.0000000
414.8 0.0000000
418.2 0.0000000
421.6 0.0000000
425.0 0.0000000
428.4 0.0000000
431.8 0.0000000
435.2 0.0000000
438.6 0.0000000
442.0 0.0000000
445.4 0.0000000
448.8 0.0000000
452.2 0.0000000
455.6 0.0000000
459.0 0.0000000
462.4 0.0000000
465.8 0.0000000
469.2 0.0000000
472.6 0.0000000
476.0 0.0000000
479.4 0.0000000
482.8 0.0000000
486.2 0.0000000
489.6 0.0000000
493.0 0.0000000
496.4 0.0000000
499.8 0.0000000
503.2 0.0000000
506.6 0.0000000
510.0 0.0000000
513.4 0.0000000
516.8 0.0000000
520.2 0.0000000
523.6 0.0000000
527.0 0.0000000
530.4 0.0000000
533.8 0.0000000
537.2 0.0000000
540.6 0.0000000
544.0 0.0000000
547.4 0.0000000
550.8 0.0000000
554.2 0.0000000
557.6 0.0000000
561.0 0.0000000
564.4 0.0000000
567.8 0.0000000
571.2 0.0000000
574.6 0.0000000
578.0 0.0000000
581.4 0.0000000
584.8 0.0000000
588.2 0.0000000
591.6 0.0000000
595.0 0.0000000
598.4 0.0000000
601.8 0.0000000
605.2 0.0000000
608.6 0.0000000
612.0 0.0000000
615.4 0.0000000
618.8 0.0000000
622.2 0.22528246
625.6 0.21318246
629.0 0.20144632
632.4 0.18931292
635.8 0.17663981
639.2 0.16411820
642.6 0.15232618
646.0 0.14120781
649.4 0.13065980
652.8 0.12066746
656.2 0.11120963
659.6 0.10245204
663.0 0.22921719
666.4 0.21663964
669.8 0.20237610
673.2 0.18745008
676.6 0.17310780
680.0 0.17535599
683.4 0.16938624
686.8 0.15572731
690.2 0.15394123
693.6 0.15509655
697.0 0.15844488
700.4 0.80657262
703.8 0.81094128
707.2 0.67883778
710.6 0.55915260
714.0 0.51870865
717.4 0.49893159
720.8 0.49443766
724.2 0.49647576
727.6 0.47795761
731.0 0.42646477
734.4 0.42521417
737.8 0.37571201
741.2 0.33769378
744.6 0.30856833
748.0 0.29378912
751.4 0.29469356
754.8 0.27926561
758.2 0.28148857
761.6 0.28641883
765.0 0.27511337
768.4 0.24233662
771.8 0.23183031
775.2 0.20888054
778.6 0.20802130
782.0 0.20389846
785.4 0.19434133
788.8 0.18912809
792.2 0.18740775
795.6 0.18419561
799.0 0.18618666
802.4 0.18116988
805.8 0.17855893
809.2 0.17879866
812.6 0.18479793
816.0 0.19587551
819.4 0.21788953
822.8 0.25085318
826.2 0.31530029
829.6 6.6950665
833.0 5.4059300
836.4 5.0337791
839.8 5.0233197
843.2 4.6979036
846.6 3.7547910
850.0 3.2366347
853.4 3.0389166
856.8 2.9034908
860.2 2.7106090
863.6 2.4711816
867.0 2.3115625
870.4 2.2546732
873.8 2.2570975
877.2 2.2900457
880.6 2.3019481
884.0 2.4721498
887.4 2.5070283
890.8 2.3955700
894.2 2.1796186
897.6 2.1903694
901.0 2.1672232
904.4 2.2157960
907.8 2.2505147
911.2 2.2196929
914.6 2.1366751
918.0 2.1051569
921.4 2.1688240
924.8 2.1522024
928.2 2.1849067
931.6 2.1535425
935.0 2.2007170
938.4 2.3231897
941.8 2.4500272
945.2 2.6262326
948.6 2.6709821
952.0 2.7051780
955.4 2.4566250
958.8 2.2906158
962.2 2.1668453
965.6 2.1114821
969.0 2.0992355
972.4 2.0017195
975.8 1.9737506
979.2 1.9593858
982.6 1.9422693
986.0 1.9745158
989.4 1.9529969
992.8 1.9089135
996.2 1.9636089
999.6 1.9271671
1003.0 1.9546829
1006.4 1.9988292
1009.8 2.0257168
1013.2 2.0723243
1016.6 2.0666187
1020.0 2.1293790
1023.4 2.1737204
1026.8 2.2237101
1030.2 2.3047700
1033.6 2.4733481
1037.0 2.6995232
1040.4 2.9588358
1043.8 3.2884085
1047.2 3.6977832
1050.6 3.9373851
1054.0 3.5690820
1057.4 3.0236387
1060.8 2.6093383
1064.2 2.3917174
1067.6 2.2808015
1071.0 2.2159321
1074.4 2.1080899
1077.8 2.0975137
1081.2 2.0314112
1084.6 2.0682528
1088.0 2.0705957
1091.4 2.0601177
1094.8 2.0793266
1098.2 2.0500696
1101.6 2.0776703
1105.0 2.1030703
1108.4 2.1030405
1111.8 2.1447189
1115.2 2.0585191
1118.6 2.0411487
1122.0 2.0113199
1125.4 2.0409083
1128.8 2.0467491
1132.2 2.0143218
1135.6 1.9093381
1139.0 1.8448117
1142.4 1.8160596
1145.8 1.7798613
1149.2 1.7800789
1152.6 1.7726120
1156.0 1.7665948
1159.4 1.7917798
1162.8 1.7835202
1166.2 1.8094693
1169.6 1.8152175
1173.0 1.8092842
1176.4 1.7859194
1179.8 1.8059366
1183.2 1.8114314
1186.6 1.8578634
1190.0 1.8254542
1193.4 1.7935954
1196.8 1.7123731
1200.2 1.7358103
1203.6 1.7415010
1207.0 1.7161844
1210.4 1.7720195
1213.8 1.7866820
1217.2 1.7376240
1220.6 1.7060001
1224.0 1.7062659
1227.4 1.7043095
1230.8 1.7015880
1234.2 1.7212886
1237.6 1.6893133
1241.0 1.6821097
1244.4 1.7017533
1247.8 1.6979834
1251.2 1.7381645
1254.6 1.7288392
1258.0 1.8386769
1261.4 1.8304656
1264.8 1.8472043
1268.2 1.8174003
1271.6 1.8195461
1275.0 1.8344594
1278.4 1.9141705
1281.8 2.0576177
1285.2 2.1875041
1288.6 2.2927592
1292.0 2.3315446
1295.4 2.4517000
1298.8 2.3425550
1302.2 2.1399062
1305.6 1.9555738
1309.0 1.8328179
1312.4 1.7746146
1315.8 1.7155190
1319.2 1.6599928
1322.6 1.6171494
1326.0 1.6038860
1329.4 1.5412173
1332.8 1.5146964
1336.2 1.5004764
1339.6 1.5127687
1343.0 1.5169008
1346.4 1.4797213
1349.8 1.4835608
1353.2 1.4891794
1356.6 1.4993882
1360.0 1.4600848
1363.4 1.4738361
1366.8 1.5060260
1370.2 1.4224545
1373.6 1.4579899
1377.0 1.4652491
1380.4 1.4529384
1383.8 1.4632800
1387.2 1.4380940
1390.6 1.4170847
1394.0 1.4544441
1397.4 1.5111969
1400.8 1.4792721
1404.2 1.5144055
1407.6 1.4996773
1411.0 1.5017247
1414.4 1.4913144
1417.8 1.5085288
1421.2 1.5022557
1424.6 1.4965492
1428.0 1.4469773
1431.4 1.4217725
1434.8 1.4384800
1438.2 1.4572073
1441.6 1.3939435
1445.0 1.4595255
1448.4 1.4071163
1451.8 1.4390478
1455.2 1.4242367
1458.6 1.4515169
1462.0 1.3813571
1465.4 1.4001619
1468.8 1.3972024
1472.2 1.4199588
1475.6 1.3481231
1479.0 1.3623412
1482.4 1.3866574
1485.8 1.3235173
1489.2 1.3465776
1492.6 1.3043783
1496.0 1.2665973
1499.4 1.2635765
1502.8 1.2605658
1506.2 1.2671435
1509.6 1.2731272
1513.0 1.2733079
1516.4 1.2538486
1519.8 1.2456616
1523.2 1.2427100
1526.6 1.2397687
1530.0 1.2535634
1533.4 1.2496444
1536.8 1.2661706
1540.2 1.2719195
1543.6 1.2695348
1547.0 1.2768812
1550.4 1.2867423
1553.8 1.3080872
1557.2 1.3354390
1560.6 1.3230889
1564.0 1.3560375
1567.4 1.3695680
1570.8 1.3790269
1574.2 1.3846228
1577.6 1.3924110
1581.0 1.4078220
1584.4 1.4128828
1587.8 1.3917481
1591.2 1.3774475
1594.6 1.3446364
1598.0 1.3392942
1601.4 1.3115060
1604.8 1.3286819
1608.2 1.3104076
1611.6 1.3000382
1615.0 1.3017181
1618.4 1.2917690
1621.8 1.2928922
1625.2 1.2938216
1628.6 1.3067335
1632.0 1.3353661
1635.4 1.3129772
1638.8 1.3581945
1642.2 1.3896749
1645.6 1.4287248
1649.0 1.4223788
1652.4 1.3799485
1655.8 1.3710020
1659.2 1.3733288
1662.6 1.3401464
1666.0 1.3132505
1669.4 1.3038954
1672.8 1.2969124
1676.2 1.3198212
1679.6 1.3447304
1683.0 1.3481079
1686.4 1.3374606
1689.8 1.3389519
1693.2 1.3286779
1696.6 1.3335470
1700.0 1.3181579
1703.4 1.3108803
1706.8 1.3106192
1710.2 1.3028191
1713.6 1.2846524
1717.0 1.2644155
1720.4 1.2745473
1723.8 1.2771086
1727.2 1.2760191
1730.6 1.2620602
1734.0 1.2506598
1737.4 1.2458007
1740.8 1.2380451
1744.2 1.2317044
1747.6 1.2196405
1751.0 1.2017176
1754.4 1.2063259
1757.8 1.2049685
1761.2 1.1902058
1764.6 1.1576812
1768.0 1.1860247
1771.4 1.1898766
1774.8 1.1812575
1778.2 1.1798353
1781.6 1.1885920
1785.0 1.1652784
1788.4 1.1643357
1791.8 1.1402935
1795.2 1.1211531
1798.6 1.0761102
1802.0 1.0699362
1805.4 1.0669383
1808.8 1.0553095
1812.2 1.0827824
1815.6 1.0973392
1819.0 1.0984908
1822.4 1.0737612
1825.8 1.0835491
1829.2 1.0871187
1832.6 1.1005628
1836.0 1.0995464
1839.4 1.1238098
1842.8 1.1552340
1846.2 1.1641592
1849.6 1.1480299
1853.0 1.1819602
1856.4 1.1964781
1859.8 1.1940960
1863.2 1.1990287
1866.6 1.2462922
1870.0 1.2755942
1873.4 1.2677268
1876.8 1.2905610
1880.2 1.2599382
1883.6 1.2901856
1887.0 1.3330799
1890.4 1.4427575
1893.8 1.5712680
1897.2 1.7715172
1900.6 1.9753619
1904.0 2.0365052
1907.4 1.9311432
1910.8 1.7088004
1914.2 1.5188169
1917.6 1.4005244
1921.0 1.3414733
1924.4 1.2947606
1927.8 1.2584023
1931.2 1.2295835
1934.6 1.2019507
1938.0 1.1923313
1941.4 1.1671184
1944.8 1.1451638
1948.2 1.1202685
1951.6 1.1057696
1955.0 1.1013592
1958.4 1.0688149
1961.8 1.0698559
1965.2 1.0422752
1968.6 1.0344965
1972.0 1.0323750
1975.4 0.98885584
1978.8 1.0027431
1982.2 1.0011537
1985.6 1.0149007
1989.0 1.0417843
1992.4 1.0505877
1995.8 1.0532275
1999.2 1.0514332
2002.6 1.0577999
2006.0 1.0424489
2009.4 1.0441114
2012.8 1.0570328
2016.2 1.0405349
2019.6 1.0431637
2023.0 1.0235617
2026.4 1.0288584
2029.8 1.0032150
2033.2 0.98552036
2036.6 0.96705377
2040.0 0.95750421
2043.4 0.93379039
2046.8 0.92360431
2050.2 0.89761335
2053.6 0.87958431
2057.0 0.87533712
2060.4 0.88293183
2063.8 0.87074023
2067.2 0.88866156
2070.6 0.89262795
2074.0 0.89476442
2077.4 0.89397579
2080.8 0.89406335
2084.2 0.91110629
2087.6 0.90099579
2091.0 0.91809875
2094.4 0.91640574
2097.8 0.91211230
2101.2 0.90151948
2104.6 0.91003120
2108.0 0.90295166
2111.4 0.92151272
2114.8 0.94418633
2118.2 0.94602585
2121.6 0.98315042
2125.0 0.99039090
2128.4 0.98926193
2131.8 0.97501004
2135.2 0.97337985
2138.6 0.93686372
2142.0 0.95695913
2145.4 0.94688082
2148.8 0.94443649
2152.2 0.95558089
2155.6 0.98009121
2159.0 0.98035538
2162.4 0.99193043
2165.8 0.99742091
2169.2 1.0044599
2172.6 0.99390548
2176.0 0.99802333
2179.4 0.98248935
2182.8 0.99288863
2186.2 0.97995031
2189.6 0.95019430
2193.0 0.94993043
2196.4 0.96093816
2199.8 0.93497622
2203.2 0.93289810
2206.6 0.93295920
2210.0 0.93176639
2213.4 0.94590968
2216.8 0.94110131
2220.2 0.92451519
2223.6 0.92207026
2227.0 0.93998408
2230.4 0.93756616
2233.8 0.93052840
2237.2 0.94692683
2240.6 0.91951412
2244.0 0.90750420
2247.4 0.89472991
2250.8 0.88549978
2254.2 0.87824219
2257.6 0.85955495
2261.0 0.85557038
2264.4 0.86507213
2267.8 0.87217170
2271.2 0.88279063
2274.6 0.90972912
2278.0 0.87819219
2281.4 0.86538744
2284.8 0.85946524
2288.2 0.85481310
2291.6 0.84430408
2295.0 0.86376238
2298.4 0.86005223
2301.8 0.86557657
2305.2 0.85693806
2308.6 0.85902691
2312.0 0.85895008
2315.4 0.87804037
2318.8 0.88262445
2322.2 0.89698613
2325.6 0.92549872
2329.0 0.96253777
2332.4 0.91652483
2335.8 0.88108760
2339.2 0.88553071
2342.6 0.87134504
2346.0 0.83898413
2349.4 0.84780961
2352.8 0.84967917
2356.2 0.82552081
2359.6 0.81938404
2363.0 0.80064791
2366.4 0.78879070
2369.8 0.80942470
2373.2 0.80660915
2376.6 0.79466641
2380.0 0.80969012
2383.4 0.78887188
2386.8 0.77567780
2390.2 0.77484602
2393.6 0.76130438
2397.0 0.74819648
2400.4 0.73329163
2403.8 0.74203223
2407.2 0.73974484
2410.6 0.71789366
2414.0 0.72373682
2417.4 0.73491669
2420.8 0.73932743
2424.2 0.72488791
2427.6 0.73767310
2431.0 0.75555205
2434.4 0.74089450
2437.8 0.75652593
2441.2 0.73437089
2444.6 0.73563433
2448.0 0.72428095
2451.4 0.73315054
2454.8 0.73699123
2458.2 0.72203791
2461.6 0.74157292
2465.0 0.72862548
2468.4 0.72170448
2471.8 0.72758079
2475.2 0.71137655
2478.6 0.71871674
2482.0 0.71254712
2485.4 0.71682566
2488.8 0.72109747
2492.2 0.71098262
2495.6 0.70444041
2499.0 0.70202416
2502.4 0.69835144
2505.8 0.69367963
2509.2 0.69370818
2512.6 0.70296353
2516.0 0.70150405
2519.4 0.70040107
2522.8 0.68656796
2526.2 0.68873894
2529.6 0.71726722
2533.0 0.80800939
2536.4 0.83890319
2539.8 0.70858711
2543.2 0.68309504
2546.6 0.68257880
2550.0 0.67409414
2553.4 0.69790977
2556.8 0.67802674
2560.2 0.66278392
2563.6 0.66701156
2567.0 0.65911275
2570.4 0.65008283
2573.8 0.64292210
2577.2 0.63464785
2580.6 0.59986365
2584.0 0.60928106
2587.4 0.59755480
2590.8 0.62333649
2594.2 0.62152809
2597.6 0.61456299
2601.0 0.60814899
2604.4 0.60336292
2607.8 0.61848938
2611.2 0.60556138
2614.6 0.61539227
2618.0 0.62445951
2621.4 0.63446611
2624.8 0.65938061
2628.2 0.70938528
2631.6 0.73862141
2635.0 0.66352618
2638.4 0.61978048
2641.8 0.64169157
2645.2 0.64653194
2648.6 0.61253089
2652.0 0.59916085
2655.4 0.59977227
2658.8 0.58897740
2662.2 0.58523685
2665.6 0.57412183
2669.0 0.55725735
2672.4 0.53860545
2675.8 0.53462279
2679.2 0.55065572
2682.6 0.56684262
2686.0 0.56823164
2689.4 0.57434058
2692.8 0.58825141
2696.2 0.58849347
2699.6 0.58462322
2703.0 0.56491971
2706.4 0.56706411
2709.8 0.56387943
2713.2 0.54026598
2716.6 0.54693943
2720.0 0.52839226
2723.4 0.52820748
2726.8 0.51885515
2730.2 0.52994418
2733.6 0.53647238
2737.0 0.52649629
2740.4 0.50976121
2743.8 0.50901783
2747.2 0.50646228
2750.6 0.50030500
2754.0 0.51532024
2757.4 0.50429803
2760.8 0.51705652
2764.2 0.52713794
2767.6 0.55905682
2771.0 0.55023450
2774.4 0.54679561
2777.8 0.57074392
2781.2 0.57852000
2784.6 0.59848219
2788.0 0.63617373
2791.4 0.61733460
2794.8 0.58627015
2798.2 0.58313376
2801.6 0.55686688
2805.0 0.54275566
2808.4 0.53691876
2811.8 0.52774829
2815.2 0.50996166
2818.6 0.49017340
2822.0 0.48430285
2825.4 0.48640248
2828.8 0.49968925
2832.2 0.49551111
2835.6 0.49212855
2839.0 0.50280029
2842.4 0.48528114
2845.8 0.47898665
2849.2 0.48763946
2852.6 0.47631460
2856.0 0.47101703
2859.4 0.47011608
2862.8 0.46921775
2866.2 0.47119695
2869.6 0.47492290
2873.0 0.47258377
2876.4 0.47065809
2879.8 0.49679390
2883.2 0.49362895
2886.6 0.50097293
2890.0 0.49187118
2893.4 0.47985479
2896.8 0.47201061
2900.2 0.49299648
2903.6 0.49252123
2907.0 0.48883510
2910.4 0.51125604
2913.8 0.49751639
2917.2 0.51343399
2920.6 0.54120058
2924.0 0.53167999
2927.4 0.54238850
2930.8 0.55215460
2934.2 0.57457262
2937.6 0.61081380
2941.0 0.61736470
2944.4 0.65133953
2947.8 0.70478600
2951.2 0.73068303
2954.6 0.73357826
2958.0 0.68191099
2961.4 0.66954225
2964.8 0.66264296
2968.2 0.63030708
2971.6 0.60161227
2975.0 0.55080765
2978.4 0.53916317
2981.8 0.51755846
2985.2 0.50696445
2988.6 0.51967067
2992.0 0.50535691
2995.4 0.49662128
2998.8 0.49698892
3002.2 0.48524061
3005.6 0.48168543
3009.0 0.47904655
3012.4 0.44935158
3015.8 0.46460199
3019.2 0.46209198
3022.6 0.47373977
3026.0 0.46334344
3029.4 0.46119174
3032.8 0.48183259
3036.2 0.48866430
3039.6 0.50696886
3043.0 0.49949104
3046.4 0.49555114
3049.8 0.47683033
3053.2 0.50294685
3056.6 0.50392854
3060.0 0.50689304
3063.4 0.50311840
3066.8 0.52191067
3070.2 0.54398835
3073.6 0.53992695
3077.0 0.51764464
3080.4 0.50526571
3083.8 0.49288544
3087.2 0.49617815
3090.6 0.53254485
3094.0 0.51792675
3097.4 0.51146239
3100.8 0.53113252
3104.2 0.52652228
3107.6 0.48746309
3111.0 0.51358891
3114.4 0.53384322
3117.8 0.51073420
3121.2 0.50084323
3124.6 0.50860125
3128.0 0.48946667
3131.4 0.47792903
3134.8 0.47934335
3138.2 0.49446440
3141.6 0.51225054
3145.0 0.51178300
3148.4 0.50140017
3151.8 0.50747621
3155.2 0.49219298
3158.6 0.50020856
3162.0 0.48492205
3165.4 0.51016891
3168.8 0.48000768
3172.2 0.49542055
3175.6 0.47462702
3179.0 0.47889876
3182.4 0.48244640
3185.8 0.49816114
3189.2 0.45419973
3192.6 0.45306495
3196.0 0.42580789
3199.4 0.42027980
3202.8 0.41425294
3206.2 0.42422733
3209.6 0.42268604
3213.0 0.42127010
3216.4 0.41356260
3219.8 0.41967782
3223.2 0.42383826
3226.6 0.41478565
3230.0 0.40072337
3233.4 0.40414271
3236.8 0.40563598
3240.2 0.40336871
3243.6 0.40949771
3247.0 0.41454339
3250.4 0.42185950
3253.8 0.42010653
3257.2 0.41664386
3260.6 0.42459288
3264.0 0.43661323
3267.4 0.43673128
3270.8 0.44057679
3274.2 0.45690131
3277.6 0.48365185
3281.0 0.48572996
3284.4 0.52187878
3287.8 0.52649653
3291.2 0.54390073
3294.6 0.58431929
3298.0 0.60814732
3301.4 0.68014383
3304.8 0.74160957
3308.2 0.71790874
3311.6 0.66940171
3315.0 0.62140661
3318.4 0.58761764
3321.8 0.55820447
3325.2 0.52116185
3328.6 0.51168019
3332.0 0.50642848
3335.4 0.48862672
3338.8 0.46121889
3342.2 0.47481170
3345.6 0.45916346
3349.0 0.45196360
3352.4 0.44417602
3355.8 0.43207130
3359.2 0.42720893
3362.6 0.43816605
3366.0 0.43810540
3369.4 0.51678210
3372.8 0.56472403
3376.2 0.47188628
3379.6 0.41895470
3383.0 0.40772414
3386.4 0.40416259
3389.8 0.39408770
3393.2 0.41957137
3396.6 0.45821738
3400.0 0.55665660
3403.4 0.78396934
3406.8 0.78188187
3410.2 0.52560019
3413.6 0.44231895
3417.0 0.41568828
3420.4 0.40413186
3423.8 0.39446479
3427.2 0.38675523
3430.6 0.38687229
3434.0 0.38400099
3437.4 0.38441068
3440.8 0.38375422
3444.2 0.37735826
3447.6 0.37303081
3451.0 0.37289375
3454.4 0.35850796
3457.8 0.35101330
3461.2 0.36631083
3464.6 0.36289167
3468.0 0.36727351
3471.4 0.35234645
3474.8 0.35510066
3478.2 0.35002375
3481.6 0.36211726
3485.0 0.35563418
3488.4 0.34635645
3491.8 0.35417712
3495.2 0.35185036
3498.6 0.36244780
3502.0 0.36420763
3505.4 0.37867603
3508.8 0.38673681
3512.2 0.38116616
3515.6 0.37002701
3519.0 0.38618010
3522.4 0.37008262
3525.8 0.36079049
3529.2 0.36139518
3532.6 0.38166440
3536.0 0.37441045
3539.4 0.35457972
3542.8 0.35911706
3546.2 0.36230588
3549.6 0.36827359
3553.0 0.36218640
3556.4 0.36550930
3559.8 0.36396062
3563.2 0.36585072
3566.6 0.35238799
3570.0 0.35824728
3573.4 0.36976153
3576.8 0.35187885
3580.2 0.36170766
3583.6 0.36305436
3587.0 0.36027935
3590.4 0.36068255
3593.8 0.36316937
3597.2 0.36068717
3600.6 0.37444010
3604.0 0.35733831
3607.4 0.34971285
3610.8 0.38229823
3614.2 0.35674766
3617.6 0.37322569
3621.0 0.36368164
3624.4 0.35274071
3627.8 0.34763637
3631.2 0.34357715
3634.6 0.35375795
3638.0 0.33515781
3641.4 0.33801240
3644.8 0.34134534
3648.2 0.33753908
3651.6 0.32158643
3655.0 0.32737526
3658.4 0.33516076
3661.8 0.33434185
3665.2 0.32406795
3668.6 0.32515186
3672.0 0.32230929
3675.4 0.31596482
3678.8 0.32216331
3682.2 0.32860437
3685.6 0.32628205
3689.0 0.31820935
3692.4 0.31347725
3695.8 0.30869573
3699.2 0.31929672
3702.6 0.30775166
3706.0 0.32843858
3709.4 0.30947456
3712.8 0.31077719
3716.2 0.30587667
3719.6 0.30541068
3723.0 0.30494577
3726.4 0.30448192
3729.8 0.31134480
3733.2 0.31259179
3736.6 0.31966960
3740.0 0.31176254
3743.4 0.31258544
3746.8 0.30172157
3750.2 0.30126518
3753.6 0.30973661
3757.0 0.31879237
3760.4 0.31329826
3763.8 0.30555072
3767.2 0.31746775
3770.6 0.32244769
3774.0 0.30617127
3777.4 0.30953681
3780.8 0.29720554
3784.2 0.29675964
3787.6 0.30263096
3791.0 0.29754746
3794.4 0.32518199
3797.8 0.31034502
3801.2 0.30179015
3804.6 0.33684230
3808.0 0.33226892
3811.4 0.31717417
3814.8 0.31129241
3818.2 0.29710773
3821.6 0.29661828
3825.0 0.29148814
3828.4 0.30094561
3831.8 0.29062355
3835.2 0.29195720
3838.6 0.28976291
3842.0 0.29204473
3845.4 0.28890613
3848.8 0.29043540
3852.2 0.28929403
3855.6 0.28762826
3859.0 0.29756784
3862.4 0.29309282
3865.8 0.28635922
3869.2 0.28593805
3872.6 0.28551790
3876.0 0.28509867
3879.4 0.28468034
3882.8 0.28426307
3886.2 0.28384662
3889.6 0.28962454
3893.0 0.28301662
3896.4 0.28342336
3899.8 0.28219035
3903.2 0.28340563
3906.6 0.28146231
3910.0 0.28095776
3913.4 0.28362858
3916.8 0.28753027
3920.2 0.28884986
3923.6 0.28610682
3927.0 0.28556898
3930.4 0.28469625
3933.8 0.28071970
3937.2 0.28298476
3940.6 0.28108606
3944.0 0.28049570
3947.4 0.28669238
3950.8 0.29920205
3954.2 0.28447503
3957.6 0.29429197
3961.0 0.28855440
3964.4 0.29742733
3967.8 0.29040894
3971.2 0.29978293
3974.6 0.29495057
3978.0 0.29624662
3981.4 0.30481407
3984.8 0.29737568
3988.2 0.30300987
3991.6 0.31295723
3995.0 0.33690342
3998.4 0.32914725
4001.8 0.32274705
4005.2 0.32445300
4008.6 0.29581055
4012.0 0.29081115
4015.4 0.30430844
4018.8 0.29888201
4022.2 0.28843722
4025.6 0.28996193
4029.0 0.29151651
4032.4 0.29185787
4035.8 0.28667900
4039.2 0.29229730
4042.6 0.29826692
4046.0 0.27987820
4049.4 0.28283066
4052.8 0.28084862
4056.2 0.28982168
4059.6 0.27338240
4063.0 0.27628073
4066.4 0.27549729
4069.8 0.27447948
4073.2 0.27642190
4076.6 0.27584326
4080.0 0.27513915
4083.4 0.27760270
4086.8 0.27308664
4090.2 0.27078432
4093.6 0.26600710
4097.0 0.26576418
4100.4 0.26140678
4103.8 0.26646030
4107.2 0.26701236
4110.6 0.27006286
4114.0 0.27222675
4117.4 0.26183236
4120.8 0.26743650
4124.2 0.27544484
4127.6 0.27221024
4131.0 0.27490139
4134.4 0.27989373
4137.8 0.27528691
4141.2 0.27730653
4144.6 0.27180389
4148.0 0.28544393
4151.4 0.26244441
4154.8 0.25370014
4158.2 0.25752872
4161.6 0.25407213
4165.0 0.25543007
4168.4 0.25577047
4171.8 0.26077935
4175.2 0.26558661
4178.6 0.25351256
4182.0 0.26062515
4185.4 0.26766014
4188.8 0.25778437
4192.2 0.25346953
4195.6 0.24955602
4199.0 0.24921545
4202.4 0.25025728
4205.8 0.26501617
4209.2 0.25248295
4212.6 0.25395826
4216.0 0.24752325
4219.4 0.24813113
4222.8 0.24790442
4226.2 0.25192243
4229.6 0.24936724
4233.0 0.25504068
4236.4 0.25588313
4239.8 0.25006229
4243.2 0.24832965
4246.6 0.24794477
4250.0 0.25508314
4253.4 0.25347775
4256.8 0.24811503
4260.2 0.24630190
4263.6 0.24439304
4267.0 0.24320242
4270.4 0.24520521
4273.8 0.24733625
4277.2 0.25549555
4280.6 0.25899515
4284.0 0.26388332
4287.4 0.27226064
4290.8 0.26136413
4294.2 0.24854583
4297.6 0.24934720
4301.0 0.24676199
4304.4 0.24290425
4307.8 0.24668339
4311.2 0.25401378
4314.6 0.25667650
4318.0 0.24867928
4321.4 0.25060791
4324.8 0.25434738
4328.2 0.25893122
4331.6 0.26284972
4335.0 0.24988919
4338.4 0.25235459
4341.8 0.25702861
4345.2 0.25778750
4348.6 0.25229782
4352.0 0.25184068
4355.4 0.25557083
4358.8 0.25532764
4362.2 0.25253603
4365.6 0.25872880
4369.0 0.25607049
4372.4 0.25967631
4375.8 0.26588193
4379.2 0.26215860
4382.6 0.26978081
4386.0 0.26544937
4389.4 0.28346580
4392.8 0.28555056
4396.2 0.29301330
4399.6 0.30124706
4403.0 0.30001190
4406.4 0.30612677
4409.8 0.32328346
4413.2 0.32506093
4416.6 0.33920529
4420.0 0.35485587
4423.4 0.37661403
4426.8 0.40180805
4430.2 0.43221074
4433.6 0.47409496
4437.0 0.52641267
4440.4 0.59044582
4443.8 0.66589314
4447.2 0.78067428
4450.6 0.91718745
4454.0 1.0891262
4457.4 1.2625006
4460.8 1.4849935
4464.2 1.5260087
4467.6 1.3049276
4471.0 1.0860394
4474.4 0.98801082
4477.8 0.93051875
4481.2 0.80576307
4484.6 0.67971587
4488.0 0.61231041
4491.4 0.55847412
4494.8 0.50925398
4498.2 0.47174463
4501.6 0.44879216
4505.0 0.42017081
4508.4 0.39117980
4511.8 0.36709103
4515.2 0.34289607
4518.6 0.32220864
4522.0 0.31565362
4525.4 0.30914858
4528.8 0.29358393
4532.2 0.29166964
4535.6 0.28617916
4539.0 0.28648415
4542.4 0.29151112
4545.8 0.29067442
4549.2 0.28460214
4552.6 0.27535349
4556.0 0.28908449
4559.4 0.29649186
4562.8 0.30250904
4566.2 0.33310983
4569.6 0.33136222
4573.0 0.30889174
4576.4 0.31197926
4579.8 0.31572413
4583.2 0.30663043
4586.6 0.28296292
4590.0 0.25992647
4593.4 0.25735602
4596.8 0.25082013
4600.2 0.24319141
4603.6 0.24165279
4607.0 0.23489912
4610.4 0.22453621
4613.8 0.22327334
4617.2 0.22435328
4620.6 0.22394368
4624.0 0.21348995
4627.4 0.21147756
4630.8 0.21121539
4634.2 0.21796255
4637.6 0.22652741
4641.0 0.21753909
4644.4 0.21435967
4647.8 0.21371624
4651.2 0.20964953
4654.6 0.20939046
4658.0 0.20913191
4661.4 0.22323397
4664.8 0.21471329
4668.2 0.21622847
4671.6 0.20810267
4675.0 0.20784660
4678.4 0.21161364
4681.8 0.21837571
4685.2 0.21665251
4688.6 0.21153475
4692.0 0.21364753
4695.4 0.21381867
4698.8 0.21220872
4702.2 0.20581634
4705.6 0.20556478
4709.0 0.20531374
4712.4 0.20696260
4715.8 0.20481309
4719.2 0.20456351
4722.6 0.20431444
4726.0 0.20912516
4729.4 0.20381773
4732.8 0.20357007
4736.2 0.20332292
4739.6 0.20610139
4743.0 0.20283005
4746.4 0.20258436
4749.8 0.20233913
4753.2 0.20209438
4756.6 0.20753177
4760.0 0.20281701
4763.4 0.21397769
4766.8 0.20264217
4770.2 0.20261811
4773.6 0.20063590
4777.0 0.20039447
4780.4 0.21467887
4783.8 0.22272767
4787.2 0.21497746
4790.6 0.23094095
4794.0 0.21351558
4797.4 0.24023099
4800.8 0.22612001
4804.2 0.20892110
4807.6 0.23249447
4811.0 0.21656400
4814.4 0.21118984
4817.8 0.21293382
4821.2 0.20618635
4824.6 0.20325533
4828.0 0.19682881
4831.4 0.19659476
4834.8 0.19939971
4838.2 0.20685680
4841.6 0.19589533
4845.0 0.19566312
4848.4 0.19543135
4851.8 0.19520003
4855.2 0.21466154
4858.6 0.19937941
4862.0 0.19450867
4865.4 0.19427915
4868.8 0.19753823
4872.2 0.19618517
4875.6 0.19359307
4879.0 0.19336537
4882.4 0.19883363
4885.8 0.20498185
4889.2 0.21631607
4892.6 0.19245854
4896.0 0.21290548
4899.4 0.19256260
4902.8 0.20161252
4906.2 0.19155872
4909.6 0.20450424
4913.0 0.19910876
4916.4 0.19868410
4919.8 0.20260948
4923.2 0.21203543
4926.6 0.20198254
4930.0 0.19000067
4933.4 0.20278178
4936.8 0.22447164
4940.2 0.18933931
4943.6 0.18911971
4947.0 0.18944348
4950.4 0.18868174
4953.8 0.18846340
4957.2 0.18824546
4960.6 0.20665440
4964.0 0.20128284
4967.4 0.18759419
4970.8 0.18737794
4974.2 0.19740504
4977.6 0.21122500
4981.0 0.18673161
4984.4 0.18827519
4987.8 0.23010398
4991.2 0.19785973
4994.6 0.19612926
4998.0 0.18566264
5001.4 0.21094698
5004.8 0.22542623
5008.2 0.21531419
5011.6 0.23679990
5015.0 0.23179935
5018.4 0.24426097
5021.8 0.21227992
5025.2 0.22023883
5028.6 0.27120689
5032.0 0.24321617
5035.4 0.23337761
5038.8 0.21121301
5042.2 0.20408095
5045.6 0.25223407
5049.0 0.24056444
5052.4 0.23269959
5055.8 0.21671504
5059.2 0.19388370
5062.6 0.21908256
5066.0 0.18148747
5069.4 0.18128285
5072.8 0.18107860
5076.2 0.18087481
5079.6 0.18067139
5083.0 0.18046831
5086.4 0.18026569
5089.8 0.18006337
5093.2 0.17986149
5096.6 0.17965995
5100.0 0.17945884
5103.4 0.17925808
5106.8 0.17905772
5110.2 0.17885773
5113.6 0.17865814
5117.0 0.17845894
5120.4 0.17826007
5123.8 0.17806162
5127.2 0.17786352
5130.6 0.17766581
5134.0 0.17746848
5137.4 0.17727150
5140.8 0.17707494
5144.2 0.17687872
5147.6 0.17668284
5151.0 0.17648736
5154.4 0.17629227
5157.8 0.17609757
5161.2 0.17590317
5164.6 0.17570917
5168.0 0.17551558
5171.4 0.17532231
5174.8 0.17512943
5178.2 0.17493689
5181.6 0.17474473
5185.0 0.17455292
5188.4 0.17436150
5191.8 0.17417046
5195.2 0.17397977
5198.6 0.17378938
5202.0 0.17359939
5205.4 0.17340977
5208.8 0.17322050
5212.2 0.17303160
5215.6 0.17284305
5219.0 0.17265487
5222.4 0.17246702
5225.8 0.17227955
5229.2 0.17209245
5232.6 0.17190570
5236.0 0.17171924
5239.4 0.17153317
5242.8 0.17134750
5246.2 0.17116211
5249.6 0.17097713
5253.0 0.17079246
5256.4 0.17060810
5259.8 0.17042419
5263.2 0.17024064
5266.6 0.17005733
5270.0 0.16987438
5273.4 0.16969186
5276.8 0.16950963
5280.2 0.16932769
5283.6 0.16914615
5287.0 0.16896509
5290.4 0.16878414
5293.8 0.16860366
5297.2 0.16842352
5300.6 0.16824372
5304.0 0.16806425
5307.4 0.16788507
5310.8 0.16770624
5314.2 0.16752787
5317.6 0.16734970
5321.0 0.16717190
5324.4 0.16699442
5327.8 0.16681729
5331.2 0.16664053
5334.6 0.16646406
5338.0 0.16628793
5341.4 0.16611221
5344.8 0.16593678
5348.2 0.16576169
5351.6 0.16558689
5355.0 0.16541246
5358.4 0.16523834
5361.8 0.16506451
5365.2 0.16489105
5368.6 0.16471797
5372.0 0.16454510
5375.4 0.16437265
5378.8 0.16420053
5382.2 0.16402869
5385.6 0.16385721
5389.0 0.16368602
5392.4 0.16351512
5395.8 0.16334467
5399.2 0.16317442
5402.6 0.16300455
5406.0 0.16283497
5409.4 0.16266575
5412.8 0.16249682
5416.2 0.16232826
5419.6 0.16216001
5423.0 0.16199207
5426.4 0.16182438
5429.8 0.16165708
5433.2 0.16149008
5436.6 0.16132338
5440.0 0.16115701
5443.4 0.16099098
5446.8 0.16082521
5450.2 0.16065982
5453.6 0.16049474
5457.0 0.16032995
5460.4 0.16016538
5463.8 0.16000126
5467.2 0.15983735
5470.6 0.15967390
5474.0 0.15951063
5477.4 0.15934768
5480.8 0.15918507
5484.2 0.15902273
5487.6 0.15886080
5491.0 0.15869910
5494.4 0.15853766
5497.8 0.15837660
5501.2 0.15821587
5504.6 0.15805541
5508.0 0.15789521
5511.4 0.15773536
5514.8 0.15757583
5518.2 0.15741655
5521.6 0.15725759
5525.0 0.15709902
5528.4 0.15694065
5531.8 0.15678255
5535.2 0.15662485
5538.6 0.15646738
5542.0 0.15631028
5545.4 0.15615344
5548.8 0.15599686
5552.2 0.15584067
5555.6 0.15568469
5559.0 0.15552907
5562.4 0.15537369
5565.8 0.15521863
5569.2 0.15506388
5572.6 0.15490940
5576.0 0.15475528
5579.4 0.15460135
5582.8 0.15444779
5586.2 0.15429451
5589.6 0.15414150
5593.0 0.15398879
5596.4 0.15383644
5599.8 0.15368430
5603.2 0.15353246
5606.6 0.15338095
5610.0 0.15322967
5613.4 0.15307875
5616.8 0.15292805
5620.2 0.15277764
5623.6 0.15262756
5627.0 0.15247777
5630.4 0.15232819
5633.8 0.15217900
5637.2 0.15203007
5640.6 0.15188137
5644.0 0.15173300
5647.4 0.15158489
5650.8 0.15143710
5654.2 0.15128954
5657.6 0.15114236
5661.0 0.15099539
5664.4 0.15084864
5667.8 0.15070230
5671.2 0.15055621
5674.6 0.15041032
5678.0 0.15026478
5681.4 0.15011950
5684.8 0.14997451
5688.2 0.14982979
5691.6 0.14968534
5695.0 0.14954114
5698.4 0.14939725
5701.8 0.14925365
5705.2 0.14911035
5708.6 0.14896733
5712.0 0.14882450
5715.4 0.14868201
5718.8 0.14853981
5722.2 0.14839786
5725.6 0.14825615
5729.0 0.14811473
5732.4 0.14797366
5735.8 0.14783274
5739.2 0.14769213
5742.6 0.14755182
5746.0 0.14741179
5749.4 0.14727204
5752.8 0.14713250
5756.2 0.14699323
5759.6 0.14685433
5763.0 0.14671560
5766.4 0.14657715
5769.8 0.14643902
5773.2 0.14630114
5776.6 0.14616346
5780.0 0.14602610
5783.4 0.14588900
5786.8 0.14575216
5790.2 0.14561564
5793.6 0.14547931
5797.0 0.14534329
5800.4 0.14520752
5803.8 0.14507201
5807.2 0.14493677
5810.6 0.14480183
5814.0 0.14466707
5817.4 0.14453264
5820.8 0.14439844
5824.2 0.14426449
5827.6 0.14413083
5831.0 0.14399745
5834.4 0.14386426
5837.8 0.14373137
5841.2 0.14359877
5844.6 0.14346635
5848.0 0.14333427
5851.4 0.14320242
5854.8 0.14307080
5858.2 0.14293948
5861.6 0.14280836
5865.0 0.14267758
5868.4 0.14254698
5871.8 0.14241667
5875.2 0.14228661
5878.6 0.14215678
5882.0 0.14202724
5885.4 0.14189795
5888.8 0.14176889
5892.2 0.14164010
5895.6 0.14151154
5899.0 0.14138326
5902.4 0.14125520
5905.8 0.14112745
5909.2 0.14099993
5912.6 0.14087261
5916.0 0.14074560
5919.4 0.14061880
5922.8 0.14049231
5926.2 0.14036600
5929.6 0.14024000
5933.0 0.14011417
5936.4 0.13998866
5939.8 0.13986337
5943.2 0.13973835
5946.6 0.13961355
5950.0 0.13948900
5953.4 0.13936467
5956.8 0.13924067
5960.2 0.13911685
5963.6 0.13899329
5967.0 0.13886991
5970.4 0.13874687
5973.8 0.13862409
5977.2 0.13850148
5980.6 0.13837910
5984.0 0.13825700
5987.4 0.13813516
5990.8 0.13801356
5994.2 0.13789214
5997.6 0.13777104
