300.0 0.0
315.0 0.0000000
318.15 0.0000000
321.3 0.0000000
324.45 0.0000000
327.6 0.0000000
330.75 0.0000000
333.9 0.0000000
337.05 0.0000000
340.2 0.0000000
343.35 0.0000000
346.5 0.0000000
349.65 0.0000000
352.8 0.0000000
355.95 0.0000000
359.1 0.0000000
362.25 0.0000000
365.4 0.0000000
368.55 0.0000000
371.7 0.0000000
374.85 0.0000000
378.0 0.0000000
381.15 0.0000000
384.3 0.0000000
387.45 0.0000000
390.6 0.0000000
393.75 0.0000000
396.9 0.0000000
400.05 0.0000000
403.2 0.0000000
406.35002 0.0000000
409.50002 0.0000000
412.65 0.0000000
415.8 0.0000000
418.95 0.0000000
422.1 0.0000000
425.25 0.0000000
428.4 0.0000000
431.55 0.0000000
434.7 0.0000000
437.85 0.0000000
441.0 0.0000000
444.15 0.0000000
447.3 0.0000000
450.45 0.0000000
453.6 0.0000000
456.75 0.0000000
459.9 0.0000000
463.05 0.0000000
466.2 0.0000000
469.35 0.0000000
472.5 0.0000000
475.65 0.0000000
478.8 0.0000000
481.95 0.0000000
485.1 0.0000000
488.25 0.0000000
491.4 0.0000000
494.55 0.0000000
497.7 0.0000000
500.85 0.0000000
504.0 0.0000000
507.15 0.0000000
510.3 0.0000000
513.45 0.0000000
516.6 0.0000000
519.75 0.0000000
522.9 0.0000000
526.05 0.0000000
529.2 0.0000000
532.35 0.0000000
535.5 0.0000000
538.65 0.0000000
541.8 0.0000000
544.95 0.0000000
548.1 0.0000000
551.25 0.0000000
554.4 0.0000000
557.55 0.0000000
560.7 0.0000000
563.85 0.0000000
567.0 0.0000000
570.15 0.0000000
573.3 0.0000000
576.45 0.16344771
579.6 0.15765783
582.75 0.15195084
585.9 0.14632310
589.05 0.14078765
592.2 0.13534956
595.35 0.13001090
598.5 0.12477944
601.65 0.11965807
604.8 0.11464860
607.95 0.10975062
611.1 0.10496525
614.25 0.17338528
617.4 0.16754703
620.55 0.16179219
623.7 0.15613078
626.85 0.15056625
630.0 0.15914927
633.15 0.16062155
636.3 0.15451756
639.45 0.16007529
642.6 0.16926987
645.75 0.18178661
648.9 0.50637352
652.05 0.51553428
655.2 0.43705299
658.35 0.36462703
661.5 0.34264898
664.65 0.33391613
667.8 0.33530048
670.95 0.34119275
674.1 0.33291343
677.25 0.30111527
680.4 0.30438253
683.55 0.27270165
686.7 0.24856107
689.85 0.23035057
693.0 0.22245590
696.15 0.22636868
699.3 0.21766222
702.45 0.22264847
705.6 0.22993770
708.75 0.22420043
711.9 0.20049836
715.05 0.19473751
718.2 0.17818654
721.35 0.18029405
724.5 0.17886801
727.65 0.17249744
730.8 0.17129536
733.95 0.17610523
737.1 0.18242922
740.25 0.19599508
743.4 0.20290612
746.55 0.21246463
749.7 0.22648206
752.85 0.24972917
756.0 0.28304619
759.15 0.33741975
762.3 0.41725221
765.45 0.56469232
768.6 3.0286679
771.75 2.4514780
774.9 2.2882473
778.05 2.2889888
781.2 2.1458223
784.35 1.7191056
787.5 1.4853557
790.65 1.3978750
793.8 1.3386692
796.95 1.2526162
800.1 1.1445761
803.25 1.0730680
806.4 1.0490156
809.55005 1.0524850
812.70005 1.0702119
815.85005 1.0781429
819.00005 1.1603826
822.15 1.1793059
825.3 1.1292948
828.45 1.0296872
831.6 1.0369642
834.75 1.0281633
837.9 1.0534049
841.05 1.0721301
844.2 1.0596230
847.35 1.0220799
850.5 1.0090476
853.65 1.0416578
856.8 1.0357447
859.95 1.0535774
863.1 1.0405042
866.25 1.0653793
869.4 1.1268612
872.55 1.1906824
875.7 1.2787673
878.85 1.3030382
882.0 1.3222215
885.15 1.2029946
888.3 1.1237979
891.45 1.0650483
894.6 1.0397509
897.75 1.0356141
900.9 0.98930347
904.05 0.97724384
907.2 0.97187394
910.35 0.96510243
913.5 0.98286474
916.65 0.97386461
919.8 0.95354778
922.95 0.98257387
926.1 0.96600330
929.25 0.98147684
932.4 1.0053544
935.55 1.0206037
938.7 1.0458422
941.85 1.0447069
945.0 1.0782217
948.15 1.1024914
951.3 1.1296960
954.45 1.1727852
957.6 1.2606051
960.75 1.3780963
963.9 1.5128912
967.05 1.6840795
970.2 1.8967232
973.35 2.0227952
976.5 1.8364445
979.65 1.5582047
982.8 1.3467720
985.95 1.2363420
989.1 1.1808031
992.25 1.1489557
995.4 1.0946845
998.55 1.0908220
1001.7 1.0580162
1004.85 1.0787967
1008.0 1.0816050
1011.15 1.0777040
1014.3 1.0893316
1017.45 1.0755544
1020.6 1.0915996
1023.75 1.1065210
1026.9 1.1080742
1030.05 1.1316278
1033.2 1.0876684
1036.35 1.0799934
1039.5 1.0656855
1042.65 1.0828521
1045.8 1.0874388
1048.95 1.0716677
1052.1 1.0171896
1055.25 0.98413700
1058.4 0.97009581
1061.55 0.95202559
1064.7 0.95340234
1067.85 0.95065314
1071.0 0.94866621
1074.15 0.96344298
1077.3 0.96024340
1080.45 0.97546852
1083.6 0.97981983
1086.75 0.97786099
1089.9 0.96645540
1093.05 0.97851825
1096.2 0.98272479
1099.35 1.0091704
1102.5 0.99279428
1105.65 0.97666931
1108.8 0.93358374
1111.95 0.94751513
1115.1 0.95177412
1118.25 0.93906862
1121.4 0.97078413
1124.55 0.97998434
1127.7 0.95420712
1130.85 0.93794709
1134.0 0.93919444
1137.15 0.93921304
1140.3 0.93880272
1143.45 0.95076990
1146.6 0.93418086
1149.75 0.93126082
1152.9 0.94320816
1156.05 0.94218391
1159.2 0.96556556
1162.35 0.96146107
1165.5 1.0236852
1168.65 1.0202433
1171.8 1.0307087
1174.95 1.0151914
1178.1 1.0174994
1181.25 1.0269537
1184.4 1.0727352
1187.55 1.1543655
1190.7 1.2285477
1193.85 1.2890315
1197.0 1.3122263
1200.15 1.3813062
1203.3 1.3211966
1206.45 1.2081631
1209.6 1.1052377
1212.75 1.0369300
1215.9 1.0050329
1219.05 0.97255921
1222.2 0.94203830
1225.35 0.91865438
1228.5 0.91203874
1231.65 0.87785816
1234.8 0.86417788
1237.95 0.85747176
1241.1 0.86590934
1244.25 0.86968547
1247.4 0.84974080
1250.55 0.85331529
1253.7 0.85791641
1256.85 0.86517173
1260.0 0.84382564
1263.15 0.85311306
1266.3 0.87311041
1269.45 0.82594353
1272.6 0.84788811
1275.75 0.85342211
1278.9 0.84754813
1282.05 0.85488129
1285.2 0.84144074
1288.35 0.83039844
1291.5 0.85356897
1294.65 0.88819885
1297.8 0.87072569
1300.95 0.89272159
1304.1 0.88533849
1307.25 0.88784242
1310.4 0.88296956
1313.55 0.89445347
1316.7 0.89201522
1319.85 0.88989908
1323.0 0.86164707
1326.15 0.84783781
1329.3 0.85900968
1332.45 0.87141323
1335.6 0.83474445
1338.75 0.87523091
1341.9 0.84496796
1345.05 0.86533016
1348.2 0.85759521
1351.35 0.87521064
1354.5 0.83403462
1357.65 0.84652728
1360.8 0.84586984
1363.95 0.86079341
1367.1 0.81832993
1370.25 0.82805246
1373.4 0.84393972
1376.55 0.80656475
1379.7 0.82168567
1382.85 0.79696590
1386.0 0.77487898
1389.15 0.77402180
1392.3 0.77316272
1395.45 0.77818388
1398.6 0.78284651
1401.75 0.78394216
1404.9 0.77292705
1408.05 0.76883650
1411.2 0.76796514
1414.35 0.76709270
1417.5 0.77657974
1420.65 0.77509761
1423.8 0.78630298
1426.95 0.79082870
1430.1 0.79029667
1433.25 0.79582268
1436.4 0.80292529
1439.55 0.81721348
1442.7 0.83528703
1445.85 0.82853574
1449.0 0.85016245
1452.15 0.85964620
1455.3 0.86658710
1458.45 0.87110806
1461.6 0.87701440
1464.75 0.88773507
1467.9 0.89194059
1471.05 0.87959433
1474.2 0.87153822
1477.35 0.85173297
1480.5 0.84929746
1483.65 0.83260125
1486.8 0.84443933
1489.95 0.83374345
1493.1 0.82805324
1496.25 0.83002913
1499.4 0.82458103
1502.55 0.82619154
1505.7 0.82767683
1508.85 0.83683342
1512.0 0.85608333
1515.15 0.84262502
1518.3 0.87256694
1521.45 0.89373237
1524.6 0.91980994
1527.75 0.91668135
1530.9 0.89026076
1534.05 0.88540494
1537.2 0.88782173
1540.35 0.86725914
1543.5 0.85072213
1546.65 0.84552121
1549.8 0.84184492
1552.95 0.85757941
1556.1 0.87464184
1559.25 0.87771517
1562.4 0.87164968
1565.55 0.87348616
1568.7 0.86763918
1571.85 0.87167436
1575.0 0.86245799
1578.15 0.85853183
1581.3 0.85919321
1584.45 0.85490471
1587.6 0.84379429
1590.75 0.83129752
1593.9 0.83875787
1597.05 0.84124118
1600.2 0.84131825
1603.35 0.83289766
1606.5 0.82614797
1609.65 0.82370621
1612.8 0.81933951
1615.9501 0.81589764
1619.1001 0.80865097
1622.2501 0.79749894
1625.4001 0.80128914
1628.5501 0.80111593
1631.7001 0.79201853
1634.8501 0.77107072
1638.0001 0.79065889
1641.15 0.79393679
1644.3 0.78888869
1647.45 0.78863841
1650.6 0.79519445
1653.75 0.78028387
1656.9 0.78033614
1660.05 0.76489067
1663.2 0.75270605
1666.35 0.72309160
1669.5 0.71956336
1672.65 0.71816367
1675.8 0.71094435
1678.95 0.73007405
1682.1 0.74051750
1685.25 0.74192166
1688.4 0.72582984
1691.55 0.73306054
1694.7 0.73609030
1697.85 0.74581325
1701.0 0.74574202
1704.15 0.76282763
1707.3 0.78480262
1710.45 0.79151350
1713.6 0.78118402
1716.75 0.80492580
1719.9 0.81547207
1723.05 0.81450456
1726.2 0.81852615
1729.35 0.85147148
1732.5 0.87218493
1735.65 0.86749381
1738.8 0.88381732
1741.95 0.86352515
1745.1 0.88494933
1748.25 0.91508526
1751.4 0.99114370
1754.55 1.0802649
1757.7 1.2188791
1760.85 1.3601789
1764.0 1.4033549
1767.15 1.3317660
1770.3 1.1793293
1773.45 1.0490065
1776.6 0.96803486
1779.75 0.92791623
1782.9 0.89627522
1786.05 0.87175709
1789.2 0.85242617
1792.35 0.83388609
1795.5 0.82782298
1798.65 0.81091326
1801.8 0.79624188
1804.95 0.77950042
1808.1 0.76997083
1811.25 0.76745516
1814.4 0.74531478
1817.55 0.74657679
1820.7 0.72785085
1823.85 0.72293395
1827.0 0.72196424
1830.15 0.69202006
1833.3 0.70223361
1836.45 0.70161307
1839.6 0.71174532
1842.75 0.73110837
1845.9 0.73779869
1849.05 0.74016500
1852.2 0.73941386
1855.35 0.74440277
1858.5 0.73410213
1861.65 0.73577487
1864.8 0.74538714
1867.95 0.73425049
1871.1 0.73660231
1874.25 0.72324723
1877.4 0.72747701
1880.55 0.70981896
1883.7 0.69776332
1886.85 0.68514282
1890.0 0.67882520
1893.15 0.66244906
1896.3 0.65565252
1899.45 0.63761860
1902.6 0.62521857
1905.75 0.62260342
1908.9 0.62841117
1912.05 0.62013346
1915.2 0.63330346
1918.35 0.63653696
1921.5 0.63846713
1924.65 0.63830996
1927.8 0.63877648
1930.95 0.65136373
1934.1 0.64454073
1937.25 0.65718693
1940.4 0.65638447
1943.55 0.65371591
1946.7 0.64652437
1949.85 0.65303183
1953.0 0.64835030
1956.15 0.66208375
1959.3 0.67878890
1962.45 0.68052578
1965.6 0.70766097
1968.75 0.71330369
1971.9 0.71292037
1975.05 0.70307165
1978.2 0.70231682
1981.35 0.67637306
1984.5 0.69129205
1987.65 0.68441695
1990.8 0.68305355
1993.95 0.69152039
1997.1 0.70967376
2000.25 0.71028024
2003.4 0.71908516
2006.55 0.72348547
2009.7 0.72901291
2012.85 0.72176909
2016.0 0.72517616
2019.15 0.71429819
2022.3 0.72227091
2025.45 0.71326488
2028.6 0.69199896
2031.75 0.69219810
2034.9 0.70061392
2038.05 0.68206811
2041.2 0.68093288
2044.35 0.68135756
2047.5 0.68086493
2050.65 0.69158304
2053.8 0.68844742
2056.95 0.67668647
2060.1 0.67526746
2063.25 0.68876308
2066.4 0.68736577
2069.55 0.68257689
2072.7 0.69498193
2075.85 0.67522728
2079.0 0.66676646
2082.15 0.65773332
2085.3 0.65129650
2088.45 0.64630264
2091.6 0.63288659
2094.75 0.63028634
2097.9 0.63762224
2101.05 0.64319342
2104.2 0.65136600
2107.35 0.67159313
2110.5 0.64864939
2113.65 0.63952339
2116.8 0.63547581
2119.95 0.63236213
2123.1 0.62490922
2126.25 0.63963884
2129.4 0.63721710
2132.55 0.64163691
2135.7 0.63555568
2138.85 0.63742745
2142.0 0.63769215
2145.15 0.65219277
2148.3 0.65592688
2151.45 0.66693294
2154.6 0.68847549
2157.75 0.71638453
2160.9 0.68247640
2164.05 0.65641248
2167.2 0.66004723
2170.35 0.64979243
2173.5 0.62596583
2176.65 0.63285887
2179.8 0.63456267
2182.95 0.61681908
2186.1 0.61252952
2189.25 0.59881151
2192.4 0.59022677
2195.55 0.60595614
2198.7 0.60413641
2201.85 0.59547466
2205.0 0.60702032
2208.15 0.59169257
2211.3 0.58207029
2214.45 0.58171928
2217.6 0.57182050
2220.75 0.56223750
2223.9 0.55129361
2227.05 0.55812389
2230.2 0.55666089
2233.35 0.54046708
2236.5 0.54511666
2239.65 0.55379105
2242.8 0.55736929
2245.95 0.54673243
2249.1 0.55662823
2252.25 0.57037759
2255.4 0.55956501
2258.55 0.57162815
2261.7 0.55513686
2264.85 0.55634069
2268.0 0.54799908
2271.15 0.55495667
2274.3 0.55811119
2277.45 0.54702908
2280.6 0.56207699
2283.75 0.55250609
2286.9 0.54749817
2290.05 0.55219716
2293.2 0.54013431
2296.35 0.54594469
2299.5 0.54149246
2302.65 0.54497927
2305.8 0.54846311
2308.95 0.54100204
2312.1 0.53625321
2315.25 0.53464198
2318.4 0.53207153
2321.55 0.52873617
2324.7 0.52898180
2327.85 0.53626549
2331.0 0.53537720
2334.15 0.53475964
2337.3 0.52441734
2340.45 0.52629483
2343.6 0.54832268
2346.75 0.61794758
2349.9 0.64183968
2353.05 0.54235917
2356.2 0.52306205
2359.35 0.52288109
2362.5 0.51659244
2365.65 0.53506172
2368.8 0.52002937
2371.95 0.50854445
2375.1 0.51199502
2378.25 0.50613582
2381.4 0.49940234
2384.55 0.49409923
2387.7 0.48793495
2390.85 0.46137571
2394.0 0.46880522
2397.15 0.45996451
2400.3 0.47999939
2403.45 0.47879547
2406.6 0.47361565
2409.75 0.46885639
2412.9 0.46534804
2416.05 0.47720036
2419.2 0.46740717
2422.35 0.47517899
2425.5 0.48236662
2428.65 0.49028507
2431.8 0.50973350
2434.95 0.54859966
2438.1 0.57142752
2441.25 0.51352626
2444.4 0.47985202
2447.55 0.49700433
2450.7 0.50094259
2453.85 0.47477677
2457.0 0.46458811
2460.15 0.46523622
2463.3 0.45703346
2466.45 0.45430005
2469.6 0.44583732
2472.75 0.43290168
2475.9 0.41856652
2479.05 0.41562468
2482.2 0.42824626
2485.35 0.44099644
2488.5 0.44223860
2491.65 0.44715601
2494.8 0.45815271
2497.95 0.45850745
2501.1 0.45565668
2504.25 0.44045842
2507.4 0.44228944
2510.55 0.43996325
2513.7 0.42168975
2516.85 0.42705074
2520.0 0.41271597
2523.15 0.41271800
2526.3 0.40555391
2529.45 0.41436753
2532.6 0.41961971
2535.75 0.41196111
2538.9 0.39900616
2542.05 0.39856347
2545.2 0.39670056
2548.35 0.39201373
2551.5 0.40391880
2554.65 0.39541596
2557.8 0.40555936
2560.95 0.41360876
2564.1 0.43880361
2567.25 0.43202674
2570.4 0.42947301
2573.55 0.44843525
2576.7 0.45469898
2579.85 0.47054780
2583.0 0.50035083
2586.15 0.48569724
2589.3 0.46141163
2592.45 0.45909691
2595.6 0.43856356
2598.75 0.42759237
2601.9 0.42313448
2605.05 0.41604513
2608.2 0.40215608
2611.35 0.38667837
2614.5 0.38217279
2617.65 0.38395545
2620.8 0.39457279
2623.95 0.39140117
2627.1 0.38885564
2630.25 0.39741680
2633.4 0.38369378
2636.55 0.37883925
2639.7 0.38580695
2642.85 0.37696806
2646.0 0.37289470
2649.15 0.37230036
2652.3 0.37170741
2655.45 0.37339398
2658.6 0.37646571
2661.75 0.37473017
2664.9 0.37332082
2668.05 0.39417535
2671.2 0.39178711
2674.35 0.39774030
2677.5 0.39063609
2680.65 0.38121167
2683.8 0.37509644
2686.95 0.39189470
2690.1 0.39163813
2693.25 0.38882673
2696.4 0.40678585
2699.55 0.39597520
2702.7 0.40876916
2705.85 0.43100691
2709.0 0.42355379
2712.15 0.43221569
2715.3 0.44013128
2718.45 0.45813948
2721.6 0.48718345
2724.75 0.49255648
2727.9 0.51981866
2731.05 0.56264138
2734.2 0.58348954
2737.35 0.58597583
2740.5 0.54486626
2743.65 0.53514171
2746.8 0.52978390
2749.95 0.50407994
2753.1 0.48127308
2756.25 0.44076002
2759.4 0.43156826
2762.55 0.41439593
2765.7 0.40603176
2768.85 0.41632918
2772.0 0.40497911
2775.15 0.39809370
2778.3 0.39850330
2781.45 0.38919502
2784.6 0.38645434
2787.75 0.38444722
2790.9 0.36071923
2794.05 0.37306783
2797.2 0.37115774
2800.35 0.38062125
2803.5 0.37237370
2806.65 0.37074903
2809.8 0.38745108
2812.95 0.39305493
2816.1 0.40789238
2819.25 0.40198818
2822.4 0.39892852
2825.55 0.38396469
2828.7 0.40510723
2831.85 0.40601027
2835.0 0.40851146
2838.15 0.40558109
2841.3 0.42084581
2844.45 0.43876851
2847.6 0.43561178
2850.75 0.41774842
2853.9 0.40786934
2857.05 0.39798358
2860.2 0.40075085
2863.35 0.43023953
2866.5 0.41854247
2869.65 0.41342974
2872.8 0.42944485
2875.95 0.42583120
2879.1 0.39434689
2882.25 0.41559282
2885.4 0.43209738
2888.55 0.41350231
2891.7 0.40560162
2894.85 0.41199309
2898.0 0.39659753
2901.15 0.38735071
2904.3 0.38859880
2907.45 0.40096208
2910.6 0.41549334
2913.75 0.41522214
2916.9 0.40690389
2920.05 0.41194156
2923.2 0.39963871
2926.35 0.40625176
2929.5 0.39393792
2932.65 0.41455421
2935.8 0.39014557
2938.95 0.40277585
2942.1 0.38596919
2945.25 0.38954201
2948.4 0.39252725
2951.55 0.40541565
2954.7 0.36973220
2957.85 0.36890140
2961.0 0.34679490
2964.15 0.34237847
2967.3 0.33755317
2970.45 0.34576717
2973.6 0.34459674
2976.75 0.34352773
2979.9 0.33732623
2983.05 0.34239888
2986.2 0.34587860
2989.35 0.33857450
2992.5 0.32717633
2995.65 0.33004898
2998.8 0.33134955
3001.95 0.32957795
3005.1 0.33466724
3008.25 0.33887321
3011.4 0.34493747
3014.55 0.34358725
3017.7 0.34083751
3020.85 0.34742391
3024.0 0.35734540
3027.15 0.35752770
3030.3 0.36076212
3033.45 0.37421858
3036.6 0.39622259
3039.75 0.39801961
3042.9 0.42774224
3046.05 0.43162915
3049.2 0.44600260
3052.35 0.47925898
3055.5 0.49891993
3058.65 0.55811620
3061.8 0.60869640
3064.95 0.58938092
3068.1 0.54968619
3071.25 0.51039308
3074.4 0.48275238
3077.55 0.45869434
3080.7 0.42835414
3083.85 0.42065781
3087.0 0.41643605
3090.15 0.40188983
3093.3 0.37943402
3096.45 0.39070573
3099.6 0.37791541
3102.75 0.37207416
3105.9 0.36574608
3109.05 0.35585925
3112.2 0.35193405
3115.35 0.36104187
3118.5 0.36107308
3121.65 0.42601156
3124.8 0.46563697
3127.95 0.38917556
3131.1 0.34559870
3134.25 0.33640936
3137.4 0.33354479
3140.55 0.32530224
3143.7 0.34641451
3146.85 0.37840557
3150.0 0.45979998
3153.15 0.64770317
3156.3 0.64612013
3159.45 0.43443277
3162.6 0.36567673
3165.75 0.34373534
3168.9 0.33425188
3172.05 0.32632706
3175.2 0.32001847
3178.35 0.32018444
3181.5 0.31787655
3184.65 0.31828409
3187.8 0.31780872
3190.95 0.31257874
3194.1 0.30906019
3197.25 0.30901250
3200.4 0.29715434
3203.55 0.29100403
3206.7 0.30375060
3209.85 0.30097902
3213.0 0.30467752
3216.15 0.29235607
3219.3 0.29470322
3222.45 0.29055071
3225.6 0.30065227
3228.7502 0.29533121
3231.9002 0.28768653
3235.0502 0.29424360
3238.2002 0.29237118
3241.3502 0.30123952
3244.5002 0.30276468
3247.6502 0.31485707
3250.8002 0.32162550
3253.9502 0.31705779
3257.1002 0.30785519
3260.2502 0.32135990
3263.4002 0.30802718
3266.5502 0.30035427
3269.7002 0.30091882
3272.8502 0.31786054
3276.0002 0.31188235
3279.15 0.29542303
3282.3 0.29926369
3285.45 0.30198172
3288.6 0.30701739
3291.75 0.30200318
3294.9 0.30483478
3298.05 0.30360371
3301.2 0.30524108
3304.35 0.29406708
3307.5 0.29901591
3310.65 0.30868745
3313.8 0.29381642
3316.95 0.30208290
3320.1 0.30326721
3323.25 0.30100819
3326.4 0.30140409
3329.55 0.30354148
3332.7 0.30152559
3335.85 0.31308359
3339.0 0.29884216
3342.15 0.29252169
3345.3 0.31983992
3348.45 0.29852131
3351.6 0.31237006
3354.75 0.30444065
3357.9 0.29533857
3361.05 0.29112059
3364.2 0.28777626
3367.35 0.29636005
3370.5 0.28083128
3373.65 0.28327695
3376.8 0.28612435
3379.95 0.28298736
3383.1 0.26966381
3386.25 0.27456975
3389.4 0.28115228
3392.55 0.28051794
3395.7 0.27194893
3398.85 0.27290949
3402.0 0.27057406
3405.15 0.26529735
3408.3 0.27055213
3411.45 0.27601248
3414.6 0.27411255
3417.75 0.26737997
3420.9 0.26345229
3424.05 0.25948155
3427.2 0.26844171
3430.35 0.25878286
3433.5 0.27622864
3436.65 0.26032671
3439.8 0.26147005
3442.95 0.25739384
3446.1 0.25704834
3449.25 0.25670350
3452.4 0.25635934
3455.55 0.26218486
3458.7 0.26328233
3461.85 0.26929200
3465.0 0.26267812
3468.15 0.26341859
3471.3 0.25430894
3474.45 0.25396952
3477.6 0.26115748
3480.75 0.26884064
3483.9 0.26425421
3487.05 0.25776508
3490.2 0.26786569
3493.35 0.27211544
3496.5 0.25842512
3499.65 0.26131168
3502.8 0.25094551
3505.95 0.25061283
3509.1 0.25561577
3512.25 0.25136578
3515.4 0.27475893
3518.55 0.26226810
3521.7 0.25508267
3524.85 0.28475904
3528.0 0.28094125
3531.15 0.26822445
3534.3 0.26329568
3537.45 0.25134113
3540.6 0.25097004
3543.75 0.24667156
3546.9 0.25471833
3550.05 0.24602367
3553.2 0.24719463
3556.35 0.24537839
3559.5 0.24735253
3562.65 0.24473555
3565.8 0.24607249
3568.95 0.24514668
3572.1 0.24377605
3575.25 0.25224248
3578.4 0.24849066
3581.55 0.24282233
3584.7 0.24250560
3587.85 0.24218953
3591.0 0.24187407
3594.15 0.24155921
3597.3 0.24124502
3600.45 0.24093138
3603.6 0.24587619
3606.75 0.24030598
3609.9 0.24069083
3613.05 0.23968299
3616.2 0.24075456
3619.35 0.23914275
3622.5 0.23875296
3625.65 0.24106176
3628.8 0.24441756
3631.95 0.24557908
3635.1 0.24328630
3638.25 0.24286816
3641.4 0.24216494
3644.55 0.23882085
3647.7 0.24078648
3650.85 0.23920925
3654.0 0.23874500
3657.15 0.24405830
3660.3 0.25474823
3663.45 0.24224782
3666.6 0.25064731
3669.75 0.24579960
3672.9 0.25339788
3676.05 0.24745752
3679.2 0.25548539
3682.35 0.25140661
3685.5 0.25255096
3688.65 0.25989544
3691.8 0.25359288
3694.95 0.25843790
3698.1 0.26696363
3701.25 0.28743529
3704.4 0.28086156
3707.55 0.27544299
3710.7 0.27694172
3713.85 0.25253251
3717.0 0.24830285
3720.15 0.25986716
3723.3 0.25527242
3726.45 0.24638939
3729.6 0.24772976
3732.75 0.24909595
3735.9 0.24942565
3739.05 0.24503702
3742.2 0.24987721
3745.35 0.25501913
3748.5 0.23933294
3751.65 0.24189425
3754.8 0.24023530
3757.95 0.24794810
3761.1 0.23391913
3764.25 0.23643452
3767.4 0.23579940
3770.55 0.23496336
3773.7 0.23666146
3776.85 0.23620124
3780.0 0.23563334
3783.15 0.23777844
3786.3 0.23394489
3789.45 0.23200688
3792.6 0.22794741
3795.75 0.22777283
3798.9 0.22407129
3802.05 0.22843656
3805.2 0.22894342
3808.35 0.23159288
3811.5 0.23348261
3814.65 0.22460032
3817.8 0.22944094
3820.95 0.23634583
3824.1 0.23360427
3827.25 0.23594789
3830.4 0.24026756
3833.55 0.23634702
3836.7 0.23811525
3839.85 0.23342384
3843.0 0.24517301
3846.15 0.22545061
3849.3 0.21797006
3852.45 0.22129104
3855.6 0.21835193
3858.75 0.21955018
3861.9 0.21987398
3865.05 0.22421165
3868.2 0.22837712
3871.35 0.21802549
3874.5 0.22417405
3877.65 0.23025753
3880.8 0.22179294
3883.95 0.21811113
3887.1 0.21477360
3890.25 0.21451047
3893.4 0.21543726
3896.55 0.22817443
3899.7 0.21741378
3902.85 0.21871452
3906.0 0.21320210
3909.15 0.21375522
3912.3 0.21358943
3915.45 0.21708116
3918.6 0.21490894
3921.75 0.21982862
3924.9 0.22058499
3928.05 0.21559663
3931.2 0.21413204
3934.35 0.21382934
3937.5 0.22001548
3940.65 0.21866052
3943.8 0.21406345
3946.95 0.21252793
3950.1 0.21090937
3953.25 0.20991020
3956.4 0.21166736
3959.55 0.21353567
3962.7 0.22060955
3965.85 0.22366129
3969.0 0.22791308
3972.15 0.23517992
3975.3 0.22579758
3978.45 0.21475218
3981.6 0.21547325
3984.75 0.21326756
3987.9 0.20996127
3991.05 0.21325609
3994.2 0.21962214
3997.35 0.22195360
4000.5 0.21506655
4003.65 0.21676297
4006.8 0.22002628
4009.95 0.22402091
4013.1 0.22744085
4016.25 0.21625446
4019.4 0.21841650
4022.55 0.22249083
4025.7 0.22317673
4028.85 0.21845241
4032.0 0.21808481
4035.15 0.22134359
4038.3 0.22116150
4041.45 0.21877162
4044.6 0.22416522
4047.75 0.22189049
4050.9 0.22504383
4054.05 0.23045130
4057.2 0.22725315
4060.35 0.23389028
4063.5 0.23016438
4066.65 0.24581721
4069.8 0.24765645
4072.95 0.25416109
4076.1 0.26133609
4079.25 0.26029742
4082.4 0.26563627
4085.55 0.28055900
4088.7 0.28213701
4091.85 0.29445052
4095.0 0.30807471
4098.15 0.32700536
4101.3 0.34892425
4104.45 0.37537226
4107.6 0.41179961
4110.75 0.45729962
4113.9 0.51298940
4117.05 0.57861090
4120.2 0.67843080
4123.35 0.79716337
4126.5 0.94671863
4129.65 1.0975585
4132.8 1.2911417
4135.95 1.3269655
4139.1 1.1348597
4142.25 0.94461393
4145.4 0.85945559
4148.55 0.80954254
4151.7 0.70109147
4154.85 0.59149003
4158.0 0.53289825
4161.15 0.48610285
4164.3 0.44331455
4167.45 0.41071153
4170.6 0.39077556
4173.75 0.36589813
4176.9 0.34069273
4180.05 0.31975120
4183.2 0.29871213
4186.35 0.28072390
4189.5 0.27504560
4192.65 0.26940951
4195.8 0.25587597
4198.95 0.25423768
4202.1 0.24948138
4205.25 0.24977680
4208.4 0.25418964
4211.55 0.25348991
4214.7 0.24822362
4217.85 0.24018539
4221.0 0.25219226
4224.15 0.25868458
4227.3 0.26396534
4230.45 0.29070106
4233.6 0.28920966
4236.75 0.26962906
4239.9 0.27235574
4243.05 0.27565694
4246.2 0.26774827
4249.35 0.24711047
4252.5 0.22701903
4255.65 0.22479990
4258.8 0.21911600
4261.95 0.21247597
4265.1 0.21115591
4268.25 0.20527805
4271.4 0.19624434
4274.55 0.19516288
4277.7 0.19612919
4280.85 0.19579339
4284.0 0.18667494
4287.15 0.18493627
4290.3 0.18472792
4293.45 0.19065052
4296.6 0.19816449
4299.75 0.19032302
4302.9 0.18756248
4306.05 0.18702050
4309.2 0.18348236
4312.35 0.18327613
4315.5 0.18307029
4318.65 0.19543682
4321.8 0.18799807
4324.95 0.18934581
4328.1 0.18225050
4331.25 0.18204643
4334.4 0.18536641
4337.55 0.19131090
4340.7 0.18982223
4343.85 0.18535869
4347.0 0.18723063
4350.15 0.18740121
4353.3 0.18601057
4356.45 0.18042715
4359.6 0.18022633
4362.75 0.18002588
4365.9 0.18149145
4369.05 0.17962606
4372.2 0.17942666
4375.35 0.17922764
4378.5 0.18346757
4381.65 0.17883064
4384.8 0.17863266
4387.95 0.17843504
4391.1 0.18089290
4394.25 0.17804082
4397.4 0.17784424
4400.55 0.17764801
4403.7 0.17745210
4406.85 0.18224597
4410.0 0.17812467
4413.15 0.18794660
4416.3 0.17800905
4419.45 0.17800680
4422.6 0.17628406
4425.75 0.17609057
4428.9 0.18866250
4432.05 0.19575658
4435.2 0.18896480
4438.35 0.20301801
4441.5 0.18771929
4444.65 0.21122919
4447.8 0.19884259
4450.95 0.18373762
4454.1 0.20449083
4457.25 0.19049904
4460.4 0.18579102
4463.55 0.18734476
4466.7 0.18142699
4469.85 0.17886648
4473.0 0.17322901
4476.15 0.17304090
4479.3 0.17552790
4482.45 0.18211101
4485.6 0.17247859
4488.75 0.17229183
4491.9 0.17210540
4495.05 0.17191929
4498.2 0.18907905
4501.35 0.17563611
4504.5 0.17136288
4507.65 0.17117809
4510.8 0.17406736
4513.95 0.17289260
4517.1 0.17062555
4520.25 0.17044212
4523.4 0.17527983
4526.55 0.18071797
4529.7 0.19072975
4532.85 0.16971122
4536.0 0.18776031
4539.15 0.16983706
4542.3 0.17783675
4545.45 0.16898547
4548.6 0.18042350
4551.75 0.17568088
4554.9 0.17532362
4558.05 0.17880526
4561.2 0.18714234
4564.35 0.17828734
4567.5 0.16772769
4570.65 0.17902820
4573.8 0.19819690
4576.95 0.16719335
4580.1 0.16701587
4583.25 0.16731822
4586.4 0.16666180
4589.55 0.16648525
4592.7 0.16630897
4595.85 0.18259053
4599.0 0.17786181
4602.15 0.16578209
4605.3 0.16560709
4608.45 0.17448612
4611.6 0.18671966
4614.75 0.16508386
4617.9 0.16646458
4621.05 0.20346737
4624.2 0.17497255
4627.35 0.17345893
4630.5 0.16421792
4633.65 0.18659973
4636.8 0.19942690
4639.95 0.19049935
4643.1 0.20952886
4646.25 0.20512377
4649.4 0.21617189
4652.55 0.18788642
4655.7 0.19494925
4658.85 0.24008752
4662.0 0.21532898
4665.15 0.20663802
4668.3 0.18703064
4671.45 0.18073219
4674.6 0.22339718
4677.75 0.21308172
4680.9 0.20613472
4684.05 0.19199294
4687.2 0.17178221
4690.35 0.19412671
4693.5 0.16082911
4696.65 0.16066276
4699.8 0.16049667
4702.95 0.16033095
4706.1 0.16016550
4709.25 0.16000028
4712.4 0.15983544
4715.55 0.15967080
4718.7 0.15950648
4721.85 0.15934244
4725.0 0.15917872
4728.15 0.15901527
4731.3 0.15885210
4734.45 0.15868922
4737.6 0.15852664
4740.75 0.15836434
4743.9 0.15820231
4747.05 0.15804057
4750.2 0.15787910
4753.35 0.15771794
4756.5 0.15755704
4759.65 0.15739642
4762.8 0.15723613
4765.95 0.15707608
4769.1 0.15691628
4772.25 0.15675677
4775.4 0.15659758
4778.55 0.15643866
4781.7 0.15627998
4784.85 0.15612161
4788.0 0.15596355
4791.15 0.15580574
4794.3 0.15564819
4797.45 0.15549091
4800.6 0.15533392
4803.75 0.15517719
4806.9 0.15502077
4810.05 0.15486464
4813.2 0.15470876
4816.35 0.15455310
4819.5 0.15439776
4822.65 0.15424271
4825.8 0.15408789
4828.95 0.15393338
4832.1 0.15377909
4835.25 0.15362513
4838.4 0.15347141
4841.55 0.15331797
4844.7 0.15316480
4847.85 0.15301192
4851.0 0.15285924
4854.15 0.15270688
4857.3 0.15255481
4860.45 0.15240294
4863.6 0.15225141
4866.75 0.15210007
4869.9 0.15194900
4873.05 0.15179828
4876.2 0.15164787
4879.35 0.15149754
4882.5 0.15134753
4885.65 0.15119787
4888.8 0.15104842
4891.95 0.15089916
4895.1 0.15075019
4898.25 0.15060171
4901.4 0.15045317
4904.55 0.15030506
4907.7 0.15015727
4910.85 0.15000965
4914.0 0.14986229
4917.15 0.14971519
4920.3 0.14956826
4923.45 0.14942181
4926.6 0.14927545
4929.75 0.14912938
4932.9 0.14898348
4936.05 0.14883795
4939.2 0.14869267
4942.35 0.14854759
4945.5 0.14840281
4948.65 0.14825834
4951.8 0.14811413
4954.95 0.14797013
4958.1 0.14782633
4961.25 0.14768283
4964.4 0.14753962
4967.55 0.14739653
4970.7 0.14725378
4973.85 0.14711140
4977.0 0.14696904
4980.15 0.14682710
4983.3 0.14668542
4986.45 0.14654391
4989.6 0.14640267
4992.75 0.14626168
4995.9 0.14612083
4999.05 0.14598045
5002.2 0.14584015
5005.35 0.14570017
5008.5 0.14556041
5011.65 0.14542095
5014.8 0.14528166
5017.95 0.14514275
5021.1 0.14500402
5024.25 0.14486553
5027.4 0.14472717
5030.55 0.14458920
5033.7 0.14445141
5036.85 0.14431386
5040.0 0.14417657
5043.15 0.14403960
5046.3 0.14390273
5049.45 0.14376627
5052.6 0.14362997
5055.75 0.14349391
5058.9 0.14335796
5062.05 0.14322244
5065.2 0.14308703
5068.35 0.14295208
5071.5 0.14281720
5074.65 0.14268249
5077.8 0.14254816
5080.95 0.14241396
5084.1 0.14228019
5087.25 0.14214651
5090.4 0.14201298
5093.55 0.14187984
5096.7 0.14174697
5099.85 0.14161426
5103.0 0.14148173
5106.15 0.14134952
5109.3 0.14121756
5112.45 0.14108574
5115.6 0.14095418
5118.75 0.14082302
5121.9 0.14069194
5125.05 0.14056101
5128.2 0.14043048
5131.35 0.14030007
5134.5 0.14017005
5137.65 0.14004016
5140.8 0.13991041
5143.95 0.13978106
5147.1 0.13965189
5150.25 0.13952293
5153.4 0.13939416
5156.55 0.13926567
5159.7 0.13913745
5162.85 0.13900936
5166.0 0.13888164
5169.15 0.13875401
5172.3 0.13862668
5175.45 0.13849957
5178.6 0.13837272
5181.75 0.13824601
5184.9 0.13811971
5188.05 0.13799348
5191.2 0.13786750
5194.35 0.13774179
5197.5 0.13761622
5200.65 0.13749100
5203.8 0.13736589
5206.95 0.13724102
5210.1 0.13711645
5213.25 0.13699208
5216.4 0.13686784
5219.55 0.13674399
5222.7 0.13662028
5225.85 0.13649675
5229.0 0.13637352
5232.15 0.13625042
5235.3 0.13612767
5238.45 0.13600501
5241.6 0.13588277
5244.75 0.13576061
5247.9 0.13563856
5251.05 0.13551693
5254.2 0.13539551
5257.35 0.13527420
5260.5 0.13515314
5263.65 0.13503233
5266.8 0.13491175
5269.95 0.13479140
5273.1 0.13467118
5276.25 0.13455120
5279.4 0.13443148
5282.55 0.13431197
5285.7 0.13419273
5288.85 0.13407372
5292.0 0.13395481
5295.15 0.13383625
5298.3 0.13371783
5301.45 0.13359964
5304.6 0.13348167
5307.75 0.13336384
5310.9 0.13324638
5314.05 0.13312899
5317.2 0.13301185
5320.35 0.13289495
5323.5 0.13277832
5326.65 0.13266186
5329.8 0.13254556
5332.95 0.13242947
5336.1 0.13231376
5339.25 0.13219811
5342.4 0.13208263
5345.55 0.13196748
5348.7 0.13185257
5351.85 0.13173772
5355.0 0.13162318
5358.15 0.13150881
5361.3 0.13139468
5364.45 0.13128082
5367.6 0.13116705
5370.75 0.13105361
5373.9 0.13094030
5377.05 0.13082722
5380.2 0.13071436
5383.35 0.13060176
5386.5 0.13048923
5389.65 0.13037705
5392.8 0.13026497
5395.95 0.13015313
5399.1 0.13004152
5402.25 0.12993017
5405.4 0.12981896
5408.55 0.12970793
5411.7 0.12959722
5414.85 0.12948659
5418.0 0.12937622
5421.15 0.12926608
5424.3 0.12915605
5427.45 0.12904635
5430.6 0.12893672
5433.75 0.12882748
5436.9 0.12871832
5440.05 0.12860939
5443.2 0.12850069
5446.35 0.12839207
5449.5 0.12828380
5452.65 0.12817566
5455.8 0.12806772
5458.95 0.12796000
5462.1 0.12785248
5465.25 0.12774520
5468.4 0.12763803
5471.55 0.12753120
5474.7 0.12742446
5477.85 0.12731792
5481.0 0.12721163
5484.15 0.12710553
5487.3 0.12699968
5490.45 0.12689391
5493.6 0.12678848
5496.75 0.12668313
5499.9 0.12657805
5503.05 0.12647316
5506.2 0.12636848
5509.35 0.12626399
5512.5 0.12615964
5515.65 0.12605548
5518.8 0.12595166
5521.95 0.12584795
5525.1 0.12574445
5528.25 0.12564100
5531.4 0.12553795
5534.55 0.12543511
5537.7 0.12533236
5540.85 0.12522976
5544.0 0.12512742
5547.15 0.12502532
5550.3 0.12492339
5553.45 0.12482156
5556.6 0.12472007
5559.75 0.12461865
5562.9 0.12451749
5566.05 0.12441649
5569.2 0.12431572
5572.35 0.12421517
5575.5 0.12411483
5578.65 0.12401459
5581.8 0.12391466
5584.95 0.12381481
5588.1 0.12371522
5591.25 0.12361579
5594.4 0.12351657
5597.55 0.12341745
5600.7 0.12331867
5603.85 0.12321998
5607.0 0.12312147
5610.15 0.12302319
5613.3 0.12292512
5616.45 0.12282721
5619.6 0.12272957
5622.75 0.12263200
5625.9 0.12253471
5629.05 0.12243756
5632.2 0.12234060
5635.35 0.12224385
5638.5 0.12214729
5641.65 0.12205083
5644.8 0.12195468
5647.95 0.12185863
5651.1 0.12176289
5654.25 0.12166722
5657.4 0.12157177
5660.55 0.12147655
5663.7 0.12138151
5666.85 0.12128657
5670.0 0.12119191
5673.15 0.12109736
5676.3 0.12100304
5679.45 0.12090886
5682.6 0.12081491
5685.75 0.12072118
5688.9 0.12062763
5692.05 0.12053417
5695.2 0.12044103
5698.35 0.12034795
5701.5 0.12025509
5704.65 0.12016243
5707.8 0.12006997
5710.95 0.11997770
5714.1 0.11988552
5717.25 0.11979365
5720.4 0.11970185
5723.55 0.11961039
5726.7 0.11951900
5729.85 0.11942780
5733.0 0.11933666
5736.15 0.11924586
5739.3 0.11915528
5742.45 0.11906473
5745.6 0.11897453
5748.75 0.11888439
5751.9 0.11879446
5755.05 0.11870474
5758.2 0.11861514
5761.35 0.11852568
5764.5 0.11843654
5767.65 0.11834747
5770.8 0.11825854
5773.95 0.11816999
5777.1 0.11808150
5780.25 0.11799318
5783.4 0.11790494
5786.55 0.11781703
5789.7 0.11772930
5792.85 0.11764164
5796.0 0.11755417
5799.15 0.11746691
5802.3 0.11737994
5805.45 0.11729294
5808.6 0.11720624
5811.75 0.11711975
5814.9 0.11703331
5818.05 0.11694718
5821.2 0.11686113
5824.35 0.11677529
5827.5 0.11668962
5830.65 0.11660416
5833.8 0.11651883
5836.95 0.11643375
5840.1 0.11634872
5843.25 0.11626399
5846.4 0.11617932
5849.55 0.11609486
5852.7 0.11601058
5855.85 0.11592650
5859.0 0.11584257
5862.15 0.11575887
5865.3 0.11567522
5868.45 0.11559187
5871.6 0.11550863
5874.75 0.11542555
5877.9 0.11534262
5881.05 0.11525993
5884.2 0.11517739
5887.35 0.11509505
5890.5 0.11501288
5893.65 0.11493079
5896.8 0.11484900
5899.95 0.11476728
5903.1 0.11468577
5906.25 0.11460440
5909.4 0.11452323
5912.55 0.11444225
5915.7 0.11436135
5918.85 0.11428070
5922.0 0.11420015
5925.15 0.11411990
5928.3 0.11403968
5931.45 0.11395969
5934.6 0.11387987
5937.75 0.11380022
5940.9 0.11372077
5944.05 0.11364137
5947.2 0.11356228
5950.35 0.11348324
5953.5 0.11340438
5956.65 0.11332582
5959.8 0.11324733
5962.95 0.11316901
5966.1 0.11309075
5969.25 0.11301280
5972.4 0.11293503
5975.55 0.11285730
5978.7 0.11277977
5981.85 0.11270255
5985.0 0.11262535
5988.15 0.11254837
5991.3 0.11247155
5994.45 0.11239488
5997.6 0.11231833
