300.0 0.0
415.0 0.0000000
419.15 0.0000000
423.3 0.0000000
427.45 0.0000000
431.6 0.0000000
435.75 0.0000000
439.9 0.0000000
444.05 0.0000000
448.2 0.0000000
452.35 0.0000000
456.5 0.0000000
460.65 0.0000000
464.8 0.0000000
468.95 0.0000000
473.1 0.0000000
477.25 0.0000000
481.4 0.0000000
485.55 0.0000000
489.7 0.0000000
493.85 0.0000000
498.0 0.0000000
502.15 0.0000000
506.3 0.0000000
510.45 0.0000000
514.6 0.0000000
518.75 0.0000000
522.9 0.0000000
527.05 0.0000000
531.2 0.0000000
535.35 0.0000000
539.5 0.0000000
543.65 0.0000000
547.8 0.0000000
551.95 0.0000000
556.1 0.0000000
560.25 0.0000000
564.4 0.0000000
568.55 0.0000000
572.7 0.0000000
576.85 0.0000000
581.0 0.0000000
585.15 0.0000000
589.3 0.0000000
593.45 0.0000000
597.6 0.0000000
601.75 0.0000000
605.9 0.0000000
610.05 0.0000000
614.2 0.0000000
618.35 0.0000000
622.5 0.0000000
626.65 0.0000000
630.8 0.0000000
634.95 0.0000000
639.1 0.0000000
643.25 0.0000000
647.4 0.0000000
651.55 0.0000000
655.7 0.0000000
659.85 0.0000000
664.0 0.0000000
668.15 0.0000000
672.3 0.0000000
676.45 0.0000000
680.6 0.0000000
684.75 0.0000000
688.9 0.0000000
693.05 0.0000000
697.2 0.0000000
701.35 0.0000000
705.5 0.0000000
709.65 0.0000000
713.8 0.0000000
717.95 0.0000000
722.1 0.0000000
726.25 0.0000000
730.4 0.0000000
734.55 0.0000000
738.7 0.0000000
742.85 0.0000000
747.0 0.0000000
751.15 0.0000000
755.3 0.0000000
759.45 8.56623737E-05
763.6 6.51223963E-05
767.75 4.90447783E-05
771.9 3.65793458E-05
776.05 2.70096043E-05
780.2 1.97544286E-05
784.35 1.43718353E-05
788.5 1.02575177E-05
792.65 7.07372237E-06
796.8 4.71994144E-06
800.95 3.08612380E-06
805.1 1.99836563E-06
809.25 6.70970767E-05
813.4 4.92356994E-05
817.55 3.57409663E-05
821.7 2.56563962E-05
825.85 1.82077893E-05
830.0 1.40058874E-05
834.15 1.01709820E-05
838.3 6.95873132E-06
842.45 5.06415472E-06
846.6 3.71655119E-06
850.75 2.73476326E-06
854.9 3.53064458E-03
859.05 3.10475286E-03
863.2 2.26133713E-03
867.35 1.61222031E-03
871.5 1.28776440E-03
875.65 1.06043229E-03
879.8 8.94519500E-04
883.95 7.60173309E-04
888.1 6.15512836E-04
892.25 4.59122268E-04
896.4 3.80306359E-04
900.55 2.77275452E-04
904.7 2.04270225E-04
908.85 1.51946559E-04
913.0 1.16908188E-04
917.15 9.40974714E-05
921.3 7.10282839E-05
925.45 5.65784394E-05
929.6 4.51469459E-05
933.75 3.37368256E-05
937.9 2.29228754E-05
942.05 1.67755879E-05
946.2 1.14643490E-05
950.35 8.58286239E-06
954.5 6.24346058E-06
958.65 4.37299013E-06
962.8 3.12247448E-06
966.95 2.28602653E-06
971.1 1.66914651E-06
975.25 1.25040629E-06
979.4 8.93268577E-07
983.55 6.38282472E-07
987.7 4.58955469E-07
991.85 3.37558021E-07
996.0 2.52176307E-07
1000.15 1.95721071E-07
1004.3 1.55692391E-07
1008.45 1.33816570E-07
1012.6 0.92150337
1016.75 0.74862510
1020.9 0.70131993
1025.05 0.70408142
1029.2 0.66241181
1033.35 0.53257132
1037.5 0.46178070
1041.65 0.43610674
1045.8 0.41908532
1049.95 0.39350009
1054.1 0.36079016
1058.25 0.33939826
1062.4 0.33291215
1066.55 0.33513081
1070.7 0.34190714
1074.85 0.34557915
1079.0 0.37315637
1083.15 0.38047600
1087.3 0.36551470
1091.45 0.33434325
1095.6 0.33777946
1099.75 0.33596933
1103.9 0.34529769
1108.05 0.35252979
1112.2 0.34949332
1116.35 0.33814615
1120.5 0.33485174
1124.65 0.34671792
1128.8 0.34578574
1132.95 0.35279047
1137.1 0.34944555
1141.25 0.35885099
1145.4 0.38067037
1149.55 0.40339786
1153.7 0.43448931
1157.85 0.44400331
1162.0 0.45182127
1166.15 0.41224071
1170.3 0.38618219
1174.45 0.36701307
1178.6 0.35928744
1182.75 0.35884172
1186.9 0.34373119
1191.05 0.34046209
1195.2 0.33950388
1199.35 0.33804089
1203.5 0.34517831
1207.65 0.34292105
1211.8 0.33664843
1215.95 0.34780082
1220.1 0.34282109
1224.25 0.34920922
1228.4 0.35861981
1232.55 0.36498457
1236.7 0.37495467
1240.85 0.37548772
1245.0 0.38849977
1249.15 0.39822868
1253.3 0.40905958
1257.45 0.42570114
1261.6 0.45869049
1265.75 0.50265294
1269.9 0.55314350
1274.05 0.61720252
1278.2 0.69678313
1282.35 0.74484879
1286.5 0.67781293
1290.65 0.57645625
1294.8 0.49938968
1298.95 0.45949599
1303.1 0.43985781
1307.25 0.42896658
1311.4 0.40962717
1315.55 0.40909809
1319.7 0.39768010
1323.85 0.40639037
1328.0 0.40834633
1332.15 0.40776563
1336.3 0.41306296
1340.45 0.40872213
1344.6 0.41571277
1348.75 0.42229730
1352.9 0.42378995
1357.05 0.43371391
1361.2 0.41774273
1365.35 0.41566232
1369.5 0.41100848
1373.65 0.41849256
1377.8 0.42112881
1381.95 0.41586953
1386.1 0.39553088
1390.25 0.38345167
1394.4 0.37874016
1398.55 0.37242791
1402.7 0.37370738
1406.85 0.37336585
1411.0 0.37331727
1415.15 0.37987286
1419.3 0.37934670
1423.45 0.38610572
1427.6 0.38857302
1431.75 0.38853717
1435.9 0.38473502
1440.05 0.39027303
1444.2 0.39268735
1448.35 0.40400860
1452.5 0.39819124
1456.65 0.39244795
1460.8 0.37582490
1464.95 0.38213062
1469.1 0.38454673
1473.25 0.38009951
1477.4 0.39364427
1481.55 0.39808595
1485.7 0.38830498
1489.85 0.38236424
1494.0 0.38354707
1498.15 0.38422677
1502.3 0.38472837
1506.45 0.39030856
1510.6 0.38415986
1514.75 0.38361618
1518.9 0.38920105
1523.05 0.38943869
1527.2 0.39977723
1531.35 0.39874688
1535.5 0.42526326
1539.65 0.42453840
1543.8 0.42960310
1547.95 0.42383224
1552.1 0.42549148
1556.25 0.43014497
1560.4 0.45004958
1564.55 0.48507783
1568.7 0.51707870
1572.85 0.54340196
1577.0 0.55405921
1581.15 0.58414942
1585.3 0.55960816
1589.45 0.51253283
1593.6 0.46959993
1597.75 0.44125998
1601.9 0.42834589
1606.05 0.41514209
1610.2 0.40272817
1614.35 0.39332825
1618.5 0.39108661
1622.65 0.37736797
1626.8 0.37240851
1630.95 0.37042964
1635.1 0.37499210
1639.25 0.37754574
1643.4 0.36978233
1647.55 0.37223378
1651.7 0.37513885
1655.85 0.37921426
1660.0 0.37073591
1664.15 0.37570137
1668.3 0.38541096
1672.45 0.36544192
1676.6 0.37602311
1680.75 0.37935206
1684.9 0.37760711
1689.05 0.38174507
1693.2 0.37659785
1697.35 0.37249684
1701.5 0.38375232
1705.65 0.40021545
1709.8 0.39321604
1713.95 0.40404221
1718.1 0.40158421
1722.25 0.40360296
1726.4 0.40226346
1730.55 0.40837955
1734.7 0.40814534
1738.85 0.40805188
1743.0 0.39594156
1747.15 0.39042413
1751.3 0.39640510
1755.45 0.40297517
1759.6 0.38682628
1763.75 0.40643317
1767.9 0.39319286
1772.05 0.40349841
1776.2 0.40071219
1780.35 0.40977785
1784.5 0.39129221
1788.65 0.39795598
1792.8 0.39844641
1796.95 0.40628764
1801.1 0.38701406
1805.25 0.39238811
1809.4 0.40070501
1813.55 0.38371047
1817.7 0.39166719
1821.85 0.38062209
1826.0 0.37078902
1830.15 0.37109125
1834.3 0.37138888
1838.45 0.37451288
1842.6 0.37747118
1846.75 0.37871268
1850.9 0.37409222
1855.05 0.37280768
1859.2 0.37307760
1863.35 0.37334353
1867.5 0.37865674
1871.65 0.37862673
1875.8 0.38480124
1879.95 0.38771859
1884.1 0.38815787
1888.25 0.39157513
1892.4 0.39577687
1896.55 0.40353730
1900.7 0.41319326
1904.85 0.41057682
1909.0 0.42203385
1913.15 0.42748803
1917.3 0.43168929
1921.45 0.43469322
1925.6 0.43839499
1929.75 0.44451538
1933.9 0.44738409
1938.05 0.44194177
1942.2 0.43863523
1946.35 0.42938936
1950.5 0.42887977
1954.65 0.42115033
1958.8 0.42784807
1962.95 0.42312768
1967.1 0.42093158
1971.25 0.42262763
1975.4 0.42053878
1979.55 0.42204463
1983.7 0.42348725
1987.85 0.42886144
1992.0 0.43942985
1996.15 0.43321171
2000.3 0.44931811
2004.45 0.46094471
2008.6 0.47514084
2012.75 0.47426721
2016.9 0.46131617
2021.05 0.45951292
2025.2 0.46147966
2029.35 0.45148554
2033.5 0.44355553
2037.65 0.44151673
2041.8 0.44026509
2045.95 0.44917247
2050.1 0.45879939
2054.25 0.46110204
2058.4 0.45859933
2062.55 0.46024874
2066.7 0.45784482
2070.85 0.46065220
2075.0 0.45645046
2079.15 0.45503673
2083.3 0.45604989
2087.45 0.45443115
2091.6 0.44917235
2095.75 0.44315577
2099.9 0.44777265
2104.05 0.44973803
2108.2 0.45041722
2112.35 0.44653863
2116.5 0.44354308
2120.65 0.44285136
2124.8 0.44111830
2128.95 0.43987522
2133.1 0.43657115
2137.25 0.43114328
2141.4 0.43378672
2145.55 0.43428504
2149.7 0.42993745
2153.85 0.41913313
2158.0 0.43036041
2162.15 0.43272492
2166.3 0.43054882
2170.45 0.43098566
2174.6 0.43514520
2178.75 0.42755005
2182.9 0.42814118
2187.05 0.42021680
2191.2 0.41406268
2195.35 0.39828891
2199.5 0.39685866
2203.65 0.39659730
2207.8 0.39311451
2211.95 0.40420857
2216.1 0.41051295
2220.25 0.41181338
2224.4 0.40339035
2228.55 0.40792152
2232.7 0.41012117
2236.85 0.41605720
2241.0 0.41653472
2245.15 0.42660585
2249.3 0.43943650
2253.45 0.44373861
2257.6 0.43848383
2261.75 0.45236114
2265.9 0.45884454
2270.05 0.45885432
2274.2 0.46167567
2278.35 0.48083434
2282.5 0.49312010
2286.65 0.49105197
2290.8 0.50088537
2294.95 0.48996320
2299.1 0.50271028
2303.25 0.52043867
2307.4 0.56435388
2311.55 0.61581498
2315.7 0.69563836
2319.85 0.77717721
2324.0 0.80276883
2328.15 0.76269013
2332.3 0.67616177
2336.45 0.60212582
2340.6 0.55627739
2344.75 0.53382498
2348.9 0.51620156
2353.05 0.50264263
2357.2 0.49204496
2361.35 0.48187771
2365.5 0.47890368
2369.65 0.46963832
2373.8 0.46164820
2377.95 0.45243654
2382.1 0.44739243
2386.25 0.44641519
2390.4 0.43400577
2394.55 0.43520945
2398.7 0.42474905
2402.85 0.42233106
2407.0 0.42221442
2411.15 0.40513256
2415.3 0.41154703
2419.45 0.41161683
2423.6 0.41799992
2427.75 0.42982098
2431.9 0.43420646
2436.05 0.43605173
2440.2 0.43605998
2444.35 0.43945512
2448.5 0.43381959
2452.65 0.43525341
2456.8 0.44138941
2460.95 0.43523684
2465.1 0.43707311
2469.25 0.42958176
2473.4 0.43252838
2477.55 0.42245239
2481.7 0.41569212
2485.85 0.40857971
2490.0 0.40521351
2494.15 0.39582863
2498.3 0.39215285
2502.45 0.38174075
2506.6 0.37468255
2510.75 0.37347859
2514.9 0.37732792
2519.05 0.37271771
2523.2 0.38100001
2527.35 0.38331276
2531.5 0.38484272
2535.65 0.38511494
2539.8 0.38576236
2543.95 0.39373606
2548.1 0.38997948
2552.25 0.39800468
2556.4 0.39789093
2560.55 0.39664331
2564.7 0.39264446
2568.85 0.39696431
2573.0 0.39448231
2577.15 0.40320909
2581.3 0.41376171
2585.45 0.41519952
2589.6 0.43214861
2593.75 0.43598971
2597.9 0.43614960
2602.05 0.43051222
2606.2 0.43043655
2610.35 0.41490743
2614.5 0.42443752
2618.65 0.42058998
2622.8 0.42012420
2626.95 0.42570764
2631.1 0.43726739
2635.25 0.43802503
2639.4 0.44384265
2643.55 0.44694787
2647.7 0.45075360
2651.85 0.44666106
2656.0 0.44915652
2660.15 0.44279942
2664.3 0.44812536
2668.45 0.44291571
2672.6 0.43007576
2676.75 0.43056449
2680.9 0.43616799
2685.05 0.42498004
2689.2 0.42462879
2693.35 0.42524952
2697.5 0.42529657
2701.65 0.43235078
2705.8 0.43074712
2709.95 0.42373821
2714.1 0.42319784
2718.25 0.43201011
2722.4 0.43148622
2726.55 0.42882928
2730.7 0.43697765
2734.85 0.42490062
2739.0 0.41991499
2743.15 0.41455936
2747.3 0.41083181
2751.45 0.40800765
2755.6 0.39985660
2759.75 0.39853004
2763.9 0.40348753
2768.05 0.40733430
2772.2 0.41283458
2776.35 0.42598814
2780.5 0.41175681
2784.65 0.40627977
2788.8 0.40402207
2792.95 0.40235353
2797.1 0.39791846
2801.25 0.40761080
2805.4 0.40637901
2809.55 0.40951052
2813.7 0.40593815
2817.85 0.40744293
2822.0 0.40792069
2826.15 0.41751134
2830.3 0.42021796
2834.45 0.42758921
2838.6 0.44173053
2842.75 0.45997983
2846.9 0.43853357
2851.05 0.42209819
2855.2 0.42474872
2859.35 0.41845745
2863.5 0.40340930
2867.65 0.40814993
2871.8 0.40954703
2875.95 0.39838445
2880.1 0.39590076
2884.25 0.38731381
2888.4 0.38203627
2892.55 0.39249873
2896.7 0.39160007
2900.85 0.38626114
2905.0 0.39403048
2909.15 0.38435322
2913.3 0.37836984
2917.45 0.37840822
2921.6 0.37223035
2925.75 0.36624867
2929.9 0.35937041
2934.05 0.36407629
2938.2 0.36337391
2942.35 0.35304731
2946.5 0.35633022
2950.65 0.36224926
2954.8 0.36483997
2958.95 0.35812184
2963.1 0.36485237
2967.25 0.37411880
2971.4 0.36727536
2975.55 0.37544662
2979.7 0.36486065
2983.85 0.36589712
2988.0 0.36065242
2992.15 0.36547524
2996.3 0.36779711
3000.45 0.36073312
3004.6 0.37090158
3008.75 0.36482629
3012.9 0.36175752
3017.05 0.36510137
3021.2 0.35735935
3025.35 0.36143899
3029.5 0.35872412
3033.65 0.36126819
3037.8 0.36381245
3041.95 0.35909453
3046.1 0.35617089
3050.25 0.35532799
3054.4 0.35384580
3058.55 0.35185128
3062.7 0.35223830
3066.85 0.35731429
3071.0 0.35694751
3075.15 0.35676020
3079.3 0.35008004
3083.45 0.35155299
3087.6 0.36649579
3091.75 0.41328955
3095.9 0.42953512
3100.05 0.36318475
3104.2 0.35047844
3108.35 0.35057276
3112.5 0.34656873
3116.65 0.35917896
3120.8 0.34930068
3124.95 0.34179395
3129.1 0.34432167
3133.25 0.34058702
3137.4 0.33625853
3141.55 0.33288783
3145.7 0.32893157
3149.85 0.31121317
3154.0 0.31641313
3158.15 0.31063053
3162.3 0.32435301
3166.45 0.32373074
3170.6 0.32041705
3174.75 0.31738368
3178.9 0.31519321
3183.05 0.32341000
3187.2 0.31695759
3191.35 0.32241488
3195.5 0.32748145
3199.65 0.33304968
3203.8 0.34646052
3207.95 0.37309170
3212.1 0.38883910
3216.25 0.34963864
3220.4 0.32689741
3224.55 0.33877468
3228.7 0.34165278
3232.85 0.32398999
3237.0 0.31721598
3241.15 0.31783679
3245.3 0.31240791
3249.45 0.31071302
3253.6 0.30509496
3257.75 0.29640767
3261.9 0.28675115
3266.05 0.28489318
3270.2 0.29370663
3274.35 0.30261743
3278.5 0.30363610
3282.65 0.30718037
3286.8 0.31490618
3290.95 0.31532139
3295.1 0.31353086
3299.25 0.30323696
3303.4 0.30466190
3307.55 0.30322269
3311.7 0.29078448
3315.85 0.29463875
3320.0 0.28490067
3324.15 0.28505373
3328.3 0.28025433
3332.45 0.28649637
3336.6 0.29028100
3340.75 0.28513303
3344.9 0.27631140
3349.05 0.27614948
3353.2 0.27500230
3357.35 0.27189478
3361.5 0.28029761
3365.65 0.27453926
3369.8 0.28172734
3373.95 0.28746691
3378.1 0.30513468
3382.25 0.30057636
3386.4 0.29895252
3390.55 0.31231111
3394.7 0.31683442
3398.85 0.32804427
3403.0 0.34899798
3407.15 0.33894813
3411.3 0.32216221
3415.45 0.32070711
3419.6 0.30651674
3423.75 0.29899806
3427.9 0.29602829
3432.05 0.29121304
3436.2 0.28163093
3440.35 0.27092567
3444.5 0.26790068
3448.65 0.26928267
3452.8 0.27686483
3456.95 0.27477372
3461.1 0.27311978
3465.25 0.27926874
3469.4 0.26975644
3473.55 0.26647237
3477.7 0.27150437
3481.85 0.26541194
3486.0 0.26267010
3490.15 0.26237708
3494.3 0.26208457
3498.45 0.26339924
3502.6 0.26569226
3506.75 0.26459303
3510.9 0.26372248
3515.05 0.27858600
3519.2 0.27702850
3523.35 0.28136992
3527.5 0.27647367
3531.65 0.26992968
3535.8 0.26572335
3539.95 0.27775240
3544.1 0.27769938
3548.25 0.27583325
3552.4 0.28870666
3556.55 0.28116342
3560.7 0.29038113
3564.85 0.30631849
3569.0 0.30115905
3573.15 0.30745777
3577.3 0.31323081
3581.45 0.32619470
3585.6 0.34703079
3589.75 0.35101640
3593.9 0.37061125
3598.05 0.40132225
3602.2 0.41637921
3606.35 0.41834018
3610.5 0.38916451
3614.65 0.38238874
3618.8 0.37872809
3622.95 0.36051238
3627.1 0.34435302
3631.25 0.31550449
3635.4 0.30906051
3639.55 0.29689273
3643.7 0.29102734
3647.85 0.29853812
3652.0 0.29052559
3656.15 0.28570989
3660.3 0.28612757
3664.45 0.27956474
3668.6 0.27771559
3672.75 0.27639183
3676.9 0.25944412
3681.05 0.26844040
3685.2 0.26717985
3689.35 0.27410874
3693.5 0.26828289
3697.65 0.26722544
3701.8 0.27938172
3705.95 0.28354186
3710.1 0.29436895
3714.25 0.29022956
3718.4 0.28814101
3722.55 0.27744848
3726.7 0.29284763
3730.85 0.29362229
3735.0 0.29555345
3739.15 0.29355463
3743.3 0.30472863
3747.45 0.31783682
3751.6 0.31567961
3755.75 0.30285826
3759.9 0.29581690
3764.05 0.28876457
3768.2 0.29089054
3772.35 0.31242192
3776.5 0.30405092
3780.65 0.30045798
3784.8 0.31222251
3788.95 0.30971956
3793.1 0.28693500
3797.25 0.30251482
3801.4 0.31465411
3805.55 0.30123296
3809.7 0.29559463
3813.85 0.30037147
3818.0 0.28926128
3822.15 0.28262839
3826.3 0.28365055
3830.45 0.29278970
3834.6 0.30351943
3838.75 0.30343974
3842.9 0.29747668
3847.05 0.30127662
3851.2 0.29239222
3855.35 0.29734552
3859.5 0.28844401
3863.65 0.30365628
3867.8 0.28588700
3871.95 0.29525524
3876.1 0.28304327
3880.25 0.28577232
3884.4 0.28807196
3888.55 0.29764366
3892.7 0.27154878
3896.85 0.27104104
3901.0 0.25489494
3905.15 0.25174358
3909.3 0.24828881
3913.45 0.25442585
3917.6 0.25365943
3921.75 0.25296682
3925.9 0.24849260
3930.05 0.25232303
3934.2 0.25498170
3938.35 0.24968934
3942.5 0.24137247
3946.65 0.24358131
3950.8 0.24463092
3954.95 0.24341205
3959.1 0.24726111
3963.25 0.25045982
3967.4 0.25503463
3971.55 0.25412852
3975.7 0.25218600
3979.85 0.25715211
3984.0 0.26459104
3988.15 0.26482129
3992.3 0.26731285
3996.45 0.27738297
4000.6 0.29379794
4004.75 0.29523566
4008.9 0.31739563
4013.05 0.32039344
4017.2 0.33117995
4021.35 0.35600024
4025.5 0.37073529
4029.65 0.41486847
4033.8 0.45262545
4037.95 0.43841594
4042.1 0.40903160
4046.25 0.37992525
4050.4 0.35947520
4054.55 0.34167919
4058.7 0.31918943
4062.85 0.31356284
4067.0 0.31052291
4071.15 0.29977936
4075.3 0.28312621
4079.45 0.29163679
4083.6 0.28218606
4087.75 0.27791923
4091.9 0.27328545
4096.05 0.26598832
4100.2 0.26314351
4104.35 0.27004480
4108.5 0.27015924
4112.65 0.31885430
4116.8 0.34862953
4120.95 0.29147944
4125.1 0.25892836
4129.25 0.25212765
4133.4 0.25006402
4137.55 0.24396552
4141.7 0.25988510
4145.85 0.28397918
4150.0 0.34517655
4154.15 0.48639759
4158.3 0.48536828
4162.45 0.32645491
4166.6 0.27487805
4170.75 0.25846916
4174.9 0.25142008
4179.05 0.24553895
4183.2 0.24087030
4187.35 0.24107327
4191.5 0.23941295
4195.65 0.23979720
4199.8 0.23951611
4203.95 0.23565021
4208.1 0.23307225
4212.25 0.23311082
4216.4 0.22423688
4220.55 0.21966565
4224.7 0.22936031
4228.85 0.22733957
4233.0 0.23020598
4237.15 0.22096595
4241.3 0.22281015
4245.45 0.21973969
4249.6 0.22745070
4253.75 0.22349516
4257.9 0.21777800
4262.05 0.22281110
4266.2 0.22146213
4270.35 0.22825046
4274.5 0.22947717
4278.65 0.23871626
4282.8 0.24392308
4286.95 0.24053295
4291.1 0.23362325
4295.25 0.24394637
4299.4 0.23389697
4303.55 0.22814026
4307.7 0.22863868
4311.85 0.24158452
4316.0 0.23711282
4320.15 0.22466743
4324.3 0.22765699
4328.45 0.22979392
4332.6 0.23369615
4336.75 0.22994846
4340.9 0.23217404
4345.05 0.23130555
4349.2 0.23262243
4353.35 0.22417356
4357.5 0.22801389
4361.65 0.23545872
4365.8 0.22418188
4369.95 0.23055729
4374.1 0.23152946
4378.25 0.22987241
4382.4 0.23024230
4386.55 0.23194298
4390.7 0.23047000
4394.85 0.23937416
4399.0 0.22855212
4403.15 0.22378330
4407.3 0.24475315
4411.45 0.22850551
4415.6 0.23917520
4419.75 0.23317105
4423.9 0.22626485
4428.05 0.22309741
4432.2 0.22059768
4436.35 0.22724266
4440.5 0.21539697
4444.65 0.21733473
4448.8 0.21958169
4452.95 0.21723589
4457.1 0.20706666
4461.25 0.21089332
4465.4 0.21601020
4469.55 0.21558349
4473.7 0.20905672
4477.85 0.20985396
4482.0 0.20811635
4486.15 0.20411466
4490.3 0.20821558
4494.45 0.21247691
4498.6 0.21107294
4502.75 0.20594570
4506.9 0.20297657
4511.05 0.19997250
4515.2 0.20693471
4519.35 0.19954376
4523.5 0.21305437
4527.65 0.20084421
4531.8 0.20178145
4535.95 0.19868991
4540.1 0.19847718
4544.25 0.19826479
4548.4 0.19805264
4552.55 0.20260799
4556.7 0.20351100
4560.85 0.20821247
4565.0 0.20315331
4569.15 0.20378068
4573.3 0.19678614
4577.45 0.19657604
4581.6 0.20219356
4585.75 0.20819747
4589.9 0.20470002
4594.05 0.19972630
4598.2 0.20760757
4602.35 0.21095708
4606.5 0.20039651
4610.65 0.20268825
4614.8 0.19469880
4618.95 0.19449168
4623.1 0.19842620
4627.25 0.19517802
4631.4 0.21339776
4635.55 0.20374946
4639.7 0.19821873
4643.85 0.22133693
4648.0 0.21842596
4652.15 0.20859273
4656.3 0.20481251
4660.45 0.19556361
4664.6 0.19532499
4668.75 0.19202876
4672.9 0.19834372
4677.05 0.19162229
4681.2 0.19258338
4685.35 0.19121699
4689.5 0.19280432
4693.65 0.19081278
4697.8 0.19190368
4701.95 0.19122991
4706.1 0.19020864
4710.25 0.19686413
4714.4 0.19398467
4718.55 0.18960717
4722.7 0.18940717
4726.85 0.18920754
4731.0 0.18900812
4735.15 0.18880902
4739.3 0.18861024
4743.45 0.18841167
4747.6 0.19232608
4751.75 0.18801542
4755.9 0.18836291
4760.05 0.18762027
4764.2 0.18850534
4768.35 0.18728916
4772.5 0.18702960
4776.65 0.18888430
4780.8 0.19156037
4784.95 0.19251749
4789.1 0.19076636
4793.25 0.19048458
4797.4 0.18997896
4801.55 0.18740074
4805.7 0.18898861
4809.85 0.18779583
4814.0 0.18747634
4818.15 0.19169451
4822.3 0.20013870
4826.45 0.19036335
4830.6 0.19701080
4834.75 0.19324636
4838.9 0.19926737
4843.05 0.19464207
4847.2 0.20100401
4851.35 0.19784170
4855.5 0.19878905
4859.65 0.20461817
4863.8 0.19970292
4867.95 0.20356601
4872.1 0.21033072
4876.25 0.22651246
4880.4 0.22138357
4884.55 0.21716298
4888.7 0.21839529
4892.85 0.19919240
4897.0 0.19590144
4901.15 0.20507257
4905.3 0.20149304
4909.45 0.19452617
4913.6 0.19562931
4917.75 0.19675325
4921.9 0.19705874
4926.05 0.19363570
4930.2 0.19750558
4934.35 0.20161565
4938.5 0.18925728
4942.65 0.19132604
4946.8 0.19005691
4950.95 0.19620301
4955.1 0.18514353
4959.25 0.18717654
4963.4 0.18671566
4967.55 0.18609537
4971.7 0.18748225
4975.85 0.18715948
4980.0 0.18675113
4984.15 0.18849318
4988.3 0.18549547
4992.45 0.18399961
4996.6 0.18082015
5000.75 0.18072161
5004.9 0.17782392
5009.05 0.18132815
5013.2 0.18177046
5017.35 0.18391435
5021.5 0.18545566
5025.65 0.17843947
5029.8 0.18232502
5033.95 0.18785292
5038.1 0.18571424
5042.25 0.18761815
5046.4 0.19109441
5050.55 0.18801692
5054.7 0.18946451
5058.85 0.18577167
5063.0 0.19516431
5067.15 0.17950331
5071.3 0.17358454
5075.45 0.17626700
5079.6 0.17396306
5083.75 0.17495504
5087.9 0.17525037
5092.05 0.17874572
5096.2 0.18210515
5100.35 0.17388771
5104.5 0.17882936
5108.65 0.18372108
5112.8 0.17700455
5116.95 0.17410284
5121.1 0.17147473
5125.25 0.17130055
5129.4 0.17207669
5133.55 0.18228833
5137.7 0.17372790
5141.85 0.17480366
5146.0 0.17043337
5150.15 0.17091098
5154.3 0.17081380
5158.45 0.17364213
5162.6 0.17194009
5166.75 0.17591234
5170.9 0.17655392
5175.05 0.17259674
5179.2 0.17145939
5183.35 0.17125204
5187.5 0.17624241
5191.65 0.17519274
5195.8 0.17154448
5199.95 0.17034855
5204.1 0.16908552
5208.25 0.16831857
5212.4 0.16976188
5216.55 0.17129487
5220.7 0.17700507
5224.85 0.17948973
5229.0 0.18293855
5233.15 0.18880925
5237.3 0.18131311
5241.45 0.17247821
5245.6 0.17309189
5249.75 0.17135413
5253.9 0.16873115
5258.05 0.17141297
5262.2 0.17656492
5266.35 0.17847459
5270.5 0.17297079
5274.65 0.17436951
5278.8 0.17702945
5282.95 0.18027887
5287.1 0.18306692
5291.25 0.17409709
5295.4 0.17587200
5299.55 0.17918769
5303.7 0.17977509
5307.85 0.17600372
5312.0 0.17574167
5316.15 0.17840229
5320.3 0.17829001
5324.45 0.17639749
5328.6 0.18078125
5332.75 0.17898123
5336.9 0.18155965
5341.05 0.18595789
5345.2 0.18341236
5349.35 0.18880518
5353.5 0.18583295
5357.65 0.19850875
5361.8 0.20003207
5365.95 0.20532486
5370.1 0.21116124
5374.25 0.21036182
5378.4 0.21471705
5382.55 0.22682206
5386.7 0.22814079
5390.85 0.23814249
5395.0 0.24920811
5399.15 0.26457107
5403.3 0.28235787
5407.45 0.30381697
5411.6 0.33336255
5415.75 0.37026492
5419.9 0.41543290
5424.05 0.46866193
5428.2 0.54961574
5432.35 0.64592367
5436.5 0.76724672
5440.65 0.88965541
5444.8 1.0467622
5448.95 1.0760031
5453.1 0.92039812
5457.25 0.76624477
5461.4 0.69729406
5465.55 0.65691847
5469.7 0.56901759
5473.85 0.48015058
5478.0 0.43266642
5482.15 0.39474428
5486.3 0.36006287
5490.45 0.33364278
5494.6 0.31750506
5498.75 0.29734573
5502.9 0.27691248
5507.05 0.25993803
5511.2 0.24287814
5515.35 0.22829305
5519.5 0.22371528
5523.65 0.21917009
5527.8 0.20819741
5531.95 0.20690121
5536.1 0.20306653
5540.25 0.20334302
5544.4 0.20697215
5548.55 0.20643891
5552.7 0.20218579
5556.85 0.19567284
5561.0 0.20549066
5565.15 0.21081777
5569.3 0.21515909
5573.45 0.23699294
5577.6 0.23581833
5581.75 0.21989085
5585.9 0.22215326
5590.05 0.22488508
5594.2 0.21847098
5598.35 0.20166638
5602.5 0.18530189
5606.65 0.18352227
5610.8 0.17891291
5614.95 0.17352109
5619.1 0.17247269
5623.25 0.16770044
5627.4 0.16034791
5631.55 0.15949155
5635.7 0.16030866
5639.85 0.16006151
5644.0 0.15263315
5648.15 0.15123726
5652.3 0.15109254
5656.45 0.15596320
5660.6 0.16213749
5664.75 0.15574796
5668.9 0.15351483
5673.05 0.15309702
5677.2 0.15022595
5681.35 0.15008231
5685.5 0.14993890
5689.65 0.16009417
5693.8 0.15402639
5697.95 0.15515648
5702.1 0.14936724
5706.25 0.14922483
5710.4 0.15197147
5714.55 0.15687104
5718.7 0.15567614
5722.85 0.15204066
5727.0 0.15360148
5731.15 0.15376678
5735.3 0.15265085
5739.45 0.14809312
5743.6 0.14795257
5747.75 0.14781222
5751.9 0.14903992
5756.05 0.14753217
5760.2 0.14739242
5764.35 0.14725292
5768.5 0.15076092
5772.65 0.14697447
5776.8 0.14683557
5780.95 0.14669685
5785.1 0.14874156
5789.25 0.14642002
5793.4 0.14628191
5797.55 0.14614402
5801.7 0.14600630
5805.85 0.14997469
5810.0 0.14660664
5814.15 0.15471539
5818.3 0.14655828
5822.45 0.14657977
5826.6 0.14518429
5830.75 0.14504799
5834.9 0.15542829
5839.05 0.16129823
5843.2 0.15572660
5847.35 0.16733435
5851.5 0.15474901
5855.65 0.17415713
5859.8 0.16397023
5863.95 0.15153810
5868.1 0.16868080
5872.25 0.15716380
5876.4 0.15330356
5880.55 0.15460975
5884.7 0.14974931
5888.85 0.14765882
5893.0 0.14302716
5897.15 0.14289401
5901.3 0.14497016
5905.45 0.15043049
5909.6 0.14249571
5913.75 0.14236335
5917.9 0.14223121
5922.05 0.14209923
5926.2 0.15630654
5930.35 0.14521587
5934.5 0.14170444
5938.65 0.14157325
5942.8 0.14398478
5946.95 0.14303480
5951.1 0.14118072
5955.25 0.14105037
5959.4 0.14507583
5963.55 0.14959952
5967.7 0.15791121
5971.85 0.14053048
5976.0 0.15549958
5980.15 0.14067705
5984.3 0.14732537
5988.45 0.14001371
5992.6 0.14951313
5996.75 0.14560480
