300.0 0.0
330.0 0.0000000
333.3 0.0000000
336.6 0.0000000
339.9 0.0000000
343.2 0.0000000
346.5 0.0000000
349.8 0.0000000
353.1 0.0000000
356.4 0.0000000
359.7 0.0000000
363.0 0.0000000
366.3 0.0000000
369.6 0.0000000
372.9 0.0000000
376.2 0.0000000
379.5 0.0000000
382.8 0.0000000
386.1 0.0000000
389.4 0.0000000
392.7 0.0000000
396.0 0.0000000
399.3 0.0000000
402.6 0.0000000
405.9 0.0000000
409.2 0.0000000
412.5 0.0000000
415.8 0.0000000
419.1 0.0000000
422.4 0.0000000
425.7 0.0000000
429.0 0.0000000
432.3 0.0000000
435.6 0.0000000
438.9 0.0000000
442.2 0.0000000
445.5 0.0000000
448.8 0.0000000
452.1 0.0000000
455.4 0.0000000
458.7 0.0000000
462.0 0.0000000
465.3 0.0000000
468.6 0.0000000
471.9 0.0000000
475.2 0.0000000
478.5 0.0000000
481.8 0.0000000
485.1 0.0000000
488.4 0.0000000
491.7 0.0000000
495.0 0.0000000
498.3 0.0000000
501.6 0.0000000
504.9 0.0000000
508.2 0.0000000
511.5 0.0000000
514.8 0.0000000
518.1 0.0000000
521.4 0.0000000
524.7 0.0000000
528.0 0.0000000
531.3 0.0000000
534.6 0.0000000
537.9 0.0000000
541.2 0.0000000
544.5 0.0000000
547.8 0.0000000
551.1 0.0000000
554.4 0.0000000
557.7 0.0000000
561.0 0.0000000
564.3 0.0000000
567.6 0.0000000
570.9 0.0000000
574.2 0.0000000
577.5 0.0000000
580.8 0.0000000
584.1 0.0000000
587.4 0.0000000
590.7 0.0000000
594.0 0.0000000
597.3 0.0000000
600.6 0.0000000
603.9 4.15314399E-02
607.2 3.98639366E-02
610.5 3.82232107E-02
613.8 3.66106816E-02
617.1 3.50297950E-02
620.4 3.34806815E-02
623.7 3.19753289E-02
627.0 3.05428226E-02
630.3 2.90867724E-02
633.6 2.75218580E-02
636.9 2.58825962E-02
640.2 2.42673308E-02
643.5 4.62619811E-02
646.8 4.44986485E-02
650.1 4.27664965E-02
653.4 4.10644487E-02
656.7 3.93877625E-02
660.0 4.14814577E-02
663.3 4.17036153E-02
666.6 3.97160873E-02
669.9 4.03078496E-02
673.2 4.14571650E-02
676.5 4.32145298E-02
679.8 0.16007447
683.1 0.16266523
686.4 0.13763019
689.7 0.11458495
693.0 0.10744120
696.3 0.10446108
699.6 0.10464205
702.9 0.10621274
706.2 0.10335794
709.5 9.32239071E-02
712.8 9.39598605E-02
716.1 8.39236751E-02
719.4 7.62495548E-02
722.7 7.04287961E-02
726.0 6.77809641E-02
729.3 6.87263161E-02
732.6 6.58360720E-02
735.9 6.70852214E-02
739.2 6.90082461E-02
742.5 6.70141876E-02
745.8 5.96822873E-02
749.1 5.77230193E-02
752.4 5.25876693E-02
755.7 5.29702976E-02
759.0 5.23075983E-02
762.3 5.02041541E-02
765.6 4.96101230E-02
768.9 5.07498980E-02
772.2 5.23082167E-02
775.5 5.59001900E-02
778.8 5.75440824E-02
782.1 6.01444580E-02
785.4 6.39999509E-02
788.7 6.98878691E-02
792.0 7.72399828E-02
795.3 8.84344950E-02
798.6 0.10414138
801.9 0.13399078
805.2 1.3700882
808.5 1.1116948
811.8 1.0401878
815.1 1.0430291
818.4 0.98012924
821.7 0.78708082
825.0 0.68165928
828.3 0.64301038
831.6 0.61720014
834.9 0.57885426
838.2 0.53013283
841.5 0.49813703
844.8 0.48806810
848.1 0.49077395
851.4 0.50014442
854.7 0.50496018
858.0 0.54466265
861.3 0.55474532
864.6 0.53236026
867.9 0.48644096
871.2 0.49091935
874.5 0.48777601
877.8 0.50079608
881.1 0.51075548
884.4 0.50583601
887.7 0.48891264
891.0 0.48365858
894.3 0.50029463
897.6 0.49845082
900.9 0.50804245
904.2 0.50272942
907.5 0.51575589
910.8 0.54658312
914.1 0.57865667
917.4 0.62265831
920.7 0.63568687
924.0 0.64626783
927.3 0.58909923
930.6 0.55134600
933.9 0.52349287
937.2 0.51200145
940.5 0.51089847
943.8 0.48894024
947.1 0.48385310
950.4 0.48205855
953.7 0.47955379
957.0 0.48924556
960.3 0.48561892
963.6 0.47631970
966.9 0.49167198
970.2 0.48421460
973.5 0.49281487
976.8 0.50566465
980.1 0.51420391
983.4 0.52780628
986.7 0.52811527
990.0 0.54596305
993.3 0.55917370
996.6 0.57391149
999.9 0.59677327
1003.2 0.64249974
1006.5 0.70351267
1009.8 0.77356094
1013.1 0.86246085
1016.4 0.97289592
1019.7 1.0391926
1023.0 0.94492900
1026.3 0.80300653
1029.6 0.69511676
1032.9 0.63909787
1036.2 0.61131835
1039.5 0.59573084
1042.8 0.56844544
1046.1 0.56728715
1049.4 0.55104446
1052.7 0.56269813
1056.0 0.56499165
1059.3 0.56377649
1062.6 0.57068640
1065.9 0.56428206
1069.2 0.57352185
1072.5 0.58219099
1075.8 0.58383495
1079.1 0.59708583
1082.4 0.57469600
1085.7 0.57143587
1089.0 0.56464684
1092.3 0.57453287
1095.6 0.57775664
1098.9 0.57015300
1102.2 0.54190218
1105.5 0.52499962
1108.8 0.51820201
1112.1 0.50922650
1115.4 0.51063806
1118.7 0.50983590
1122.0 0.50943631
1125.3 0.51804495
1128.6 0.51699293
1131.9 0.52586621
1135.2 0.52888817
1138.5 0.52850300
1141.8 0.52300006
1145.1 0.53019458
1148.4 0.53314072
1151.7 0.54816997
1155.0 0.53994256
1158.3 0.53182715
1161.6 0.50898868
1164.9 0.51721358
1168.2 0.52016848
1171.5 0.51384330
1174.8 0.53183490
1178.1 0.53751546
1181.4 0.52399784
1184.7 0.51567686
1188.0 0.51696879
1191.3 0.51758271
1194.6 0.51795763
1197.9 0.52516681
1201.2 0.51659673
1204.5 0.51557094
1207.8 0.52277946
1211.1 0.52280277
1214.4 0.53638005
1217.7 0.53469831
1221.0 0.56993771
1224.3 0.56865108
1227.6 0.57511783
1230.9 0.56708127
1234.2 0.56899089
1237.5 0.57490164
1240.8 0.60117990
1244.1 0.64762276
1247.4 0.68997777
1250.7 0.72471738
1254.0 0.73853934
1257.3 0.77823830
1260.6 0.74515247
1263.9 0.68211299
1267.2 0.62465066
1270.5 0.58665061
1273.8 0.56918901
1277.1 0.55136156
1280.4 0.53460234
1283.7 0.52186012
1287.0 0.51862448
1290.3 0.50001705
1293.6 0.49303839
1296.9 0.49001619
1300.2 0.49564674
1303.5 0.49861711
1306.8 0.48796979
1310.1 0.49081036
1313.4 0.49424583
1316.7 0.49921840
1320.0 0.48767149
1323.3 0.49381474
1326.6 0.50618088
1329.9 0.47958145
1333.2 0.49308580
1336.5 0.49706852
1339.8 0.49440363
1343.1 0.49944109
1346.4 0.49233386
1349.7 0.48660576
1353.0 0.50093371
1356.3 0.52203459
1359.6 0.51252449
1362.9 0.52624720
1366.2 0.52266186
1369.5 0.52490604
1372.8 0.52278405
1376.1 0.53034920
1379.4 0.52966428
1382.7 0.52916425
1386.0 0.51309425
1389.3 0.50558639
1392.6 0.51297015
1395.9 0.52110702
1399.2 0.49987549
1402.5 0.52484804
1405.8 0.50740004
1409.1 0.52034158
1412.4 0.51639557
1415.7 0.52771956
1419.0 0.50357258
1422.3 0.51180393
1425.6 0.51209176
1428.9 0.52182156
1432.2 0.49673793
1435.5 0.50330335
1438.8 0.51363391
1442.1 0.49152866
1445.4 0.50139505
1448.7 0.48694047
1452.0 0.47405553
1455.3 0.47413811
1458.6 0.47421604
1461.9 0.47790176
1465.2 0.48137265
1468.5 0.48265257
1471.8 0.47646600
1475.1 0.47453457
1478.4 0.47458422
1481.7 0.47462982
1485.0 0.48108941
1488.3 0.48075771
1491.6 0.48830101
1494.9 0.49170566
1498.2 0.49196663
1501.5 0.49600059
1504.8 0.50102419
1508.1 0.51054531
1511.4 0.52245319
1514.7 0.51883996
1518.0 0.53300613
1521.3 0.53958011
1524.6 0.54456735
1527.9 0.54804045
1531.2 0.55239028
1534.5 0.55978203
1537.8 0.56307429
1541.1 0.55590957
1544.4 0.55143946
1547.7 0.53951311
1551.0 0.53857189
1554.3 0.52857149
1557.6 0.53668064
1560.9 0.53046703
1564.2 0.52742463
1567.5 0.52926075
1570.8 0.52635878
1574.1 0.52795768
1577.4 0.52947712
1580.7 0.53590900
1584.0 0.54882216
1587.3 0.54076874
1590.6 0.56057739
1593.9 0.57478005
1597.2 0.59217167
1600.5 0.59077418
1603.8 0.57434332
1607.1 0.57180214
1610.4 0.57395381
1613.7 0.56123608
1617.0 0.55109686
1620.3 0.54828489
1623.6 0.54645389
1626.9 0.55722874
1630.2 0.56888604
1633.5 0.57145572
1636.8 0.56807142
1640.1 0.56983232
1643.4 0.56657654
1646.7 0.56977081
1650.0 0.56429791
1653.3 0.56227630
1656.6 0.56325513
1659.9 0.56098503
1663.2 0.55422682
1666.5 0.54654151
1669.8 0.55197221
1673.1 0.55413204
1676.4 0.55470663
1679.7 0.54967153
1683.0 0.54572833
1686.3 0.54462314
1689.6 0.54223973
1692.9 0.54046166
1696.2 0.53615505
1699.5 0.52924621
1702.8 0.53224778
1706.1 0.53261703
1709.4 0.52704614
1712.7 0.51356971
1716.0 0.52708977
1719.3 0.52974874
1722.6 0.52684987
1725.9 0.52715033
1729.2 0.53200275
1732.5 0.52248698
1735.8 0.52298021
1739.1 0.51307642
1742.4 0.50534254
1745.7 0.48588100
1749.0 0.48392743
1752.3 0.48340106
1755.6 0.47895119
1758.9 0.49225786
1762.2 0.49972346
1765.5 0.50109458
1768.8 0.49063888
1772.1 0.49594221
1775.4 0.49840820
1778.7 0.50541180
1782.0 0.50578231
1785.3 0.51779759
1788.6 0.53315181
1791.9 0.53815114
1795.2 0.53156149
1798.5 0.54816180
1801.8 0.55579340
1805.1 0.55558145
1808.4 0.55877310
1811.7 0.58172846
1815.0 0.59635478
1818.3 0.59361804
1821.6 0.60526621
1824.9 0.59183502
1828.2 0.60699439
1831.5 0.62815505
1834.8 0.68089455
1838.1 0.74269468
1841.4 0.83864069
1844.7 0.93658108
1848.0 0.96705127
1851.3 0.91842008
1854.6 0.81391442
1857.9 0.72452080
1861.2 0.66910040
1864.5 0.64185286
1867.8 0.62043077
1871.1 0.60390878
1874.4 0.59095645
1877.7 0.57853121
1881.0 0.57474858
1884.3 0.56342202
1887.6 0.55363369
1890.9 0.54238862
1894.2 0.53614700
1897.5 0.53478229
1900.8 0.51972896
1904.1 0.52098322
1907.4 0.50827926
1910.7 0.50520563
1914.0 0.50488669
1917.3 0.48428869
1920.6 0.49178302
1923.9 0.49169374
1927.2 0.49914378
1930.5 0.51308072
1933.8 0.51813567
1937.1 0.52015752
1940.4 0.51998806
1943.7 0.52385652
1947.0 0.51696157
1950.3 0.51849324
1953.6 0.52562410
1956.9 0.51812178
1960.2 0.52013218
1963.5 0.51104540
1966.8 0.51437855
1970.1 0.50222820
1973.4 0.49402690
1976.7 0.48541319
1980.0 0.48125497
1983.3 0.46995434
1986.6 0.46543762
1989.9 0.45293167
1993.2 0.44441247
1996.5 0.44284087
1999.8 0.44726056
2003.1 0.44165355
2006.4 0.45132285
2009.7 0.45391726
2013.0 0.45558393
2016.3 0.45576134
2019.6 0.45638311
2022.9 0.46566969
2026.2 0.46108180
2029.5 0.47042289
2032.8 0.47014171
2036.1 0.46852177
2039.4 0.46365467
2042.7 0.46861091
2046.0 0.46553779
2049.3 0.47569057
2052.6 0.48799095
2055.9 0.48953763
2059.2 0.50936669
2062.5 0.51373875
2065.8 0.51377225
2069.1 0.50697929
2072.4 0.50673842
2075.7 0.48831066
2079.0 0.49937832
2082.3 0.49470490
2085.6 0.49401113
2088.9 0.50042915
2092.2 0.51386732
2095.5 0.51460725
2098.8 0.52129006
2102.1 0.52478474
2105.4 0.52910012
2108.7 0.52414507
2112.0 0.52692199
2115.3 0.51931542
2118.6 0.52541167
2121.9 0.51915574
2125.2 0.50396281
2128.5 0.50439286
2131.8 0.51081324
2135.1 0.49757087
2138.4 0.49702060
2141.7 0.49760830
2145.0 0.49752501
2148.3 0.50563711
2151.6 0.50362253
2154.9 0.49529156
2158.2 0.49452421
2161.5 0.50468361
2164.8 0.50393432
2168.1 0.50069529
2171.4 0.51007104
2174.7 0.49584004
2178.0 0.48989028
2181.3 0.48351261
2184.6 0.47903687
2187.9 0.47561717
2191.2 0.46599165
2194.5 0.46432284
2197.8 0.46997479
2201.1 0.47433063
2204.4 0.48060960
2207.7 0.49579307
2211.0 0.47910482
2214.3 0.47260928
2217.6 0.46986139
2220.9 0.46780029
2224.2 0.46252480
2227.5 0.47366950
2230.8 0.47211733
2234.1 0.47563431
2237.4 0.47136548
2240.7 0.47299305
2244.0 0.47342825
2247.3 0.48443726
2250.6 0.48745537
2253.9 0.49588224
2257.2 0.51215464
2260.5 0.53318089
2263.8 0.50819588
2267.1 0.48902902
2270.4 0.49197876
2273.7 0.48457292
2277.0 0.46703291
2280.3 0.47240606
2283.6 0.47390798
2286.9 0.46087962
2290.2 0.45789573
2293.5 0.44785631
2296.8 0.44164777
2300.1 0.45363432
2303.4 0.45248777
2306.7 0.44621253
2310.0 0.45507988
2313.3 0.44379839
2316.6 0.43678680
2319.9 0.43672851
2323.2 0.42949790
2326.5 0.42249736
2329.8 0.41446629
2333.1 0.41979617
2336.4 0.41888940
2339.7 0.40689126
2343.0 0.41058043
2346.3 0.41730505
2349.6 0.42019346
2352.9 0.41236222
2356.2 0.42001671
2359.5 0.43058664
2362.8 0.42261478
2366.1 0.43192008
2369.4 0.41964754
2372.7 0.42074564
2376.0 0.41462216
2379.3 0.42007324
2382.6 0.42264831
2385.9 0.41443920
2389.2 0.42602757
2392.5 0.41895732
2395.8 0.41534209
2399.1 0.41908970
2402.4 0.41011342
2405.7 0.41470528
2409.0 0.41150126
2412.3 0.41433007
2415.6 0.41715825
2418.9 0.41166013
2422.2 0.40822127
2425.5 0.40716833
2428.8 0.40538347
2432.1 0.40301305
2435.4 0.40337098
2438.7 0.40909755
2442.0 0.40859169
2445.3 0.40829161
2448.6 0.40056276
2451.9 0.40216437
2455.2 0.41917115
2458.5 0.47259250
2461.8 0.49106768
2465.1 0.41512677
2468.4 0.40052101
2471.7 0.40054667
2475.0 0.39589098
2478.3 0.41021219
2481.6 0.39884937
2484.9 0.39019877
2488.2 0.39300507
2491.5 0.38866410
2494.8 0.38364753
2498.1 0.37972572
2501.4 0.37513798
2504.7 0.35485983
2508.0 0.36071745
2511.3 0.35405511
2514.6 0.36962292
2517.9 0.36884111
2521.2 0.36499402
2524.5 0.36146784
2527.8 0.35890305
2531.1 0.36818767
2534.4 0.36077178
2537.7 0.36691248
2541.0 0.37260631
2544.3 0.37886885
2547.6 0.39404899
2550.9 0.42425692
2554.2 0.44207942
2557.5 0.39743596
2560.8 0.37151536
2564.1 0.38494083
2567.4 0.38813785
2570.7 0.36800262
2574.0 0.36024067
2577.3 0.36087820
2580.6 0.35464785
2583.9 0.35265815
2587.2 0.34621736
2590.5 0.33629677
2593.8 0.32528070
2597.1 0.32311353
2600.4 0.33304816
2603.7 0.34308967
2607.0 0.34418175
2610.3 0.34813580
2613.6 0.35682687
2616.9 0.35723260
2620.2 0.35513988
2623.5 0.34341800
2626.8 0.34496969
2630.1 0.34327850
2633.4 0.32913837
2636.7 0.33344153
2640.0 0.32236364
2643.3 0.32247961
2646.6 0.31699401
2649.9 0.32399723
2653.2 0.32821947
2656.5 0.32234213
2659.8 0.31231466
2663.1 0.31207716
2666.4 0.31072664
2669.7 0.30716214
2673.0 0.31660002
2676.3 0.31004238
2679.6 0.31810522
2682.9 0.32453024
2686.2 0.34441686
2689.5 0.33921373
2692.8 0.33732364
2696.1 0.35233700
2699.4 0.35737947
2702.7 0.36996123
2706.0 0.39352602
2709.3 0.38212961
2712.6 0.36314434
2715.9 0.36144358
2719.2 0.34539309
2722.5 0.33686474
2725.8 0.33346343
2729.1 0.32798502
2732.4 0.31714052
2735.7 0.30503526
2739.0 0.30157995
2742.3 0.30308601
2745.6 0.31156901
2748.9 0.30916536
2752.2 0.30725452
2755.5 0.31412098
2758.8 0.30337244
2762.1 0.29963079
2765.4 0.30523986
2768.7 0.29834256
2772.0 0.29521322
2775.3 0.29483682
2778.6 0.29446119
2781.9 0.29589126
2785.2 0.29841986
2788.5 0.29713818
2791.8 0.29611391
2795.1 0.31275389
2798.4 0.31095651
2801.7 0.31578025
2805.0 0.31023678
2808.3 0.30284646
2811.6 0.29808092
2814.9 0.31152651
2818.2 0.31141886
2821.5 0.30927855
2824.8 0.32366309
2828.1 0.31515816
2831.4 0.32544053
2834.7 0.34324980
2838.0 0.33741689
2841.3 0.34442171
2844.6 0.35083568
2847.9 0.36530069
2851.2 0.38857618
2854.5 0.39297983
2857.8 0.41485506
2861.1 0.44916514
2864.4 0.46594757
2867.7 0.46807232
2871.0 0.43536359
2874.3 0.42772013
2877.6 0.42356288
2880.9 0.40313134
2884.2 0.38500509
2887.5 0.35269916
2890.8 0.34544492
2894.1 0.33179629
2897.4 0.32519400
2900.7 0.33353814
2904.0 0.32453918
2907.3 0.31911358
2910.6 0.31953403
2913.9 0.31216007
2917.2 0.31005085
2920.5 0.30852881
2923.8 0.28956917
2927.1 0.29956737
2930.4 0.29811832
2933.7 0.30580616
2937.0 0.29926434
2940.3 0.29804271
2943.6 0.31155708
2946.9 0.31615198
2950.2 0.32817826
2953.5 0.32351834
2956.8 0.32114545
2960.1 0.30918515
2963.4 0.32630056
2966.7 0.32711846
2970.0 0.32922450
2973.3 0.32695287
2976.6 0.33935156
2979.9 0.35390058
2983.2 0.35145056
2986.5 0.33713037
2989.8 0.32924739
2993.1 0.32135448
2996.4 0.32367653
2999.7 0.34758773
3003.0 0.33822891
3006.3 0.33418715
3009.6 0.34722576
3012.9 0.34439611
3016.2 0.31901798
3019.5 0.33629504
3022.8 0.34974340
3026.1 0.33478111
3029.4 0.32847142
3032.7 0.33373550
3036.0 0.32134891
3039.3 0.31393903
3042.6 0.31503314
3045.9 0.32514095
3049.2 0.33701226
3052.5 0.33687994
3055.8 0.33021685
3059.1 0.33439171
3062.4 0.32448882
3065.7 0.32994333
3069.0 0.32002479
3072.3 0.33685935
3075.6 0.31710652
3078.9 0.32745597
3082.2 0.31387216
3085.5 0.31685814
3088.8 0.31936741
3092.1 0.32993719
3095.4 0.30097306
3098.7 0.30037248
3102.0 0.28244358
3105.3 0.27891663
3108.6 0.27505457
3111.9 0.28181803
3115.2 0.28093404
3118.5 0.28013214
3121.8 0.27514330
3125.1 0.27935001
3128.4 0.28225863
3131.7 0.27636608
3135.0 0.26712781
3138.3 0.26953933
3141.6 0.27066767
3144.9 0.26928622
3148.2 0.27351108
3151.5 0.27701575
3154.8 0.28204140
3158.1 0.28100538
3161.4 0.27882376
3164.7 0.28428021
3168.0 0.29246876
3171.3 0.29268819
3174.6 0.29540661
3177.9 0.30649847
3181.2 0.32459784
3184.5 0.32614747
3187.8 0.35058609
3191.1 0.35385552
3194.4 0.36572540
3197.7 0.39308846
3201.0 0.40931052
3204.3 0.45798212
3207.6 0.49960440
3210.9 0.48386353
3214.2 0.45138055
3217.5 0.41921195
3220.8 0.39660123
3224.1 0.37692371
3227.4 0.35207352
3230.7 0.34582734
3234.0 0.34243530
3237.3 0.33054972
3240.6 0.31215152
3243.9 0.32149789
3247.2 0.31104407
3250.5 0.30630606
3253.8 0.30116478
3257.1 0.29309011
3260.4 0.28992268
3263.7 0.29749277
3267.0 0.29758540
3270.3 0.35118449
3273.6 0.38393578
3276.9 0.32096213
3280.2 0.28508678
3283.5 0.27756816
3286.8 0.27526575
3290.1 0.26852289
3293.4 0.28601333
3296.7 0.31249532
3300.0 0.37979612
3303.3 0.53512216
3306.6 0.53393126
3309.9 0.35907871
3313.2 0.30231461
3316.5 0.28423694
3319.8 0.27645507
3323.1 0.26995909
3326.4 0.26479748
3329.7 0.26499200
3333.0 0.26313862
3336.3 0.26353264
3339.6 0.26319548
3342.9 0.25891966
3346.2 0.25605980
3349.5 0.25607485
3352.8 0.24630053
3356.1 0.24125394
3359.4 0.25187472
3362.7 0.24962921
3366.0 0.25275004
3369.3 0.24257961
3372.6 0.24457848
3375.9 0.24118277
3379.2 0.24962017
3382.5 0.24525350
3385.8 0.23895486
3389.1 0.24445197
3392.4 0.24294680
3395.7 0.25036776
3399.0 0.25168735
3402.3 0.26179367
3405.6 0.26747641
3408.9 0.26373181
3412.2 0.25612947
3415.5 0.26741979
3418.8 0.25637719
3422.1 0.25004178
3425.4 0.25056261
3428.7 0.26472294
3432.0 0.25979668
3435.3 0.24613585
3438.6 0.24938595
3441.9 0.25170156
3445.2 0.25595012
3448.5 0.25182036
3451.8 0.25423223
3455.1 0.25325599
3458.4 0.25467250
3461.7 0.24539840
3465.0 0.24957763
3468.3 0.25770104
3471.6 0.24533471
3474.9 0.25228685
3478.2 0.25332576
3481.5 0.25148803
3484.8 0.25186810
3488.1 0.25370371
3491.4 0.25206795
3494.7 0.26178110
3498.0 0.24992178
3501.3 0.24468337
3504.6 0.26758581
3507.9 0.24979833
3511.2 0.26143712
3514.5 0.25484964
3517.8 0.24727760
3521.1 0.24379268
3524.4 0.24103807
3527.7 0.24827510
3531.0 0.23531066
3534.3 0.23740497
3537.6 0.23983675
3540.9 0.23725212
3544.2 0.22612453
3547.5 0.23028170
3550.8 0.23584682
3554.1 0.23535886
3557.4 0.22821204
3560.7 0.22906092
3564.0 0.22714308
3567.3 0.22275482
3570.6 0.22720915
3573.9 0.23183770
3577.2 0.23028447
3580.5 0.22466984
3583.8 0.22141035
3587.1 0.21811338
3590.4 0.22568649
3593.7 0.21760586
3597.0 0.23231818
3600.3 0.21898405
3603.6 0.21998589
3606.9 0.21659572
3610.2 0.21634424
3613.5 0.21609315
3616.8 0.21584243
3620.1 0.22078705
3623.4 0.22175112
3626.7 0.22685358
3630.0 0.22132164
3633.3 0.22198527
3636.6 0.21434675
3639.9 0.21409883
3643.2 0.22019748
3646.5 0.22671589
3649.8 0.22288761
3653.1 0.21745273
3656.4 0.22601354
3659.7 0.22963978
3663.0 0.21812479
3666.3 0.22059990
3669.6 0.21188587
3672.9 0.21164195
3676.2 0.21590459
3679.5 0.21235183
3682.8 0.23215453
3686.1 0.22163898
3689.4 0.21560401
3692.7 0.24072903
3696.0 0.23754250
3699.3 0.22682916
3702.6 0.22269933
3705.9 0.21262446
3709.2 0.21234685
3712.5 0.20874551
3715.8 0.21559189
3719.1 0.20826821
3722.4 0.20929500
3725.7 0.20779245
3729.0 0.20949964
3732.3 0.20731816
3735.6 0.20848581
3738.9 0.20773639
3742.2 0.20660961
3745.5 0.21382107
3748.8 0.21067597
3752.1 0.20590460
3755.4 0.20567027
3758.7 0.20543641
3762.0 0.20520286
3765.3 0.20496972
3768.6 0.20473696
3771.9 0.20450455
3775.2 0.20873614
3778.5 0.20404087
3781.8 0.20440121
3785.1 0.20357867
3788.4 0.20452228
3791.7 0.20318618
3795.0 0.20288804
3798.3 0.20488337
3801.6 0.20776924
3804.9 0.20879044
3808.2 0.20687455
3811.5 0.20655231
3814.8 0.20598744
3818.1 0.20317563
3821.4 0.20488073
3824.7 0.20357133
3828.0 0.20320873
3831.3 0.20776431
3834.6 0.21689911
3837.9 0.20628874
3841.2 0.21347533
3844.5 0.20937972
3847.8 0.21588632
3851.1 0.21085861
3854.4 0.21773347
3857.7 0.21429108
3861.0 0.21530031
3864.3 0.22159623
3867.6 0.21625622
3870.9 0.22042231
3874.2 0.22772944
3877.5 0.24523066
3880.8 0.23965934
3884.1 0.23507211
3887.4 0.23638774
3890.7 0.21558622
3894.0 0.21200803
3897.3 0.22191612
3900.6 0.21802586
3903.9 0.21047121
3907.2 0.21164857
3910.5 0.21284829
3913.8 0.21316251
3917.1 0.20944381
3920.4 0.21361336
3923.7 0.21804212
3927.0 0.20466137
3930.3 0.20688289
3933.6 0.20549506
3936.9 0.21212444
3940.2 0.20015244
3943.5 0.20233512
3946.8 0.20182180
3950.1 0.20113628
3953.4 0.20262013
3956.7 0.20225625
3960.0 0.20179997
3963.3 0.20366728
3966.6 0.20041339
3969.9 0.19878252
3973.2 0.19533321
3976.5 0.19521239
3979.8 0.19206823
3983.1 0.19583878
3986.4 0.19630209
3989.7 0.19860286
3993.0 0.20025264
3996.3 0.19266260
3999.6 0.19684355
4002.9 0.20279689
4006.2 0.20047355
4009.5 0.20251410
4012.8 0.20625147
4016.1 0.20291524
4019.4 0.20446281
4022.7 0.20046324
4026.0 0.21058357
4029.3 0.19367139
4032.6 0.18727206
4035.9 0.19015247
4039.2 0.18765365
4042.5 0.18871029
4045.8 0.18901542
4049.1 0.19277164
4052.4 0.19638079
4055.7 0.18750592
4059.0 0.19282100
4062.3 0.19808151
4065.6 0.19082658
4068.9 0.18768513
4072.2 0.18483905
4075.5 0.18463838
4078.8 0.18546201
4082.1 0.19645432
4085.4 0.18721561
4088.7 0.18836181
4092.0 0.18363984
4095.3 0.18414174
4098.6 0.18402432
4101.9 0.18705849
4105.2 0.18521219
4108.5 0.18947807
4111.8 0.19015609
4115.1 0.18588130
4118.4 0.18464381
4121.7 0.18440793
4125.0 0.18976875
4128.3 0.18862569
4131.6 0.18468516
4134.9 0.18338522
4138.2 0.18201320
4141.5 0.18117538
4144.8 0.18271662
4148.1 0.18435420
4151.4 0.19048695
4154.7 0.19314791
4158.0 0.19684599
4161.3 0.20314942
4164.6 0.19507094
4167.9 0.18555333
4171.2 0.18620110
4174.5 0.18431951
4177.8 0.18148606
4181.1 0.18435840
4184.4 0.18988690
4187.7 0.19192798
4191.0 0.18599708
4194.3 0.18748884
4197.6 0.19033641
4200.9 0.19381738
4204.2 0.19680196
4207.5 0.18714692
4210.8 0.18904257
4214.1 0.19259404
4217.4 0.19321282
4220.7 0.18914732
4224.0 0.18885347
4227.3 0.19170022
4230.6 0.19156721
4233.9 0.18952155
4237.2 0.19421896
4240.5 0.19227281
4243.8 0.19503024
4247.1 0.19974203
4250.4 0.19699521
4253.7 0.20277449
4257.0 0.19956966
4260.3 0.21316890
4263.6 0.21479112
4266.9 0.22046046
4270.2 0.22671276
4273.5 0.22584020
4276.8 0.23050135
4280.1 0.24348092
4283.4 0.24488111
4286.7 0.25560069
4290.0 0.26746079
4293.3 0.28393126
4296.6 0.30300072
4299.9 0.32600838
4303.2 0.35768974
4306.5 0.39726046
4309.8 0.44569394
4313.1 0.50276917
4316.4 0.58957797
4319.7 0.69284576
4323.0 0.82293141
4326.3 0.95416570
4329.6 1.1225957
4332.9 1.1538842
4336.2 0.98695624
4339.5 0.82160503
4342.8 0.74762726
4346.1 0.70429438
4349.4 0.61001712
4352.7 0.51471573
4356.0 0.46378520
4359.3 0.42311001
4362.6 0.38591313
4365.9 0.35757470
4369.2 0.34025896
4372.5 0.31863576
4375.8 0.29672167
4379.1 0.27851629
4382.4 0.26022154
4385.7 0.24458036
4389.0 0.23966171
4392.3 0.23477860
4395.6 0.22301123
4398.9 0.22160965
4402.2 0.21748948
4405.5 0.21777275
4408.8 0.22164634
4412.1 0.22106227
4415.4 0.21649511
4418.7 0.20950896
4422.0 0.22000808
4425.3 0.22569831
4428.6 0.23033261
4431.9 0.25369143
4435.2 0.25241935
4438.5 0.23535693
4441.8 0.23776466
4445.1 0.24067450
4448.4 0.23379654
4451.7 0.21580064
4455.0 0.19827774
4458.3 0.19636220
4461.6 0.19141935
4464.9 0.18563995
4468.2 0.18450776
4471.5 0.17939223
4474.8 0.17151730
4478.1 0.17059156
4481.4 0.17145576
4484.7 0.17118169
4488.0 0.16322796
4491.3 0.16172603
4494.6 0.16156211
4497.9 0.16676083
4501.2 0.17335284
4504.5 0.16651192
4507.8 0.16411524
4511.1 0.16365938
4514.4 0.16058122
4517.7 0.16041869
4521.0 0.16025645
4524.3 0.17110096
4527.6 0.16460685
4530.9 0.16580532
4534.2 0.15960988
4537.5 0.15944888
4540.8 0.16237473
4544.1 0.16760042
4547.4 0.16631460
4550.7 0.16242175
4554.0 0.16408011
4557.3 0.16424763
4560.6 0.16304670
4563.9 0.15816991
4567.2 0.15801114
4570.5 0.15785266
4573.8 0.15915506
4577.1 0.15753639
4580.4 0.15737863
4583.7 0.15722114
4587.0 0.16095790
4590.3 0.15690686
4593.6 0.15675010
4596.9 0.15659356
4600.2 0.15876767
4603.5 0.15628123
4606.8 0.15612544
4610.1 0.15596990
4613.4 0.15581459
4616.7 0.16004102
4620.0 0.15643856
4623.3 0.16508229
4626.6 0.15637031
4629.9 0.15638493
4633.2 0.15488787
4636.5 0.15473427
4639.8 0.16579901
4643.1 0.17205153
4646.4 0.16609970
4649.7 0.17847125
4653.0 0.16503960
4656.3 0.18572862
4659.6 0.17485569
4662.9 0.16158980
4666.2 0.17986019
4669.5 0.16757114
4672.8 0.16344678
4676.1 0.16483082
4679.4 0.15964079
4682.7 0.15740405
4686.0 0.15245882
4689.3 0.15230900
4692.6 0.15451400
4695.9 0.16032550
4699.2 0.15186100
4702.5 0.15171218
4705.8 0.15156356
4709.1 0.15141515
4712.4 0.16654538
4715.7 0.15472031
4719.0 0.15097135
4722.3 0.15082391
4725.6 0.15338522
4728.9 0.15236551
4732.2 0.15038285
4735.5 0.15023638
4738.8 0.15451618
4742.1 0.15932623
4745.4 0.16816984
4748.7 0.14965248
4752.0 0.16558492
4755.3 0.14979351
4758.6 0.15686481
4761.9 0.14907226
4765.2 0.15917832
4768.5 0.15500961
4771.8 0.15470977
4775.1 0.15779775
4778.4 0.16517171
4781.7 0.15737191
4785.0 0.14806569
4788.3 0.15805709
4791.6 0.17499769
4794.9 0.14763768
4798.2 0.14749546
4801.5 0.14777699
4804.8 0.14721167
4808.1 0.14707014
4811.4 0.14692879
4814.7 0.16132878
4818.0 0.15716602
4821.3 0.14650616
4824.6 0.14636573
4827.9 0.15422809
4831.2 0.16505730
4834.5 0.14594571
4837.8 0.14718060
4841.1 0.17991419
4844.4 0.15473282
4847.7 0.15340905
4851.0 0.14525014
4854.3 0.16506262
4857.6 0.17642620
4860.9 0.16854441
4864.2 0.18539849
4867.5 0.18151802
4870.8 0.19131295
4874.1 0.16629602
4877.4 0.17256363
4880.7 0.21253891
4884.0 0.19063932
4887.3 0.18296219
4890.6 0.16561697
4893.9 0.16005474
4897.2 0.19785710
4900.5 0.18873867
4903.8 0.18260248
4907.1 0.17009106
4910.4 0.15220015
4913.7 0.17201360
4917.0 0.14252225
4920.3 0.14238811
4923.6 0.14225414
4926.9 0.14212047
4930.2 0.14198698
4933.5 0.14185368
4936.8 0.14172064
4940.1 0.14158773
4943.4 0.14145508
4946.7 0.14132263
4950.0 0.14119041
4953.3 0.14105837
4956.6 0.14092658
4959.9 0.14079496
4963.2 0.14066359
4966.5 0.14053242
4969.8 0.14040142
4973.1 0.14027067
4976.4 0.14014009
4979.7 0.14000976
4983.0 0.13987961
4986.3 0.13974968
4989.6 0.13961998
4992.9 0.13949046
4996.2 0.13936111
4999.5 0.13923199
5002.8 0.13910310
5006.1 0.13897443
5009.4 0.13884589
5012.7 0.13871764
5016.0 0.13858958
5019.3 0.13846169
5022.6 0.13833401
5025.9 0.13820653
5029.2 0.13807927
5032.5 0.13795221
5035.8 0.13782538
5039.1 0.13769875
5042.4 0.13757233
5045.7 0.13744603
5049.0 0.13732000
5052.3 0.13719417
5055.6 0.13706851
5058.9 0.13694309
5062.2 0.13681783
5065.5 0.13669282
5068.8 0.13656798
5072.1 0.13644335
5075.4 0.13631892
5078.7 0.13619471
5082.0 0.13607065
5085.3 0.13594683
5088.6 0.13582322
5091.9 0.13569975
5095.2 0.13557656
5098.5 0.13545348
5101.8 0.13533059
5105.1 0.13520801
5108.4 0.13508570
5111.7 0.13496335
5115.0 0.13484125
5118.3 0.13471945
5121.6 0.13459782
5124.9 0.13447626
5128.2 0.13435493
5131.5 0.13423412
5134.8 0.13411303
5138.1 0.13399243
5141.4 0.13387206
5144.7 0.13375176
5148.0 0.13363169
5151.3 0.13351178
5154.6 0.13339198
5157.9 0.13327263
5161.2 0.13315327
5164.5 0.13303414
5167.8 0.13291508
5171.1 0.13279641
5174.4 0.13267784
5177.7 0.13255946
5181.0 0.13244131
5184.3 0.13232343
5187.6 0.13220575
5190.9 0.13208815
5194.2 0.13197072
5197.5 0.13185357
5200.8 0.13173661
5204.1 0.13161971
5207.4 0.13150305
5210.7 0.13138679
5214.0 0.13127036
5217.3 0.13115440
5220.6 0.13103862
5223.9 0.13092290
5227.2 0.13080743
5230.5 0.13069215
5233.8 0.13057691
5237.1 0.13046214
5240.4 0.13034734
5243.7 0.13023280
5247.0 0.13011846
5250.3 0.13000436
5253.6 0.12989029
5256.9 0.12977664
5260.2 0.12966307
5263.5 0.12954967
5266.8 0.12943631
5270.1 0.12932336
5273.4 0.12921047
5276.7 0.12909777
5280.0 0.12898532
5283.3 0.12887308
5286.6 0.12876087
5289.9 0.12864907
5293.2 0.12853733
5296.5 0.12842579
5299.8 0.12831426
5303.1 0.12820317
5306.4 0.12809208
5309.7 0.12798145
5313.0 0.12787080
5316.3 0.12776022
5319.6 0.12765002
5322.9 0.12753986
5326.2 0.12743011
5329.5 0.12732039
5332.8 0.12721069
5336.1 0.12710141
5339.4 0.12699234
5342.7 0.12688334
5346.0 0.12677447
5349.3 0.12666589
5352.6 0.12655748
5355.9 0.12644912
5359.2 0.12634100
5362.5 0.12623326
5365.8 0.12612551
5369.1 0.12601782
5372.4 0.12591055
5375.7 0.12580329
5379.0 0.12569641
5382.3 0.12558958
5385.6 0.12548280
5388.9 0.12537640
5392.2 0.12527017
5395.5 0.12516403
5398.8 0.12505807
5402.1 0.12495233
5405.4 0.12484679
5408.7 0.12474130
5412.0 0.12463619
5415.3 0.12453109
5418.6 0.12442623
5421.9 0.12432155
5425.2 0.12421709
5428.5 0.12411270
5431.8 0.12400867
5435.1 0.12390465
5438.4 0.12380084
5441.7 0.12369726
5445.0 0.12359370
5448.3 0.12349052
5451.6 0.12338735
5454.9 0.12328440
5458.2 0.12318167
5461.5 0.12307914
5464.8 0.12297661
5468.1 0.12287450
5471.4 0.12277243
5474.7 0.12267051
5478.0 0.12256883
5481.3 0.12246720
5484.6 0.12236591
5487.9 0.12226465
5491.2 0.12216381
5494.5 0.12206295
5497.8 0.12196210
5501.1 0.12186169
5504.4 0.12176147
5507.7 0.12166124
5511.0 0.12156124
5514.3 0.12146143
5517.6 0.12136182
5520.9 0.12126241
5524.2 0.12116303
5527.5 0.12106384
5530.8 0.12096488
5534.1 0.12086609
5537.4 0.12076754
5540.7 0.12066916
5544.0 0.12057079
5547.3 0.12047280
5550.6 0.12037486
5553.9 0.12027711
5557.2 0.12017953
5560.5 0.12008201
5563.8 0.11998487
5567.1 0.11988770
5570.4 0.11979075
5573.7 0.11969401
5577.0 0.11959748
5580.3 0.11950113
5583.6 0.11940479
5586.9 0.11930864
5590.2 0.11921290
5593.5 0.11911713
5596.8 0.11902142
5600.1 0.11892609
5603.4 0.11883093
5606.7 0.11873576
5610.0 0.11864083
5613.3 0.11854608
5616.6 0.11845150
5619.9 0.11835717
5623.2 0.11826283
5626.5 0.11816885
5629.8 0.11807491
5633.1 0.11798114
5636.4 0.11788756
5639.7 0.11779421
5643.0 0.11770085
5646.3 0.11760787
5649.6 0.11751489
5652.9 0.11742210
5656.2 0.11732952
5659.5 0.11723713
5662.8 0.11714489
5666.1 0.11705270
5669.4 0.11696088
5672.7 0.11686906
5676.0 0.11677745
5679.3 0.11668604
5682.6 0.11659462
5685.9 0.11650357
5689.2 0.11641252
5692.5 0.11632185
5695.8 0.11623120
5699.1 0.11614072
5702.4 0.11605043
5705.7 0.11596017
5709.0 0.11587027
5712.3 0.11578038
5715.6 0.11569069
5718.9 0.11560116
5722.2 0.11551182
5725.5 0.11542268
5728.8 0.11533356
5732.1 0.11524479
5735.4 0.11515605
5738.7 0.11506744
5742.0 0.11497907
5745.3 0.11489086
5748.6 0.11480286
5751.9 0.11471486
5755.2 0.11462721
5758.5 0.11453956
5761.8 0.11445214
5765.1 0.11436487
5768.4 0.11427779
5771.7 0.11419088
5775.0 0.11410402
5778.3 0.11401731
5781.6 0.11393096
5784.9 0.11384462
5788.2 0.11375847
5791.5 0.11367231
5794.8 0.11358654
5798.1 0.11350096
5801.4 0.11341536
5804.7 0.11332992
5808.0 0.11324469
5811.3 0.11315966
5814.6 0.11307479
5817.9 0.11298991
5821.2 0.11290541
5824.5 0.11282089
5827.8 0.11273659
5831.1 0.11265244
5834.4 0.11256848
5837.7 0.11248469
5841.0 0.11240110
5844.3 0.11231751
5847.6 0.11223426
5850.9 0.11215103
5854.2 0.11206800
5857.5 0.11198511
5860.8 0.11190239
5864.1 0.11181970
5867.4 0.11173737
5870.7 0.11165505
5874.0 0.11157286
5877.3 0.11149089
5880.6 0.11140909
5883.9 0.11132743
5887.2 0.11124600
5890.5 0.11116455
5893.8 0.11108345
5897.1 0.11100235
5900.4 0.11092144
5903.7 0.11084070
5907.0 0.11076012
5910.3 0.11067957
5913.6 0.11059934
5916.9 0.11051913
5920.2 0.11043927
5923.5 0.11035939
5926.8 0.11027969
5930.1 0.11020019
5933.4 0.11012086
5936.7 0.11004154
5940.0 0.10996252
5943.3 0.10988353
5946.6 0.10980473
5949.9 0.10972606
5953.2 0.10964759
5956.5 0.10956930
5959.8 0.10949118
5963.1 0.10941305
5966.4 0.10933527
5969.7 0.10925747
5973.0 0.10917988
5976.3 0.10910244
5979.6 0.10902517
5982.9 0.10894807
5986.2 0.10887099
5989.5 0.10879423
5992.8 0.10871747
5996.1 0.10864107
5999.4 0.10856465
