300.0 0.0
450.0 0.0000000
454.5 0.0000000
459.0 0.0000000
463.5 0.0000000
468.0 0.0000000
472.5 0.0000000
477.0 0.0000000
481.5 0.0000000
486.0 0.0000000
490.5 0.0000000
495.0 0.0000000
499.5 0.0000000
504.0 0.0000000
508.5 0.0000000
513.0 0.0000000
517.5 0.0000000
522.0 0.0000000
526.5 0.0000000
531.0 0.0000000
535.5 0.0000000
540.0 0.0000000
544.5 0.0000000
549.0 0.0000000
553.5 0.0000000
558.0 0.0000000
562.5 0.0000000
567.0 0.0000000
571.5 0.0000000
576.0 0.0000000
580.5 0.0000000
585.0 0.0000000
589.5 0.0000000
594.0 0.0000000
598.5 0.0000000
603.0 0.0000000
607.5 0.0000000
612.0 0.0000000
616.5 0.0000000
621.0 0.0000000
625.5 0.0000000
630.0 0.0000000
634.5 0.0000000
639.0 0.0000000
643.5 0.0000000
648.0 0.0000000
652.5 0.0000000
657.0 0.0000000
661.5 0.0000000
666.0 0.0000000
670.5 0.0000000
675.0 0.0000000
679.5 0.0000000
684.0 0.0000000
688.5 0.0000000
693.0 0.0000000
697.5 0.0000000
702.0 0.0000000
706.5 0.0000000
711.0 0.0000000
715.5 0.0000000
720.0 0.0000000
724.5 0.0000000
729.0 0.0000000
733.5 0.0000000
738.0 0.0000000
742.5 0.0000000
747.0 0.0000000
751.5 0.0000000
756.0 0.0000000
760.5 0.0000000
765.0 0.0000000
769.5 0.0000000
774.0 0.0000000
778.5 0.0000000
783.0 0.0000000
787.5 0.0000000
792.0 0.0000000
796.5 0.0000000
801.0 0.0000000
805.5 0.0000000
810.0 0.0000000
814.5 0.0000000
819.0 0.0000000
823.5 2.07080674E-07
828.0 1.17646472E-07
832.5 6.54634249E-08
837.0 3.56541072E-08
841.5 1.89899296E-08
846.0 9.88831772E-09
850.5 5.02973752E-09
855.0 2.49681631E-09
859.5 1.20938881E-09
864.0 5.70844150E-10
868.5 2.62065397E-10
873.0 1.17192880E-10
877.5 7.36558476E-08
882.0 4.14070946E-08
886.5 2.28200143E-08
891.0 1.23233637E-08
895.5 6.51636567E-09
900.0 3.69870623E-09
904.5 1.96156780E-09
909.0 9.70395875E-10
913.5 5.05134434E-10
918.0 2.61050653E-10
922.5 1.34663961E-10
927.0 6.74998882E-05
931.5 5.12801998E-05
936.0 3.21154366E-05
940.5 1.95926968E-05
945.0 1.33265221E-05
949.5 9.29636826E-06
954.0 6.60990827E-06
958.5 4.70921395E-06
963.0 3.17894956E-06
967.5 1.96631981E-06
972.0 1.34256129E-06
976.5 8.02165175E-07
981.0 4.81499967E-07
985.5 2.89894473E-07
990.0 1.79442040E-07
994.5 1.15431668E-07
999.0 6.91417696E-08
1003.5 4.34332996E-08
1008.0 2.71341722E-08
1012.5 1.52578306E-08
1017.0 7.53895701E-09
1021.5 4.64420946E-09
1026.0 3.41686901E-09
1030.5 3.20462434E-09
1035.0 3.07827830E-09
1039.5 3.05899972E-09
1044.0 3.23211524E-09
1048.5 3.46836604E-09
1053.0 3.73775411E-09
1057.5 4.17951318E-09
1062.0 4.50549242E-09
1066.5 4.91457630E-09
1071.0 5.46001422E-09
1075.5 6.27783070E-09
1080.0 7.42347739E-09
1084.5 9.23743748E-09
1089.0 1.19298216E-08
1093.5 1.68706418E-08
1098.0 0.92150337
1102.5 0.74862510
1107.0 0.70131993
1111.5 0.70408142
1116.0 0.66241181
1120.5 0.53257132
1125.0 0.46178070
1129.5 0.43610674
1134.0 0.41908532
1138.5 0.39350009
1143.0 0.36079016
1147.5 0.33939826
1152.0 0.33291215
1156.5 0.33513081
1161.0 0.34190714
1165.5 0.34557915
1170.0 0.37315637
1174.5 0.38047600
1179.0 0.36551470
1183.5 0.33434325
1188.0 0.33777946
1192.5 0.33596933
1197.0 0.34529769
1201.5 0.35252979
1206.0 0.34949332
1210.5 0.33814615
1215.0 0.33485174
1219.5 0.34671792
1224.0 0.34578574
1228.5 0.35279047
1233.0 0.34944555
1237.5 0.35885099
1242.0 0.38067037
1246.5 0.40339786
1251.0 0.43448931
1255.5 0.44400331
1260.0 0.45182127
1264.5 0.41224071
1269.0 0.38618219
1273.5 0.36701307
1278.0 0.35928744
1282.5 0.35884172
1287.0 0.34373119
1291.5 0.34046209
1296.0 0.33950388
1300.5 0.33804089
1305.0 0.34517831
1309.5 0.34292105
1314.0 0.33664843
1318.5 0.34780082
1323.0 0.34282109
1327.5 0.34920922
1332.0 0.35861981
1336.5 0.36498457
1341.0 0.37495467
1345.5 0.37548772
1350.0 0.38849977
1354.5 0.39822868
1359.0 0.40905958
1363.5 0.42570114
1368.0 0.45869049
1372.5 0.50265294
1377.0 0.55314350
1381.5 0.61720252
1386.0 0.69678313
1390.5 0.74484879
1395.0 0.67781293
1399.5 0.57645625
1404.0 0.49938968
1408.5 0.45949599
1413.0 0.43985781
1417.5 0.42896658
1422.0 0.40962717
1426.5 0.40909809
1431.0 0.39768010
1435.5 0.40639037
1440.0 0.40834633
1444.5 0.40776563
1449.0 0.41306296
1453.5 0.40872213
1458.0 0.41571277
1462.5 0.42229730
1467.0 0.42378995
1471.5 0.43371391
1476.0 0.41774273
1480.5 0.41566232
1485.0 0.41100848
1489.5 0.41849256
1494.0 0.42112881
1498.5 0.41586953
1503.0 0.39553088
1507.5 0.38345167
1512.0 0.37874016
1516.5 0.37242791
1521.0 0.37370738
1525.5 0.37336585
1530.0 0.37331727
1534.5 0.37987286
1539.0 0.37934670
1543.5 0.38610572
1548.0 0.38857302
1552.5 0.38853717
1557.0 0.38473502
1561.5 0.39027303
1566.0 0.39268735
1570.5 0.40400860
1575.0 0.39819124
1579.5 0.39244795
1584.0 0.37582490
1588.5 0.38213062
1593.0 0.38454673
1597.5 0.38009951
1602.0 0.39364427
1606.5 0.39808595
1611.0 0.38830498
1615.5 0.38236424
1620.0 0.38354707
1624.5 0.38422677
1629.0 0.38472837
1633.5 0.39030856
1638.0 0.38415986
1642.5 0.38361618
1647.0 0.38920105
1651.5 0.38943869
1656.0 0.39977723
1660.5 0.39874688
1665.0 0.42526326
1669.5 0.42453840
1674.0 0.42960310
1678.5 0.42383224
1683.0 0.42549148
1687.5 0.43014497
1692.0 0.45004958
1696.5 0.48507783
1701.0 0.51707870
1705.5 0.54340196
1710.0 0.55405921
1714.5 0.58414942
1719.0 0.55960816
1723.5 0.51253283
1728.0 0.46959993
1732.5 0.44125998
1737.0 0.42834589
1741.5 0.41514209
1746.0 0.40272817
1750.5 0.39332825
1755.0 0.39108661
1759.5 0.37736797
1764.0 0.37240851
1768.5 0.37042964
1773.0 0.37499210
1777.5 0.37754574
1782.0 0.36978233
1786.5 0.37223378
1791.0 0.37513885
1795.5 0.37921426
1800.0 0.37073591
1804.5 0.37570137
1809.0 0.38541096
1813.5 0.36544192
1818.0 0.37602311
1822.5 0.37935206
1827.0 0.37760711
1831.5 0.38174507
1836.0 0.37659785
1840.5 0.37249684
1845.0 0.38375232
1849.5 0.40021545
1854.0 0.39321604
1858.5 0.40404221
1863.0 0.40158421
1867.5 0.40360296
1872.0 0.40226346
1876.5 0.40837955
1881.0 0.40814534
1885.5 0.40805188
1890.0 0.39594156
1894.5 0.39042413
1899.0 0.39640510
1903.5 0.40297517
1908.0 0.38682628
1912.5 0.40643317
1917.0 0.39319286
1921.5 0.40349841
1926.0 0.40071219
1930.5 0.40977785
1935.0 0.39129221
1939.5 0.39795598
1944.0 0.39844641
1948.5 0.40628764
1953.0 0.38701406
1957.5 0.39238811
1962.0 0.40070501
1966.5 0.38371047
1971.0 0.39166719
1975.5 0.38062209
1980.0 0.37078902
1984.5 0.37109125
1989.0 0.37138888
1993.5 0.37451288
1998.0 0.37747118
2002.5 0.37871268
2007.0 0.37409222
2011.5 0.37280768
2016.0 0.37307760
2020.5 0.37334353
2025.0 0.37865674
2029.5 0.37862673
2034.0 0.38480124
2038.5 0.38771859
2043.0 0.38815787
2047.5 0.39157513
2052.0 0.39577687
2056.5 0.40353730
2061.0 0.41319326
2065.5 0.41057682
2070.0 0.42203385
2074.5 0.42748803
2079.0 0.43168929
2083.5 0.43469322
2088.0 0.43839499
2092.5 0.44451538
2097.0 0.44738409
2101.5 0.44194177
2106.0 0.43863523
2110.5 0.42938936
2115.0 0.42887977
2119.5 0.42115033
2124.0 0.42784807
2128.5 0.42312768
2133.0 0.42093158
2137.5 0.42262763
2142.0 0.42053878
2146.5 0.42204463
2151.0 0.42348725
2155.5 0.42886144
2160.0 0.43942985
2164.5 0.43321171
2169.0 0.44931811
2173.5 0.46094471
2178.0 0.47514084
2182.5 0.47426721
2187.0 0.46131617
2191.5 0.45951292
2196.0 0.46147966
2200.5 0.45148554
2205.0 0.44355553
2209.5 0.44151673
2214.0 0.44026509
2218.5 0.44917247
2223.0 0.45879939
2227.5 0.46110204
2232.0 0.45859933
2236.5 0.46024874
2241.0 0.45784482
2245.5 0.46065220
2250.0 0.45645046
2254.5 0.45503673
2259.0 0.45604989
2263.5 0.45443115
2268.0 0.44917235
2272.5 0.44315577
2277.0 0.44777265
2281.5 0.44973803
2286.0 0.45041722
2290.5 0.44653863
2295.0 0.44354308
2299.5 0.44285136
2304.0 0.44111830
2308.5 0.43987522
2313.0 0.43657115
2317.5 0.43114328
2322.0 0.43378672
2326.5 0.43428504
2331.0 0.42993745
2335.5 0.41913313
2340.0 0.43036041
2344.5 0.43272492
2349.0 0.43054882
2353.5 0.43098566
2358.0 0.43514520
2362.5 0.42755005
2367.0 0.42814118
2371.5 0.42021680
2376.0 0.41406268
2380.5 0.39828891
2385.0 0.39685866
2389.5 0.39659730
2394.0 0.39311451
2398.5 0.40420857
2403.0 0.41051295
2407.5 0.41181338
2412.0 0.40339035
2416.5 0.40792152
2421.0 0.41012117
2425.5 0.41605720
2430.0 0.41653472
2434.5 0.42660585
2439.0 0.43943650
2443.5 0.44373861
2448.0 0.43848383
2452.5 0.45236114
2457.0 0.45884454
2461.5 0.45885432
2466.0 0.46167567
2470.5 0.48083434
2475.0 0.49312010
2479.5 0.49105197
2484.0 0.50088537
2488.5 0.48996320
2493.0 0.50271028
2497.5 0.52043867
2502.0 0.56435388
2506.5 0.61581498
2511.0 0.69563836
2515.5 0.77717721
2520.0 0.80276883
2524.5 0.76269013
2529.0 0.67616177
2533.5 0.60212582
2538.0 0.55627739
2542.5 0.53382498
2547.0 0.51620156
2551.5 0.50264263
2556.0 0.49204496
2560.5 0.48187771
2565.0 0.47890368
2569.5 0.46963832
2574.0 0.46164820
2578.5 0.45243654
2583.0 0.44739243
2587.5 0.44641519
2592.0 0.43400577
2596.5 0.43520945
2601.0 0.42474905
2605.5 0.42233106
2610.0 0.42221442
2614.5 0.40513256
2619.0 0.41154703
2623.5 0.41161683
2628.0 0.41799992
2632.5 0.42982098
2637.0 0.43420646
2641.5 0.43605173
2646.0 0.43605998
2650.5 0.43945512
2655.0 0.43381959
2659.5 0.43525341
2664.0 0.44138941
2668.5 0.43523684
2673.0 0.43707311
2677.5 0.42958176
2682.0 0.43252838
2686.5 0.42245239
2691.0 0.41569212
2695.5 0.40857971
2700.0 0.40521351
2704.5 0.39582863
2709.0 0.39215285
2713.5 0.38174075
2718.0 0.37468255
2722.5 0.37347859
2727.0 0.37732792
2731.5 0.37271771
2736.0 0.38100001
2740.5 0.38331276
2745.0 0.38484272
2749.5 0.38511494
2754.0 0.38576236
2758.5 0.39373606
2763.0 0.38997948
2767.5 0.39800468
2772.0 0.39789093
2776.5 0.39664331
2781.0 0.39264446
2785.5 0.39696431
2790.0 0.39448231
2794.5 0.40320909
2799.0 0.41376171
2803.5 0.41519952
2808.0 0.43214861
2812.5 0.43598971
2817.0 0.43614960
2821.5 0.43051222
2826.0 0.43043655
2830.5 0.41490743
2835.0 0.42443752
2839.5 0.42058998
2844.0 0.42012420
2848.5 0.42570764
2853.0 0.43726739
2857.5 0.43802503
2862.0 0.44384265
2866.5 0.44694787
2871.0 0.45075360
2875.5 0.44666106
2880.0 0.44915652
2884.5 0.44279942
2889.0 0.44812536
2893.5 0.44291571
2898.0 0.43007576
2902.5 0.43056449
2907.0 0.43616799
2911.5 0.42498004
2916.0 0.42462879
2920.5 0.42524952
2925.0 0.42529657
2929.5 0.43235078
2934.0 0.43074712
2938.5 0.42373821
2943.0 0.42319784
2947.5 0.43201011
2952.0 0.43148622
2956.5 0.42882928
2961.0 0.43697765
2965.5 0.42490062
2970.0 0.41991499
2974.5 0.41455936
2979.0 0.41083181
2983.5 0.40800765
2988.0 0.39985660
2992.5 0.39853004
2997.0 0.40348753
3001.5 0.40733430
3006.0 0.41283458
3010.5 0.42598814
3015.0 0.41175681
3019.5 0.40627977
3024.0 0.40402207
3028.5 0.40235353
3033.0 0.39791846
3037.5 0.40761080
3042.0 0.40637901
3046.5 0.40951052
3051.0 0.40593815
3055.5 0.40744293
3060.0 0.40792069
3064.5 0.41751134
3069.0 0.42021796
3073.5 0.42758921
3078.0 0.44173053
3082.5 0.45997983
3087.0 0.43853357
3091.5 0.42209819
3096.0 0.42474872
3100.5 0.41845745
3105.0 0.40340930
3109.5 0.40814993
3114.0 0.40954703
3118.5 0.39838445
3123.0 0.39590076
3127.5 0.38731381
3132.0 0.38203627
3136.5 0.39249873
3141.0 0.39160007
3145.5 0.38626114
3150.0 0.39403048
3154.5 0.38435322
3159.0 0.37836984
3163.5 0.37840822
3168.0 0.37223035
3172.5 0.36624867
3177.0 0.35937041
3181.5 0.36407629
3186.0 0.36337391
3190.5 0.35304731
3195.0 0.35633022
3199.5 0.36224926
3204.0 0.36483997
3208.5 0.35812184
3213.0 0.36485237
3217.5 0.37411880
3222.0 0.36727536
3226.5 0.37544662
3231.0 0.36486065
3235.5 0.36589712
3240.0 0.36065242
3244.5 0.36547524
3249.0 0.36779711
3253.5 0.36073312
3258.0 0.37090158
3262.5 0.36482629
3267.0 0.36175752
3271.5 0.36510137
3276.0 0.35735935
3280.5 0.36143899
3285.0 0.35872412
3289.5 0.36126819
3294.0 0.36381245
3298.5 0.35909453
3303.0 0.35617089
3307.5 0.35532799
3312.0 0.35384580
3316.5 0.35185128
3321.0 0.35223830
3325.5 0.35731429
3330.0 0.35694751
3334.5 0.35676020
3339.0 0.35008004
3343.5 0.35155299
3348.0 0.36649579
3352.5 0.41328955
3357.0 0.42953512
3361.5 0.36318475
3366.0 0.35047844
3370.5 0.35057276
3375.0 0.34656873
3379.5 0.35917896
3384.0 0.34930068
3388.5 0.34179395
3393.0 0.34432167
3397.5 0.34058702
3402.0 0.33625853
3406.5 0.33288783
3411.0 0.32893157
3415.5 0.31121317
3420.0 0.31641313
3424.5 0.31063053
3429.0 0.32435301
3433.5 0.32373074
3438.0 0.32041705
3442.5 0.31738368
3447.0 0.31519321
3451.5 0.32341000
3456.0 0.31695759
3460.5 0.32241488
3465.0 0.32748145
3469.5 0.33304968
3474.0 0.34646052
3478.5 0.37309170
3483.0 0.38883910
3487.5 0.34963864
3492.0 0.32689741
3496.5 0.33877468
3501.0 0.34165278
3505.5 0.32398999
3510.0 0.31721598
3514.5 0.31783679
3519.0 0.31240791
3523.5 0.31071302
3528.0 0.30509496
3532.5 0.29640767
3537.0 0.28675115
3541.5 0.28489318
3546.0 0.29370663
3550.5 0.30261743
3555.0 0.30363610
3559.5 0.30718037
3564.0 0.31490618
3568.5 0.31532139
3573.0 0.31353086
3577.5 0.30323696
3582.0 0.30466190
3586.5 0.30322269
3591.0 0.29078448
3595.5 0.29463875
3600.0 0.28490067
3604.5 0.28505373
3609.0 0.28025433
3613.5 0.28649637
3618.0 0.29028100
3622.5 0.28513303
3627.0 0.27631140
3631.5 0.27614948
3636.0 0.27500230
3640.5 0.27189478
3645.0 0.28029761
3649.5 0.27453926
3654.0 0.28172734
3658.5 0.28746691
3663.0 0.30513468
3667.5 0.30057636
3672.0 0.29895252
3676.5 0.31231111
3681.0 0.31683442
3685.5 0.32804427
3690.0 0.34899798
3694.5 0.33894813
3699.0 0.32216221
3703.5 0.32070711
3708.0 0.30651674
3712.5 0.29899806
3717.0 0.29602829
3721.5 0.29121304
3726.0 0.28163093
3730.5 0.27092567
3735.0 0.26790068
3739.5 0.26928267
3744.0 0.27686483
3748.5 0.27477372
3753.0 0.27311978
3757.5 0.27926874
3762.0 0.26975644
3766.5 0.26647237
3771.0 0.27150437
3775.5 0.26541194
3780.0 0.26267010
3784.5 0.26237708
3789.0 0.26208457
3793.5 0.26339924
3798.0 0.26569226
3802.5 0.26459303
3807.0 0.26372248
3811.5 0.27858600
3816.0 0.27702850
3820.5 0.28136992
3825.0 0.27647367
3829.5 0.26992968
3834.0 0.26572335
3838.5 0.27775240
3843.0 0.27769938
3847.5 0.27583325
3852.0 0.28870666
3856.5 0.28116342
3861.0 0.29038113
3865.5 0.30631849
3870.0 0.30115905
3874.5 0.30745777
3879.0 0.31323081
3883.5 0.32619470
3888.0 0.34703079
3892.5 0.35101640
3897.0 0.37061125
3901.5 0.40132225
3906.0 0.41637921
3910.5 0.41834018
3915.0 0.38916451
3919.5 0.38238874
3924.0 0.37872809
3928.5 0.36051238
3933.0 0.34435302
3937.5 0.31550449
3942.0 0.30906051
3946.5 0.29689273
3951.0 0.29102734
3955.5 0.29853812
3960.0 0.29052559
3964.5 0.28570989
3969.0 0.28612757
3973.5 0.27956474
3978.0 0.27771559
3982.5 0.27639183
3987.0 0.25944412
3991.5 0.26844040
3996.0 0.26717985
4000.5 0.27410874
4005.0 0.26828289
4009.5 0.26722544
4014.0 0.27938172
4018.5 0.28354186
4023.0 0.29436895
4027.5 0.29022956
4032.0 0.28814101
4036.5 0.27744848
4041.0 0.29284763
4045.5 0.29362229
4050.0 0.29555345
4054.5 0.29355463
4059.0 0.30472863
4063.5 0.31783682
4068.0 0.31567961
4072.5 0.30285826
4077.0 0.29581690
4081.5 0.28876457
4086.0 0.29089054
4090.5 0.31242192
4095.0 0.30405092
4099.5 0.30045798
4104.0 0.31222251
4108.5 0.30971956
4113.0 0.28693500
4117.5 0.30251482
4122.0 0.31465411
4126.5 0.30123296
4131.0 0.29559463
4135.5 0.30037147
4140.0 0.28926128
4144.5 0.28262839
4149.0 0.28365055
4153.5 0.29278970
4158.0 0.30351943
4162.5 0.30343974
4167.0 0.29747668
4171.5 0.30127662
4176.0 0.29239222
4180.5 0.29734552
4185.0 0.28844401
4189.5 0.30365628
4194.0 0.28588700
4198.5 0.29525524
4203.0 0.28304327
4207.5 0.28577232
4212.0 0.28807196
4216.5 0.29764366
4221.0 0.27154878
4225.5 0.27104104
4230.0 0.25489494
4234.5 0.25174358
4239.0 0.24828881
4243.5 0.25442585
4248.0 0.25365943
4252.5 0.25296682
4257.0 0.24849260
4261.5 0.25232303
4266.0 0.25498170
4270.5 0.24968934
4275.0 0.24137247
4279.5 0.24358131
4284.0 0.24463092
4288.5 0.24341205
4293.0 0.24726111
4297.5 0.25045982
4302.0 0.25503463
4306.5 0.25412852
4311.0 0.25218600
4315.5 0.25715211
4320.0 0.26459104
4324.5 0.26482129
4329.0 0.26731285
4333.5 0.27738297
4338.0 0.29379794
4342.5 0.29523566
4347.0 0.31739563
4351.5 0.32039344
4356.0 0.33117995
4360.5 0.35600024
4365.0 0.37073529
4369.5 0.41486847
4374.0 0.45262545
4378.5 0.43841594
4383.0 0.40903160
4387.5 0.37992525
4392.0 0.35947520
4396.5 0.34167919
4401.0 0.31918943
4405.5 0.31356284
4410.0 0.31052291
4414.5 0.29977936
4419.0 0.28312621
4423.5 0.29163679
4428.0 0.28218606
4432.5 0.27791923
4437.0 0.27328545
4441.5 0.26598832
4446.0 0.26314351
4450.5 0.27004480
4455.0 0.27015924
4459.5 0.31885430
4464.0 0.34862953
4468.5 0.29147944
4473.0 0.25892836
4477.5 0.25212765
4482.0 0.25006402
4486.5 0.24396552
4491.0 0.25988510
4495.5 0.28397918
4500.0 0.34517655
4504.5 0.48639759
4509.0 0.48536828
4513.5 0.32645491
4518.0 0.27487805
4522.5 0.25846916
4527.0 0.25142008
4531.5 0.24553895
4536.0 0.24087030
4540.5 0.24107327
4545.0 0.23941295
4549.5 0.23979720
4554.0 0.23951611
4558.5 0.23565021
4563.0 0.23307225
4567.5 0.23311082
4572.0 0.22423688
4576.5 0.21966565
4581.0 0.22936031
4585.5 0.22733957
4590.0 0.23020598
4594.5 0.22096595
4599.0 0.22281015
4603.5 0.21973969
4608.0 0.22745070
4612.5 0.22349516
4617.0 0.21777800
4621.5 0.22281110
4626.0 0.22146213
4630.5 0.22825046
4635.0 0.22947717
4639.5 0.23871626
4644.0 0.24392308
4648.5 0.24053295
4653.0 0.23362325
4657.5 0.24394637
4662.0 0.23389697
4666.5 0.22814026
4671.0 0.22863868
4675.5 0.24158452
4680.0 0.23711282
4684.5 0.22466743
4689.0 0.22765699
4693.5 0.22979392
4698.0 0.23369615
4702.5 0.22994846
4707.0 0.23217404
4711.5 0.23130555
4716.0 0.23262243
4720.5 0.22417356
4725.0 0.22801389
4729.5 0.23545872
4734.0 0.22418188
4738.5 0.23055729
4743.0 0.23152946
4747.5 0.22987241
4752.0 0.23024230
4756.5 0.23194298
4761.0 0.23047000
4765.5 0.23937416
4770.0 0.22855212
4774.5 0.22378330
4779.0 0.24475315
4783.5 0.22850551
4788.0 0.23917520
4792.5 0.23317105
4797.0 0.22626485
4801.5 0.22309741
4806.0 0.22059768
4810.5 0.22724266
4815.0 0.21539697
4819.5 0.21733473
4824.0 0.21958169
4828.5 0.21723589
4833.0 0.20706666
4837.5 0.21089332
4842.0 0.21601020
4846.5 0.21558349
4851.0 0.20905672
4855.5 0.20985396
4860.0 0.20811635
4864.5 0.20411466
4869.0 0.20821558
4873.5 0.21247691
4878.0 0.21107294
4882.5 0.20594570
4887.0 0.20297657
4891.5 0.19997250
4896.0 0.20693471
4900.5 0.19954376
4905.0 0.21305437
4909.5 0.20084421
4914.0 0.20178145
4918.5 0.19868991
4923.0 0.19847718
4927.5 0.19826479
4932.0 0.19805264
4936.5 0.20260799
4941.0 0.20351100
4945.5 0.20821247
4950.0 0.20315331
4954.5 0.20378068
4959.0 0.19678614
4963.5 0.19657604
4968.0 0.20219356
4972.5 0.20819747
4977.0 0.20470002
4981.5 0.19972630
4986.0 0.20760757
4990.5 0.21095708
4995.0 0.20039651
4999.5 0.20268825
5004.0 0.19469880
5008.5 0.19449168
5013.0 0.19842620
5017.5 0.19517802
5022.0 0.21339776
5026.5 0.20374946
5031.0 0.19821873
5035.5 0.22133693
5040.0 0.21842596
5044.5 0.20859273
5049.0 0.20481251
5053.5 0.19556361
5058.0 0.19532499
5062.5 0.19202876
5067.0 0.19834372
5071.5 0.19162229
5076.0 0.19258338
5080.5 0.19121699
5085.0 0.19280432
5089.5 0.19081278
5094.0 0.19190368
5098.5 0.19122991
5103.0 0.19020864
5107.5 0.19686413
5112.0 0.19398467
5116.5 0.18960717
5121.0 0.18940717
5125.5 0.18920754
5130.0 0.18900812
5134.5 0.18880902
5139.0 0.18861024
5143.5 0.18841167
5148.0 0.19232608
5152.5 0.18801542
5157.0 0.18836291
5161.5 0.18762027
5166.0 0.18850534
5170.5 0.18728916
5175.0 0.18702960
5179.5 0.18888430
5184.0 0.19156037
5188.5 0.19251749
5193.0 0.19076636
5197.5 0.19048458
5202.0 0.18997896
5206.5 0.18740074
5211.0 0.18898861
5215.5 0.18779583
5220.0 0.18747634
5224.5 0.19169451
5229.0 0.20013870
5233.5 0.19036335
5238.0 0.19701080
5242.5 0.19324636
5247.0 0.19926737
5251.5 0.19464207
5256.0 0.20100401
5260.5 0.19784170
5265.0 0.19878905
5269.5 0.20461817
5274.0 0.19970292
5278.5 0.20356601
5283.0 0.21033072
5287.5 0.22651246
5292.0 0.22138357
5296.5 0.21716298
5301.0 0.21839529
5305.5 0.19919240
5310.0 0.19590144
5314.5 0.20507257
5319.0 0.20149304
5323.5 0.19452617
5328.0 0.19562931
5332.5 0.19675325
5337.0 0.19705874
5341.5 0.19363570
5346.0 0.19750558
5350.5 0.20161565
5355.0 0.18925728
5359.5 0.19132604
5364.0 0.19005691
5368.5 0.19620301
5373.0 0.18514353
5377.5 0.18717654
5382.0 0.18671566
5386.5 0.18609537
5391.0 0.18748225
5395.5 0.18715948
5400.0 0.18675113
5404.5 0.18849318
5409.0 0.18549547
5413.5 0.18399961
5418.0 0.18082015
5422.5 0.18072161
5427.0 0.17782392
5431.5 0.18132815
5436.0 0.18177046
5440.5 0.18391435
5445.0 0.18545566
5449.5 0.17843947
5454.0 0.18232502
5458.5 0.18785292
5463.0 0.18571424
5467.5 0.18761815
5472.0 0.19109441
5476.5 0.18801692
5481.0 0.18946451
5485.5 0.18577167
5490.0 0.19516431
5494.5 0.17950331
5499.0 0.17358454
5503.5 0.17626700
5508.0 0.17396306
5512.5 0.17495504
5517.0 0.17525037
5521.5 0.17874572
5526.0 0.18210515
5530.5 0.17388771
5535.0 0.17882936
5539.5 0.18372108
5544.0 0.17700455
5548.5 0.17410284
5553.0 0.17147473
5557.5 0.17130055
5562.0 0.17207669
5566.5 0.18228833
5571.0 0.17372790
5575.5 0.17480366
5580.0 0.17043337
5584.5 0.17091098
5589.0 0.17081380
5593.5 0.17364213
5598.0 0.17194009
5602.5 0.17591234
5607.0 0.17655392
5611.5 0.17259674
5616.0 0.17145939
5620.5 0.17125204
5625.0 0.17624241
5629.5 0.17519274
5634.0 0.17154448
5638.5 0.17034855
5643.0 0.16908552
5647.5 0.16831857
5652.0 0.16976188
5656.5 0.17129487
5661.0 0.17700507
5665.5 0.17948973
5670.0 0.18293855
5674.5 0.18880925
5679.0 0.18131311
5683.5 0.17247821
5688.0 0.17309189
5692.5 0.17135413
5697.0 0.16873115
5701.5 0.17141297
5706.0 0.17656492
5710.5 0.17847459
5715.0 0.17297079
5719.5 0.17436951
5724.0 0.17702945
5728.5 0.18027887
5733.0 0.18306692
5737.5 0.17409709
5742.0 0.17587200
5746.5 0.17918769
5751.0 0.17977509
5755.5 0.17600372
5760.0 0.17574167
5764.5 0.17840229
5769.0 0.17829001
5773.5 0.17639749
5778.0 0.18078125
5782.5 0.17898123
5787.0 0.18155965
5791.5 0.18595789
5796.0 0.18341236
5800.5 0.18880518
5805.0 0.18583295
5809.5 0.19850875
5814.0 0.20003207
5818.5 0.20532486
5823.0 0.21116124
5827.5 0.21036182
5832.0 0.21471705
5836.5 0.22682206
5841.0 0.22814079
5845.5 0.23814249
5850.0 0.24920811
5854.5 0.26457107
5859.0 0.28235787
5863.5 0.30381697
5868.0 0.33336255
5872.5 0.37026492
5877.0 0.41543290
5881.5 0.46866193
5886.0 0.54961574
5890.5 0.64592367
5895.0 0.76724672
5899.5 0.88965541
5904.0 1.0467622
5908.5 1.0760031
5913.0 0.92039812
5917.5 0.76624477
5922.0 0.69729406
5926.5 0.65691847
5931.0 0.56901759
5935.5 0.48015058
5940.0 0.43266642
5944.5 0.39474428
5949.0 0.36006287
5953.5 0.33364278
5958.0 0.31750506
5962.5 0.29734573
5967.0 0.27691248
5971.5 0.25993803
5976.0 0.24287814
5980.5 0.22829305
5985.0 0.22371528
5989.5 0.21917009
5994.0 0.20819741
5998.5 0.20690121
