300.0 0.0
325.0 0.0000000
328.25 0.0000000
331.5 0.0000000
334.75 0.0000000
338.0 0.0000000
341.25 0.0000000
344.5 0.0000000
347.75 0.0000000
351.0 0.0000000
354.25 0.0000000
357.5 0.0000000
360.75 0.0000000
364.0 0.0000000
367.25 0.0000000
370.5 0.0000000
373.75 0.0000000
377.0 0.0000000
380.25 0.0000000
383.5 0.0000000
386.75 0.0000000
390.0 0.0000000
393.25 0.0000000
396.5 0.0000000
399.75 0.0000000
403.0 0.0000000
406.25 0.0000000
409.5 0.0000000
412.75 0.0000000
416.0 0.0000000
419.25 0.0000000
422.5 0.0000000
425.75 0.0000000
429.0 0.0000000
432.25 0.0000000
435.5 0.0000000
438.75 0.0000000
442.0 0.0000000
445.25 0.0000000
448.5 0.0000000
451.75 0.0000000
455.0 0.0000000
458.25 0.0000000
461.5 0.0000000
464.75 0.0000000
468.0 0.0000000
471.25 0.0000000
474.5 0.0000000
477.75 0.0000000
481.0 0.0000000
484.25 0.0000000
487.5 0.0000000
490.75 0.0000000
494.0 0.0000000
497.25 0.0000000
500.5 0.0000000
503.75 0.0000000
507.0 0.0000000
510.25 0.0000000
513.5 0.0000000
516.75 0.0000000
520.0 0.0000000
523.25 0.0000000
526.5 0.0000000
529.75 0.0000000
533.0 0.0000000
536.25 0.0000000
539.5 0.0000000
542.75 0.0000000
546.0 0.0000000
549.25 0.0000000
552.5 0.0000000
555.75 0.0000000
559.0 0.0000000
562.25 0.0000000
565.5 0.0000000
568.75 0.0000000
572.0 0.0000000
575.25 0.0000000
578.5 0.0000000
581.75 0.0000000
585.0 0.0000000
588.25 0.0000000
591.5 0.0000000
594.75 0.17755517
598.0 0.17000976
601.25 0.16264381
604.5 0.15545541
607.75 0.14844629
611.0 0.14161713
614.25 0.13496917
617.5 0.12850969
620.75 0.12223420
624.0 0.11620265
627.25 0.11047848
630.5 0.10470772
633.75 0.18545620
637.0 0.17803055
640.25 0.17077479
643.5 0.16368636
646.75 0.15676032
650.0 0.16453429
653.25 0.16487263
656.5 0.15743692
659.75 0.16215751
663.0 0.17053309
666.25 0.18116267
669.5 0.58193374
672.75 0.58978516
676.0 0.49772632
679.25 0.41334042
682.5 0.38662139
685.75 0.37500247
689.0 0.37477881
692.25 0.37954697
695.5 0.36855152
698.75 0.33173078
702.0 0.33368760
705.25 0.29747054
708.5 0.26976874
711.75 0.24872819
715.0 0.23896314
718.25 0.24189122
721.5 0.23135178
724.75 0.23538122
728.0 0.24177201
731.25 0.23445053
734.5 0.20850611
737.75 0.20138681
741.0 0.18323800
744.25 0.18435977
747.5 0.18186657
750.75 0.17438801
754.0 0.17217100
757.25 0.17596684
760.5 0.18120363
763.75 0.19350599
767.0 0.19910438
770.25 0.20721066
773.5 0.21951301
776.75 0.24048135
780.0 0.27101868
783.25 0.32252312
786.5 0.39712122
789.75 0.52968866
793.0 3.9453545
796.25 3.1908677
799.5 2.9760029
802.75 2.9745827
806.0 2.7863169
809.25 2.2304728
812.5 1.9256834
815.75 1.8108610
819.0 1.7328286
822.25 1.6201963
825.5 1.4793286
828.75 1.3858621
832.0 1.3537835
835.25 1.3572527
838.5 1.3790960
841.75 1.3882979
845.0 1.4931120
848.25 1.5163661
851.5 1.4510236
854.75 1.3220981
858.0 1.3305001
861.25 1.3182847
864.5 1.3497089
867.75 1.3727525
871.0 1.3558090
874.25 1.3068811
877.5 1.2893454
880.75 1.3301220
884.0 1.3216896
887.25 1.3435545
890.5 1.3260108
893.75 1.3568261
897.0 1.4341959
900.25 1.5144476
903.5 1.6254443
906.75 1.6552428
910.0 1.6785518
913.25 1.5262372
916.5 1.4248735
919.75 1.3495494
923.0 1.3166854
926.25 1.3106468
929.5 1.2512788
932.75 1.2352817
936.0 1.2277594
939.25 1.2184809
942.5 1.2401742
945.75 1.2280976
949.0 1.2017764
952.25 1.2376423
955.5 1.2160707
958.75 1.2348440
962.0 1.2641677
965.25 1.2826190
968.5 1.3136004
971.75 1.3114440
975.0 1.3527670
978.25 1.3824562
981.5 1.4157951
984.75 1.4689990
988.0 1.5781480
991.25 1.7243099
994.5 1.8919605
997.75 2.1049268
1001.0 2.3694620
1004.25 2.5256350
1007.5 2.2917686
1010.75 1.9435376
1014.0 1.6789567
1017.25 1.5405023
1020.5 1.4705534
1023.75 1.4301699
1027.0 1.3619328
1030.25 1.3564512
1033.5 1.3150051
1036.75 1.3401732
1040.0 1.3430047
1043.25 1.3375098
1046.5 1.3512871
1049.75 1.3335557
1053.0 1.3528026
1056.25 1.3706430
1059.5 1.3719189
1062.75 1.4004227
1066.0 1.3453934
1069.25 1.3352797
1072.5 1.3169816
1075.75 1.3375827
1079.0 1.3426353
1082.25 1.3225628
1085.5 1.2547643
1088.75 1.2134476
1092.0 1.1956015
1095.25 1.1728103
1098.5 1.1739887
1101.75 1.1700901
1105.0 1.1671354
1108.25 1.1848013
1111.5 1.1803576
1114.75 1.1985584
1118.0 1.2033918
1121.25 1.2004764
1124.5 1.1859739
1127.75 1.2002732
1131.0 1.2049302
1134.25 1.2368420
1137.5 1.2162695
1140.75 1.1960238
1144.0 1.1427950
1147.25 1.1593773
1150.5 1.1641184
1153.75 1.1481171
1157.0 1.1864184
1160.25 1.1971865
1163.5 1.1652354
1166.75 1.1449291
1170.0 1.1460034
1173.25 1.1455804
1176.5 1.1446368
1179.75 1.1587815
1183.0 1.1381269
1186.25 1.1341374
1189.5 1.1482520
1192.75 1.1465727
1196.0 1.1745859
1199.25 1.1691566
1202.5 1.2443601
1205.75 1.2397183
1209.0 1.2519747
1212.25 1.2326757
1215.5 1.2350290
1218.75 1.2460532
1222.0 1.3011336
1225.25 1.3996425
1228.5 1.4890558
1231.75 1.5618110
1235.0 1.5893530
1238.25 1.6724343
1241.5 1.5990973
1244.75 1.4617797
1248.0 1.3367859
1251.25 1.2537359
1254.5 1.2147535
1257.75 1.1751028
1261.0 1.1378397
1264.25 1.1092211
1267.5 1.1008632
1270.75 1.0590200
1274.0 1.0419431
1277.25 1.0332917
1280.5 1.0428915
1283.75 1.0468726
1287.0 1.0223138
1290.25 1.0260648
1293.5 1.0310483
1296.75 1.0392170
1300.0 1.0130429
1303.25 1.0236562
1306.5 1.0471051
1309.75 0.99002540
1313.0 1.0158054
1316.25 1.0219109
1319.5 1.0143597
1322.75 1.0226170
1326.0 1.0060312
1329.25 0.99233037
1332.5 1.0195098
1335.75 1.0603448
1339.0 1.0389714
1342.25 1.0646938
1345.5 1.0553719
1348.75 1.0578417
1352.0 1.0515267
1355.25 1.0646896
1358.5 1.0612787
1361.75 1.0582561
1365.0 1.0241734
1368.25 1.0072838
1371.5 1.0200777
1374.75 1.0343239
1378.0 0.99033940
1381.25 1.0378925
1384.5 1.0015442
1387.75 1.0252104
1391.0 1.0155834
1394.25 1.0359746
1397.5 0.98678988
1400.75 1.0011213
1404.0 0.99989742
1407.25 1.0170864
1410.5 0.96648580
1413.75 0.97753847
1417.0 0.99585783
1420.25 0.95134062
1423.5 0.96875572
1426.75 0.93920630
1430.0 0.91278553
1433.25 0.91138661
1436.5 0.90998822
1439.75 0.91551065
1443.0 0.92060858
1446.25 0.92151088
1449.5 0.90818441
1452.75 0.90300328
1456.0 0.90160769
1459.25 0.90021336
1462.5 0.91097438
1465.75 0.90886569
1469.0 0.92163163
1472.25 0.92656267
1475.5 0.92556792
1478.75 0.93166775
1482.0 0.93960929
1485.25 0.95595157
1488.5 0.97670889
1491.75 0.96843499
1495.0 0.99332607
1498.25 1.0040169
1501.5 1.0117326
1504.75 1.0166198
1508.0 1.0231209
1511.25 1.0352331
1514.5 1.0397429
1517.75 1.0249637
1521.0 1.0151945
1524.25 0.99175388
1527.5 0.98854977
1530.75 0.96875679
1534.0 0.98216844
1537.25 0.96937191
1540.5 0.96240419
1543.75 0.96434969
1547.0 0.95767283
1550.25 0.95919722
1553.5 0.96057659
1556.75 0.97085643
1560.0 0.99283582
1563.25 0.97688174
1566.5 1.0112375
1569.75 1.0354029
1573.0 1.0652419
1576.25 1.0612491
1579.5 1.0303049
1582.75 1.0243318
1586.0 1.0267751
1589.25 1.0026516
1592.5 0.98319805
1595.75 0.97685605
1599.0 0.97228056
1602.25 0.99012029
1605.5 1.0094819
1608.75 1.0126917
1612.0 1.0053601
1615.25 1.0071458
1618.5 1.0000752
1621.75 1.0043975
1625.0 0.99345404
1628.25 0.98861068
1631.5 0.98905253
1634.75 0.98379928
1638.0 0.97070277
1641.25 0.95602131
1644.5 0.96429455
1647.75 0.96684378
1651.0 0.96662772
1654.25 0.95665294
1657.5 0.94860399
1660.75 0.94550627
1664.0 0.94020253
1667.25 0.93596435
1670.5 0.92736632
1673.75 0.91429746
1677.0 0.91836298
1680.25 0.91788614
1683.5 0.90718859
1686.75 0.88292903
1690.0 0.90508777
1693.25 0.90856904
1696.5 0.90252382
1699.75 0.90197068
1703.0 0.90920085
1706.25 0.89189065
1709.5 0.89169008
1712.75 0.87378603
1716.0 0.85961735
1719.25 0.82555842
1722.5 0.82129401
1725.75 0.81946182
1729.0 0.81099278
1732.25 0.83257818
1735.5 0.84424883
1738.75 0.84561139
1742.0 0.82703859
1745.25 0.83504415
1748.5 0.83826196
1751.75 0.84909904
1755.0 0.84878343
1758.25 0.86799097
1761.5 0.89275086
1764.75 0.90013915
1768.0 0.88815063
1771.25 0.91489547
1774.5 0.92663276
1777.75 0.92528480
1781.0 0.92960453
1784.25 0.96676302
1787.5 0.99001837
1790.75 0.98443294
1794.0 1.0026926
1797.25 0.97941428
1800.5 1.0034513
1803.75 1.0373526
1807.0 1.1232822
1810.25 1.2239685
1813.5 1.3806667
1816.75 1.5403270
1820.0 1.5888157
1823.25 1.5073825
1826.5 1.3345058
1829.75 1.1867355
1833.0 1.0948573
1836.25 1.0492198
1839.5 1.0131897
1842.75 0.98522812
1846.0 0.96314240
1849.25 0.94196200
1852.5 0.93488306
1855.75 0.91556233
1859.0 0.89877814
1862.25 0.87966692
1865.5 0.86870241
1868.75 0.86565530
1872.0 0.84047979
1875.25 0.84170145
1878.5 0.82039386
1881.75 0.81465822
1885.0 0.81337273
1888.25 0.77945334
1891.5 0.79077142
1894.75 0.78988773
1898.0 0.80110776
1901.25 0.82271057
1904.5 0.83004701
1907.75 0.83251703
1911.0 0.83148080
1914.25 0.83689928
1917.5 0.82513034
1920.75 0.82682234
1924.0 0.83743429
1927.25 0.82473618
1930.5 0.82719183
1933.75 0.81201208
1937.0 0.81657869
1940.25 0.79658055
1943.5 0.78287780
1946.75 0.76854789
1950.0 0.76129371
1953.25 0.74276501
1956.5 0.73498392
1959.75 0.71461219
1963.0 0.70056278
1966.25 0.69748157
1969.5 0.70383626
1972.75 0.69441593
1976.0 0.70901161
1979.25 0.71247983
1982.5 0.71448857
1985.75 0.71416134
1989.0 0.71453255
1992.25 0.72845942
1995.5 0.72067785
1998.75 0.73466456
2002.0 0.73361486
2005.25 0.73048079
2008.5 0.72229558
2011.75 0.72941548
2015.0 0.72403789
2018.25 0.73922342
2021.5 0.75772053
2024.75 0.75950509
2028.0 0.78962976
2031.25 0.79576564
2034.5 0.79517806
2037.75 0.78403616
2041.0 0.78303796
2044.25 0.75396240
2047.5 0.77043998
2050.75 0.76262718
2054.0 0.76095814
2057.25 0.77023959
2060.5 0.79030490
2063.75 0.79082602
2067.0 0.80047405
2070.25 0.80521661
2073.5 0.81121200
2076.75 0.80299687
2080.0 0.80663282
2083.25 0.79438120
2086.5 0.80309498
2089.75 0.79293078
2093.0 0.76914424
2096.25 0.76922053
2099.5 0.77842659
2102.75 0.75767916
2106.0 0.75627702
2109.25 0.75660801
2112.5 0.75592089
2115.75 0.76767856
2119.0 0.76405734
2122.25 0.75086695
2125.5 0.74915540
2128.75 0.76398838
2132.0 0.76230001
2135.25 0.75685191
2138.5 0.77046782
2141.75 0.74843276
2145.0 0.73892218
2148.25 0.72878128
2151.5 0.72152042
2154.75 0.71586102
2158.0 0.70087695
2161.25 0.69787425
2164.5 0.70587271
2167.75 0.71191543
2171.0 0.72083515
2174.25 0.74309027
2177.5 0.71757925
2180.75 0.70736104
2184.0 0.70276284
2187.25 0.69919920
2190.5 0.69084013
2193.75 0.70700306
2197.0 0.70420623
2200.25 0.70897031
2203.5 0.70213223
2206.75 0.70408118
2210.0 0.70425516
2213.25 0.72014862
2216.5 0.72415066
2219.75 0.73617882
2223.0 0.75983196
2226.25 0.79050267
2229.5 0.75296223
2232.75 0.72408724
2236.0 0.72797740
2239.25 0.71654999
2242.5 0.69016296
2245.75 0.69764960
2249.0 0.69941455
2252.25 0.67974782
2255.5 0.67491210
2258.75 0.65969110
2262.0 0.65012950
2265.25 0.66734892
2268.5 0.66523898
2271.75 0.65559733
2275.0 0.66820300
2278.25 0.65122777
2281.5 0.64053673
2284.75 0.64005029
2288.0 0.62906075
2291.25 0.61842227
2294.5 0.60629070
2297.75 0.61370736
2301.0 0.61200422
2304.25 0.59410912
2307.5 0.59912831
2310.75 0.60856920
2314.0 0.61240816
2317.25 0.60062975
2320.5 0.61140853
2323.75 0.62641633
2327.0 0.61444902
2330.25 0.62760115
2333.5 0.60940385
2336.75 0.61063433
2340.0 0.60138911
2343.25 0.60893428
2346.5 0.61230516
2349.75 0.60005850
2353.0 0.61647457
2356.25 0.60588866
2359.5 0.60030907
2362.75 0.60537314
2366.0 0.59206271
2369.25 0.59834510
2372.5 0.59337986
2375.75 0.59711480
2379.0 0.60084563
2382.25 0.59258723
2385.5 0.58730185
2388.75 0.58545387
2392.0 0.58255649
2395.25 0.57882279
2398.5 0.57901001
2401.75 0.58690006
2405.0 0.58584577
2408.25 0.58508819
2411.5 0.57369262
2414.75 0.57566649
2418.0 0.59967756
2421.25 0.67572999
2424.5 0.70175958
2427.75 0.59291035
2431.0 0.57173640
2434.25 0.57146049
2437.5 0.56451076
2440.75 0.58461374
2444.0 0.56811231
2447.25 0.55549043
2450.5 0.55918431
2453.75 0.55271083
2457.0 0.54528469
2460.25 0.53942227
2463.5 0.53262174
2466.75 0.50356317
2470.0 0.51160431
2473.25 0.50189024
2476.5 0.52368242
2479.75 0.52230030
2483.0 0.51658225
2486.25 0.51132447
2489.5 0.50743228
2492.75 0.52028888
2496.0 0.50954545
2499.25 0.51795119
2502.5 0.52571809
2505.75 0.53427958
2509.0 0.55540216
2512.25 0.59767407
2515.5 0.62246472
2518.75 0.55932099
2522.0 0.52257770
2525.25 0.54118890
2528.5 0.54540861
2531.75 0.51685530
2535.0 0.50570029
2538.25 0.50634253
2541.5 0.49735314
2544.75 0.49431723
2548.0 0.48504904
2551.25 0.47091743
2554.5 0.45526743
2557.75 0.45201203
2561.0 0.46568164
2564.25 0.47948781
2567.5 0.48077980
2570.75 0.48606670
2574.0 0.49796006
2577.25 0.49828538
2580.5 0.49512765
2583.75 0.47855535
2587.0 0.48048714
2590.25 0.47790292
2593.5 0.45799905
2596.75 0.46376652
2600.0 0.44814613
2603.25 0.44809535
2606.5 0.44026530
2609.75 0.44978037
2613.0 0.45542800
2616.25 0.44706354
2619.5 0.43295422
2622.75 0.43242356
2626.0 0.43035242
2629.25 0.42521876
2632.5 0.43808168
2635.75 0.42881033
2639.0 0.43975985
2642.25 0.44843680
2645.5 0.47569886
2648.75 0.46829879
2652.0 0.46547776
2655.25 0.48597461
2658.5 0.49270701
2661.75 0.50982320
2665.0 0.54205287
2668.25 0.52611899
2671.5 0.49975628
2674.75 0.49719369
2678.0 0.47490364
2681.25 0.46297202
2684.5 0.45809454
2687.75 0.45036975
2691.0 0.43528688
2694.25 0.41848814
2697.5 0.41356665
2700.75 0.41545036
2704.0 0.42689204
2707.25 0.42341462
2710.5 0.42061532
2713.75 0.42982927
2717.0 0.41494223
2720.25 0.40964824
2723.5 0.41713789
2726.75 0.40753758
2730.0 0.40309089
2733.25 0.40240559
2736.5 0.40172198
2739.75 0.40350199
2743.0 0.40677848
2746.25 0.40486047
2749.5 0.40329543
2752.75 0.42577979
2756.0 0.42315578
2759.25 0.42954084
2762.5 0.42182469
2765.75 0.41160509
2769.0 0.40496039
2772.25 0.42305246
2775.5 0.42273179
2778.75 0.41965416
2782.0 0.43899208
2785.25 0.42728186
2788.5 0.44104236
2791.75 0.46498853
2795.0 0.45690137
2798.25 0.46619809
2801.5 0.47468814
2804.75 0.49406049
2808.0 0.52532887
2811.25 0.53106946
2814.5 0.56040722
2817.75 0.60651308
2821.0 0.62892431
2824.25 0.63154155
2827.5 0.58717722
2830.75 0.57664055
2834.0 0.57081103
2837.25 0.54306316
2840.5 0.51844174
2843.75 0.47475344
2847.0 0.46480745
2850.25 0.44626907
2853.5 0.43721914
2856.75 0.44826409
2860.0 0.43600136
2863.25 0.42854720
2866.5 0.42894688
2869.75 0.41888735
2873.0 0.41589782
2876.25 0.41369829
2879.5 0.38812795
2882.75 0.40137672
2886.0 0.39928395
2889.25 0.40942585
2892.5 0.40051645
2895.75 0.39873147
2899.0 0.41665503
2902.25 0.42264169
2905.5 0.43855509
2908.75 0.43216681
2912.0 0.42883763
2915.25 0.41271359
2918.5 0.43539891
2921.75 0.43632925
2925.0 0.43897679
2928.25 0.43578789
2931.5 0.45214817
2934.75 0.47136080
2938.0 0.46792695
2941.25 0.44869763
2944.5 0.43804696
2947.75 0.42739105
2951.0 0.43032393
2954.25 0.46194711
2957.5 0.44934765
2960.75 0.44381884
2964.0 0.46096990
2967.25 0.45705020
2970.5 0.42322001
2973.75 0.44598189
2977.0 0.46365219
2980.25 0.44365996
2983.5 0.43514472
2986.75 0.44196284
2990.0 0.42541000
2993.25 0.41545504
2996.5 0.41675729
2999.75 0.42997900
3003.0 0.44552305
3006.25 0.44519368
3009.5 0.43623719
3012.75 0.44159988
3016.0 0.42837441
3019.25 0.43542552
3022.5 0.42219117
3025.75 0.44424808
3029.0 0.41805539
3032.25 0.43155250
3035.5 0.41350988
3038.75 0.41730225
3042.0 0.42046472
3045.25 0.43423378
3048.5 0.39598051
3051.75 0.39505753
3055.0 0.37135249
3058.25 0.36659271
3061.5 0.36139598
3064.75 0.37015933
3068.0 0.36887571
3071.25 0.36770093
3074.5 0.36103317
3077.75 0.36643216
3081.0 0.37012565
3084.25 0.36227977
3087.5 0.35005489
3090.75 0.35309955
3094.0 0.35446206
3097.25 0.35253817
3100.5 0.35795295
3103.75 0.36242220
3107.0 0.36887810
3110.25 0.36740452
3113.5 0.36443484
3116.75 0.37144741
3120.0 0.38202438
3123.25 0.38218874
3126.5 0.38561550
3129.75 0.39996722
3133.0 0.42345160
3136.25 0.42533842
3139.5 0.45706502
3142.75 0.46118197
3146.0 0.47650209
3149.25 0.51199245
3152.5 0.53295451
3155.75 0.59614241
3159.0 0.65011817
3162.25 0.62943918
3165.5 0.58700097
3168.75 0.54499823
3172.0 0.51544368
3175.25 0.48971868
3178.5 0.45729125
3181.75 0.44904050
3185.0 0.44449982
3188.25 0.42894053
3191.5 0.40494233
3194.75 0.41694009
3198.0 0.40326035
3201.25 0.39699724
3204.5 0.39021578
3207.75 0.37963885
3211.0 0.37542304
3214.25 0.38510981
3217.5 0.38511425
3220.75 0.45434257
3224.0 0.49656609
3227.25 0.41499496
3230.5 0.36849964
3233.75 0.35867476
3237.0 0.35559431
3240.25 0.34678131
3243.5 0.36926034
3246.75 0.40333155
3250.0 0.49005151
3253.25 0.69026691
3256.5 0.68852949
3259.75 0.46291396
3263.0 0.38962194
3266.25 0.36621717
3269.5 0.35608765
3272.75 0.34762004
3276.0 0.34087524
3279.25 0.34102747
3282.5 0.33854499
3285.75 0.33895481
3289.0 0.33842432
3292.25 0.33283135
3295.5 0.32906142
3298.75 0.32898724
3302.0 0.31634015
3305.25 0.30977082
3308.5 0.32331660
3311.75 0.32034394
3315.0 0.32425758
3318.25 0.31112245
3321.5 0.31359833
3324.75 0.30915797
3328.0 0.31988415
3331.25 0.31420088
3334.5 0.30604652
3337.75 0.31300035
3341.0 0.31098711
3344.25 0.32039797
3347.5 0.32199800
3350.75 0.33483556
3354.0 0.34201002
3357.25 0.33712974
3360.5 0.32732219
3363.75 0.34165761
3367.0 0.32746050
3370.25 0.31928188
3373.5 0.31986028
3376.75 0.33784562
3380.0 0.33146921
3383.25 0.31395510
3386.5 0.31801531
3389.75 0.32088214
3393.0 0.32621118
3396.25 0.32086205
3399.5 0.32384893
3402.75 0.32251963
3406.0 0.32423753
3409.25 0.31234744
3412.5 0.31758294
3415.75 0.32783338
3419.0 0.31201953
3422.25 0.32077709
3425.5 0.32201359
3428.75 0.31959403
3432.0 0.31999347
3435.25 0.32224172
3438.5 0.32008085
3441.75 0.33232856
3445.0 0.31719115
3448.25 0.31046253
3451.5 0.33943444
3454.75 0.31678936
3458.0 0.33146429
3461.25 0.32302955
3464.5 0.31335166
3467.75 0.30885670
3471.0 0.30528915
3474.25 0.31437537
3477.5 0.29788369
3480.75 0.30045888
3484.0 0.30345982
3487.25 0.30011386
3490.5 0.28596598
3493.75 0.29115015
3497.0 0.29811156
3500.25 0.29742032
3503.5 0.28831702
3506.75 0.28931737
3510.0 0.28682369
3513.25 0.28121266
3516.5 0.28676489
3519.75 0.29253438
3523.0 0.29050282
3526.25 0.28335020
3529.5 0.27917081
3532.75 0.27494630
3536.0 0.28442308
3539.25 0.27417246
3542.5 0.29263788
3545.75 0.27577451
3549.0 0.27696890
3552.25 0.27263454
3555.5 0.27225211
3558.75 0.27187046
3562.0 0.27148965
3565.25 0.27764228
3568.5 0.27878773
3571.75 0.28513429
3575.0 0.27811468
3578.25 0.27888203
3581.5 0.26922157
3584.75 0.26884630
3588.0 0.27643889
3591.25 0.28455481
3594.5 0.27968380
3597.75 0.27279967
3601.0 0.28347269
3604.25 0.28795317
3607.5 0.27345002
3610.75 0.27648824
3614.0 0.26550451
3617.25 0.26513708
3620.5 0.27041423
3623.75 0.26590273
3627.0 0.29063195
3630.25 0.27740350
3633.5 0.26978779
3636.75 0.30115765
3640.0 0.29710290
3643.25 0.28363827
3646.5 0.27841032
3649.75 0.26575434
3653.0 0.26534683
3656.25 0.26078722
3659.5 0.26927921
3662.75 0.26007277
3666.0 0.26129580
3669.25 0.25936127
3672.5 0.26143315
3675.75 0.25865266
3679.0 0.26005101
3682.25 0.25905812
3685.5 0.25759527
3688.75 0.26652673
3692.0 0.26254782
3695.25 0.25654456
3698.5 0.25619569
3701.75 0.25584760
3705.0 0.25550020
3708.25 0.25515351
3711.5 0.25480759
3714.75 0.25446233
3718.0 0.25967059
3721.25 0.25377393
3724.5 0.25416645
3727.75 0.25308836
3731.0 0.25420603
3734.25 0.25249040
3737.5 0.25206518
3740.75 0.25448895
3744.0 0.25801766
3747.25 0.25922984
3750.5 0.25679573
3753.75 0.25634059
3757.0 0.25558463
3760.25 0.25204176
3763.5 0.25410256
3766.75 0.25242463
3770.0 0.25192133
3773.25 0.25751415
3776.5 0.26877919
3779.75 0.25557673
3783.0 0.26442441
3786.25 0.25929651
3789.5 0.26729795
3792.75 0.26101798
3796.0 0.26947162
3799.25 0.26515564
3802.5 0.26634863
3805.75 0.27408007
3809.0 0.26741955
3812.25 0.27251455
3815.5 0.28149003
3818.75 0.30305994
3822.0 0.29611352
3825.25 0.29038572
3828.5 0.29195070
3831.75 0.26620495
3835.0 0.26173279
3838.25 0.27390859
3841.5 0.26905176
3844.75 0.25967598
3848.0 0.26107529
3851.25 0.26250172
3854.5 0.26283580
3857.75 0.25819814
3861.0 0.26328495
3864.25 0.26868919
3867.5 0.25214943
3870.75 0.25483507
3874.0 0.25307465
3877.25 0.26118654
3880.5 0.24639620
3883.75 0.24903332
3887.0 0.24835195
3890.25 0.24745907
3893.5 0.24923508
3896.75 0.24873804
3900.0 0.24812773
3903.25 0.25037420
3906.5 0.24632540
3909.75 0.24427278
3913.0 0.23998688
3916.25 0.23979132
3919.5 0.23588288
3922.75 0.24046649
3926.0 0.24098827
3929.25 0.24376522
3932.5 0.24574232
3935.75 0.23638216
3939.0 0.24146499
3942.25 0.24871971
3945.5 0.24582270
3948.75 0.24827693
3952.0 0.25281012
3955.25 0.24867298
3958.5 0.25052142
3961.75 0.24557380
3965.0 0.25792217
3968.25 0.23716287
3971.5 0.22928280
3974.75 0.23276505
3978.0 0.22966264
3981.25 0.23091203
3984.5 0.23124163
3987.75 0.23579241
3991.0 0.24016172
3994.25 0.22926512
3997.5 0.23571958
4000.75 0.24210502
4004.0 0.23319398
4007.25 0.22931220
4010.5 0.22579272
4013.75 0.22550559
4017.0 0.22646935
4020.25 0.23984763
4023.5 0.22852589
4026.75 0.22988245
4030.0 0.22407821
4033.25 0.22464922
4036.5 0.22446465
4039.75 0.22812366
4043.0 0.22583060
4046.25 0.23098971
4049.5 0.23177387
4052.75 0.22652218
4056.0 0.22497313
4059.25 0.22464487
4062.5 0.23113342
4065.75 0.22969957
4069.0 0.22486028
4072.25 0.22323722
4075.5 0.22152708
4078.75 0.22046772
4082.0 0.22230324
4085.25 0.22425537
4088.5 0.23167402
4091.75 0.23486830
4095.0 0.23932248
4098.25 0.24694207
4101.5 0.23707996
4104.75 0.22547266
4108.0 0.22621968
4111.25 0.22389409
4114.5 0.22041333
4117.75 0.22386228
4121.0 0.23053481
4124.25 0.23297188
4127.5 0.22573303
4130.75 0.22750363
4134.0 0.23091854
4137.25 0.23510066
4140.5 0.23867933
4143.75 0.22693032
4147.0 0.22918913
4150.25 0.23345432
4153.5 0.23416387
4156.75 0.22919707
4160.0 0.22880152
4163.25 0.23221041
4166.5 0.23200941
4169.75 0.22949247
4173.0 0.23514031
4176.25 0.23274426
4179.5 0.23604178
4182.75 0.24170318
4186.0 0.23833874
4189.25 0.24528924
4192.5 0.24137148
4195.75 0.25777557
4199.0 0.25969332
4202.25 0.26650283
4205.5 0.27401468
4208.75 0.27291417
4212.0 0.27850008
4215.25 0.29413313
4218.5 0.29577512
4221.75 0.30867094
4225.0 0.32293963
4228.25 0.34276941
4231.5 0.36572978
4234.75 0.39343527
4238.0 0.43159762
4241.25 0.47926530
4244.5 0.53760785
4247.75 0.60635352
4251.0 0.71093029
4254.25 0.83531624
4257.5 0.99198860
4260.75 1.1499943
4264.0 1.3527706
4267.25 1.3902473
4270.5 1.1889317
4273.75 0.98958117
4277.0 0.90033227
4280.25 0.84801096
4283.5 0.73437673
4286.75 0.61954677
4290.0 0.55815315
4293.25 0.50911957
4296.5 0.46428657
4299.75 0.43012390
4303.0 0.40922928
4306.25 0.38316169
4309.5 0.35675278
4312.75 0.33481073
4316.0 0.31276834
4319.25 0.29392192
4322.5 0.28796524
4325.75 0.28205320
4329.0 0.26787391
4332.25 0.26614830
4335.5 0.26115885
4338.75 0.26145777
4342.0 0.26606652
4345.25 0.26532373
4348.5 0.25980136
4351.75 0.25137839
4355.0 0.26393443
4358.25 0.27071851
4361.5 0.27623415
4364.75 0.30420071
4368.0 0.30262828
4371.25 0.28212824
4374.5 0.28497028
4377.75 0.28841326
4381.0 0.28012776
4384.25 0.25852582
4387.5 0.23749711
4390.75 0.23516653
4394.0 0.22921175
4397.25 0.22225726
4400.5 0.22086798
4403.75 0.21471158
4407.0 0.20525491
4410.25 0.20411602
4413.5 0.20511886
4416.75 0.20475993
4420.0 0.19521648
4423.25 0.19339095
4426.5 0.19316578
4429.75 0.19935140
4433.0 0.20720050
4436.25 0.19899400
4439.5 0.19610035
4442.75 0.19552636
4446.0 0.19182013
4449.25 0.19159739
4452.5 0.19137506
4455.75 0.20429498
4459.0 0.19651178
4462.25 0.19791318
4465.5 0.19048978
4468.75 0.19026947
4472.0 0.19373225
4475.25 0.19993766
4478.5 0.19837454
4481.75 0.19370279
4485.0 0.19565181
4488.25 0.19582288
4491.5 0.19436266
4494.75 0.18852164
4498.0 0.18830495
4501.25 0.18808867
4504.5 0.18961298
4507.75 0.18765730
4511.0 0.18744220
4514.25 0.18722752
4517.5 0.19164976
4520.75 0.18679930
4524.0 0.18658577
4527.25 0.18637267
4530.5 0.18893307
4533.75 0.18594755
4537.0 0.18573561
4540.25 0.18552403
4543.5 0.18531284
4546.75 0.19031230
4550.0 0.18600196
4553.25 0.19625127
4556.5 0.18586801
4559.75 0.18585908
4563.0 0.18405385
4566.25 0.18384536
4569.5 0.19696400
4572.75 0.20436302
4576.0 0.19726568
4579.25 0.21192881
4582.5 0.19595174
4585.75 0.22048496
4589.0 0.20754834
4592.25 0.19177538
4595.5 0.21342900
4598.75 0.19881873
4602.0 0.19389835
4605.25 0.19551313
4608.5 0.18933079
4611.75 0.18665227
4615.0 0.18076319
4618.25 0.18056066
4621.5 0.18314944
4624.75 0.19001187
4628.0 0.17995538
4631.25 0.17975438
4634.5 0.17955372
4637.75 0.17935342
4641.0 0.19724849
4644.25 0.18321849
4647.5 0.17875472
4650.75 0.17855591
4654.0 0.18156353
4657.25 0.18033208
4660.5 0.17796147
4663.75 0.17776413
4667.0 0.18280353
4670.25 0.18846875
4673.5 0.19890326
4676.75 0.17697805
4680.0 0.19579345
4683.25 0.17709744
4686.5 0.18543293
4689.75 0.17619769
4693.0 0.18811762
4696.25 0.18316667
4699.5 0.18278813
4702.75 0.18641183
4706.0 0.19509712
4709.25 0.18585958
4712.5 0.17484568
4715.75 0.18661961
4719.0 0.20659433
4722.25 0.17427145
4725.5 0.17408076
4728.75 0.17439020
4732.0 0.17370033
4735.25 0.17351067
4738.5 0.17332131
4741.75 0.19028316
4745.0 0.18534921
4748.25 0.17275536
4751.5 0.17256741
4754.75 0.18181372
4758.0 0.19455473
4761.25 0.17200550
4764.5 0.17343852
4767.75 0.21198472
4771.0 0.18229122
4774.25 0.18070850
4777.5 0.17107578
4780.75 0.19438607
4784.0 0.20774184
4787.25 0.19843574
4790.5 0.21825108
4793.75 0.21365581
4797.0 0.22515634
4800.25 0.19568907
4803.5 0.20303878
4806.75 0.25004217
4810.0 0.22424999
4813.25 0.21519221
4816.5 0.19476700
4819.75 0.18820211
4823.0 0.23262322
4826.25 0.22187476
4829.5 0.21463439
4832.75 0.19990325
4836.0 0.17885423
4839.25 0.20211233
4842.5 0.16743977
4845.75 0.16726139
4849.0 0.16708331
4852.25 0.16690563
4855.5 0.16672823
4858.75 0.16655110
4862.0 0.16637437
4865.25 0.16619788
4868.5 0.16602173
4871.75 0.16584590
4875.0 0.16567042
4878.25 0.16549522
4881.5 0.16532037
4884.75 0.16514578
4888.0 0.16497158
4891.25 0.16479766
4894.5 0.16462404
4897.75 0.16445075
4901.0 0.16427773
4904.25 0.16410509
4907.5 0.16393271
4910.75 0.16376066
4914.0 0.16358894
4917.25 0.16341750
4920.5 0.16324633
4923.75 0.16307552
4927.0 0.16290501
4930.25 0.16273484
4933.5 0.16256490
4936.75 0.16239531
4940.0 0.16222608
4943.25 0.16205707
4946.5 0.16188841
4949.75 0.16172002
4953.0 0.16155195
4956.25 0.16138418
4959.5 0.16121675
4962.75 0.16104962
4966.0 0.16088277
4969.25 0.16071616
4972.5 0.16054991
4975.75 0.16038397
4979.0 0.16021828
4982.25 0.16005294
4985.5 0.15988787
4988.75 0.15972313
4992.0 0.15955864
4995.25 0.15939449
4998.5 0.15923063
5001.75 0.15906706
5005.0 0.15890375
5008.25 0.15874076
5011.5 0.15857808
5014.75 0.15841566
5018.0 0.15825358
5021.25 0.15809174
5024.5 0.15793017
5027.75 0.15776898
5031.0 0.15760814
5034.25 0.15744740
5037.5 0.15728702
5040.75 0.15712699
5044.0 0.15696721
5047.25 0.15680763
5050.5 0.15664841
5053.75 0.15648964
5057.0 0.15633087
5060.25 0.15617256
5063.5 0.15601456
5066.75 0.15585679
5070.0 0.15569931
5073.25 0.15554209
5076.5 0.15538511
5079.75 0.15522857
5083.0 0.15507218
5086.25 0.15491609
5089.5 0.15476024
5092.75 0.15460473
5096.0 0.15444952
5099.25 0.15429455
5102.5 0.15413986
5105.75 0.15398555
5109.0 0.15383148
5112.25 0.15367766
5115.5 0.15352409
5118.75 0.15337083
5122.0 0.15321785
5125.25 0.15306507
5128.5 0.15291262
5131.75 0.15276054
5135.0 0.15260854
5138.25 0.15245698
5141.5 0.15230569
5144.75 0.15215459
5148.0 0.15200382
5151.25 0.15185331
5154.5 0.15170296
5157.75 0.15155309
5161.0 0.15140332
5164.25 0.15125391
5167.5 0.15110475
5170.75 0.15095589
5174.0 0.15080722
5177.25 0.15065895
5180.5 0.15051089
5183.75 0.15036309
5187.0 0.15021548
5190.25 0.15006825
5193.5 0.14992124
5196.75 0.14977448
5200.0 0.14962800
5203.25 0.14948185
5206.5 0.14933585
5209.75 0.14919025
5213.0 0.14904486
5216.25 0.14889970
5219.5 0.14875472
5222.75 0.14861016
5226.0 0.14846574
5229.25 0.14832179
5232.5 0.14817795
5235.75 0.14803430
5239.0 0.14789103
5242.25 0.14774793
5245.5 0.14760527
5248.75 0.14746274
5252.0 0.14732037
5255.25 0.14717843
5258.5 0.14703673
5261.75 0.14689526
5265.0 0.14675398
5268.25 0.14661305
5271.5 0.14647236
5274.75 0.14633185
5278.0 0.14619163
5281.25 0.14605179
5284.5 0.14591210
5287.75 0.14577258
5291.0 0.14563346
5294.25 0.14549449
5297.5 0.14535590
5300.75 0.14521749
5304.0 0.14507924
5307.25 0.14494140
5310.5 0.14480376
5313.75 0.14466637
5317.0 0.14452919
5320.25 0.14439228
5323.5 0.14425568
5326.75 0.14411923
5330.0 0.14398316
5333.25 0.14384721
5336.5 0.14371158
5339.75 0.14357620
5343.0 0.14344107
5346.25 0.14330615
5349.5 0.14317159
5352.75 0.14303717
5356.0 0.14290299
5359.25 0.14276913
5362.5 0.14263542
5365.75 0.14250205
5369.0 0.14236884
5372.25 0.14223590
5375.5 0.14210325
5378.75 0.14197084
5382.0 0.14183858
5385.25 0.14170671
5388.5 0.14157501
5391.75 0.14144352
5395.0 0.14131233
5398.25 0.14118131
5401.5 0.14105064
5404.75 0.14092009
5408.0 0.14078994
5411.25 0.14065994
5414.5 0.14053006
5417.75 0.14040060
5421.0 0.14027138
5424.25 0.14014229
5427.5 0.14001347
5430.75 0.13988492
5434.0 0.13975661
5437.25 0.13962853
5440.5 0.13950065
5443.75 0.13937299
5447.0 0.13924560
5450.25 0.13911848
5453.5 0.13899161
5456.75 0.13886499
5460.0 0.13873850
5463.25 0.13861237
5466.5 0.13848642
5469.75 0.13836069
5473.0 0.13823521
5476.25 0.13810991
5479.5 0.13798496
5482.75 0.13786010
5486.0 0.13773553
5489.25 0.13761121
5492.5 0.13748717
5495.75 0.13736334
5499.0 0.13723966
5502.25 0.13711622
5505.5 0.13699317
5508.75 0.13687021
5512.0 0.13674745
5515.25 0.13662502
5518.5 0.13650282
5521.75 0.13638075
5525.0 0.13625896
5528.25 0.13613740
5531.5 0.13601606
5534.75 0.13589501
5538.0 0.13577409
5541.25 0.13565350
5544.5 0.13553308
5547.75 0.13541287
5551.0 0.13529292
5554.25 0.13517323
5557.5 0.13505365
5560.75 0.13493443
5564.0 0.13481532
5567.25 0.13469648
5570.5 0.13457787
5573.75 0.13445953
5577.0 0.13434136
5580.25 0.13422339
5583.5 0.13410573
5586.75 0.13398820
5590.0 0.13387094
5593.25 0.13375393
5596.5 0.13363704
5599.75 0.13352047
5603.0 0.13340405
5606.25 0.13328797
5609.5 0.13317201
5612.75 0.13305628
5616.0 0.13294080
5619.25 0.13282545
5622.5 0.13271046
5625.75 0.13259558
5629.0 0.13248095
5632.25 0.13236654
5635.5 0.13225235
5638.75 0.13213840
5642.0 0.13202460
5645.25 0.13191113
5648.5 0.13179781
5651.75 0.13168466
5655.0 0.13157180
5658.25 0.13145913
5661.5 0.13134673
5664.75 0.13123444
5668.0 0.13112248
5671.25 0.13101064
5674.5 0.13089907
5677.75 0.13078770
5681.0 0.13067655
5684.25 0.13056563
5687.5 0.13045487
5690.75 0.13034430
5694.0 0.13023408
5697.25 0.13012399
5700.5 0.13001411
5703.75 0.12990433
5707.0 0.12979493
5710.25 0.12968576
5713.5 0.12957671
5716.75 0.12946783
5720.0 0.12935922
5723.25 0.12925084
5726.5 0.12914267
5729.75 0.12903461
5733.0 0.12892690
5736.25 0.12881929
5739.5 0.12871192
5742.75 0.12860477
5746.0 0.12849785
5749.25 0.12839113
5752.5 0.12828465
5755.75 0.12817831
5759.0 0.12807226
5762.25 0.12796634
5765.5 0.12786067
5768.75 0.12775518
5772.0 0.12764990
5775.25 0.12754478
5778.5 0.12743996
5781.75 0.12733528
5785.0 0.12723078
5788.25 0.12712651
5791.5 0.12702249
5794.75 0.12691863
5798.0 0.12681507
5801.25 0.12671156
5804.5 0.12660839
5807.75 0.12650532
5811.0 0.12640250
5814.25 0.12629989
5817.5 0.12619746
5820.75 0.12609519
5824.0 0.12599319
5827.25 0.12589134
5830.5 0.12578981
5833.75 0.12568836
5837.0 0.12558714
5840.25 0.12548615
5843.5 0.12538536
5846.75 0.12528472
5850.0 0.12518433
5853.25 0.12508409
5856.5 0.12498407
5859.75 0.12488423
5863.0 0.12478461
5866.25 0.12468522
5869.5 0.12458603
5872.75 0.12448696
5876.0 0.12438820
5879.25 0.12428952
5882.5 0.12419108
5885.75 0.12409286
5889.0 0.12399483
5892.25 0.12389702
5895.5 0.12379931
5898.75 0.12370192
5902.0 0.12360462
5905.25 0.12350766
5908.5 0.12341078
5911.75 0.12331411
5915.0 0.12321754
5918.25 0.12312130
5921.5 0.12302527
5924.75 0.12292931
5928.0 0.12283369
5931.25 0.12273817
5934.5 0.12264287
5937.75 0.12254776
5941.0 0.12245281
5944.25 0.12235802
5947.5 0.12226354
5950.75 0.12216916
5954.0 0.12207495
5957.25 0.12198107
5960.5 0.12188730
5963.75 0.12179372
5967.0 0.12170024
5970.25 0.12160708
5973.5 0.12151410
5976.75 0.12142124
5980.0 0.12132856
5983.25 0.12123612
5986.5 0.12114395
5989.75 0.12105180
5993.0 0.12095992
5996.25 0.12086829
5999.5 0.12077673
