300.0 0.0
375.0 0.0000000
378.75 0.0000000
382.5 0.0000000
386.25 0.0000000
390.0 0.0000000
393.75 0.0000000
397.5 0.0000000
401.25 0.0000000
405.0 0.0000000
408.75 0.0000000
412.5 0.0000000
416.25 0.0000000
420.0 0.0000000
423.75 0.0000000
427.5 0.0000000
431.25 0.0000000
435.0 0.0000000
438.75 0.0000000
442.5 0.0000000
446.25 0.0000000
450.0 0.0000000
453.75 0.0000000
457.5 0.0000000
461.25 0.0000000
465.0 0.0000000
468.75 0.0000000
472.5 0.0000000
476.25 0.0000000
480.0 0.0000000
483.75 0.0000000
487.5 0.0000000
491.25 0.0000000
495.0 0.0000000
498.75 0.0000000
502.5 0.0000000
506.25 0.0000000
510.0 0.0000000
513.75 0.0000000
517.5 0.0000000
521.25 0.0000000
525.0 0.0000000
528.75 0.0000000
532.5 0.0000000
536.25 0.0000000
540.0 0.0000000
543.75 0.0000000
547.5 0.0000000
551.25 0.0000000
555.0 0.0000000
558.75 0.0000000
562.5 0.0000000
566.25 0.0000000
570.0 0.0000000
573.75 0.0000000
577.5 0.0000000
581.25 0.0000000
585.0 0.0000000
588.75 0.0000000
592.5 0.0000000
596.25 0.0000000
600.0 0.0000000
603.75 0.0000000
607.5 0.0000000
611.25 0.0000000
615.0 0.0000000
618.75 0.0000000
622.5 0.0000000
626.25 0.0000000
630.0 0.0000000
633.75 0.0000000
637.5 0.0000000
641.25 0.0000000
645.0 0.0000000
648.75 0.0000000
652.5 0.0000000
656.25 0.0000000
660.0 0.0000000
663.75 0.0000000
667.5 0.0000000
671.25 0.0000000
675.0 0.0000000
678.75 0.0000000
682.5 0.0000000
686.25 1.60822459E-02
690.0 1.40077630E-02
693.75 1.21463910E-02
697.5 1.04829445E-02
701.25 9.00274701E-03
705.0 7.69358873E-03
708.75 6.54047355E-03
712.5 5.53109357E-03
716.25 4.65259375E-03
720.0 3.89166758E-03
723.75 3.23730567E-03
727.5 2.67731538E-03
731.25 1.40361758E-02
735.0 1.23298494E-02
738.75 1.07885366E-02
742.5 9.40279104E-03
746.25 8.16268940E-03
750.0 7.73937395E-03
753.75 6.98194513E-03
757.5 5.98200038E-03
761.25 5.49853547E-03
765.0 5.14000328E-03
768.75 4.86086449E-03
772.5 0.14433414
776.25 0.14310668
780.0 0.11818906
783.75 9.64759663E-02
787.5 8.82317275E-02
791.25 8.22642744E-02
795.0 7.73951635E-02
798.75 7.29043409E-02
802.5 6.57131672E-02
806.25 5.49713001E-02
810.0 5.12552969E-02
813.75 4.22320925E-02
817.5 3.52931283E-02
821.25 2.99004074E-02
825.0 2.63146926E-02
828.75 2.43218746E-02
832.5 2.11750250E-02
836.25 1.95460543E-02
840.0 1.81495715E-02
843.75 1.58558358E-02
847.5 1.26586612E-02
851.25 1.09333172E-02
855.0 8.86173360E-03
858.75 7.91203603E-03
862.5 6.89769955E-03
866.25 5.82089787E-03
870.0 5.03760437E-03
873.75 4.49363748E-03
877.5 4.01995750E-03
881.25 3.71301570E-03
885.0 3.28906160E-03
888.75 2.93193106E-03
892.5 2.64785183E-03
896.25 2.46122340E-03
900.0 2.33891397E-03
903.75 2.32524518E-03
907.5 2.38514016E-03
911.25 2.66230851E-03
915.0 3.0286679
918.75 2.4514780
922.5 2.2882473
926.25 2.2889888
930.0 2.1458223
933.75 1.7191056
937.5 1.4853557
941.25 1.3978750
945.0 1.3386692
948.75 1.2526162
952.5 1.1445761
956.25 1.0730680
960.0 1.0490156
963.75 1.0524850
967.5 1.0702119
971.25 1.0781429
975.0 1.1603826
978.75 1.1793059
982.5 1.1292948
986.25 1.0296872
990.0 1.0369642
993.75 1.0281633
997.5 1.0534049
1001.25 1.0721301
1005.0 1.0596230
1008.75 1.0220799
1012.5 1.0090476
1016.25 1.0416578
1020.0 1.0357447
1023.75 1.0535774
1027.5 1.0405042
1031.25 1.0653793
1035.0 1.1268612
1038.75 1.1906824
1042.5 1.2787673
1046.25 1.3030382
1050.0 1.3222215
1053.75 1.2029946
1057.5 1.1237979
1061.25 1.0650483
1065.0 1.0397509
1068.75 1.0356141
1072.5 0.98930347
1076.25 0.97724384
1080.0 0.97187394
1083.75 0.96510243
1087.5 0.98286474
1091.25 0.97386461
1095.0 0.95354778
1098.75 0.98257387
1102.5 0.96600330
1106.25 0.98147684
1110.0 1.0053544
1113.75 1.0206037
1117.5 1.0458422
1121.25 1.0447069
1125.0 1.0782217
1128.75 1.1024914
1132.5 1.1296960
1136.25 1.1727852
1140.0 1.2606051
1143.75 1.3780963
1147.5 1.5128912
1151.25 1.6840795
1155.0 1.8967232
1158.75 2.0227952
1162.5 1.8364445
1166.25 1.5582047
1170.0 1.3467720
1173.75 1.2363420
1177.5 1.1808031
1181.25 1.1489557
1185.0 1.0946845
1188.75 1.0908220
1192.5 1.0580162
1196.25 1.0787967
1200.0 1.0816050
1203.75 1.0777040
1207.5 1.0893316
1211.25 1.0755544
1215.0 1.0915996
1218.75 1.1065210
1222.5 1.1080742
1226.25 1.1316278
1230.0 1.0876684
1233.75 1.0799934
1237.5 1.0656855
1241.25 1.0828521
1245.0 1.0874388
1248.75 1.0716677
1252.5 1.0171896
1256.25 0.98413700
1260.0 0.97009581
1263.75 0.95202559
1267.5 0.95340234
1271.25 0.95065314
1275.0 0.94866621
1278.75 0.96344298
1282.5 0.96024340
1286.25 0.97546852
1290.0 0.97981983
1293.75 0.97786099
1297.5 0.96645540
1301.25 0.97851825
1305.0 0.98272479
1308.75 1.0091704
1312.5 0.99279428
1316.25 0.97666931
1320.0 0.93358374
1323.75 0.94751513
1327.5 0.95177412
1331.25 0.93906862
1335.0 0.97078413
1338.75 0.97998434
1342.5 0.95420712
1346.25 0.93794709
1350.0 0.93919444
1353.75 0.93921304
1357.5 0.93880272
1361.25 0.95076990
1365.0 0.93418086
1368.75 0.93126082
1372.5 0.94320816
1376.25 0.94218391
1380.0 0.96556556
1383.75 0.96146107
1387.5 1.0236852
1391.25 1.0202433
1395.0 1.0307087
1398.75 1.0151914
1402.5 1.0174994
1406.25 1.0269537
1410.0 1.0727352
1413.75 1.1543655
1417.5 1.2285477
1421.25 1.2890315
1425.0 1.3122263
1428.75 1.3813062
1432.5 1.3211966
1436.25 1.2081631
1440.0 1.1052377
1443.75 1.0369300
1447.5 1.0050329
1451.25 0.97255921
1455.0 0.94203830
1458.75 0.91865438
1462.5 0.91203874
1466.25 0.87785816
1470.0 0.86417788
1473.75 0.85747176
1477.5 0.86590934
1481.25 0.86968547
1485.0 0.84974080
1488.75 0.85331529
1492.5 0.85791641
1496.25 0.86517173
1500.0 0.84382564
1503.75 0.85311306
1507.5 0.87311041
1511.25 0.82594353
1515.0 0.84788811
1518.75 0.85342211
1522.5 0.84754813
1526.25 0.85488129
1530.0 0.84144074
1533.75 0.83039844
1537.5 0.85356897
1541.25 0.88819885
1545.0 0.87072569
1548.75 0.89272159
1552.5 0.88533849
1556.25 0.88784242
1560.0 0.88296956
1563.75 0.89445347
1567.5 0.89201522
1571.25 0.88989908
1575.0 0.86164707
1578.75 0.84783781
1582.5 0.85900968
1586.25 0.87141323
1590.0 0.83474445
1593.75 0.87523091
1597.5 0.84496796
1601.25 0.86533016
1605.0 0.85759521
1608.75 0.87521064
1612.5 0.83403462
1616.25 0.84652728
1620.0 0.84586984
1623.75 0.86079341
1627.5 0.81832993
1631.25 0.82805246
1635.0 0.84393972
1638.75 0.80656475
1642.5 0.82168567
1646.25 0.79696590
1650.0 0.77487898
1653.75 0.77402180
1657.5 0.77316272
1661.25 0.77818388
1665.0 0.78284651
1668.75 0.78394216
1672.5 0.77292705
1676.25 0.76883650
1680.0 0.76796514
1683.75 0.76709270
1687.5 0.77657974
1691.25 0.77509761
1695.0 0.78630298
1698.75 0.79082870
1702.5 0.79029667
1706.25 0.79582268
1710.0 0.80292529
1713.75 0.81721348
1717.5 0.83528703
1721.25 0.82853574
1725.0 0.85016245
1728.75 0.85964620
1732.5 0.86658710
1736.25 0.87110806
1740.0 0.87701440
1743.75 0.88773507
1747.5 0.89194059
1751.25 0.87959433
1755.0 0.87153822
1758.75 0.85173297
1762.5 0.84929746
1766.25 0.83260125
1770.0 0.84443933
1773.75 0.83374345
1777.5 0.82805324
1781.25 0.83002913
1785.0 0.82458103
1788.75 0.82619154
1792.5 0.82767683
1796.25 0.83683342
1800.0 0.85608333
1803.75 0.84262502
1807.5 0.87256694
1811.25 0.89373237
1815.0 0.91980994
1818.75 0.91668135
1822.5 0.89026076
1826.25 0.88540494
1830.0 0.88782173
1833.75 0.86725914
1837.5 0.85072213
1841.25 0.84552121
1845.0 0.84184492
1848.75 0.85757941
1852.5 0.87464184
1856.25 0.87771517
1860.0 0.87164968
1863.75 0.87348616
1867.5 0.86763918
1871.25 0.87167436
1875.0 0.86245799
1878.75 0.85853183
1882.5 0.85919321
1886.25 0.85490471
1890.0 0.84379429
1893.75 0.83129752
1897.5 0.83875787
1901.25 0.84124118
1905.0 0.84131825
1908.75 0.83289766
1912.5 0.82614797
1916.25 0.82370621
1920.0 0.81933951
1923.75 0.81589764
1927.5 0.80865097
1931.25 0.79749894
1935.0 0.80128914
1938.75 0.80111593
1942.5 0.79201853
1946.25 0.77107072
1950.0 0.79065889
1953.75 0.79393679
1957.5 0.78888869
1961.25 0.78863841
1965.0 0.79519445
1968.75 0.78028387
1972.5 0.78033614
1976.25 0.76489067
1980.0 0.75270605
1983.75 0.72309160
1987.5 0.71956336
1991.25 0.71816367
1995.0 0.71094435
1998.75 0.73007405
2002.5 0.74051750
2006.25 0.74192166
2010.0 0.72582984
2013.75 0.73306054
2017.5 0.73609030
2021.25 0.74581325
2025.0 0.74574202
2028.75 0.76282763
2032.5 0.78480262
2036.25 0.79151350
2040.0 0.78118402
2043.75 0.80492580
2047.5 0.81547207
2051.25 0.81450456
2055.0 0.81852615
2058.75 0.85147148
2062.5 0.87218493
2066.25 0.86749381
2070.0 0.88381732
2073.75 0.86352515
2077.5 0.88494933
2081.25 0.91508526
2085.0 0.99114370
2088.75 1.0802649
2092.5 1.2188791
2096.25 1.3601789
2100.0 1.4033549
2103.75 1.3317660
2107.5 1.1793293
2111.25 1.0490065
2115.0 0.96803486
2118.75 0.92791623
2122.5 0.89627522
2126.25 0.87175709
2130.0 0.85242617
2133.75 0.83388609
2137.5 0.82782298
2141.25 0.81091326
2145.0 0.79624188
2148.75 0.77950042
2152.5 0.76997083
2156.25 0.76745516
2160.0 0.74531478
2163.75 0.74657679
2167.5 0.72785085
2171.25 0.72293395
2175.0 0.72196424
2178.75 0.69202006
2182.5 0.70223361
2186.25 0.70161307
2190.0 0.71174532
2193.75 0.73110837
2197.5 0.73779869
2201.25 0.74016500
2205.0 0.73941386
2208.75 0.74440277
2212.5 0.73410213
2216.25 0.73577487
2220.0 0.74538714
2223.75 0.73425049
2227.5 0.73660231
2231.25 0.72324723
2235.0 0.72747701
2238.75 0.70981896
2242.5 0.69776332
2246.25 0.68514282
2250.0 0.67882520
2253.75 0.66244906
2257.5 0.65565252
2261.25 0.63761860
2265.0 0.62521857
2268.75 0.62260342
2272.5 0.62841117
2276.25 0.62013346
2280.0 0.63330346
2283.75 0.63653696
2287.5 0.63846713
2291.25 0.63830996
2295.0 0.63877648
2298.75 0.65136373
2302.5 0.64454073
2306.25 0.65718693
2310.0 0.65638447
2313.75 0.65371591
2317.5 0.64652437
2321.25 0.65303183
2325.0 0.64835030
2328.75 0.66208375
2332.5 0.67878890
2336.25 0.68052578
2340.0 0.70766097
2343.75 0.71330369
2347.5 0.71292037
2351.25 0.70307165
2355.0 0.70231682
2358.75 0.67637306
2362.5 0.69129205
2366.25 0.68441695
2370.0 0.68305355
2373.75 0.69152039
2377.5 0.70967376
2381.25 0.71028024
2385.0 0.71908516
2388.75 0.72348547
2392.5 0.72901291
2396.25 0.72176909
2400.0 0.72517616
2403.75 0.71429819
2407.5 0.72227091
2411.25 0.71326488
2415.0 0.69199896
2418.75 0.69219810
2422.5 0.70061392
2426.25 0.68206811
2430.0 0.68093288
2433.75 0.68135756
2437.5 0.68086493
2441.25 0.69158304
2445.0 0.68844742
2448.75 0.67668647
2452.5 0.67526746
2456.25 0.68876308
2460.0 0.68736577
2463.75 0.68257689
2467.5 0.69498193
2471.25 0.67522728
2475.0 0.66676646
2478.75 0.65773332
2482.5 0.65129650
2486.25 0.64630264
2490.0 0.63288659
2493.75 0.63028634
2497.5 0.63762224
2501.25 0.64319342
2505.0 0.65136600
2508.75 0.67159313
2512.5 0.64864939
2516.25 0.63952339
2520.0 0.63547581
2523.75 0.63236213
2527.5 0.62490922
2531.25 0.63963884
2535.0 0.63721710
2538.75 0.64163691
2542.5 0.63555568
2546.25 0.63742745
2550.0 0.63769215
2553.75 0.65219277
2557.5 0.65592688
2561.25 0.66693294
2565.0 0.68847549
2568.75 0.71638453
2572.5 0.68247640
2576.25 0.65641248
2580.0 0.66004723
2583.75 0.64979243
2587.5 0.62596583
2591.25 0.63285887
2595.0 0.63456267
2598.75 0.61681908
2602.5 0.61252952
2606.25 0.59881151
2610.0 0.59022677
2613.75 0.60595614
2617.5 0.60413641
2621.25 0.59547466
2625.0 0.60702032
2628.75 0.59169257
2632.5 0.58207029
2636.25 0.58171928
2640.0 0.57182050
2643.75 0.56223750
2647.5 0.55129361
2651.25 0.55812389
2655.0 0.55666089
2658.75 0.54046708
2662.5 0.54511666
2666.25 0.55379105
2670.0 0.55736929
2673.75 0.54673243
2677.5 0.55662823
2681.25 0.57037759
2685.0 0.55956501
2688.75 0.57162815
2692.5 0.55513686
2696.25 0.55634069
2700.0 0.54799908
2703.75 0.55495667
2707.5 0.55811119
2711.25 0.54702908
2715.0 0.56207699
2718.75 0.55250609
2722.5 0.54749817
2726.25 0.55219716
2730.0 0.54013431
2733.75 0.54594469
2737.5 0.54149246
2741.25 0.54497927
2745.0 0.54846311
2748.75 0.54100204
2752.5 0.53625321
2756.25 0.53464198
2760.0 0.53207153
2763.75 0.52873617
2767.5 0.52898180
2771.25 0.53626549
2775.0 0.53537720
2778.75 0.53475964
2782.5 0.52441734
2786.25 0.52629483
2790.0 0.54832268
2793.75 0.61794758
2797.5 0.64183968
2801.25 0.54235917
2805.0 0.52306205
2808.75 0.52288109
2812.5 0.51659244
2816.25 0.53506172
2820.0 0.52002937
2823.75 0.50854445
2827.5 0.51199502
2831.25 0.50613582
2835.0 0.49940234
2838.75 0.49409923
2842.5 0.48793495
2846.25 0.46137571
2850.0 0.46880522
2853.75 0.45996451
2857.5 0.47999939
2861.25 0.47879547
2865.0 0.47361565
2868.75 0.46885639
2872.5 0.46534804
2876.25 0.47720036
2880.0 0.46740717
2883.75 0.47517899
2887.5 0.48236662
2891.25 0.49028507
2895.0 0.50973350
2898.75 0.54859966
2902.5 0.57142752
2906.25 0.51352626
2910.0 0.47985202
2913.75 0.49700433
2917.5 0.50094259
2921.25 0.47477677
2925.0 0.46458811
2928.75 0.46523622
2932.5 0.45703346
2936.25 0.45430005
2940.0 0.44583732
2943.75 0.43290168
2947.5 0.41856652
2951.25 0.41562468
2955.0 0.42824626
2958.75 0.44099644
2962.5 0.44223860
2966.25 0.44715601
2970.0 0.45815271
2973.75 0.45850745
2977.5 0.45565668
2981.25 0.44045842
2985.0 0.44228944
2988.75 0.43996325
2992.5 0.42168975
2996.25 0.42705074
3000.0 0.41271597
3003.75 0.41271800
3007.5 0.40555391
3011.25 0.41436753
3015.0 0.41961971
3018.75 0.41196111
3022.5 0.39900616
3026.25 0.39856347
3030.0 0.39670056
3033.75 0.39201373
3037.5 0.40391880
3041.25 0.39541596
3045.0 0.40555936
3048.75 0.41360876
3052.5 0.43880361
3056.25 0.43202674
3060.0 0.42947301
3063.75 0.44843525
3067.5 0.45469898
3071.25 0.47054780
3075.0 0.50035083
3078.75 0.48569724
3082.5 0.46141163
3086.25 0.45909691
3090.0 0.43856356
3093.75 0.42759237
3097.5 0.42313448
3101.25 0.41604513
3105.0 0.40215608
3108.75 0.38667837
3112.5 0.38217279
3116.25 0.38395545
3120.0 0.39457279
3123.75 0.39140117
3127.5 0.38885564
3131.25 0.39741680
3135.0 0.38369378
3138.75 0.37883925
3142.5 0.38580695
3146.25 0.37696806
3150.0 0.37289470
3153.75 0.37230036
3157.5 0.37170741
3161.25 0.37339398
3165.0 0.37646571
3168.75 0.37473017
3172.5 0.37332082
3176.25 0.39417535
3180.0 0.39178711
3183.75 0.39774030
3187.5 0.39063609
3191.25 0.38121167
3195.0 0.37509644
3198.75 0.39189470
3202.5 0.39163813
3206.25 0.38882673
3210.0 0.40678585
3213.75 0.39597520
3217.5 0.40876916
3221.25 0.43100691
3225.0 0.42355379
3228.75 0.43221569
3232.5 0.44013128
3236.25 0.45813948
3240.0 0.48718345
3243.75 0.49255648
3247.5 0.51981866
3251.25 0.56264138
3255.0 0.58348954
3258.75 0.58597583
3262.5 0.54486626
3266.25 0.53514171
3270.0 0.52978390
3273.75 0.50407994
3277.5 0.48127308
3281.25 0.44076002
3285.0 0.43156826
3288.75 0.41439593
3292.5 0.40603176
3296.25 0.41632918
3300.0 0.40497911
3303.75 0.39809370
3307.5 0.39850330
3311.25 0.38919502
3315.0 0.38645434
3318.75 0.38444722
3322.5 0.36071923
3326.25 0.37306783
3330.0 0.37115774
3333.75 0.38062125
3337.5 0.37237370
3341.25 0.37074903
3345.0 0.38745108
3348.75 0.39305493
3352.5 0.40789238
3356.25 0.40198818
3360.0 0.39892852
3363.75 0.38396469
3367.5 0.40510723
3371.25 0.40601027
3375.0 0.40851146
3378.75 0.40558109
3382.5 0.42084581
3386.25 0.43876851
3390.0 0.43561178
3393.75 0.41774842
3397.5 0.40786934
3401.25 0.39798358
3405.0 0.40075085
3408.75 0.43023953
3412.5 0.41854247
3416.25 0.41342974
3420.0 0.42944485
3423.75 0.42583120
3427.5 0.39434689
3431.25 0.41559282
3435.0 0.43209738
3438.75 0.41350231
3442.5 0.40560162
3446.25 0.41199309
3450.0 0.39659753
3453.75 0.38735071
3457.5 0.38859880
3461.25 0.40096208
3465.0 0.41549334
3468.75 0.41522214
3472.5 0.40690389
3476.25 0.41194156
3480.0 0.39963871
3483.75 0.40625176
3487.5 0.39393792
3491.25 0.41455421
3495.0 0.39014557
3498.75 0.40277585
3502.5 0.38596919
3506.25 0.38954201
3510.0 0.39252725
3513.75 0.40541565
3517.5 0.36973220
3521.25 0.36890140
3525.0 0.34679490
3528.75 0.34237847
3532.5 0.33755317
3536.25 0.34576717
3540.0 0.34459674
3543.75 0.34352773
3547.5 0.33732623
3551.25 0.34239888
3555.0 0.34587860
3558.75 0.33857450
3562.5 0.32717633
3566.25 0.33004898
3570.0 0.33134955
3573.75 0.32957795
3577.5 0.33466724
3581.25 0.33887321
3585.0 0.34493747
3588.75 0.34358725
3592.5 0.34083751
3596.25 0.34742391
3600.0 0.35734540
3603.75 0.35752770
3607.5 0.36076212
3611.25 0.37421858
3615.0 0.39622259
3618.75 0.39801961
3622.5 0.42774224
3626.25 0.43162915
3630.0 0.44600260
3633.75 0.47925898
3637.5 0.49891993
3641.25 0.55811620
3645.0 0.60869640
3648.75 0.58938092
3652.5 0.54968619
3656.25 0.51039308
3660.0 0.48275238
3663.75 0.45869434
3667.5 0.42835414
3671.25 0.42065781
3675.0 0.41643605
3678.75 0.40188983
3682.5 0.37943402
3686.25 0.39070573
3690.0 0.37791541
3693.75 0.37207416
3697.5 0.36574608
3701.25 0.35585925
3705.0 0.35193405
3708.75 0.36104187
3712.5 0.36107308
3716.25 0.42601156
3720.0 0.46563697
3723.75 0.38917556
3727.5 0.34559870
3731.25 0.33640936
3735.0 0.33354479
3738.75 0.32530224
3742.5 0.34641451
3746.25 0.37840557
3750.0 0.45979998
3753.75 0.64770317
3757.5 0.64612013
3761.25 0.43443277
3765.0 0.36567673
3768.75 0.34373534
3772.5 0.33425188
3776.25 0.32632706
3780.0 0.32001847
3783.75 0.32018444
3787.5 0.31787655
3791.25 0.31828409
3795.0 0.31780872
3798.75 0.31257874
3802.5 0.30906019
3806.25 0.30901250
3810.0 0.29715434
3813.75 0.29100403
3817.5 0.30375060
3821.25 0.30097902
3825.0 0.30467752
3828.75 0.29235607
3832.5 0.29470322
3836.25 0.29055071
3840.0 0.30065227
3843.75 0.29533121
3847.5 0.28768653
3851.25 0.29424360
3855.0 0.29237118
3858.75 0.30123952
3862.5 0.30276468
3866.25 0.31485707
3870.0 0.32162550
3873.75 0.31705779
3877.5 0.30785519
3881.25 0.32135990
3885.0 0.30802718
3888.75 0.30035427
3892.5 0.30091882
3896.25 0.31786054
3900.0 0.31188235
3903.75 0.29542303
3907.5 0.29926369
3911.25 0.30198172
3915.0 0.30701739
3918.75 0.30200318
3922.5 0.30483478
3926.25 0.30360371
3930.0 0.30524108
3933.75 0.29406708
3937.5 0.29901591
3941.25 0.30868745
3945.0 0.29381642
3948.75 0.30208290
3952.5 0.30326721
3956.25 0.30100819
3960.0 0.30140409
3963.75 0.30354148
3967.5 0.30152559
3971.25 0.31308359
3975.0 0.29884216
3978.75 0.29252169
3982.5 0.31983992
3986.25 0.29852131
3990.0 0.31237006
3993.75 0.30444065
3997.5 0.29533857
4001.25 0.29112059
4005.0 0.28777626
4008.75 0.29636005
4012.5 0.28083128
4016.25 0.28327695
4020.0 0.28612435
4023.75 0.28298736
4027.5 0.26966381
4031.25 0.27456975
4035.0 0.28115228
4038.75 0.28051794
4042.5 0.27194893
4046.25 0.27290949
4050.0 0.27057406
4053.75 0.26529735
4057.5 0.27055213
4061.25 0.27601248
4065.0 0.27411255
4068.75 0.26737997
4072.5 0.26345229
4076.25 0.25948155
4080.0 0.26844171
4083.75 0.25878286
4087.5 0.27622864
4091.25 0.26032671
4095.0 0.26147005
4098.75 0.25739384
4102.5 0.25704834
4106.25 0.25670350
4110.0 0.25635934
4113.75 0.26218486
4117.5 0.26328233
4121.25 0.26929200
4125.0 0.26267812
4128.75 0.26341859
4132.5 0.25430894
4136.25 0.25396952
4140.0 0.26115748
4143.75 0.26884064
4147.5 0.26425421
4151.25 0.25776508
4155.0 0.26786569
4158.75 0.27211544
4162.5 0.25842512
4166.25 0.26131168
4170.0 0.25094551
4173.75 0.25061283
4177.5 0.25561577
4181.25 0.25136578
4185.0 0.27475893
4188.75 0.26226810
4192.5 0.25508267
4196.25 0.28475904
4200.0 0.28094125
4203.75 0.26822445
4207.5 0.26329568
4211.25 0.25134113
4215.0 0.25097004
4218.75 0.24667156
4222.5 0.25471833
4226.25 0.24602367
4230.0 0.24719463
4233.75 0.24537839
4237.5 0.24735253
4241.25 0.24473555
4245.0 0.24607249
4248.75 0.24514668
4252.5 0.24377605
4256.25 0.25224248
4260.0 0.24849066
4263.75 0.24282233
4267.5 0.24250560
4271.25 0.24218953
4275.0 0.24187407
4278.75 0.24155921
4282.5 0.24124502
4286.25 0.24093138
4290.0 0.24587619
4293.75 0.24030598
4297.5 0.24069083
4301.25 0.23968299
4305.0 0.24075456
4308.75 0.23914275
4312.5 0.23875296
4316.25 0.24106176
4320.0 0.24441756
4323.75 0.24557908
4327.5 0.24328630
4331.25 0.24286816
4335.0 0.24216494
4338.75 0.23882085
4342.5 0.24078648
4346.25 0.23920925
4350.0 0.23874500
4353.75 0.24405830
4357.5 0.25474823
4361.25 0.24224782
4365.0 0.25064731
4368.75 0.24579960
4372.5 0.25339788
4376.25 0.24745752
4380.0 0.25548539
4383.75 0.25140661
4387.5 0.25255096
4391.25 0.25989544
4395.0 0.25359288
4398.75 0.25843790
4402.5 0.26696363
4406.25 0.28743529
4410.0 0.28086156
4413.75 0.27544299
4417.5 0.27694172
4421.25 0.25253251
4425.0 0.24830285
4428.75 0.25986716
4432.5 0.25527242
4436.25 0.24638939
4440.0 0.24772976
4443.75 0.24909595
4447.5 0.24942565
4451.25 0.24503702
4455.0 0.24987721
4458.75 0.25501913
4462.5 0.23933294
4466.25 0.24189425
4470.0 0.24023530
4473.75 0.24794810
4477.5 0.23391913
4481.25 0.23643452
4485.0 0.23579940
4488.75 0.23496336
4492.5 0.23666146
4496.25 0.23620124
4500.0 0.23563334
4503.75 0.23777844
4507.5 0.23394489
4511.25 0.23200688
4515.0 0.22794741
4518.75 0.22777283
4522.5 0.22407129
4526.25 0.22843656
4530.0 0.22894342
4533.75 0.23159288
4537.5 0.23348261
4541.25 0.22460032
4545.0 0.22944094
4548.75 0.23634583
4552.5 0.23360427
4556.25 0.23594789
4560.0 0.24026756
4563.75 0.23634702
4567.5 0.23811525
4571.25 0.23342384
4575.0 0.24517301
4578.75 0.22545061
4582.5 0.21797006
4586.25 0.22129104
4590.0 0.21835193
4593.75 0.21955018
4597.5 0.21987398
4601.25 0.22421165
4605.0 0.22837712
4608.75 0.21802549
4612.5 0.22417405
4616.25 0.23025753
4620.0 0.22179294
4623.75 0.21811113
4627.5 0.21477360
4631.25 0.21451047
4635.0 0.21543726
4638.75 0.22817443
4642.5 0.21741378
4646.25 0.21871452
4650.0 0.21320210
4653.75 0.21375522
4657.5 0.21358943
4661.25 0.21708116
4665.0 0.21490894
4668.75 0.21982862
4672.5 0.22058499
4676.25 0.21559663
4680.0 0.21413204
4683.75 0.21382934
4687.5 0.22001548
4691.25 0.21866052
4695.0 0.21406345
4698.75 0.21252793
4702.5 0.21090937
4706.25 0.20991020
4710.0 0.21166736
4713.75 0.21353567
4717.5 0.22060955
4721.25 0.22366129
4725.0 0.22791308
4728.75 0.23517992
4732.5 0.22579758
4736.25 0.21475218
4740.0 0.21547325
4743.75 0.21326756
4747.5 0.20996127
4751.25 0.21325609
4755.0 0.21962214
4758.75 0.22195360
4762.5 0.21506655
4766.25 0.21676297
4770.0 0.22002628
4773.75 0.22402091
4777.5 0.22744085
4781.25 0.21625446
4785.0 0.21841650
4788.75 0.22249083
4792.5 0.22317673
4796.25 0.21845241
4800.0 0.21808481
4803.75 0.22134359
4807.5 0.22116150
4811.25 0.21877162
4815.0 0.22416522
4818.75 0.22189049
4822.5 0.22504383
4826.25 0.23045130
4830.0 0.22725315
4833.75 0.23389028
4837.5 0.23016438
4841.25 0.24581721
4845.0 0.24765645
4848.75 0.25416109
4852.5 0.26133609
4856.25 0.26029742
4860.0 0.26563627
4863.75 0.28055900
4867.5 0.28213701
4871.25 0.29445052
4875.0 0.30807471
4878.75 0.32700536
4882.5 0.34892425
4886.25 0.37537226
4890.0 0.41179961
4893.75 0.45729962
4897.5 0.51298940
4901.25 0.57861090
4905.0 0.67843080
4908.75 0.79716337
4912.5 0.94671863
4916.25 1.0975585
4920.0 1.2911417
4923.75 1.3269655
4927.5 1.1348597
4931.25 0.94461393
4935.0 0.85945559
4938.75 0.80954254
4942.5 0.70109147
4946.25 0.59149003
4950.0 0.53289825
4953.75 0.48610285
4957.5 0.44331455
4961.25 0.41071153
4965.0 0.39077556
4968.75 0.36589813
4972.5 0.34069273
4976.25 0.31975120
4980.0 0.29871213
4983.75 0.28072390
4987.5 0.27504560
4991.25 0.26940951
4995.0 0.25587597
4998.75 0.25423768
5002.5 0.24948138
5006.25 0.24977680
5010.0 0.25418964
5013.75 0.25348991
5017.5 0.24822362
5021.25 0.24018539
5025.0 0.25219226
5028.75 0.25868458
5032.5 0.26396534
5036.25 0.29070106
5040.0 0.28920966
5043.75 0.26962906
5047.5 0.27235574
5051.25 0.27565694
5055.0 0.26774827
5058.75 0.24711047
5062.5 0.22701903
5066.25 0.22479990
5070.0 0.21911600
5073.75 0.21247597
5077.5 0.21115591
5081.25 0.20527805
5085.0 0.19624434
5088.75 0.19516288
5092.5 0.19612919
5096.25 0.19579339
5100.0 0.18667494
5103.75 0.18493627
5107.5 0.18472792
5111.25 0.19065052
5115.0 0.19816449
5118.75 0.19032302
5122.5 0.18756248
5126.25 0.18702050
5130.0 0.18348236
5133.75 0.18327613
5137.5 0.18307029
5141.25 0.19543682
5145.0 0.18799807
5148.75 0.18934581
5152.5 0.18225050
5156.25 0.18204643
5160.0 0.18536641
5163.75 0.19131090
5167.5 0.18982223
5171.25 0.18535869
5175.0 0.18723063
5178.75 0.18740121
5182.5 0.18601057
5186.25 0.18042715
5190.0 0.18022633
5193.75 0.18002588
5197.5 0.18149145
5201.25 0.17962606
5205.0 0.17942666
5208.75 0.17922764
5212.5 0.18346757
5216.25 0.17883064
5220.0 0.17863266
5223.75 0.17843504
5227.5 0.18089290
5231.25 0.17804082
5235.0 0.17784424
5238.75 0.17764801
5242.5 0.17745210
5246.25 0.18224597
5250.0 0.17812467
5253.75 0.18794660
5257.5 0.17800905
5261.25 0.17800680
5265.0 0.17628406
5268.75 0.17609057
5272.5 0.18866250
5276.25 0.19575658
5280.0 0.18896480
5283.75 0.20301801
5287.5 0.18771929
5291.25 0.21122919
5295.0 0.19884259
5298.75 0.18373762
5302.5 0.20449083
5306.25 0.19049904
5310.0 0.18579102
5313.75 0.18734476
5317.5 0.18142699
5321.25 0.17886648
5325.0 0.17322901
5328.75 0.17304090
5332.5 0.17552790
5336.25 0.18211101
5340.0 0.17247859
5343.75 0.17229183
5347.5 0.17210540
5351.25 0.17191929
5355.0 0.18907905
5358.75 0.17563611
5362.5 0.17136288
5366.25 0.17117809
5370.0 0.17406736
5373.75 0.17289260
5377.5 0.17062555
5381.25 0.17044212
5385.0 0.17527983
5388.75 0.18071797
5392.5 0.19072975
5396.25 0.16971122
5400.0 0.18776031
5403.75 0.16983706
5407.5 0.17783675
5411.25 0.16898547
5415.0 0.18042350
5418.75 0.17568088
5422.5 0.17532362
5426.25 0.17880526
5430.0 0.18714234
5433.75 0.17828734
5437.5 0.16772769
5441.25 0.17902820
5445.0 0.19819690
5448.75 0.16719335
5452.5 0.16701587
5456.25 0.16731822
5460.0 0.16666180
5463.75 0.16648525
5467.5 0.16630897
5471.25 0.18259053
5475.0 0.17786181
5478.75 0.16578209
5482.5 0.16560709
5486.25 0.17448612
5490.0 0.18671966
5493.75 0.16508386
5497.5 0.16646458
5501.25 0.20346737
5505.0 0.17497255
5508.75 0.17345893
5512.5 0.16421792
5516.25 0.18659973
5520.0 0.19942690
5523.75 0.19049935
5527.5 0.20952886
5531.25 0.20512377
5535.0 0.21617189
5538.75 0.18788642
5542.5 0.19494925
5546.25 0.24008752
5550.0 0.21532898
5553.75 0.20663802
5557.5 0.18703064
5561.25 0.18073219
5565.0 0.22339718
5568.75 0.21308172
5572.5 0.20613472
5576.25 0.19199294
5580.0 0.17178221
5583.75 0.19412671
5587.5 0.16082911
5591.25 0.16066276
5595.0 0.16049667
5598.75 0.16033095
5602.5 0.16016550
5606.25 0.16000028
5610.0 0.15983544
5613.75 0.15967080
5617.5 0.15950648
5621.25 0.15934244
5625.0 0.15917872
5628.75 0.15901527
5632.5 0.15885210
5636.25 0.15868922
5640.0 0.15852664
5643.75 0.15836434
5647.5 0.15820231
5651.25 0.15804057
5655.0 0.15787910
5658.75 0.15771794
5662.5 0.15755704
5666.25 0.15739642
5670.0 0.15723613
5673.75 0.15707608
5677.5 0.15691628
5681.25 0.15675677
5685.0 0.15659758
5688.75 0.15643866
5692.5 0.15627998
5696.25 0.15612161
5700.0 0.15596355
5703.75 0.15580574
5707.5 0.15564819
5711.25 0.15549091
5715.0 0.15533392
5718.75 0.15517719
5722.5 0.15502077
5726.25 0.15486464
5730.0 0.15470876
5733.75 0.15455310
5737.5 0.15439776
5741.25 0.15424271
5745.0 0.15408789
5748.75 0.15393338
5752.5 0.15377909
5756.25 0.15362513
5760.0 0.15347141
5763.75 0.15331797
5767.5 0.15316480
5771.25 0.15301192
5775.0 0.15285924
5778.75 0.15270688
5782.5 0.15255481
5786.25 0.15240294
5790.0 0.15225141
5793.75 0.15210007
5797.5 0.15194900
5801.25 0.15179828
5805.0 0.15164787
5808.75 0.15149754
5812.5 0.15134753
5816.25 0.15119787
5820.0 0.15104842
5823.75 0.15089916
5827.5 0.15075019
5831.25 0.15060171
5835.0 0.15045317
5838.75 0.15030506
5842.5 0.15015727
5846.25 0.15000965
5850.0 0.14986229
5853.75 0.14971519
5857.5 0.14956826
5861.25 0.14942181
5865.0 0.14927545
5868.75 0.14912938
5872.5 0.14898348
5876.25 0.14883795
5880.0 0.14869267
5883.75 0.14854759
5887.5 0.14840281
5891.25 0.14825834
5895.0 0.14811413
5898.75 0.14797013
5902.5 0.14782633
5906.25 0.14768283
5910.0 0.14753962
5913.75 0.14739653
5917.5 0.14725378
5921.25 0.14711140
5925.0 0.14696904
5928.75 0.14682710
5932.5 0.14668542
5936.25 0.14654391
5940.0 0.14640267
5943.75 0.14626168
5947.5 0.14612083
5951.25 0.14598045
5955.0 0.14584015
5958.75 0.14570017
5962.5 0.14556041
5966.25 0.14542095
5970.0 0.14528166
5973.75 0.14514275
5977.5 0.14500402
5981.25 0.14486553
5985.0 0.14472717
5988.75 0.14458920
5992.5 0.14445141
5996.25 0.14431386
6000.0 0.14417657
