300.0 0.0
440.0 0.0000000
444.4 0.0000000
448.8 0.0000000
453.2 0.0000000
457.6 0.0000000
462.0 0.0000000
466.4 0.0000000
470.8 0.0000000
475.2 0.0000000
479.6 0.0000000
484.0 0.0000000
488.4 0.0000000
492.8 0.0000000
497.2 0.0000000
501.6 0.0000000
506.0 0.0000000
510.4 0.0000000
514.8 0.0000000
519.2 0.0000000
523.6 0.0000000
528.0 0.0000000
532.4 0.0000000
536.8 0.0000000
541.2 0.0000000
545.6 0.0000000
550.0 0.0000000
554.4 0.0000000
558.8 0.0000000
563.2 0.0000000
567.6 0.0000000
572.0 0.0000000
576.4 0.0000000
580.8 0.0000000
585.2 0.0000000
589.6 0.0000000
594.0 0.0000000
598.4 0.0000000
602.8 0.0000000
607.2 0.0000000
611.6 0.0000000
616.0 0.0000000
620.4 0.0000000
624.8 0.0000000
629.2 0.0000000
633.6 0.0000000
638.0 0.0000000
642.4 0.0000000
646.8 0.0000000
651.2 0.0000000
655.6 0.0000000
660.0 0.0000000
664.4 0.0000000
668.8 0.0000000
673.2 0.0000000
677.6 0.0000000
682.0 0.0000000
686.4 0.0000000
690.8 0.0000000
695.2 0.0000000
699.6 0.0000000
704.0 0.0000000
708.4 0.0000000
712.8 0.0000000
717.2 0.0000000
721.6 0.0000000
726.0 0.0000000
730.4 0.0000000
734.8 0.0000000
739.2 0.0000000
743.6 0.0000000
748.0 0.0000000
752.4 0.0000000
756.8 0.0000000
761.2 0.0000000
765.6 0.0000000
770.0 0.0000000
774.4 0.0000000
778.8 0.0000000
783.2 0.0000000
787.6 0.0000000
792.0 0.0000000
796.4 0.0000000
800.8 0.0000000
805.2 2.89418404E-06
809.6 1.79429344E-06
814.0 1.09300561E-06
818.4 6.53812208E-07
822.8 3.83885748E-07
827.2 2.21090218E-07
831.6 1.24836603E-07
836.0 6.90720725E-08
840.4 3.74163385E-08
844.8 1.98368664E-08
849.2 1.02869935E-08
853.6 5.21256593E-09
858.0 1.20305424E-06
862.4 7.39135430E-07
866.8 4.46582249E-07
871.2 2.65277293E-07
875.6 1.54760812E-07
880.0 9.72558993E-08
884.4 5.73125334E-08
888.8 3.16055768E-08
893.2 1.84147826E-08
897.6 1.07401359E-08
902.0 6.23366780E-09
906.4 4.08301770E-04
910.8 3.25472123E-04
915.2 2.14224681E-04
919.6 1.37619747E-04
924.0 9.86918167E-05
928.4 7.27323350E-05
932.8 5.47328200E-05
937.2 4.13334346E-05
941.6 2.96459784E-05
946.0 1.95160264E-05
950.4 1.42065537E-05
954.8 9.07182130E-06
959.2 5.82965686E-06
963.6 3.76599519E-06
968.0 2.50733410E-06
972.4 1.73821206E-06
976.8 1.12492455E-06
981.2 7.65244465E-07
985.6 5.18809543E-07
990.0 3.27854764E-07
994.4 1.87541772E-07
998.8 1.14897894E-07
1003.2 6.54194636E-08
1007.6 4.06051228E-08
1012.0 2.37622846E-08
1016.4 1.27978179E-08
1020.8 7.90632093E-09
1025.2 6.36155484E-09
1029.6 6.02007777E-09
1034.0 6.24469010E-09
1038.4 6.56268284E-09
1042.8 7.30200700E-09
1047.2 8.17926438E-09
1051.6 9.39236511E-09
1056.0 1.10922951E-08
1060.4 1.37853693E-08
1064.8 1.77810708E-08
1069.2 2.51140975E-08
1073.6 1.3700882
1078.0 1.1116948
1082.4 1.0401878
1086.8 1.0430291
1091.2 0.98012924
1095.6 0.78708082
1100.0 0.68165928
1104.4 0.64301038
1108.8 0.61720014
1113.2 0.57885426
1117.6 0.53013283
1122.0 0.49813703
1126.4 0.48806810
1130.8 0.49077395
1135.2 0.50014442
1139.6 0.50496018
1144.0 0.54466265
1148.4 0.55474532
1152.8 0.53236026
1157.2 0.48644096
1161.6 0.49091935
1166.0 0.48777601
1170.4 0.50079608
1174.8 0.51075548
1179.2 0.50583601
1183.6 0.48891264
1188.0 0.48365858
1192.4 0.50029463
1196.8 0.49845082
1201.2 0.50804245
1205.6 0.50272942
1210.0 0.51575589
1214.4 0.54658312
1218.8 0.57865667
1223.2 0.62265831
1227.6 0.63568687
1232.0 0.64626783
1236.4 0.58909923
1240.8 0.55134600
1245.2 0.52349287
1249.6 0.51200145
1254.0 0.51089847
1258.4 0.48894024
1262.8 0.48385310
1267.2 0.48205855
1271.6 0.47955379
1276.0 0.48924556
1280.4 0.48561892
1284.8 0.47631970
1289.2 0.49167198
1293.6 0.48421460
1298.0 0.49281487
1302.4 0.50566465
1306.8 0.51420391
1311.2 0.52780628
1315.6 0.52811527
1320.0 0.54596305
1324.4 0.55917370
1328.8 0.57391149
1333.2 0.59677327
1337.6 0.64249974
1342.0 0.70351267
1346.4 0.77356094
1350.8 0.86246085
1355.2 0.97289592
1359.6 1.0391926
1364.0 0.94492900
1368.4 0.80300653
1372.8 0.69511676
1377.2 0.63909787
1381.6 0.61131835
1386.0 0.59573084
1390.4 0.56844544
1394.8 0.56728715
1399.2 0.55104446
1403.6 0.56269813
1408.0 0.56499165
1412.4 0.56377649
1416.8 0.57068640
1421.2 0.56428206
1425.6 0.57352185
1430.0 0.58219099
1434.4 0.58383495
1438.8 0.59708583
1443.2 0.57469600
1447.6 0.57143587
1452.0 0.56464684
1456.4 0.57453287
1460.8 0.57775664
1465.2 0.57015300
1469.6 0.54190218
1474.0 0.52499962
1478.4 0.51820201
1482.8 0.50922650
1487.2 0.51063806
1491.6 0.50983590
1496.0 0.50943631
1500.4 0.51804495
1504.8 0.51699293
1509.2 0.52586621
1513.6 0.52888817
1518.0 0.52850300
1522.4 0.52300006
1526.8 0.53019458
1531.2 0.53314072
1535.6 0.54816997
1540.0 0.53994256
1544.4 0.53182715
1548.8 0.50898868
1553.2 0.51721358
1557.6 0.52016848
1562.0 0.51384330
1566.4 0.53183490
1570.8 0.53751546
1575.2 0.52399784
1579.6 0.51567686
1584.0 0.51696879
1588.4 0.51758271
1592.8 0.51795763
1597.2 0.52516681
1601.6 0.51659673
1606.0 0.51557094
1610.4 0.52277946
1614.8 0.52280277
1619.2 0.53638005
1623.6 0.53469831
1628.0 0.56993771
1632.4 0.56865108
1636.8 0.57511783
1641.2 0.56708127
1645.6 0.56899089
1650.0 0.57490164
1654.4 0.60117990
1658.8 0.64762276
1663.2 0.68997777
1667.6 0.72471738
1672.0 0.73853934
1676.4 0.77823830
1680.8 0.74515247
1685.2 0.68211299
1689.6 0.62465066
1694.0 0.58665061
1698.4 0.56918901
1702.8 0.55136156
1707.2 0.53460234
1711.6 0.52186012
1716.0 0.51862448
1720.4 0.50001705
1724.8 0.49303839
1729.2 0.49001619
1733.6 0.49564674
1738.0 0.49861711
1742.4 0.48796979
1746.8 0.49081036
1751.2 0.49424583
1755.6 0.49921840
1760.0 0.48767149
1764.4 0.49381474
1768.8 0.50618088
1773.2 0.47958145
1777.6 0.49308580
1782.0 0.49706852
1786.4 0.49440363
1790.8 0.49944109
1795.2 0.49233386
1799.6 0.48660576
1804.0 0.50093371
1808.4 0.52203459
1812.8 0.51252449
1817.2 0.52624720
1821.6 0.52266186
1826.0 0.52490604
1830.4 0.52278405
1834.8 0.53034920
1839.2 0.52966428
1843.6 0.52916425
1848.0 0.51309425
1852.4 0.50558639
1856.8 0.51297015
1861.2 0.52110702
1865.6 0.49987549
1870.0 0.52484804
1874.4 0.50740004
1878.8 0.52034158
1883.2 0.51639557
1887.6 0.52771956
1892.0 0.50357258
1896.4 0.51180393
1900.8 0.51209176
1905.2 0.52182156
1909.6 0.49673793
1914.0 0.50330335
1918.4 0.51363391
1922.8 0.49152866
1927.2 0.50139505
1931.6 0.48694047
1936.0 0.47405553
1940.4 0.47413811
1944.8 0.47421604
1949.2 0.47790176
1953.6 0.48137265
1958.0 0.48265257
1962.4 0.47646600
1966.8 0.47453457
1971.2 0.47458422
1975.6 0.47462982
1980.0 0.48108941
1984.4 0.48075771
1988.8 0.48830101
1993.2 0.49170566
1997.6 0.49196663
2002.0 0.49600059
2006.4 0.50102419
2010.8 0.51054531
2015.2 0.52245319
2019.6 0.51883996
2024.0 0.53300613
2028.4 0.53958011
2032.8 0.54456735
2037.2 0.54804045
2041.6 0.55239028
2046.0 0.55978203
2050.4 0.56307429
2054.8 0.55590957
2059.2 0.55143946
2063.6 0.53951311
2068.0 0.53857189
2072.4 0.52857149
2076.8 0.53668064
2081.2 0.53046703
2085.6 0.52742463
2090.0 0.52926075
2094.4 0.52635878
2098.8 0.52795768
2103.2 0.52947712
2107.6 0.53590900
2112.0 0.54882216
2116.4 0.54076874
2120.8 0.56057739
2125.2 0.57478005
2129.6 0.59217167
2134.0 0.59077418
2138.4 0.57434332
2142.8 0.57180214
2147.2 0.57395381
2151.6 0.56123608
2156.0 0.55109686
2160.4 0.54828489
2164.8 0.54645389
2169.2 0.55722874
2173.6 0.56888604
2178.0 0.57145572
2182.4 0.56807142
2186.8 0.56983232
2191.2 0.56657654
2195.6 0.56977081
2200.0 0.56429791
2204.4 0.56227630
2208.8 0.56325513
2213.2 0.56098503
2217.6 0.55422682
2222.0 0.54654151
2226.4 0.55197221
2230.8 0.55413204
2235.2 0.55470663
2239.6 0.54967153
2244.0 0.54572833
2248.4 0.54462314
2252.8 0.54223973
2257.2 0.54046166
2261.6 0.53615505
2266.0 0.52924621
2270.4 0.53224778
2274.8 0.53261703
2279.2 0.52704614
2283.6 0.51356971
2288.0 0.52708977
2292.4 0.52974874
2296.8 0.52684987
2301.2 0.52715033
2305.6 0.53200275
2310.0 0.52248698
2314.4 0.52298021
2318.8 0.51307642
2323.2 0.50534254
2327.6 0.48588100
2332.0 0.48392743
2336.4 0.48340106
2340.8 0.47895119
2345.2 0.49225786
2349.6 0.49972346
2354.0 0.50109458
2358.4 0.49063888
2362.8 0.49594221
2367.2 0.49840820
2371.6 0.50541180
2376.0 0.50578231
2380.4 0.51779759
2384.8 0.53315181
2389.2 0.53815114
2393.6 0.53156149
2398.0 0.54816180
2402.4 0.55579340
2406.8 0.55558145
2411.2 0.55877310
2415.6 0.58172846
2420.0 0.59635478
2424.4 0.59361804
2428.8 0.60526621
2433.2 0.59183502
2437.6 0.60699439
2442.0 0.62815505
2446.4 0.68089455
2450.8 0.74269468
2455.2 0.83864069
2459.6 0.93658108
2464.0 0.96705127
2468.4 0.91842008
2472.8 0.81391442
2477.2 0.72452080
2481.6 0.66910040
2486.0 0.64185286
2490.4 0.62043077
2494.8 0.60390878
2499.2 0.59095645
2503.6 0.57853121
2508.0 0.57474858
2512.4 0.56342202
2516.8 0.55363369
2521.2 0.54238862
2525.6 0.53614700
2530.0 0.53478229
2534.4 0.51972896
2538.8 0.52098322
2543.2 0.50827926
2547.6 0.50520563
2552.0 0.50488669
2556.4 0.48428869
2560.8 0.49178302
2565.2 0.49169374
2569.6 0.49914378
2574.0 0.51308072
2578.4 0.51813567
2582.8 0.52015752
2587.2 0.51998806
2591.6 0.52385652
2596.0 0.51696157
2600.4 0.51849324
2604.8 0.52562410
2609.2 0.51812178
2613.6 0.52013218
2618.0 0.51104540
2622.4 0.51437855
2626.8 0.50222820
2631.2 0.49402690
2635.6 0.48541319
2640.0 0.48125497
2644.4 0.46995434
2648.8 0.46543762
2653.2 0.45293167
2657.6 0.44441247
2662.0 0.44284087
2666.4 0.44726056
2670.8 0.44165355
2675.2 0.45132285
2679.6 0.45391726
2684.0 0.45558393
2688.4 0.45576134
2692.8 0.45638311
2697.2 0.46566969
2701.6 0.46108180
2706.0 0.47042289
2710.4 0.47014171
2714.8 0.46852177
2719.2 0.46365467
2723.6 0.46861091
2728.0 0.46553779
2732.4 0.47569057
2736.8 0.48799095
2741.2 0.48953763
2745.6 0.50936669
2750.0 0.51373875
2754.4 0.51377225
2758.8 0.50697929
2763.2 0.50673842
2767.6 0.48831066
2772.0 0.49937832
2776.4 0.49470490
2780.8 0.49401113
2785.2 0.50042915
2789.6 0.51386732
2794.0 0.51460725
2798.4 0.52129006
2802.8 0.52478474
2807.2 0.52910012
2811.6 0.52414507
2816.0 0.52692199
2820.4 0.51931542
2824.8 0.52541167
2829.2 0.51915574
2833.6 0.50396281
2838.0 0.50439286
2842.4 0.51081324
2846.8 0.49757087
2851.2 0.49702060
2855.6 0.49760830
2860.0 0.49752501
2864.4 0.50563711
2868.8 0.50362253
2873.2 0.49529156
2877.6 0.49452421
2882.0 0.50468361
2886.4 0.50393432
2890.8 0.50069529
2895.2 0.51007104
2899.6 0.49584004
2904.0 0.48989028
2908.4 0.48351261
2912.8 0.47903687
2917.2 0.47561717
2921.6 0.46599165
2926.0 0.46432284
2930.4 0.46997479
2934.8 0.47433063
2939.2 0.48060960
2943.6 0.49579307
2948.0 0.47910482
2952.4 0.47260928
2956.8 0.46986139
2961.2 0.46780029
2965.6 0.46252480
2970.0 0.47366950
2974.4 0.47211733
2978.8 0.47563431
2983.2 0.47136548
2987.6 0.47299305
2992.0 0.47342825
2996.4 0.48443726
3000.8 0.48745537
3005.2 0.49588224
3009.6 0.51215464
3014.0 0.53318089
3018.4 0.50819588
3022.8 0.48902902
3027.2 0.49197876
3031.6 0.48457292
3036.0 0.46703291
3040.4 0.47240606
3044.8 0.47390798
3049.2 0.46087962
3053.6 0.45789573
3058.0 0.44785631
3062.4 0.44164777
3066.8 0.45363432
3071.2 0.45248777
3075.6 0.44621253
3080.0 0.45507988
3084.4 0.44379839
3088.8 0.43678680
3093.2 0.43672851
3097.6 0.42949790
3102.0 0.42249736
3106.4 0.41446629
3110.8 0.41979617
3115.2 0.41888940
3119.6 0.40689126
3124.0 0.41058043
3128.4 0.41730505
3132.8 0.42019346
3137.2 0.41236222
3141.6 0.42001671
3146.0 0.43058664
3150.4 0.42261478
3154.8 0.43192008
3159.2 0.41964754
3163.6 0.42074564
3168.0 0.41462216
3172.4 0.42007324
3176.8 0.42264831
3181.2 0.41443920
3185.6 0.42602757
3190.0 0.41895732
3194.4 0.41534209
3198.8 0.41908970
3203.2 0.41011342
3207.6 0.41470528
3212.0 0.41150126
3216.4 0.41433007
3220.8 0.41715825
3225.2 0.41166013
3229.6 0.40822127
3234.0 0.40716833
3238.4 0.40538347
3242.8 0.40301305
3247.2 0.40337098
3251.6 0.40909755
3256.0 0.40859169
3260.4 0.40829161
3264.8 0.40056276
3269.2 0.40216437
3273.6 0.41917115
3278.0 0.47259250
3282.4 0.49106768
3286.8 0.41512677
3291.2 0.40052101
3295.6 0.40054667
3300.0 0.39589098
3304.4 0.41021219
3308.8 0.39884937
3313.2 0.39019877
3317.6 0.39300507
3322.0 0.38866410
3326.4 0.38364753
3330.8 0.37972572
3335.2 0.37513798
3339.6 0.35485983
3344.0 0.36071745
3348.4 0.35405511
3352.8 0.36962292
3357.2 0.36884111
3361.6 0.36499402
3366.0 0.36146784
3370.4 0.35890305
3374.8 0.36818767
3379.2 0.36077178
3383.6 0.36691248
3388.0 0.37260631
3392.4 0.37886885
3396.8 0.39404899
3401.2 0.42425692
3405.6 0.44207942
3410.0 0.39743596
3414.4 0.37151536
3418.8 0.38494083
3423.2 0.38813785
3427.6 0.36800262
3432.0 0.36024067
3436.4 0.36087820
3440.8 0.35464785
3445.2 0.35265815
3449.6 0.34621736
3454.0 0.33629677
3458.4 0.32528070
3462.8 0.32311353
3467.2 0.33304816
3471.6 0.34308967
3476.0 0.34418175
3480.4 0.34813580
3484.8 0.35682687
3489.2 0.35723260
3493.6 0.35513988
3498.0 0.34341800
3502.4 0.34496969
3506.8 0.34327850
3511.2 0.32913837
3515.6 0.33344153
3520.0 0.32236364
3524.4 0.32247961
3528.8 0.31699401
3533.2 0.32399723
3537.6 0.32821947
3542.0 0.32234213
3546.4 0.31231466
3550.8 0.31207716
3555.2 0.31072664
3559.6 0.30716214
3564.0 0.31660002
3568.4 0.31004238
3572.8 0.31810522
3577.2 0.32453024
3581.6 0.34441686
3586.0 0.33921373
3590.4 0.33732364
3594.8 0.35233700
3599.2 0.35737947
3603.6 0.36996123
3608.0 0.39352602
3612.4 0.38212961
3616.8 0.36314434
3621.2 0.36144358
3625.6 0.34539309
3630.0 0.33686474
3634.4 0.33346343
3638.8 0.32798502
3643.2 0.31714052
3647.6 0.30503526
3652.0 0.30157995
3656.4 0.30308601
3660.8 0.31156901
3665.2 0.30916536
3669.6 0.30725452
3674.0 0.31412098
3678.4 0.30337244
3682.8 0.29963079
3687.2 0.30523986
3691.6 0.29834256
3696.0 0.29521322
3700.4 0.29483682
3704.8 0.29446119
3709.2 0.29589126
3713.6 0.29841986
3718.0 0.29713818
3722.4 0.29611391
3726.8 0.31275389
3731.2 0.31095651
3735.6 0.31578025
3740.0 0.31023678
3744.4 0.30284646
3748.8 0.29808092
3753.2 0.31152651
3757.6 0.31141886
3762.0 0.30927855
3766.4 0.32366309
3770.8 0.31515816
3775.2 0.32544053
3779.6 0.34324980
3784.0 0.33741689
3788.4 0.34442171
3792.8 0.35083568
3797.2 0.36530069
3801.6 0.38857618
3806.0 0.39297983
3810.4 0.41485506
3814.8 0.44916514
3819.2 0.46594757
3823.6 0.46807232
3828.0 0.43536359
3832.4 0.42772013
3836.8 0.42356288
3841.2 0.40313134
3845.6 0.38500509
3850.0 0.35269916
3854.4 0.34544492
3858.8 0.33179629
3863.2 0.32519400
3867.6 0.33353814
3872.0 0.32453918
3876.4 0.31911358
3880.8 0.31953403
3885.2 0.31216007
3889.6 0.31005085
3894.0 0.30852881
3898.4 0.28956917
3902.8 0.29956737
3907.2 0.29811832
3911.6 0.30580616
3916.0 0.29926434
3920.4 0.29804271
3924.8 0.31155708
3929.2 0.31615198
3933.6 0.32817826
3938.0 0.32351834
3942.4 0.32114545
3946.8 0.30918515
3951.2 0.32630056
3955.6 0.32711846
3960.0 0.32922450
3964.4 0.32695287
3968.8 0.33935156
3973.2 0.35390058
3977.6 0.35145056
3982.0 0.33713037
3986.4 0.32924739
3990.8 0.32135448
3995.2 0.32367653
3999.6 0.34758773
4004.0 0.33822891
4008.4 0.33418715
4012.8 0.34722576
4017.2 0.34439611
4021.6 0.31901798
4026.0 0.33629504
4030.4 0.34974340
4034.8 0.33478111
4039.2 0.32847142
4043.6 0.33373550
4048.0 0.32134891
4052.4 0.31393903
4056.8 0.31503314
4061.2 0.32514095
4065.6 0.33701226
4070.0 0.33687994
4074.4 0.33021685
4078.8 0.33439171
4083.2 0.32448882
4087.6 0.32994333
4092.0 0.32002479
4096.4 0.33685935
4100.8 0.31710652
4105.2 0.32745597
4109.6 0.31387216
4114.0 0.31685814
4118.4 0.31936741
4122.8 0.32993719
4127.2 0.30097306
4131.6 0.30037248
4136.0 0.28244358
4140.4 0.27891663
4144.8 0.27505457
4149.2 0.28181803
4153.6 0.28093404
4158.0 0.28013214
4162.4 0.27514330
4166.8 0.27935001
4171.2 0.28225863
4175.6 0.27636608
4180.0 0.26712781
4184.4 0.26953933
4188.8 0.27066767
4193.2 0.26928622
4197.6 0.27351108
4202.0 0.27701575
4206.4 0.28204140
4210.8 0.28100538
4215.2 0.27882376
4219.6 0.28428021
4224.0 0.29246876
4228.4 0.29268819
4232.8 0.29540661
4237.2 0.30649847
4241.6 0.32459784
4246.0 0.32614747
4250.4 0.35058609
4254.8 0.35385552
4259.2 0.36572540
4263.6 0.39308846
4268.0 0.40931052
4272.4 0.45798212
4276.8 0.49960440
4281.2 0.48386353
4285.6 0.45138055
4290.0 0.41921195
4294.4 0.39660123
4298.8 0.37692371
4303.2 0.35207352
4307.6 0.34582734
4312.0 0.34243530
4316.4 0.33054972
4320.8 0.31215152
4325.2 0.32149789
4329.6 0.31104407
4334.0 0.30630606
4338.4 0.30116478
4342.8 0.29309011
4347.2 0.28992268
4351.6 0.29749277
4356.0 0.29758540
4360.4 0.35118449
4364.8 0.38393578
4369.2 0.32096213
4373.6 0.28508678
4378.0 0.27756816
4382.4 0.27526575
4386.8 0.26852289
4391.2 0.28601333
4395.6 0.31249532
4400.0 0.37979612
4404.4 0.53512216
4408.8 0.53393126
4413.2 0.35907871
4417.6 0.30231461
4422.0 0.28423694
4426.4 0.27645507
4430.8 0.26995909
4435.2 0.26479748
4439.6 0.26499200
4444.0 0.26313862
4448.4 0.26353264
4452.8 0.26319548
4457.2 0.25891966
4461.6 0.25605980
4466.0 0.25607485
4470.4 0.24630053
4474.8 0.24125394
4479.2 0.25187472
4483.6 0.24962921
4488.0 0.25275004
4492.4 0.24257961
4496.8 0.24457848
4501.2 0.24118277
4505.6 0.24962017
4510.0 0.24525350
4514.4 0.23895486
4518.8 0.24445197
4523.2 0.24294680
4527.6 0.25036776
4532.0 0.25168735
4536.4 0.26179367
4540.8 0.26747641
4545.2 0.26373181
4549.6 0.25612947
4554.0 0.26741979
4558.4 0.25637719
4562.8 0.25004178
4567.2 0.25056261
4571.6 0.26472294
4576.0 0.25979668
4580.4 0.24613585
4584.8 0.24938595
4589.2 0.25170156
4593.6 0.25595012
4598.0 0.25182036
4602.4 0.25423223
4606.8 0.25325599
4611.2 0.25467250
4615.6 0.24539840
4620.0 0.24957763
4624.4 0.25770104
4628.8 0.24533471
4633.2 0.25228685
4637.6 0.25332576
4642.0 0.25148803
4646.4 0.25186810
4650.8 0.25370371
4655.2 0.25206795
4659.6 0.26178110
4664.0 0.24992178
4668.4 0.24468337
4672.8 0.26758581
4677.2 0.24979833
4681.6 0.26143712
4686.0 0.25484964
4690.4 0.24727760
4694.8 0.24379268
4699.2 0.24103807
4703.6 0.24827510
4708.0 0.23531066
4712.4 0.23740497
4716.8 0.23983675
4721.2 0.23725212
4725.6 0.22612453
4730.0 0.23028170
4734.4 0.23584682
4738.8 0.23535886
4743.2 0.22821204
4747.6 0.22906092
4752.0 0.22714308
4756.4 0.22275482
4760.8 0.22720915
4765.2 0.23183770
4769.6 0.23028447
4774.0 0.22466984
4778.4 0.22141035
4782.8 0.21811338
4787.2 0.22568649
4791.6 0.21760586
4796.0 0.23231818
4800.4 0.21898405
4804.8 0.21998589
4809.2 0.21659572
4813.6 0.21634424
4818.0 0.21609315
4822.4 0.21584243
4826.8 0.22078705
4831.2 0.22175112
4835.6 0.22685358
4840.0 0.22132164
4844.4 0.22198527
4848.8 0.21434675
4853.2 0.21409883
4857.6 0.22019748
4862.0 0.22671589
4866.4 0.22288761
4870.8 0.21745273
4875.2 0.22601354
4879.6 0.22963978
4884.0 0.21812479
4888.4 0.22059990
4892.8 0.21188587
4897.2 0.21164195
4901.6 0.21590459
4906.0 0.21235183
4910.4 0.23215453
4914.8 0.22163898
4919.2 0.21560401
4923.6 0.24072903
4928.0 0.23754250
4932.4 0.22682916
4936.8 0.22269933
4941.2 0.21262446
4945.6 0.21234685
4950.0 0.20874551
4954.4 0.21559189
4958.8 0.20826821
4963.2 0.20929500
4967.6 0.20779245
4972.0 0.20949964
4976.4 0.20731816
4980.8 0.20848581
4985.2 0.20773639
4989.6 0.20660961
4994.0 0.21382107
4998.4 0.21067597
5002.8 0.20590460
5007.2 0.20567027
5011.6 0.20543641
5016.0 0.20520286
5020.4 0.20496972
5024.8 0.20473696
5029.2 0.20450455
5033.6 0.20873614
5038.0 0.20404087
5042.4 0.20440121
5046.8 0.20357867
5051.2 0.20452228
5055.6 0.20318618
5060.0 0.20288804
5064.4 0.20488337
5068.8 0.20776924
5073.2 0.20879044
5077.6 0.20687455
5082.0 0.20655231
5086.4 0.20598744
5090.8 0.20317563
5095.2 0.20488073
5099.6 0.20357133
5104.0 0.20320873
5108.4 0.20776431
5112.8 0.21689911
5117.2 0.20628874
5121.6 0.21347533
5126.0 0.20937972
5130.4 0.21588632
5134.8 0.21085861
5139.2 0.21773347
5143.6 0.21429108
5148.0 0.21530031
5152.4 0.22159623
5156.8 0.21625622
5161.2 0.22042231
5165.6 0.22772944
5170.0 0.24523066
5174.4 0.23965934
5178.8 0.23507211
5183.2 0.23638774
5187.6 0.21558622
5192.0 0.21200803
5196.4 0.22191612
5200.8 0.21802586
5205.2 0.21047121
5209.6 0.21164857
5214.0 0.21284829
5218.4 0.21316251
5222.8 0.20944381
5227.2 0.21361336
5231.6 0.21804212
5236.0 0.20466137
5240.4 0.20688289
5244.8 0.20549506
5249.2 0.21212444
5253.6 0.20015244
5258.0 0.20233512
5262.4 0.20182180
5266.8 0.20113628
5271.2 0.20262013
5275.6 0.20225625
5280.0 0.20179997
5284.4 0.20366728
5288.8 0.20041339
5293.2 0.19878252
5297.6 0.19533321
5302.0 0.19521239
5306.4 0.19206823
5310.8 0.19583878
5315.2 0.19630209
5319.6 0.19860286
5324.0 0.20025264
5328.4 0.19266260
5332.8 0.19684355
5337.2 0.20279689
5341.6 0.20047355
5346.0 0.20251410
5350.4 0.20625147
5354.8 0.20291524
5359.2 0.20446281
5363.6 0.20046324
5368.0 0.21058357
5372.4 0.19367139
5376.8 0.18727206
5381.2 0.19015247
5385.6 0.18765365
5390.0 0.18871029
5394.4 0.18901542
5398.8 0.19277164
5403.2 0.19638079
5407.6 0.18750592
5412.0 0.19282100
5416.4 0.19808151
5420.8 0.19082658
5425.2 0.18768513
5429.6 0.18483905
5434.0 0.18463838
5438.4 0.18546201
5442.8 0.19645432
5447.2 0.18721561
5451.6 0.18836181
5456.0 0.18363984
5460.4 0.18414174
5464.8 0.18402432
5469.2 0.18705849
5473.6 0.18521219
5478.0 0.18947807
5482.4 0.19015609
5486.8 0.18588130
5491.2 0.18464381
5495.6 0.18440793
5500.0 0.18976875
5504.4 0.18862569
5508.8 0.18468516
5513.2 0.18338522
5517.6 0.18201320
5522.0 0.18117538
5526.4 0.18271662
5530.8 0.18435420
5535.2 0.19048695
5539.6 0.19314791
5544.0 0.19684599
5548.4 0.20314942
5552.8 0.19507094
5557.2 0.18555333
5561.6 0.18620110
5566.0 0.18431951
5570.4 0.18148606
5574.8 0.18435840
5579.2 0.18988690
5583.6 0.19192798
5588.0 0.18599708
5592.4 0.18748884
5596.8 0.19033641
5601.2 0.19381738
5605.6 0.19680196
5610.0 0.18714692
5614.4 0.18904257
5618.8 0.19259404
5623.2 0.19321282
5627.6 0.18914732
5632.0 0.18885347
5636.4 0.19170022
5640.8 0.19156721
5645.2 0.18952155
5649.6 0.19421896
5654.0 0.19227281
5658.4 0.19503024
5662.8 0.19974203
5667.2 0.19699521
5671.6 0.20277449
5676.0 0.19956966
5680.4 0.21316890
5684.8 0.21479112
5689.2 0.22046046
5693.6 0.22671276
5698.0 0.22584020
5702.4 0.23050135
5706.8 0.24348092
5711.2 0.24488111
5715.6 0.25560069
5720.0 0.26746079
5724.4 0.28393126
5728.8 0.30300072
5733.2 0.32600838
5737.6 0.35768974
5742.0 0.39726046
5746.4 0.44569394
5750.8 0.50276917
5755.2 0.58957797
5759.6 0.69284576
5764.0 0.82293141
5768.4 0.95416570
5772.8 1.1225957
5777.2 1.1538842
5781.6 0.98695624
5786.0 0.82160503
5790.4 0.74762726
5794.8 0.70429438
5799.2 0.61001712
5803.6 0.51471573
5808.0 0.46378520
5812.4 0.42311001
5816.8 0.38591313
5821.2 0.35757470
5825.6 0.34025896
5830.0 0.31863576
5834.4 0.29672167
5838.8 0.27851629
5843.2 0.26022154
5847.6 0.24458036
5852.0 0.23966171
5856.4 0.23477860
5860.8 0.22301123
5865.2 0.22160965
5869.6 0.21748948
5874.0 0.21777275
5878.4 0.22164634
5882.8 0.22106227
5887.2 0.21649511
5891.6 0.20950896
5896.0 0.22000808
5900.4 0.22569831
5904.8 0.23033261
5909.2 0.25369143
5913.6 0.25241935
5918.0 0.23535693
5922.4 0.23776466
5926.8 0.24067450
5931.2 0.23379654
5935.6 0.21580064
5940.0 0.19827774
5944.4 0.19636220
5948.8 0.19141935
5953.2 0.18563995
5957.6 0.18450776
5962.0 0.17939223
5966.4 0.17151730
5970.8 0.17059156
5975.2 0.17145576
5979.6 0.17118169
5984.0 0.16322796
5988.4 0.16172603
5992.8 0.16156211
5997.2 0.16676083
