300.0 0.0
360.0 0.0000000
363.6 0.0000000
367.2 0.0000000
370.8 0.0000000
374.4 0.0000000
378.0 0.0000000
381.6 0.0000000
385.2 0.0000000
388.8 0.0000000
392.4 0.0000000
396.0 0.0000000
399.6 0.0000000
403.2 0.0000000
406.8 0.0000000
410.4 0.0000000
414.0 0.0000000
417.6 0.0000000
421.2 0.0000000
424.8 0.0000000
428.4 0.0000000
432.0 0.0000000
435.6 0.0000000
439.2 0.0000000
442.8 0.0000000
446.4 0.0000000
450.0 0.0000000
453.6 0.0000000
457.2 0.0000000
460.8 0.0000000
464.4 0.0000000
468.0 0.0000000
471.6 0.0000000
475.2 0.0000000
478.8 0.0000000
482.4 0.0000000
486.0 0.0000000
489.6 0.0000000
493.2 0.0000000
496.8 0.0000000
500.4 0.0000000
504.0 0.0000000
507.6 0.0000000
511.2 0.0000000
514.8 0.0000000
518.4 0.0000000
522.0 0.0000000
525.6 0.0000000
529.2 0.0000000
532.8 0.0000000
536.4 0.0000000
540.0 0.0000000
543.6 0.0000000
547.2 0.0000000
550.8 0.0000000
554.4 0.0000000
558.0 0.0000000
561.6 0.0000000
565.2 0.0000000
568.8 0.0000000
572.4 0.0000000
576.0 0.0000000
579.6 0.0000000
583.2 0.0000000
586.8 0.0000000
590.4 0.0000000
594.0 0.0000000
597.6 0.0000000
601.2 0.0000000
604.8 0.0000000
608.4 0.0000000
612.0 0.0000000
615.6 0.0000000
619.2 0.0000000
622.8 0.0000000
626.4 0.0000000
630.0 0.0000000
633.6 0.0000000
637.2 0.0000000
640.8 0.0000000
644.4 0.0000000
648.0 0.0000000
651.6 0.0000000
655.2 0.0000000
658.8 3.28091867E-02
662.4 3.02153025E-02
666.0 2.76189893E-02
669.6 2.48926207E-02
673.2 2.21815649E-02
676.8 1.96716730E-02
680.4 1.74182747E-02
684.0 1.53642138E-02
687.6 1.34977968E-02
691.2 1.18092401E-02
694.8 1.02890972E-02
698.4 8.92492943E-03
702.0 3.01506445E-02
705.6 2.73348503E-02
709.2 2.47073453E-02
712.8 2.22667344E-02
716.4 2.00055074E-02
720.0 1.96509175E-02
723.6 1.83865707E-02
727.2 1.63557697E-02
730.8 1.56248901E-02
734.4 1.51958633E-02
738.0 1.49673056E-02
741.6 0.18209299
745.2 0.18212196
748.8 0.15163863
752.4 0.12421193
756.0 0.11456420
759.6 0.10954279
763.2 0.10789202
766.8 0.10765214
770.4 0.10297544
774.0 9.12777409E-02
777.6 9.03673619E-02
781.2 7.94716328E-02
784.8 7.12691694E-02
788.4 6.44717589E-02
792.0 5.96993081E-02
795.6 5.72020486E-02
799.2 5.12961298E-02
802.8 4.88986447E-02
806.4 4.70993295E-02
810.0 4.27288972E-02
813.6 3.54590788E-02
817.2 3.18716876E-02
820.8 2.69178133E-02
824.4 2.50692461E-02
828.0 2.28240043E-02
831.6 2.01428700E-02
835.2 1.82508919E-02
838.8 1.70649290E-02
842.4 1.60254054E-02
846.0 1.55583769E-02
849.6 1.45051554E-02
853.2 1.36282975E-02
856.8 1.29905362E-02
860.4 1.27626667E-02
864.0 1.28396815E-02
867.6 1.35361971E-02
871.2 1.47473915E-02
874.8 1.75120197E-02
878.4 2.6535940
882.0 2.1487586
885.6 2.0064936
889.2 2.0079484
892.8 1.8831085
896.4 1.5092299
900.0 1.3045278
903.6 1.2281741
907.2 1.1766088
910.8 1.1013954
914.4 1.0067803
918.0 0.94423676
921.6 0.92341822
925.2 0.92681599
928.8 0.94277346
932.4 0.95010829
936.0 1.0229529
939.6 1.0400103
943.2 0.99626231
946.8 0.90871167
950.4 0.91545743
954.0 0.90800548
957.6 0.93062121
961.2 0.94749093
964.8 0.93675876
968.4 0.90387690
972.0 0.89265352
975.6 0.92181110
979.2 0.91688389
982.8 0.93297946
986.4 0.92170572
990.0 0.94404840
993.6 0.99885255
997.2 1.0557638
1000.8 1.1342303
1004.4 1.1561252
1008.0 1.1735158
1011.6 1.0680325
1015.2 0.99803144
1018.8 0.94614917
1022.4 0.92395961
1026.0 0.92056412
1029.6 0.87966484
1033.2 0.86920327
1036.8 0.86468565
1040.4 0.85891616
1044.0 0.87498224
1047.6 0.86722428
1051.2 0.84937954
1054.8 0.87548816
1058.4 0.86097103
1062.0 0.87501210
1065.6 0.89655393
1069.2 0.91040957
1072.8 0.93318468
1076.4 0.93243140
1080.0 0.96261054
1083.6 0.98454851
1087.2 1.0091183
1090.8 1.0478930
1094.4 1.1266648
1098.0 1.2320026
1101.6 1.3528681
1105.2 1.5063481
1108.8 1.6969967
1112.4 1.8102670
1116.0 1.6439227
1119.6 1.3952121
1123.2 1.2062056
1126.8 1.1075842
1130.4 1.0580977
1134.0 1.0298194
1137.6 0.98142165
1141.2 0.97820240
1144.8 0.94901854
1148.4 0.96789658
1152.0 0.97065365
1155.6 0.96738809
1159.2 0.97806185
1162.8 0.96592414
1166.4 0.98056817
1170.0 0.99420804
1173.6 0.99583894
1177.2 1.0172455
1180.8 0.97795784
1184.4 0.97128236
1188.0 0.95863581
1191.6 0.97430170
1195.2 0.97865176
1198.8 0.96467716
1202.4 0.91584456
1206.0 0.88628381
1209.6 0.87383348
1213.2 0.85774666
1216.8 0.85917646
1220.4 0.85688680
1224.0 0.85528243
1227.6 0.86879289
1231.2 0.86609447
1234.8 0.88001543
1238.4 0.88412946
1242.0 0.88254905
1245.6 0.87243909
1249.2 0.88351369
1252.8 0.88749695
1256.4 0.91156918
1260.0 0.89696193
1263.6 0.88257444
1267.2 0.84381217
1270.8 0.85657769
1274.4 0.86060184
1278.0 0.84928399
1281.6 0.87814254
1285.2 0.88664085
1288.8 0.86348969
1292.4 0.84894240
1296.0 0.85023755
1299.6 0.85041994
1303.2 0.85021269
1306.8 0.86121672
1310.4 0.84635210
1314.0 0.84386736
1317.6 0.85485554
1321.2 0.85408813
1324.8 0.87544775
1328.4 0.87188911
1332.0 0.92848855
1335.6 0.92553777
1339.2 0.93520337
1342.8 0.92129254
1346.4 0.92355496
1350.0 0.93230504
1353.6 0.97404253
1357.2 1.0483506
1360.8 1.1159186
1364.4 1.1710653
1368.0 1.1923475
1371.6 1.2553372
1375.2 1.2009192
1378.8 1.0983666
1382.4 1.0049689
1386.0 0.94302040
1389.6 0.91416860
1393.2 0.88478166
1396.8 0.85716069
1400.4 0.83602470
1404.0 0.83014369
1407.6 0.79925334
1411.2 0.78701460
1414.8 0.78112090
1418.4 0.78902185
1422.0 0.79267716
1425.6 0.77470708
1429.2 0.77817434
1432.8 0.78257871
1436.4 0.78940588
1440.0 0.77013195
1443.6 0.77881235
1447.2 0.79727572
1450.8 0.75440121
1454.4 0.77464479
1458.0 0.77990061
1461.6 0.77473050
1465.2 0.78163183
1468.8 0.76953709
1472.4 0.75962925
1476.0 0.78102010
1479.6 0.81290859
1483.2 0.79711366
1486.8 0.81745094
1490.4 0.81088877
1494.0 0.81338006
1497.6 0.80911183
1501.2 0.81983244
1504.8 0.81779355
1508.4 0.81604797
1512.0 0.79032797
1515.6 0.77784526
1519.2 0.78827971
1522.8 0.79984891
1526.4 0.76636952
1530.0 0.80372572
1533.6 0.77611363
1537.2 0.79499853
1540.8 0.78807163
1544.4 0.80444127
1548.0 0.76676756
1551.6 0.77842736
1555.2 0.77799642
1558.8 0.79189837
1562.4 0.75299996
1566.0 0.76211393
1569.6 0.77690595
1573.2 0.74266142
1576.8 0.75674838
1580.4 0.73414034
1584.0 0.71394783
1587.6 0.71331030
1591.2 0.71267003
1594.8 0.71744996
1598.4 0.72190070
1602.0 0.72306240
1605.6 0.71305126
1609.2 0.70942467
1612.8 0.70876706
1616.4 0.70810729
1620.0 0.71701133
1623.6 0.71578848
1627.2 0.72628361
1630.8 0.73061109
1634.4 0.73026597
1638.0 0.73551917
1641.6 0.74223101
1645.2 0.75558847
1648.8 0.77245110
1652.4 0.76635784
1656.0 0.78651500
1659.6 0.79544312
1663.2 0.80202043
1666.8 0.80635977
1670.4 0.81198233
1674.0 0.82206476
1677.6 0.82611573
1681.2 0.81483442
1684.8 0.80752319
1688.4 0.78932017
1692.0 0.78720975
1695.6 0.77187717
1699.2 0.78299630
1702.8 0.77322066
1706.4 0.76808387
1710.0 0.77005672
1713.6 0.76514089
1717.2 0.76677358
1720.8 0.76828998
1724.4 0.77692848
1728.0 0.79494178
1731.6 0.78258336
1735.2 0.81053454
1738.8 0.83034110
1742.4 0.85471833
1746.0 0.85195941
1749.6 0.82754755
1753.2 0.82317585
1756.8 0.82556438
1760.4 0.80658168
1764.0 0.79133636
1767.6 0.78663170
1771.2 0.78334367
1774.8 0.79811877
1778.4 0.81413436
1782.0 0.81713116
1785.6 0.81161880
1789.2 0.81346315
1792.8 0.80815077
1796.4 0.81204218
1800.0 0.80358720
1803.6 0.80005896
1807.2 0.80080462
1810.8 0.79693580
1814.4 0.78670466
1818.0 0.77517706
1821.6 0.78225803
1825.2 0.78469813
1828.8 0.78489363
1832.4 0.77715969
1836.0 0.77098203
1839.6 0.76882291
1843.2 0.76486558
1846.8 0.76177001
1850.4 0.75512010
1854.0 0.74482012
1857.6 0.74847400
1861.2 0.74842560
1864.8 0.74003834
1868.4 0.72057366
1872.0 0.73898977
1875.6 0.74216408
1879.2 0.73755473
1882.8 0.73742986
1886.4 0.74366975
1890.0 0.72983229
1893.6 0.72998786
1897.2 0.71564311
1900.8 0.70434499
1904.4 0.67673111
1908.0 0.67352581
1911.6 0.67231196
1915.2 0.66564834
1918.8 0.68365645
1922.4 0.69353390
1926.0 0.69494700
1929.6 0.67996937
1933.2 0.68683916
1936.8 0.68977392
1940.4 0.69898206
1944.0 0.69901168
1947.6 0.71512514
1951.2 0.73582667
1954.8 0.74221998
1958.4 0.73263341
1962.0 0.75500184
1965.6 0.76499712
1969.2 0.76419210
1972.8 0.76806813
1976.4 0.79908901
1980.0 0.81863683
1983.6 0.81434143
1987.2 0.82977402
1990.8 0.81082904
1994.4 0.83105439
1998.0 0.85946679
2001.6 0.93102324
2005.2 1.0148696
2008.8 1.1452401
2012.4 1.2781670
2016.0 1.3189082
2019.6 1.2517862
2023.2 1.1086446
2026.8 0.98625743
2030.4 0.91024375
2034.0 0.87262952
2037.6 0.84297895
2041.2 0.82002062
2044.8 0.80193627
2048.4 0.78459120
2052.0 0.77898222
2055.6 0.76316363
2059.2 0.74944758
2062.8 0.73377925
2066.4 0.72489631
2070.0 0.72261500
2073.6 0.70185262
2077.2 0.70312524
2080.8 0.68557096
2084.4 0.68102062
2088.0 0.68018770
2091.6 0.65205312
2095.2 0.66175461
2098.8 0.66124719
2102.4 0.67087477
2106.0 0.68920606
2109.6 0.69559354
2113.2 0.69790494
2116.8 0.69727671
2120.4 0.70206189
2124.0 0.69242615
2127.6 0.69408286
2131.2 0.70323008
2134.8 0.69280154
2138.4 0.69509882
2142.0 0.68257266
2145.6 0.68664122
2149.2 0.67004889
2152.8 0.65874177
2156.4 0.64689857
2160.0 0.64100420
2163.6 0.62560910
2167.2 0.61925811
2170.8 0.60229087
2174.4 0.59064192
2178.0 0.58823496
2181.6 0.59378606
2185.2 0.58602744
2188.8 0.59853715
2192.4 0.60165727
2196.0 0.60354578
2199.6 0.60346115
2203.2 0.60396582
2206.8 0.61593181
2210.4 0.60954386
2214.0 0.62156826
2217.6 0.62087387
2221.2 0.61841381
2224.8 0.61167377
2228.4 0.61789405
2232.0 0.61352730
2235.6 0.62658727
2239.2 0.64246225
2242.8 0.64417148
2246.4 0.66992491
2250.0 0.67533487
2253.6 0.67503965
2257.2 0.66578096
2260.8 0.66513252
2264.4 0.64062613
2268.0 0.65482152
2271.6 0.64837319
2275.2 0.64714521
2278.8 0.65523130
2282.4 0.67249769
2286.0 0.67313796
2289.6 0.68154860
2293.2 0.68578565
2296.8 0.69109172
2300.4 0.68429047
2304.0 0.68758649
2307.6 0.67733705
2311.2 0.68496239
2314.8 0.67648578
2318.4 0.65637845
2322.0 0.65662915
2325.6 0.66467494
2329.2 0.64714110
2332.8 0.64612412
2336.4 0.64658737
2340.0 0.64617968
2343.6 0.65641230
2347.2 0.65349633
2350.8 0.64239138
2354.4 0.64110297
2358.0 0.65397543
2361.6 0.65270805
2365.2 0.64821923
2368.8 0.66005945
2372.4 0.64135516
2376.0 0.63337547
2379.6 0.62485057
2383.2 0.61879069
2386.8 0.61410058
2390.4 0.60140622
2394.0 0.59898818
2397.6 0.60601306
2401.2 0.61136162
2404.8 0.61918390
2408.4 0.63846731
2412.0 0.61670882
2415.6 0.60808474
2419.2 0.60428828
2422.8 0.60137898
2426.4 0.59434235
2430.0 0.60840333
2433.6 0.60615146
2437.2 0.61040765
2440.8 0.60467362
2444.4 0.60650551
2448.0 0.60680842
2451.6 0.62065881
2455.2 0.62426454
2458.8 0.63479215
2462.4 0.65535086
2466.0 0.68197358
2469.6 0.64974797
2473.2 0.62498528
2476.8 0.62849754
2480.4 0.61878347
2484.0 0.59614253
2487.6 0.60275614
2491.2 0.60442781
2494.8 0.58757424
2498.4 0.58353508
2502.0 0.57051218
2505.6 0.56237817
2509.2 0.57741135
2512.8 0.57572311
2516.4 0.56751376
2520.0 0.57856303
2523.6 0.56399822
2527.2 0.55486977
2530.8 0.55457866
2534.4 0.54518420
2538.0 0.53608942
2541.6 0.52569520
2545.2 0.53224951
2548.8 0.53089523
2552.4 0.51549065
2556.0 0.51996517
2559.6 0.52827966
2563.2 0.53173363
2566.8 0.52162552
2570.4 0.53110713
2574.0 0.54426712
2577.6 0.53398973
2581.2 0.54554248
2584.8 0.52984339
2588.4 0.53103191
2592.0 0.52310872
2595.6 0.52978951
2599.2 0.53284043
2602.8 0.52229857
2606.4 0.53670561
2610.0 0.52760535
2613.6 0.52286136
2617.2 0.52738726
2620.8 0.51590389
2624.4 0.52149141
2628.0 0.51727587
2631.6 0.52064425
2635.2 0.52401006
2638.8 0.51691872
2642.4 0.51241779
2646.0 0.51091444
2649.6 0.50849426
2653.2 0.50534236
2656.8 0.50561279
2660.4 0.51261073
2664.0 0.51179743
2667.6 0.51124287
2671.2 0.50139034
2674.8 0.50322032
2678.4 0.52431875
2682.0 0.59093648
2685.6 0.61382663
2689.2 0.51872355
2692.8 0.50030160
2696.4 0.50016272
2700.0 0.49418098
2703.6 0.51188380
2707.2 0.49753624
2710.8 0.48658097
2714.4 0.48991549
2718.0 0.48434141
2721.6 0.47792989
2725.2 0.47288638
2728.8 0.46701780
2732.4 0.44162643
2736.0 0.44876763
2739.6 0.44033387
2743.2 0.45954394
2746.8 0.45842147
2750.4 0.45349169
2754.0 0.44896400
2757.6 0.44563341
2761.2 0.45701331
2764.8 0.44766337
2768.4 0.45513627
2772.0 0.46205047
2775.6 0.46966553
2779.2 0.48832735
2782.8 0.52559489
2786.4 0.54750031
2790.0 0.49205470
2793.6 0.45981756
2797.2 0.47628379
2800.8 0.48008811
2804.4 0.45504013
2808.0 0.44530293
2811.6 0.44595194
2815.2 0.43811646
2818.8 0.43552321
2822.4 0.42743674
2826.0 0.41506061
2829.6 0.40134096
2833.2 0.39854464
2836.8 0.41067269
2840.4 0.42292550
2844.0 0.42414257
2847.6 0.42888483
2851.2 0.43945879
2854.8 0.43982559
2858.4 0.43711737
2862.0 0.42256281
2865.6 0.42434487
2869.2 0.42213836
2872.8 0.40462929
2876.4 0.40979767
2880.0 0.39606556
2883.6 0.39609092
2887.2 0.38923842
2890.8 0.39772081
2894.4 0.40278563
2898.0 0.39545736
2901.6 0.38304374
2905.2 0.38264105
2908.8 0.38087466
2912.4 0.37639657
2916.0 0.38784975
2919.6 0.37970704
2923.2 0.38946980
2926.8 0.39722261
2930.4 0.42144337
2934.0 0.41495830
2937.6 0.41252890
2941.2 0.43076739
2944.8 0.43680900
2948.4 0.45205978
2952.0 0.48071879
2955.6 0.46666637
2959.2 0.44335708
2962.8 0.44115758
2966.4 0.42145002
2970.0 0.41092974
2973.6 0.40666807
2977.2 0.39987659
2980.8 0.38654864
2984.4 0.37169203
2988.0 0.36738116
2991.6 0.36911500
2995.2 0.37934262
2998.8 0.37631387
3002.4 0.37388673
3006.0 0.38213900
3009.6 0.36896345
3013.2 0.36431485
3016.8 0.37103531
3020.4 0.36255425
3024.0 0.35865578
3027.6 0.35810316
3031.2 0.35755187
3034.8 0.35919321
3038.4 0.36216724
3042.0 0.36051661
3045.6 0.35917959
3049.2 0.37926406
3052.8 0.37698591
3056.4 0.38273415
3060.0 0.37591743
3063.6 0.36686721
3067.2 0.36100081
3070.8 0.37718725
3074.4 0.37695971
3078.0 0.37427288
3081.6 0.39157987
3085.2 0.38119280
3088.8 0.39352927
3092.4 0.41495907
3096.0 0.40780413
3099.6 0.41616493
3103.2 0.42380798
3106.8 0.44117051
3110.4 0.46916232
3114.0 0.47436038
3117.6 0.50064057
3121.2 0.54191029
3124.8 0.56201816
3128.4 0.56444103
3132.0 0.52486825
3135.6 0.51552606
3139.2 0.51038980
3142.8 0.48565063
3146.4 0.46370032
3150.0 0.42468730
3153.6 0.41585100
3157.2 0.39932343
3160.8 0.39128250
3164.4 0.40122533
3168.0 0.39030588
3171.6 0.38368836
3175.2 0.38410160
3178.8 0.37514767
3182.4 0.37252378
3186.0 0.37060666
3189.6 0.34774947
3193.2 0.35967115
3196.8 0.35784659
3200.4 0.36698803
3204.0 0.35905281
3207.6 0.35750306
3211.2 0.37362593
3214.8 0.37904754
3218.4 0.39337459
3222.0 0.38769859
3225.6 0.38476560
3229.2 0.37035012
3232.8 0.39076105
3236.4 0.39165023
3240.0 0.39408103
3243.6 0.39127216
3247.2 0.40601698
3250.8 0.42332742
3254.4 0.42030099
3258.0 0.40308377
3261.6 0.39356935
3265.2 0.38404757
3268.8 0.38673535
3272.4 0.41521147
3276.0 0.40394112
3279.6 0.39902467
3283.2 0.41450030
3286.8 0.41103071
3290.4 0.38065764
3294.0 0.40118381
3297.6 0.41713464
3301.2 0.39920115
3304.8 0.39159095
3308.4 0.39777914
3312.0 0.38293150
3315.6 0.37401974
3319.2 0.37524125
3322.8 0.38719648
3326.4 0.40124628
3330.0 0.40100175
3333.6 0.39298540
3337.2 0.39786789
3340.8 0.38600203
3344.4 0.39240626
3348.0 0.38052842
3351.6 0.40046009
3355.2 0.37689736
3358.8 0.38911539
3362.4 0.37289450
3366.0 0.37636223
3369.6 0.37926254
3373.2 0.39173195
3376.8 0.35726792
3380.4 0.35648012
3384.0 0.33513197
3387.6 0.33087790
3391.2 0.32622832
3394.8 0.33418059
3398.4 0.33306324
3402.0 0.33204374
3405.6 0.32606307
3409.2 0.33098000
3412.8 0.33435738
3416.4 0.32731003
3420.0 0.31630406
3423.6 0.31909430
3427.2 0.32036477
3430.8 0.31866488
3434.4 0.32359874
3438.0 0.32767886
3441.6 0.33355629
3445.2 0.33226401
3448.8 0.32961816
3452.4 0.33600122
3456.0 0.34561035
3459.6 0.34580052
3463.2 0.34894270
3466.8 0.36197275
3470.4 0.38327187
3474.0 0.38502544
3477.6 0.41379407
3481.2 0.41757065
3484.8 0.43149295
3488.4 0.46368560
3492.0 0.48272654
3495.6 0.54002261
3499.2 0.58898604
3502.8 0.57031816
3506.4 0.53192800
3510.0 0.49392340
3513.6 0.46719271
3517.2 0.44392720
3520.8 0.41457969
3524.4 0.40714651
3528.0 0.40307575
3531.6 0.38901109
3535.2 0.36728889
3538.8 0.37821421
3542.4 0.36584672
3546.0 0.36020565
3549.6 0.35409278
3553.2 0.34453401
3556.8 0.34074652
3560.4 0.34957796
3564.0 0.34962130
3567.6 0.41251561
3571.2 0.45090255
3574.8 0.37687466
3578.4 0.33468759
3582.0 0.32580042
3585.6 0.32303816
3589.2 0.31506690
3592.8 0.33552721
3596.4 0.36652631
3600.0 0.44538185
3603.6 0.62741590
3607.2 0.62590528
3610.8 0.42085627
3614.4 0.35426179
3618.0 0.33301735
3621.6 0.32384133
3625.2 0.31617481
3628.8 0.31007364
3632.4 0.31024560
3636.0 0.30802041
3639.6 0.30842638
3643.2 0.30797672
3646.8 0.30291939
3650.4 0.29952019
3654.0 0.29948461
3657.6 0.28800231
3661.2 0.28205138
3664.8 0.29441622
3668.4 0.29174009
3672.0 0.29533541
3675.6 0.28340173
3679.2 0.28568697
3682.8 0.28167135
3686.4 0.29147434
3690.0 0.28632572
3693.6 0.27892381
3697.2 0.28529102
3700.8 0.28348541
3704.4 0.29209426
3708.0 0.29358324
3711.6 0.30531943
3715.2 0.31189349
3718.8 0.30747449
3722.4 0.29856023
3726.0 0.31166783
3729.6 0.29874739
3733.2 0.29131553
3736.8 0.29187292
3740.4 0.30831578
3744.0 0.30252731
3747.6 0.28657135
3751.2 0.29030669
3754.8 0.29295316
3758.4 0.29784822
3762.0 0.29299355
3765.6 0.29575053
3769.2 0.29456592
3772.8 0.29616439
3776.4 0.28533208
3780.0 0.29014349
3783.6 0.29953793
3787.2 0.28511709
3790.8 0.29314840
3794.4 0.29430738
3798.0 0.29212463
3801.6 0.29251838
3805.2 0.29460233
3808.8 0.29265535
3812.4 0.30388317
3816.0 0.29006961
3819.6 0.28394383
3823.2 0.31047103
3826.8 0.28978622
3830.4 0.30323943
3834.0 0.29555133
3837.6 0.28672415
3841.2 0.28263822
3844.8 0.27940023
3848.4 0.28774333
3852.0 0.27267468
3855.6 0.27505803
3859.2 0.27783161
3862.8 0.27479419
3866.4 0.26186466
3870.0 0.26663703
3873.6 0.27303794
3877.2 0.27243042
3880.8 0.26411673
3884.4 0.26505786
3888.0 0.26279780
3891.6 0.25768074
3895.2 0.26279277
3898.8 0.26810482
3902.4 0.26626754
3906.0 0.25973561
3909.6 0.25592813
3913.2 0.25207850
3916.8 0.26079100
3920.4 0.25141510
3924.0 0.26837236
3927.6 0.25293040
3931.2 0.25404897
3934.8 0.25009602
3938.4 0.24976785
3942.0 0.24944033
3945.6 0.24911341
3949.2 0.25478193
3952.8 0.25585610
3956.4 0.26170409
3960.0 0.25528419
3963.6 0.25601146
3967.2 0.24716531
3970.8 0.24684277
3974.4 0.25383651
3978.0 0.26131207
3981.6 0.25686166
3985.2 0.25056145
3988.8 0.26038739
3992.4 0.26452631
3996.0 0.25122514
3999.6 0.25403875
4003.2 0.24396819
4006.8 0.24365185
4010.4 0.24852304
4014.0 0.24439807
4017.6 0.26715055
4021.2 0.25501296
4024.8 0.24803342
4028.4 0.27689770
4032.0 0.27319315
4035.6 0.26083454
4039.2 0.25604889
4042.8 0.24443038
4046.4 0.24407645
4050.0 0.23990284
4053.6 0.24773587
4057.2 0.23928635
4060.8 0.24043204
4064.4 0.23867223
4068.0 0.24059920
4071.6 0.23806037
4075.2 0.23936756
4078.8 0.23847368
4082.4 0.23714699
4086.0 0.24539004
4089.6 0.24174687
4093.2 0.23623897
4096.8 0.23593736
4100.4 0.23563641
4104.0 0.23533598
4107.6 0.23503615
4111.2 0.23473689
4114.8 0.23443817
4118.4 0.23925626
4122.0 0.23384243
4125.6 0.23422335
4129.2 0.23324896
4132.8 0.23429817
4136.4 0.23273592
4140.0 0.23236285
4143.6 0.23461625
4147.2 0.23788874
4150.8 0.23902571
4154.4 0.23680046
4158.0 0.23639983
4161.6 0.23572166
4165.2 0.23247281
4168.8 0.23439242
4172.4 0.23286332
4176.0 0.23241758
4179.6 0.23759635
4183.2 0.24800988
4186.8 0.23584634
4190.4 0.24403034
4194.0 0.23931693
4197.6 0.24672133
4201.2 0.24094383
4204.8 0.24876690
4208.4 0.24480180
4212.0 0.24592254
4215.6 0.25308087
4219.2 0.24694997
4222.8 0.25167462
4226.4 0.25998399
4230.0 0.27992770
4233.6 0.27353275
4237.2 0.26826248
4240.8 0.26972911
4244.4 0.24596196
4248.0 0.24184853
4251.6 0.25311875
4255.2 0.24864967
4258.8 0.24000326
4262.4 0.24131502
4266.0 0.24265203
4269.6 0.24297938
4273.2 0.23871022
4276.8 0.24343158
4280.4 0.24844716
4284.0 0.23317109
4287.6 0.23567238
4291.2 0.23406200
4294.8 0.24158268
4298.4 0.22791958
4302.0 0.23037621
4305.6 0.22976309
4309.2 0.22895417
4312.8 0.23061454
4316.4 0.23017181
4320.0 0.22962411
4323.6 0.23172021
4327.2 0.22799000
4330.8 0.22610687
4334.4 0.22215609
4338.0 0.22199140
4341.6 0.21838917
4345.2 0.22264920
4348.8 0.22314866
4352.4 0.22573657
4356.0 0.22758405
4359.6 0.21893147
4363.2 0.22365536
4366.8 0.23039171
4370.4 0.22772470
4374.0 0.23001491
4377.6 0.23423156
4381.2 0.23041508
4384.8 0.23214452
4388.4 0.22757618
4392.0 0.23903672
4395.6 0.21981320
4399.2 0.21252476
4402.8 0.21576791
4406.4 0.21290721
4410.0 0.21408066
4413.6 0.21440147
4417.2 0.21863633
4420.8 0.22270347
4424.4 0.21261401
4428.0 0.21861508
4431.6 0.22455300
4435.2 0.21630318
4438.8 0.21271746
4442.4 0.20946737
4446.0 0.20921560
4449.6 0.21012443
4453.2 0.22255264
4456.8 0.21206203
4460.4 0.21333568
4464.0 0.20796365
4467.6 0.20850798
4471.2 0.20835105
4474.8 0.21176200
4478.4 0.20964782
4482.0 0.21445195
4485.6 0.21519475
4489.2 0.21033309
4492.8 0.20890900
4496.4 0.20861843
4500.0 0.21465868
4503.6 0.21334156
4507.2 0.20886105
4510.8 0.20736752
4514.4 0.20579290
4518.0 0.20482258
4521.6 0.20654178
4525.2 0.20836951
4528.8 0.21527709
4532.4 0.21825995
4536.0 0.22241402
4539.6 0.22951062
4543.2 0.22035936
4546.8 0.20958464
4550.4 0.21029302
4554.0 0.20814496
4557.6 0.20492262
4561.2 0.20814294
4564.8 0.21436109
4568.4 0.21664146
4572.0 0.20992385
4575.6 0.21158431
4579.2 0.21477437
4582.8 0.21867841
4586.4 0.22202164
4590.0 0.21110636
4593.6 0.21322156
4597.2 0.21720372
4600.8 0.21787801
4604.4 0.21327047
4608.0 0.21291620
4611.6 0.21610238
4615.2 0.21592924
4618.8 0.21360050
4622.4 0.21887128
4626.0 0.21665494
4629.6 0.21973857
4633.2 0.22502333
4636.8 0.22190525
4640.4 0.22839104
4644.0 0.22475749
4647.6 0.24004771
4651.2 0.24184890
4654.8 0.24820621
4658.4 0.25521848
4662.0 0.25420949
4665.6 0.25942895
4669.2 0.27400869
4672.8 0.27555561
4676.4 0.28758791
4680.0 0.30090085
4683.6 0.31939730
4687.2 0.34081331
4690.8 0.36665413
4694.4 0.40224379
4698.0 0.44669724
4701.6 0.50110620
4705.2 0.56521922
4708.8 0.66274256
4712.4 0.77874553
4716.0 0.92486435
4719.6 1.0722442
4723.2 1.2613884
4726.8 1.2964131
4730.4 1.1087528
4734.0 0.92290252
4737.6 0.83971846
4741.2 0.79096770
4744.8 0.68501890
4748.4 0.57794178
4752.0 0.52070254
4755.6 0.47498769
4759.2 0.43318650
4762.8 0.40133643
4766.4 0.38186315
4770.0 0.35756028
4773.6 0.33293587
4777.2 0.31247738
4780.8 0.29192275
4784.4 0.27434880
4788.0 0.26880482
4791.6 0.26330182
4795.2 0.25008005
4798.8 0.24848379
4802.4 0.24383993
4806.0 0.24413347
4809.6 0.24845149
4813.2 0.24777247
4816.8 0.24262969
4820.4 0.23477720
4824.0 0.24651852
4827.6 0.25286973
4831.2 0.25803679
4834.8 0.28417760
4838.4 0.28272516
4842.0 0.26358867
4845.6 0.26625943
4849.2 0.26949194
4852.8 0.26176518
4856.4 0.24159321
4860.0 0.22195463
4863.6 0.21978922
4867.2 0.21423616
4870.8 0.20774797
4874.4 0.20646122
4878.0 0.20071787
4881.6 0.19188850
4885.2 0.19083466
4888.8 0.19178319
4892.4 0.19145848
4896.0 0.18254535
4899.6 0.18084857
4903.2 0.18064824
4906.8 0.18644354
4910.4 0.19379535
4914.0 0.18613027
4917.6 0.18343401
4921.2 0.18290736
4924.8 0.17945038
4928.4 0.17925204
4932.0 0.17905405
4935.6 0.19115283
4939.2 0.18388057
4942.8 0.18520221
4946.4 0.17826548
4950.0 0.17806917
4953.6 0.18131995
4957.2 0.18713814
4960.8 0.18568535
4964.4 0.18132241
4968.0 0.18315695
4971.6 0.18332715
4975.2 0.18197009
4978.8 0.17651118
4982.4 0.17631793
4986.0 0.17612503
4989.6 0.17756209
4993.2 0.17574026
4996.8 0.17554836
5000.4 0.17535684
5004.0 0.17950842
5007.6 0.17497471
5011.2 0.17478414
5014.8 0.17459393
5018.4 0.17700203
5022.0 0.17421444
5025.6 0.17402521
5029.2 0.17383628
5032.8 0.17364769
5036.4 0.17834195
5040.0 0.17431204
5043.6 0.18392700
5047.2 0.17420505
5050.8 0.17420594
5054.4 0.17252304
5058.0 0.17233674
5061.6 0.18464391
5065.2 0.19159023
5068.8 0.18494625
5072.4 0.19870411
5076.0 0.18373367
5079.6 0.20674805
5083.2 0.19462763
5086.8 0.17984599
5090.4 0.20016311
5094.0 0.18647066
5097.6 0.18186536
5101.2 0.18338946
5104.8 0.17759970
5108.4 0.17509621
5112.0 0.16958052
5115.6 0.16939928
5119.2 0.17183690
5122.8 0.17828465
5126.4 0.16885751
5130.0 0.16867757
5133.6 0.16849792
5137.2 0.16831857
5140.8 0.18512210
5144.4 0.17196341
5148.0 0.16778240
5151.6 0.16760431
5155.2 0.17043614
5158.8 0.16928875
5162.4 0.16707179
5166.0 0.16689497
5169.6 0.17163491
5173.2 0.17696294
5176.8 0.18676984
5180.4 0.16619046
5184.0 0.18386820
5187.6 0.16631927
5191.2 0.17415616
5194.8 0.16549084
5198.4 0.17669527
5202.0 0.17205350
5205.6 0.17170647
5209.2 0.17511918
5212.8 0.18328741
5216.4 0.17461771
5220.0 0.16427812
5223.6 0.17534910
5227.2 0.19412708
5230.8 0.16376285
5234.4 0.16359170
5238.0 0.16389053
5241.6 0.16325021
5245.2 0.16307995
5248.8 0.16290992
5252.4 0.17886162
5256.0 0.17423232
5259.6 0.16240174
5263.2 0.16223292
5266.8 0.17093381
5270.4 0.18292125
5274.0 0.16172820
5277.6 0.16308346
5281.2 0.19933791
5284.8 0.17142415
5288.4 0.16994396
5292.0 0.16089277
5295.6 0.18282433
5299.2 0.19539510
5302.8 0.18665099
5306.4 0.20529936
5310.0 0.20098637
5313.6 0.21181503
5317.2 0.18410254
5320.8 0.19102617
5324.4 0.23525980
5328.0 0.21100242
5331.6 0.20248932
5335.2 0.18327846
5338.8 0.17710917
5342.4 0.21892230
5346.0 0.20881674
5349.6 0.20201196
5353.2 0.18815596
5356.8 0.16835177
5360.4 0.19025302
5364.0 0.15762229
5367.6 0.15746170
5371.2 0.15730138
5374.8 0.15714139
5378.4 0.15698165
5382.0 0.15682216
5385.6 0.15666299
5389.2 0.15650402
5392.8 0.15634538
5396.4 0.15618698
5400.0 0.15602891
5403.6 0.15587106
5407.2 0.15571350
5410.8 0.15555622
5414.4 0.15539922
5418.0 0.15524249
5421.6 0.15508600
5425.2 0.15492980
5428.8 0.15477386
5432.4 0.15461822
5436.0 0.15446281
5439.6 0.15430768
5443.2 0.15415284
5446.8 0.15399826
5450.4 0.15384389
5454.0 0.15368982
5457.6 0.15353605
5461.2 0.15338254
5464.8 0.15322924
5468.4 0.15307625
5472.0 0.15292355
5475.6 0.15277107
5479.2 0.15261886
5482.8 0.15246689
5486.4 0.15231523
5490.0 0.15216380
5493.6 0.15201268
5497.2 0.15186182
5500.8 0.15171118
5504.4 0.15156077
5508.0 0.15141067
5511.6 0.15126081
5515.2 0.15111120
5518.8 0.15096189
5522.4 0.15081280
5526.0 0.15066402
5529.6 0.15051544
5533.2 0.15036714
5536.8 0.15021911
5540.4 0.15007134
5544.0 0.14992377
5547.6 0.14977649
5551.2 0.14962950
5554.8 0.14948270
5558.4 0.14933623
5562.0 0.14918995
5565.6 0.14904390
5569.2 0.14889820
5572.8 0.14875279
5576.4 0.14860746
5580.0 0.14846244
5583.6 0.14831774
5587.2 0.14817327
5590.8 0.14802893
5594.4 0.14788491
5598.0 0.14774135
5601.6 0.14759770
5605.2 0.14745452
5608.8 0.14731160
5612.4 0.14716886
5616.0 0.14702637
5619.6 0.14688410
5623.2 0.14674202
5626.8 0.14660041
5630.4 0.14645885
5634.0 0.14631759
5637.6 0.14617647
5641.2 0.14603573
5644.8 0.14589520
5648.4 0.14575490
5652.0 0.14561485
5655.6 0.14547513
5659.2 0.14533564
5662.8 0.14519633
5666.4 0.14505725
5670.0 0.14491844
5673.6 0.14477991
5677.2 0.14464149
5680.8 0.14450338
5684.4 0.14436567
5688.0 0.14422791
5691.6 0.14409061
5695.2 0.14395353
5698.8 0.14381662
5702.4 0.14367998
5706.0 0.14354356
5709.6 0.14340727
5713.2 0.14327146
5716.8 0.14313570
5720.4 0.14300025
5724.0 0.14286502
5727.6 0.14273007
5731.2 0.14259526
5734.8 0.14246085
5738.4 0.14232659
5742.0 0.14219257
5745.6 0.14205867
5749.2 0.14192516
5752.8 0.14179181
5756.4 0.14165866
5760.0 0.14152580
5763.6 0.14139323
5767.2 0.14126074
5770.8 0.14112867
5774.4 0.14099675
5778.0 0.14086506
5781.6 0.14073345
5785.2 0.14060228
5788.8 0.14047119
5792.4 0.14034058
5796.0 0.14021000
5799.6 0.14007959
5803.2 0.13994955
5806.8 0.13981962
5810.4 0.13969013
5814.0 0.13956071
5817.6 0.13943142
5821.2 0.13930252
5824.8 0.13917388
5828.4 0.13904539
5832.0 0.13891707
5835.6 0.13878906
5839.2 0.13866130
5842.8 0.13853364
5846.4 0.13840623
5850.0 0.13827924
5853.6 0.13815232
5857.2 0.13802552
5860.8 0.13789913
5864.4 0.13777283
5868.0 0.13764693
5871.6 0.13752113
5875.2 0.13739546
5878.8 0.13727020
5882.4 0.13714510
5886.0 0.13702020
5889.6 0.13689548
5893.2 0.13677104
5896.8 0.13664684
5900.4 0.13652276
5904.0 0.13639906
5907.6 0.13627543
5911.2 0.13615210
5914.8 0.13602899
5918.4 0.13590609
5922.0 0.13578337
5925.6 0.13566101
5929.2 0.13553873
5932.8 0.13541669
5936.4 0.13529490
5940.0 0.13517325
5943.6 0.13505194
5947.2 0.13493073
5950.8 0.13480975
5954.4 0.13468906
5958.0 0.13456857
5961.6 0.13444819
5965.2 0.13432819
5968.8 0.13420832
5972.4 0.13408864
5976.0 0.13396923
5979.6 0.13384993
5983.2 0.13373099
5986.8 0.13361214
5990.4 0.13349369
5994.0 0.13337532
5997.6 0.13325703
