300.0 0.0
305.0 0.0000000
308.05 0.0000000
311.1 0.0000000
314.15 0.0000000
317.2 0.0000000
320.25 0.0000000
323.3 0.0000000
326.35 0.0000000
329.4 0.0000000
332.45 0.0000000
335.5 0.0000000
338.55 0.0000000
341.6 0.0000000
344.65 0.0000000
347.7 0.0000000
350.75 0.0000000
353.8 0.0000000
356.85 0.0000000
359.9 0.0000000
362.95 0.0000000
366.0 0.0000000
369.05 0.0000000
372.1 0.0000000
375.15 0.0000000
378.2 0.0000000
381.25 0.0000000
384.3 0.0000000
387.35 0.0000000
390.4 0.0000000
393.45 0.0000000
396.5 0.0000000
399.55 0.0000000
402.6 0.0000000
405.65 0.0000000
408.7 0.0000000
411.75 0.0000000
414.8 0.0000000
417.85 0.0000000
420.9 0.0000000
423.95 0.0000000
427.0 0.0000000
430.05 0.0000000
433.1 0.0000000
436.15 0.0000000
439.2 0.0000000
442.25 0.0000000
445.3 0.0000000
448.35 0.0000000
451.4 0.0000000
454.45 0.0000000
457.5 0.0000000
460.55 0.0000000
463.6 0.0000000
466.65 0.0000000
469.7 0.0000000
472.75 0.0000000
475.8 0.0000000
478.85 0.0000000
481.9 0.0000000
484.95 0.0000000
488.0 0.0000000
491.05 0.0000000
494.1 0.0000000
497.15 0.0000000
500.2 0.0000000
503.25 0.0000000
506.3 0.0000000
509.35 0.0000000
512.4 0.0000000
515.45 0.0000000
518.5 0.0000000
521.55 0.0000000
524.6 0.0000000
527.65 0.0000000
530.7 0.0000000
533.75 0.0000000
536.8 0.0000000
539.85 0.0000000
542.9 0.0000000
545.95 0.0000000
549.0 0.0000000
552.05 0.0000000
555.1 0.0000000
558.15 0.76420832
561.2 0.73690146
564.25 0.71005255
567.3 0.68365061
570.35 0.65776384
573.4 0.63245970
576.45 0.60778624
579.5 0.58372265
582.55 0.56022102
585.6 0.53725904
588.65 0.51486379
591.7 0.49304295
594.75 0.75977010
597.8 0.73424315
600.85 0.70919228
603.9 0.68460178
606.95 0.66045928
610.0 0.69842482
613.05 0.70527673
616.1 0.67891997
619.15 0.70386589
622.2 0.74495596
625.25 0.80091888
628.3 1.9515823
631.35 1.9840802
634.4 1.6798013
637.45 1.3997116
640.5 1.3138423
643.55 1.2789954
646.6 1.2830430
649.65 1.3044457
652.7 1.2717888
655.75 1.1494915
658.8 1.1612463
661.85 1.0398351
664.9 0.94737220
667.95 0.87764865
671.0 0.84734267
674.05 0.86209065
677.1 0.82885623
680.15 0.84783161
683.2 0.87567621
686.25 0.85401314
689.3 0.76396829
692.35 0.74232143
695.4 0.67958796
698.45 0.68805808
701.5 0.68311363
704.55 0.65931934
707.6 0.65531325
710.65 0.67438477
713.7 0.69935620
716.75 0.75222921
719.8 0.77969837
722.85 0.81747258
725.9 0.87258142
728.95 0.96354610
732.0 1.0938134
735.05 1.3061121
738.1 1.6180074
741.15 2.1938956
744.2 8.7214613
747.25 7.0364118
750.3 6.5467324
753.35 6.5278959
756.4 6.1001554
759.45 4.8716965
762.5 4.1961217
765.55 3.9367292
768.6 3.7583988
771.65 3.5060370
774.7 3.1939247
777.75 2.9853721
780.8 2.9097176
783.85 2.9106843
786.9 2.9509983
789.95 2.9641616
793.0 3.1810172
796.05 3.2235682
799.1 3.0780528
802.15 2.7985876
805.2 2.8104026
808.25 2.7787590
811.3 2.8390601
814.35 2.8815534
817.4 2.8401425
820.45 2.7320566
823.5 2.6899366
826.55 2.7694318
829.6 2.7463753
832.65 2.7862604
835.7 2.7444584
838.75 2.8027492
841.8 2.9568055
844.85 3.1162279
847.9 3.3382108
850.95 3.3929362
854.0 3.4342065
857.05 3.1167164
860.1 2.9042919
863.15 2.7456641
866.2 2.6738694
869.25 2.6567395
872.3 2.5317905
875.35 2.4949129
878.4 2.4752743
881.45 2.4521942
884.5 2.4914351
887.55 2.4628379
890.6 2.4058442
893.65 2.4733462
896.7 2.4260492
899.75 2.4592824
902.8 2.5133979
905.85 2.5457706
908.9 2.6028845
911.95 2.5942729
915.0 2.6715779
918.05 2.7257111
921.1 2.7868724
924.15 2.8868926
927.2 3.0963781
930.25 3.3777142
933.3 3.7002008
936.35 4.1101742
939.4 4.6194186
942.45 4.9161658
945.5 4.4539914
948.55 3.7713635
951.6 3.2529383
954.65 2.9801195
957.7 2.8404746
960.75 2.7582960
963.8 2.6227436
966.85 2.6082857
969.9 2.5248353
972.95 2.5693605
976.0 2.5710127
979.05 2.5567575
982.1 2.5793493
985.15 2.5418348
988.2 2.5748253
991.25 2.6050646
994.3 2.6037979
997.35 2.6541531
1000.4 2.5462892
1003.45 2.5236311
1006.5 2.4856036
1009.55 2.5210121
1012.6 2.5270736
1015.65 2.4859078
1018.7 2.3552835
1021.75 2.2746658
1024.8 2.2382159
1027.85 2.1926301
1030.9 2.1919312
1033.95 2.1817796
1037.0 2.1734257
1040.05 2.2034547
1043.1 2.1923521
1046.15 2.2232959
1049.2 2.2294078
1052.25 2.2211778
1055.3 2.1915693
1058.35 2.2152038
1061.4 2.2210169
1064.45 2.2770026
1067.5 2.2363591
1070.55 2.1964271
1073.6 2.0961070
1076.65 2.1239338
1079.7 2.1300364
1082.75 2.0982289
1085.8 2.1656275
1088.85 2.1826794
1091.9 2.1219094
1094.95 2.0824726
1098.0 2.0819826
1101.05 2.0787866
1104.1 2.0746641
1107.15 2.0978758
1110.2 2.0581164
1113.25 2.0485597
1116.3 2.0716972
1119.35 2.0663283
1122.4 2.1144331
1125.45 2.1023045
1128.5 2.2350392
1131.55 2.2242360
1134.6 2.2437508
1137.65 2.2067416
1140.7 2.2085440
1143.75 2.2258399
1146.8 2.3217208
1149.85 2.4948153
1152.9 2.6513548
1155.95 2.7779434
1159.0 2.8239398
1162.05 2.9684274
1165.1 2.8352885
1168.15 2.5891140
1171.2 2.3652680
1174.25 2.2160316
1177.3 2.1449242
1180.35 2.0727904
1183.4 2.0050201
1186.45 1.9526128
1189.5 1.9359475
1192.55 1.8592753
1195.6 1.8262758
1198.65 1.8081410
1201.7 1.8219620
1204.75 1.8259500
1207.8 1.7802367
1210.85 1.7839006
1213.9 1.7897031
1216.95 1.8010178
1220.0 1.7528840
1223.05 1.7684659
1226.1 1.8061490
1229.15 1.7050391
1232.2 1.7467331
1235.25 1.7545295
1238.3 1.7389008
1241.35 1.7503891
1244.4 1.7193931
1247.45 1.6934235
1250.5 1.7371999
1253.55 1.8040892
1256.6 1.7651042
1259.65 1.8061380
1262.7 1.7876972
1265.75 1.7892669
1268.8 1.7760030
1271.85 1.7956384
1274.9 1.7873149
1277.95 1.7796764
1281.0 1.7199103
1284.05 1.6891539
1287.1 1.7082016
1290.15 1.7296323
1293.2 1.6537725
1296.25 1.7307780
1299.3 1.6678613
1302.35 1.7049292
1305.4 1.6866130
1308.45 1.7181398
1311.5 1.6343558
1314.55 1.6558615
1317.6 1.6516241
1320.65 1.6777788
1323.7 1.5921963
1326.75 1.6082808
1329.8 1.6362704
1332.85 1.5610845
1335.9 1.5875958
1338.95 1.5371802
1342.0 1.4920157
1345.05 1.4878221
1348.1 1.4836464
1351.15 1.4907576
1354.2 1.4971670
1357.25 1.4967523
1360.3 1.4732641
1363.35 1.4630375
1366.4 1.4589684
1369.45 1.4549172
1372.5 1.4705046
1375.55 1.4653109
1378.6 1.4840882
1381.65 1.4902257
1384.7 1.4868351
1387.75 1.4948417
1390.8 1.5057877
1393.85 1.5301610
1396.9 1.5615413
1399.95 1.5464944
1403.0 1.5843883
1406.05 1.5995760
1409.1 1.6100017
1412.15 1.6159132
1415.2 1.6243802
1418.25 1.6417333
1421.3 1.6470100
1424.35 1.6217605
1427.4 1.6044935
1430.45 1.5656885
1433.5 1.5588872
1436.55 1.5259773
1439.6 1.5453916
1442.65 1.5235771
1445.7 1.5109684
1448.75 1.5123702
1451.8 1.5002675
1454.85 1.5010304
1457.9 1.5015701
1460.95 1.5160133
1464.0 1.5486802
1467.05 1.5221757
1470.1 1.5740421
1473.15 1.6099602
1476.2 1.6546218
1479.25 1.6466991
1482.3 1.5970242
1485.35 1.5861229
1488.4 1.5882694
1491.45 1.5493637
1494.5 1.5177522
1497.55 1.5064296
1500.6 1.4978565
1503.65 1.5238028
1506.7 1.5520422
1509.75 1.5554223
1512.8 1.5426261
1515.85 1.5438366
1518.9 1.5314867
1521.95 1.5365961
1525.0 1.5183690
1528.05 1.5094959
1531.1 1.5087076
1534.15 1.4992461
1537.2 1.4778669
1540.25 1.4541223
1543.3 1.4653085
1546.35 1.4677888
1549.4 1.4660748
1552.45 1.4495822
1555.5 1.4360392
1558.55 1.4300152
1561.6 1.4206725
1564.65 1.4129608
1567.7 1.3986919
1570.75 1.3777165
1573.8 1.3825784
1576.85 1.3806040
1579.9 1.3632776
1582.95 1.3256247
1586.0 1.3576733
1589.05 1.3616765
1592.1 1.3514113
1595.15 1.3493849
1598.2 1.3589994
1601.25 1.3319526
1604.3 1.3304862
1607.35 1.3026340
1610.4 1.2803972
1613.45 1.2286022
1616.5 1.2212019
1619.55 1.2174317
1622.6 1.2038194
1625.65 1.2348075
1628.7 1.2510542
1631.75 1.2520142
1634.8 1.2234851
1637.85 1.2342929
1640.9 1.2380142
1643.95 1.2529769
1647.0 1.2514741
1650.05 1.2787383
1653.1 1.3141345
1656.15 1.3239261
1659.2 1.3052282
1662.25 1.3434408
1665.3 1.3595755
1668.35 1.3565044
1671.4 1.3617433
1674.45 1.4150435
1677.5 1.4479287
1680.55 1.4386179
1683.6 1.4641445
1686.65 1.4290279
1689.7 1.4629520
1692.75 1.5111970
1695.8 1.6351048
1698.85 1.7802880
1701.9 2.0066590
1704.95 2.2369876
1708.0 2.3056402
1711.05 2.1857979
1714.1 1.9336452
1717.15 1.7182297
1720.2 1.5840075
1723.25 1.5168402
1726.3 1.4636554
1729.35 1.4222007
1732.4 1.3892864
1735.45 1.3577297
1738.5 1.3465325
1741.55 1.3177361
1744.6 1.2926326
1747.65 1.2642239
1750.7 1.2475600
1753.75 1.2422843
1756.8 1.2052860
1759.85 1.2061712
1762.9 1.1747959
1765.95 1.1657511
1769.0 1.1630847
1772.05 1.1137929
1775.1 1.1291693
1778.15 1.1271155
1781.2 1.1423255
1784.25 1.1723119
1787.3 1.1819446
1790.35 1.1846411
1793.4 1.1823510
1796.45 1.1892381
1799.5 1.1717118
1802.55 1.1733135
1805.6 1.1875650
1808.65 1.1687657
1811.7 1.1714549
1814.75 1.1491846
1817.8 1.1548736
1820.85 1.1258388
1823.9 1.1057360
1826.95 1.0847770
1830.0 1.0738286
1833.05 1.0470040
1836.1 1.0353569
1839.15 1.0060018
1842.2 0.98558176
1845.25 0.98061067
1848.3 0.98890585
1851.35 0.97504145
1854.4 0.99489653
1857.45 0.99912417
1860.5 1.0013028
1863.55 1.0002084
1866.6 1.0000954
1869.65 1.0189453
1872.7 1.0074269
1875.75 1.0263361
1878.8 1.0242304
1881.85 1.0192204
1884.9 1.0071757
1887.95 1.0164754
1891.0 1.0083612
1894.05 1.0288786
1897.1 1.0539792
1900.15 1.0558183
1903.2 1.0970293
1906.25 1.1048857
1909.3 1.1034044
1912.35 1.0872904
1915.4 1.0852557
1918.45 1.0443349
1921.5 1.0665241
1924.55 1.0550836
1927.6 1.0521526
1930.65 1.0643593
1933.7 1.0914465
1936.75 1.0915279
1939.8 1.1042011
1942.85 1.1100981
1945.9 1.1177166
1948.95 1.1057595
1952.0 1.1101280
1955.05 1.0926405
1958.1 1.1039956
1961.15 1.0894027
1964.2 1.0561236
1967.25 1.0556314
1970.3 1.0676632
1973.35 1.0386235
1976.4 1.0361218
1979.45 1.0359970
1982.5 1.0344808
1985.55 1.0499891
1988.6 1.0444595
1991.65 1.0258635
1994.7 1.0229635
1997.75 1.0426471
2000.8 1.0397763
2003.85 1.0317845
2006.9 1.0497777
2009.95 1.0192041
2013.0 1.0057119
2016.05 0.99137813
2019.1 0.98097599
2022.15 0.97276318
2025.2 0.95189607
2028.25 0.94731629
2031.3 0.95766866
2034.35 0.96535891
2037.4 0.97694159
2040.45 1.0065780
2043.5 0.97151482
2046.55 0.95718378
2049.6 0.95046932
2052.65 0.94516212
2055.7 0.93338215
2058.75 0.95473039
2061.8 0.95046765
2064.85 0.95641023
2067.9 0.94670516
2070.95 0.94885260
2074.0 0.94860828
2077.05 0.96952868
2080.1 0.97442740
2083.15 0.99011797
2086.2 1.0214213
2089.25 1.0621234
2092.3 1.0111830
2095.35 0.97192591
2098.4 0.97666705
2101.45 0.96086419
2104.5 0.92502779
2107.55 0.93460655
2110.6 0.93651587
2113.65 0.90974170
2116.7 0.90283352
2119.75 0.88204771
2122.8 0.86884588
2125.85 0.89143205
2128.9 0.88819003
2131.95 0.87490058
2135.0 0.89130026
2138.05 0.86824709
2141.1 0.85359132
2144.15 0.85254246
2147.2 0.83751225
2150.25 0.82296419
2153.3 0.80644482
2156.35 0.81593114
2159.4 0.81329054
2162.45 0.78914553
2165.5 0.79544663
2168.55 0.80761099
2171.6 0.81233418
2174.65 0.79634792
2177.7 0.81027085
2180.75 0.82978392
2183.8 0.81356388
2186.85 0.83060384
2189.9 0.80615872
2192.95 0.80742544
2196.0 0.79484570
2199.05 0.80446011
2202.1 0.80855495
2205.15 0.79203290
2208.2 0.81334209
2211.25 0.79902452
2214.3 0.79131907
2217.35 0.79764616
2220.4 0.77976811
2223.45 0.78769994
2226.5 0.78082550
2229.55 0.78540081
2232.6 0.78996801
2235.65 0.77877563
2238.7 0.77149963
2241.75 0.76874399
2244.8 0.76461369
2247.85 0.75939125
2250.9 0.75931531
2253.95 0.76933789
2257.0 0.76763296
2260.05 0.76631886
2263.1 0.75107920
2266.15 0.75334942
2269.2 0.78444517
2272.25 0.88356394
2275.3 0.91722018
2278.35 0.77463174
2281.4 0.74666148
2284.45 0.74599522
2287.5 0.73662204
2290.55 0.76254308
2293.6 0.74071842
2296.65 0.72396845
2299.7 0.72848827
2302.75 0.71976483
2305.8 0.70980889
2308.85 0.70189643
2311.9 0.69277114
2314.95 0.65471429
2318.0 0.66490477
2321.05 0.65202194
2324.1 0.68006402
2327.15 0.67800206
2330.2 0.67031634
2333.25 0.66323394
2336.3 0.65792876
2339.35 0.67433560
2342.4 0.66015476
2345.45 0.67078543
2348.5 0.68058121
2351.55 0.69139838
2354.6 0.71845651
2357.65 0.77284259
2360.7 0.80459166
2363.75 0.72269750
2366.8 0.67496520
2369.85 0.69873905
2372.9 0.70392108
2375.95 0.66681832
2379.0 0.65218163
2382.05 0.65276575
2385.1 0.64093727
2388.15 0.63678765
2391.2 0.62461621
2394.25 0.60619360
2397.3 0.58583170
2400.35 0.58142829
2403.4 0.59879154
2406.45 0.61631823
2409.5 0.61775321
2412.55 0.62431860
2415.6 0.63936257
2418.65 0.63954842
2421.7 0.63526583
2424.75 0.61378181
2427.8 0.61603779
2430.85 0.61250490
2433.9 0.58678520
2436.95 0.59396267
2440.0 0.57375282
2443.05 0.57348436
2446.1 0.56326395
2449.15 0.57523447
2452.2 0.58225232
2455.25 0.57135808
2458.3 0.55313247
2461.35 0.55226165
2464.4 0.54942518
2467.45 0.54268283
2470.5 0.55890530
2473.55 0.54688793
2476.6 0.56065953
2479.65 0.57152575
2482.7 0.60606313
2485.75 0.59643102
2488.8 0.59263605
2491.85 0.61852193
2494.9 0.62687820
2497.95 0.64843601
2501.0 0.68919599
2504.05 0.66871172
2507.1 0.63499099
2510.15 0.63152343
2513.2 0.60300982
2516.25 0.58766413
2519.3 0.58127987
2522.35 0.57128865
2525.4 0.55197382
2528.45 0.53049713
2531.5 0.52408624
2534.55 0.52630091
2537.6 0.54061860
2540.65 0.53603995
2543.7 0.53232306
2546.75 0.54380763
2549.8 0.52480298
2552.85 0.51794016
2555.9 0.52724010
2558.95 0.51494050
2562.0 0.50915897
2565.05 0.50813097
2568.1 0.50710613
2571.15 0.50919122
2574.2 0.51316339
2577.25 0.51058203
2580.3 0.50844812
2583.35 0.53662622
2586.4 0.53315169
2589.45 0.54102725
2592.5 0.53114247
2595.55 0.51811290
2598.6 0.50959051
2601.65 0.53219235
2604.7 0.53162444
2607.75 0.52759153
2610.8 0.55173343
2613.85 0.53685111
2616.9 0.55397063
2619.95 0.58387011
2623.0 0.57354069
2626.05 0.58503318
2629.1 0.59550697
2632.15 0.61962271
2635.2 0.65863925
2638.25 0.66563642
2641.3 0.70219755
2644.35 0.75974143
2647.4 0.78757948
2650.45 0.79062164
2653.5 0.73486400
2656.55 0.72146350
2659.6 0.71395886
2662.65 0.67905223
2665.7 0.64807475
2668.75 0.59328842
2671.8 0.58068925
2674.85 0.55736631
2677.9 0.54590446
2680.95 0.55953252
2684.0 0.54406822
2687.05 0.53461194
2690.1 0.53495634
2693.15 0.52226043
2696.2 0.51838440
2699.25 0.51549530
2702.3 0.48349497
2705.35 0.49985668
2708.4 0.49710912
2711.45 0.50959140
2714.5 0.49836132
2717.55 0.49600038
2720.6 0.51815051
2723.65 0.52544796
2726.7 0.54507953
2729.75 0.53698957
2732.8 0.53270435
2735.85 0.51253247
2738.9 0.54055446
2741.95 0.54155970
2745.0 0.54469538
2748.05 0.54058957
2751.1 0.56073022
2754.15 0.58439648
2757.2 0.57998061
2760.25 0.55599481
2763.3 0.54264951
2766.35 0.52930534
2769.4 0.53279322
2772.45 0.57179207
2775.5 0.55604672
2778.55 0.54905736
2781.6 0.57012230
2784.65 0.56512320
2787.7 0.52315390
2790.75 0.55114365
2793.8 0.57282829
2796.85 0.54798317
2799.9 0.53732347
2802.95 0.54559857
2806.0 0.52502602
2809.05 0.51260531
2812.1 0.51407731
2815.15 0.53024787
2818.2 0.54927343
2821.25 0.54872447
2824.3 0.53754562
2827.35 0.54401273
2830.4 0.52758372
2833.45 0.53612959
2836.5 0.51970071
2839.55 0.54671156
2842.6 0.51434594
2845.65 0.53081626
2848.7 0.50849390
2851.75 0.51302689
2854.8 0.51678371
2857.85 0.53357190
2860.9 0.48644462
2863.95 0.48518851
2867.0 0.45596063
2870.05 0.45000345
2873.1 0.44351336
2876.15 0.45415452
2879.2 0.45246693
2882.25 0.45091385
2885.3 0.44262737
2888.35 0.44913536
2891.4 0.45355049
2894.45 0.44382685
2897.5 0.42874485
2900.55 0.43236795
2903.6 0.43393013
2906.65 0.43146965
2909.7 0.43799007
2912.75 0.44335091
2915.8 0.45113897
2918.85 0.44922811
2921.9 0.44548956
2924.95 0.45395249
2928.0 0.46676660
2931.05 0.46685550
2934.1 0.47092873
2937.15 0.48833901
2940.2 0.51688915
2943.25 0.51906896
2946.3 0.55765486
2949.35 0.56254476
2952.4 0.58109492
2955.45 0.62422848
2958.5 0.64963305
2961.55 0.72648412
2964.6 0.79207593
2967.65 0.76670259
2970.7 0.71484327
2973.75 0.66353863
2976.8 0.62741023
2979.85 0.59595931
2982.9 0.55636847
2985.95 0.54620427
2989.0 0.54055685
2992.05 0.52151555
2995.1 0.49222538
2998.15 0.50669348
3001.2 0.48995724
3004.25 0.48223805
3007.3 0.47389296
3010.35 0.46094361
3013.4 0.45572203
3016.45 0.46737534
3019.5 0.46727562
3022.55 0.55114961
3025.6 0.60223490
3028.65 0.50319302
3031.7 0.44671655
3034.75 0.43470961
3037.8 0.43088043
3040.85 0.42010850
3043.9 0.44724184
3046.95 0.48840064
3050.0 0.59328061
3053.05 0.83548784
3056.1 0.83320224
3059.15 0.56005824
3062.2 0.47128278
3065.25 0.44287619
3068.3 0.43053275
3071.35 0.42020375
3074.4 0.41196147
3077.45 0.41205651
3080.5 0.40896893
3083.55 0.40937591
3086.6 0.40864760
3089.65 0.40180808
3092.7 0.39717197
3095.75 0.39699784
3098.8 0.38165507
3101.85 0.37365007
3104.9 0.38990662
3107.95 0.38624004
3111.0 0.39087632
3114.05 0.37496367
3117.1 0.37786824
3120.15 0.37243977
3123.2 0.38528094
3126.25 0.37835681
3129.3 0.36846071
3132.35 0.37675437
3135.4 0.37425342
3138.45 0.38549903
3141.5 0.38734415
3144.55 0.40270397
3147.6 0.41124803
3150.65 0.40529659
3153.7 0.39342543
3156.75 0.41057196
3159.8 0.39343101
3162.85 0.38352659
3165.9 0.38414341
3168.95 0.40566105
3172.0 0.39792418
3175.05 0.37682268
3178.1 0.38161907
3181.15 0.38498190
3184.2 0.39129695
3187.25 0.38480350
3190.3 0.38830805
3193.35 0.38663709
3196.4 0.38861918
3199.45 0.37429386
3202.5 0.38049224
3205.55 0.39269555
3208.6 0.37367913
3211.65 0.38409168
3214.7 0.38549647
3217.75 0.38252488
3220.8 0.38292798
3223.85 0.38554314
3226.9 0.38288310
3229.95 0.39745659
3233.0 0.37927899
3236.05 0.37116140
3239.1 0.40571913
3242.15 0.37857890
3245.2 0.39603987
3248.25 0.38588771
3251.3 0.37425482
3254.35 0.36881560
3257.4 0.36448589
3260.45 0.37526238
3263.5 0.35550904
3266.55 0.35851425
3269.6 0.36202648
3272.65 0.35796705
3275.7 0.34102750
3278.75 0.34714448
3281.8 0.35537785
3284.85 0.35448739
3287.9 0.34357300
3290.95 0.34470063
3294.0 0.34166595
3297.05 0.33491966
3300.1 0.34146887
3303.15 0.34827438
3306.2 0.34579176
3309.25 0.33721557
3312.3 0.33218044
3315.35 0.32709360
3318.4 0.33830568
3321.45 0.32605335
3324.5 0.34794933
3327.55 0.32783881
3330.6 0.32919875
3333.65 0.32398814
3336.7 0.32347497
3339.75 0.32296309
3342.8 0.32245240
3345.85 0.32970053
3348.9 0.33100119
3351.95 0.33847553
3355.0 0.33008358
3358.05 0.33093509
3361.1 0.31941450
3364.15 0.31891239
3367.2 0.32786059
3370.25 0.33742628
3373.3 0.33159146
3376.35 0.32337248
3379.4 0.33596483
3382.45 0.34121490
3385.5 0.32397214
3388.55 0.32751423
3391.6 0.31444836
3394.65 0.31395832
3397.7 0.32015133
3400.75 0.31475523
3403.8 0.34396797
3406.85 0.32825491
3409.9 0.31918791
3412.95 0.35624027
3416.0 0.35138330
3419.05 0.33540094
3422.1 0.32916236
3425.15 0.31414542
3428.2 0.31361005
3431.25 0.30816847
3434.3 0.31814906
3437.35 0.30721948
3440.4 0.30861184
3443.45 0.30627510
3446.5 0.30866951
3449.55 0.30533507
3452.6 0.30693403
3455.65 0.30571070
3458.7 0.30393338
3461.75 0.31441882
3464.8 0.30967313
3467.85 0.30254179
3470.9 0.30208004
3473.95 0.30161944
3477.0 0.30115992
3480.05 0.30070141
3483.1 0.30024406
3486.15 0.29978773
3489.2 0.30587333
3492.25 0.29887831
3495.3 0.29929149
3498.35 0.29797316
3501.4 0.29924008
3504.45 0.29717204
3507.5 0.29662320
3510.55 0.29942670
3513.6 0.30352932
3516.65 0.30490586
3519.7 0.30199409
3522.75 0.30141014
3525.8 0.30047286
3528.85 0.29626009
3531.9 0.29863453
3534.95 0.29661500
3538.0 0.29597622
3541.05 0.30249882
3544.1 0.31568143
3547.15 0.30012739
3550.2 0.31046802
3553.25 0.30439901
3556.3 0.31374258
3559.35 0.30632311
3562.4 0.31619421
3565.45 0.31108099
3568.5 0.31243154
3571.55 0.32145026
3574.6 0.31358954
3577.65 0.31951433
3580.7 0.32998630
3583.75 0.35521713
3586.8 0.34702137
3589.85 0.34025604
3592.9 0.34203687
3595.95 0.31182611
3599.0 0.30654028
3602.05 0.32075113
3605.1 0.31501535
3608.15 0.30399126
3611.2 0.30558258
3614.25 0.30720526
3617.3 0.30754936
3620.35 0.30207673
3623.4 0.30798122
3626.45 0.31425524
3629.5 0.29486591
3632.55 0.29796150
3635.6 0.29585856
3638.65 0.30529583
3641.7 0.28796440
3644.75 0.29100278
3647.8 0.29016313
3650.85 0.28907672
3653.9 0.29110795
3656.95 0.29048416
3660.0 0.28972831
3663.05 0.29230803
3666.1 0.28753856
3669.15 0.28510031
3672.2 0.28005674
3675.25 0.27978727
3678.3 0.27518648
3681.35 0.28049263
3684.4 0.28106004
3687.45 0.28425720
3690.5 0.28652084
3693.55 0.27556726
3696.6 0.28145173
3699.65 0.28986573
3702.7 0.28644794
3705.75 0.28926590
3708.8 0.29450491
3711.85 0.28964368
3714.9 0.29175463
3717.95 0.28595158
3721.0 0.30028725
3724.05 0.27607855
3727.1 0.26686728
3730.15 0.27088168
3733.2 0.26723316
3736.25 0.26864871
3739.3 0.26899400
3742.35 0.27424887
3745.4 0.27929124
3748.45 0.26658162
3751.5 0.27404803
3754.55 0.28143212
3757.6 0.27103552
3760.65 0.26648644
3763.7 0.26235968
3766.75 0.26198944
3769.8 0.26307243
3772.85 0.27857417
3775.9 0.26538748
3778.95 0.26692584
3782.0 0.26015022
3785.05 0.26077709
3788.1 0.26052684
3791.15 0.26473722
3794.2 0.26204008
3797.25 0.26798958
3800.3 0.26886249
3803.35 0.26273441
3806.4 0.26090211
3809.45 0.26048589
3812.5 0.26797315
3815.55 0.26627457
3818.6 0.26062933
3821.65 0.25871307
3824.7 0.25669643
3827.75 0.25543439
3830.8 0.25752631
3833.85 0.25975281
3836.9 0.26830968
3839.95 0.27197266
3843.0 0.27709338
3846.05 0.28587735
3849.1 0.27442366
3852.15 0.26095328
3855.2 0.26178306
3858.25 0.25905746
3861.3 0.25499624
3864.35 0.25895208
3867.4 0.26663530
3870.45 0.26941848
3873.5 0.26101282
3876.55 0.26302558
3879.6 0.26693866
3882.65 0.27173758
3885.7 0.27583787
3888.75 0.26222551
3891.8 0.26480111
3894.85 0.26969397
3897.9 0.27047852
3900.95 0.26470715
3904.0 0.26421613
3907.05 0.26811805
3910.1 0.26785141
3913.15 0.26491150
3916.2 0.27139613
3919.25 0.26859617
3922.3 0.27236673
3925.35 0.27886376
3928.4 0.27494690
3931.45 0.28292891
3934.5 0.27837455
3937.55 0.29725569
3940.6 0.29942918
3943.65 0.30724168
3946.7 0.31586194
3949.75 0.31455362
3952.8 0.32095140
3955.85 0.33892471
3958.9 0.34077394
3961.95 0.35558715
3965.0 0.37197804
3968.05 0.39476961
3971.1 0.42116064
3974.15 0.45300886
3977.2 0.49688795
3980.25 0.55169815
3983.3 0.61878145
3986.35 0.69782066
3989.4 0.81807154
3992.45 0.96108472
3995.5 1.1412058
3998.55 1.3228164
4001.6 1.5558751
4004.65 1.5987829
4007.7 1.3671029
4010.75 1.1377391
4013.8 1.0350019
4016.85 0.97473586
4019.9 0.84401774
4022.95 0.71195757
4026.0 0.64132887
4029.05 0.58491755
4032.1 0.53334540
4035.15 0.49404177
4038.2 0.46998557
4041.25 0.43999502
4044.3 0.40961978
4047.35 0.38438016
4050.4 0.35903138
4053.45 0.33735704
4056.5 0.33048072
4059.55 0.32365730
4062.6 0.30735001
4065.65 0.30533385
4068.7 0.29957438
4071.75 0.29988182
4074.8 0.30513185
4077.85 0.30424413
4080.9 0.29787663
4083.95 0.28818536
4087.0 0.30254444
4090.05 0.31028458
4093.1 0.31656936
4096.15 0.34857884
4099.2 0.34673661
4102.25 0.32321107
4105.3 0.32642904
4108.35 0.33033460
4111.4 0.32080767
4114.45 0.29603449
4117.5 0.27192342
4120.55 0.26922399
4123.6 0.26237664
4126.65 0.25438666
4129.7 0.25276756
4132.75 0.24569389
4135.8 0.23484579
4138.85 0.23351607
4141.9 0.23463662
4144.95 0.23419937
4148.0 0.22325845
4151.05 0.22114563
4154.1 0.22086313
4157.15 0.22790991
4160.2 0.23685671
4163.25 0.22745001
4166.3 0.22411735
4169.35 0.22343625
4172.4 0.21917638
4175.45 0.21889737
4178.5 0.21861891
4181.55 0.23335204
4184.6 0.22443680
4187.65 0.22601223
4190.7 0.21751070
4193.75 0.21723503
4196.8 0.22116406
4199.85 0.22822289
4202.9 0.22641364
4205.95 0.22105719
4209.0 0.22325687
4212.05 0.22342753
4215.1 0.22173713
4218.15 0.21504989
4221.2 0.21477920
4224.25 0.21450908
4227.3 0.21622394
4230.35 0.21397048
4233.4 0.21370199
4236.45 0.21343409
4239.5 0.21845163
4242.55 0.21289982
4245.6 0.21263348
4248.65 0.21236768
4251.7 0.21526203
4254.75 0.21183768
4257.8 0.21157351
4260.85 0.21130984
4263.9 0.21104671
4266.95 0.21671724
4270.0 0.21178627
4273.05 0.22343257
4276.1 0.21158870
4279.15 0.21155606
4282.2 0.20947900
4285.25 0.20921955
4288.3 0.22412510
4291.35 0.23251989
4294.4 0.22442105
4297.45 0.24107733
4300.5 0.22287935
4303.55 0.25075760
4306.6 0.23602004
4309.65 0.21806051
4312.7 0.24265666
4315.75 0.22602205
4318.8 0.22040550
4321.85 0.22221790
4324.9 0.21516877
4327.95 0.21210274
4331.0 0.20538941
4334.05 0.20513810
4337.1 0.20805778
4340.15 0.21583125
4343.2 0.20438723
4346.25 0.20413797
4349.3 0.20388916
4352.35 0.20364088
4355.4 0.22393630
4358.45 0.20798682
4361.5 0.20289890
4364.55 0.20265260
4367.6 0.20604518
4370.65 0.20462692
4373.7 0.20191647
4376.75 0.20167215
4379.8 0.20736836
4382.85 0.21377330
4385.9 0.22558606
4388.95 0.20069940
4392.0 0.22201443
4395.05 0.20079447
4398.1 0.21022426
4401.15 0.19973436
4404.2 0.21322528
4407.25 0.20759283
4410.3 0.20714317
4413.35 0.21122870
4416.4 0.22104833
4419.45 0.21056117
4422.5 0.19806387
4425.55 0.21138041
4428.6 0.23398229
4431.65 0.19735497
4434.7 0.19711961
4437.75 0.19745061
4440.8 0.19665024
4443.85 0.19641627
4446.9 0.19618273
4449.95 0.21536086
4453.0 0.20975618
4456.05 0.19548495
4459.1 0.19525327
4462.15 0.20569515
4465.2 0.22008835
4468.25 0.19456090
4471.3 0.19616288
4474.35 0.23973636
4477.4 0.20613573
4480.45 0.20432632
4483.5 0.19341604
4486.55 0.21974927
4489.6 0.23482519
4492.65 0.22428437
4495.7 0.24665734
4498.75 0.24144097
4501.8 0.25441283
4504.85 0.22109561
4507.9 0.22937778
4510.95 0.28245184
4514.0 0.25329259
4517.05 0.24303873
4520.1 0.21994966
4523.15 0.21251592
4526.2 0.26265103
4529.25 0.25049159
4532.3 0.24229464
4535.35 0.22564390
4538.4 0.20186561
4541.45 0.22809479
4544.5 0.18894729
4547.55 0.18872839
4550.6 0.18850990
4553.65 0.18829192
4556.7 0.18807434
4559.75 0.18785714
4562.8 0.18764043
4565.85 0.18742405
4568.9 0.18720815
4571.95 0.18699265
4575.0 0.18677761
4578.05 0.18656296
4581.1 0.18634872
4584.15 0.18613490
4587.2 0.18592153
4590.25 0.18570855
4593.3 0.18549599
4596.35 0.18528385
4599.4 0.18507209
4602.45 0.18486080
4605.5 0.18464987
4608.55 0.18443936
4611.6 0.18422930
4614.65 0.18401961
4617.7 0.18381031
4620.75 0.18360142
4623.8 0.18339297
4626.85 0.18318494
4629.9 0.18297724
4632.95 0.18276998
4636.0 0.18256319
4639.05 0.18235673
4642.1 0.18215068
4645.15 0.18194503
4648.2 0.18173978
4651.25 0.18153492
4654.3 0.18133049
4657.35 0.18112648
4660.4 0.18092284
4663.45 0.18071952
4666.5 0.18051666
4669.55 0.18031418
4672.6 0.18011209
4675.65 0.17991042
4678.7 0.17970912
4681.75 0.17950822
4684.8 0.17930770
4687.85 0.17910758
4690.9 0.17890787
4693.95 0.17870852
4697.0 0.17850952
4700.05 0.17831095
4703.1 0.17811278
4706.15 0.17791493
4709.2 0.17771754
4712.25 0.17752048
4715.3 0.17732377
4718.35 0.17712751
4721.4 0.17693166
4724.45 0.17673609
4727.5 0.17654094
4730.55 0.17634621
4733.6 0.17615180
4736.65 0.17595774
4739.7 0.17576411
4742.75 0.17557094
4745.8 0.17537798
4748.85 0.17518549
4751.9 0.17499335
4754.95 0.17480162
4758.0 0.17461023
4761.05 0.17441915
4764.1 0.17422847
4767.15 0.17403826
4770.2 0.17384830
4773.25 0.17365874
4776.3 0.17346954
4779.35 0.17328069
4782.4 0.17309228
4785.45 0.17290418
4788.5 0.17271642
4791.55 0.17252910
4794.6 0.17234211
4797.65 0.17215550
4800.7 0.17196921
4803.75 0.17178330
4806.8 0.17159773
4809.85 0.17141250
4812.9 0.17122768
4815.95 0.17104322
4819.0 0.17085905
4822.05 0.17067529
4825.1 0.17049189
4828.15 0.17030884
4831.2 0.17012614
4834.25 0.16994378
4837.3 0.16976175
4840.35 0.16958015
4843.4 0.16939883
4846.45 0.16921790
4849.5 0.16903728
4852.55 0.16885704
4855.6 0.16867714
4858.65 0.16849762
4861.7 0.16831844
4864.75 0.16813959
4867.8 0.16796105
4870.85 0.16778290
4873.9 0.16760510
4876.95 0.16742761
4880.0 0.16725047
4883.05 0.16707371
4886.1 0.16689725
4889.15 0.16672117
4892.2 0.16654544
4895.25 0.16637000
4898.3 0.16619489
4901.35 0.16602017
4904.4 0.16584572
4907.45 0.16567174
4910.5 0.16549797
4913.55 0.16532458
4916.6 0.16515152
4919.65 0.16497879
4922.7 0.16480644
4925.75 0.16463438
4928.8 0.16446263
4931.85 0.16429126
4934.9 0.16412023
4937.95 0.16394953
4941.0 0.16377908
4944.05 0.16360904
4947.1 0.16343933
4950.15 0.16326991
4953.2 0.16310082
4956.25 0.16293213
4959.3 0.16276368
4962.35 0.16259557
4965.4 0.16242781
4968.45 0.16226037
4971.5 0.16209327
4974.55 0.16192648
4977.6 0.16175999
4980.65 0.16159390
4983.7 0.16142803
4986.75 0.16126257
4989.8 0.16109736
4992.85 0.16093251
4995.9 0.16076797
4998.95 0.16060375
5002.0 0.16043989
5005.05 0.16027626
5008.1 0.16011302
5011.15 0.15995008
5014.2 0.15978743
5017.25 0.15962514
5020.3 0.15946318
5023.35 0.15930149
5026.4 0.15914011
5029.45 0.15897907
5032.5 0.15881833
5035.55 0.15865792
5038.6 0.15849780
5041.65 0.15833797
5044.7 0.15817849
5047.75 0.15801933
5050.8 0.15786041
5053.85 0.15770188
5056.9 0.15754366
5059.95 0.15738568
5063.0 0.15722805
5066.05 0.15707074
5069.1 0.15691373
5072.15 0.15675700
5075.2 0.15660062
5078.25 0.15644452
5081.3 0.15628867
5084.35 0.15613322
5087.4 0.15597804
5090.45 0.15582313
5093.5 0.15566856
5096.55 0.15551426
5099.6 0.15536030
5102.65 0.15520661
5105.7 0.15505321
5108.75 0.15490012
5111.8 0.15474734
5114.85 0.15459487
5117.9 0.15444270
5120.95 0.15429084
5124.0 0.15413922
5127.05 0.15398793
5130.1 0.15383697
5133.15 0.15368627
5136.2 0.15353586
5139.25 0.15338574
5142.3 0.15323596
5145.35 0.15308639
5148.4 0.15293717
5151.45 0.15278822
5154.5 0.15263963
5157.55 0.15249127
5160.6 0.15234321
5163.65 0.15219542
5166.7 0.15204798
5169.75 0.15190077
5172.8 0.15175387
5175.85 0.15160729
5178.9 0.15146098
5181.95 0.15131490
5185.0 0.15116918
5188.05 0.15102370
5191.1 0.15087852
5194.15 0.15073366
5197.2 0.15058906
5200.25 0.15044473
5203.3 0.15030071
5206.35 0.15015697
5209.4 0.15001351
5212.45 0.14987035
5215.5 0.14972743
5218.55 0.14958483
5221.6 0.14944248
5224.65 0.14930043
5227.7 0.14915864
5230.75 0.14901718
5233.8 0.14887594
5236.85 0.14873502
5239.9 0.14859438
5242.95 0.14845398
5246.0 0.14831389
5249.05 0.14817409
5252.1 0.14803454
5255.15 0.14789529
5258.2 0.14775628
5261.25 0.14761759
5264.3 0.14747915
5267.35 0.14734098
5270.4 0.14720309
5273.45 0.14706546
5276.5 0.14692813
5279.55 0.14679107
5282.6 0.14665426
5285.65 0.14651774
5288.7 0.14638148
5291.75 0.14624549
5294.8 0.14610977
5297.85 0.14597437
5300.9 0.14583920
5303.95 0.14570425
5307.0 0.14556964
5310.05 0.14543526
5313.1 0.14530119
5316.15 0.14516735
5319.2 0.14503381
5322.25 0.14490049
5325.3 0.14476749
5328.35 0.14463472
5331.4 0.14450224
5334.45 0.14437000
5337.5 0.14423804
5340.55 0.14410631
5343.6 0.14397490
5346.65 0.14384373
5349.7 0.14371283
5352.75 0.14358212
5355.8 0.14345177
5358.85 0.14332168
5361.9 0.14319181
5364.95 0.14306217
5368.0 0.14293283
5371.05 0.14280379
5374.1 0.14267497
5377.15 0.14254636
5380.2 0.14241809
5383.25 0.14229001
5386.3 0.14216223
5389.35 0.14203469
5392.4 0.14190742
5395.45 0.14178041
5398.5 0.14165367
5401.55 0.14152716
5404.6 0.14140092
5407.65 0.14127493
5410.7 0.14114922
5413.75 0.14102373
5416.8 0.14089850
5419.85 0.14077349
5422.9 0.14064881
5425.95 0.14052433
5429.0 0.14040008
5432.05 0.14027612
5435.1 0.14015242
5438.15 0.14002892
5441.2 0.13990577
5444.25 0.13978279
5447.3 0.13966008
5450.35 0.13953760
5453.4 0.13941541
5456.45 0.13929345
5459.5 0.13917173
5462.55 0.13905025
5465.6 0.13892902
5468.65 0.13880806
5471.7 0.13868736
5474.75 0.13856687
5477.8 0.13844661
5480.85 0.13832664
5483.9 0.13820693
5486.95 0.13808744
5490.0 0.13796817
5493.05 0.13784917
5496.1 0.13773042
5499.15 0.13761188
5502.2 0.13749360
5505.25 0.13737558
5508.3 0.13725780
5511.35 0.13714024
5514.4 0.13702294
5517.45 0.13690586
5520.5 0.13678904
5523.55 0.13667247
5526.6 0.13655612
5529.65 0.13644002
5532.7 0.13632415
5535.75 0.13620855
5538.8 0.13609312
5541.85 0.13597803
5544.9 0.13586313
5547.95 0.13574845
5551.0 0.13563398
5554.05 0.13551977
5557.1 0.13540585
5560.15 0.13529210
5563.2 0.13517864
5566.25 0.13506538
5569.3 0.13495238
5572.35 0.13483959
5575.4 0.13472702
5578.45 0.13461469
5581.5 0.13450263
5584.55 0.13439079
5587.6 0.13427913
5590.65 0.13416779
5593.7 0.13405666
5596.75 0.13394573
5599.8 0.13383502
5602.85 0.13372460
5605.9 0.13361438
5608.95 0.13350436
5612.0 0.13339458
5615.05 0.13328506
5618.1 0.13317578
5621.15 0.13306667
5624.2 0.13295783
5627.25 0.13284925
5630.3 0.13274084
5633.35 0.13263267
5636.4 0.13252474
5639.45 0.13241705
5642.5 0.13230959
5645.55 0.13220234
5648.6 0.13209528
5651.65 0.13198851
5654.7 0.13188192
5657.75 0.13177560
5660.8 0.13166945
5663.85 0.13156353
5666.9 0.13145787
5669.95 0.13135241
5673.0 0.13124718
5676.05 0.13114218
5679.1 0.13103738
5682.15 0.13093284
5685.2 0.13082851
5688.25 0.13072440
5691.3 0.13062048
5694.35 0.13051681
5697.4 0.13041335
5700.45 0.13031015
5703.5 0.13020715
5706.55 0.13010435
5709.6 0.13000178
5712.65 0.12989943
5715.7 0.12979731
5718.75 0.12969537
5721.8 0.12959369
5724.85 0.12949222
5727.9 0.12939094
5730.95 0.12928988
5734.0 0.12918906
5737.05 0.12908849
5740.1 0.12898804
5743.15 0.12888788
5746.2 0.12878792
5749.25 0.12868817
5752.3 0.12858865
5755.35 0.12848932
5758.4 0.12839025
5761.45 0.12829134
5764.5 0.12819265
5767.55 0.12809421
5770.6 0.12799597
5773.65 0.12789793
5776.7 0.12780006
5779.75 0.12770247
5782.8 0.12760508
5785.85 0.12750788
5788.9 0.12741089
5791.95 0.12731417
5795.0 0.12721759
5798.05 0.12712127
5801.1 0.12702514
5804.15 0.12692919
5807.2 0.12683350
5810.25 0.12673798
5813.3 0.12664269
5816.35 0.12654762
5819.4 0.12645273
5822.45 0.12635808
5825.5 0.12626362
5828.55 0.12616934
5831.6 0.12607528
5834.65 0.12598142
5837.7 0.12588780
5840.75 0.12579435
5843.8 0.12570116
5846.85 0.12560816
5849.9 0.12551533
5852.95 0.12542270
5856.0 0.12533030
5859.05 0.12523812
5862.1 0.12514612
5865.15 0.12505433
5868.2 0.12496273
5871.25 0.12487135
5874.3 0.12478014
5877.35 0.12468916
5880.4 0.12459838
5883.45 0.12450782
5886.5 0.12441747
5889.55 0.12432731
5892.6 0.12423730
5895.65 0.12414756
5898.7 0.12405797
5901.75 0.12396862
5904.8 0.12387945
5907.85 0.12379047
5910.9 0.12370171
5913.95 0.12361313
5917.0 0.12352476
5920.05 0.12343659
5923.1 0.12334861
5926.15 0.12326083
5929.2 0.12317322
5932.25 0.12308587
5935.3 0.12299869
5938.35 0.12291171
5941.4 0.12282492
5944.45 0.12273831
5947.5 0.12265190
5950.55 0.12256570
5953.6 0.12247968
5956.65 0.12239388
5959.7 0.12230828
5962.75 0.12222286
5965.8 0.12213762
5968.85 0.12205257
5971.9 0.12196774
5974.95 0.12188309
5978.0 0.12179860
5981.05 0.12171437
5984.1 0.12163028
5987.15 0.12154641
5990.2 0.12146272
5993.25 0.12137920
5996.3 0.12129592
5999.35 0.12121280
