300.0 0.0
425.0 0.0000000
429.25 0.0000000
433.5 0.0000000
437.75 0.0000000
442.0 0.0000000
446.25 0.0000000
450.5 0.0000000
454.75 0.0000000
459.0 0.0000000
463.25 0.0000000
467.5 0.0000000
471.75 0.0000000
476.0 0.0000000
480.25 0.0000000
484.5 0.0000000
488.75 0.0000000
493.0 0.0000000
497.25 0.0000000
501.5 0.0000000
505.75 0.0000000
510.0 0.0000000
514.25 0.0000000
518.5 0.0000000
522.75 0.0000000
527.0 0.0000000
531.25 0.0000000
535.5 0.0000000
539.75 0.0000000
544.0 0.0000000
548.25 0.0000000
552.5 0.0000000
556.75 0.0000000
561.0 0.0000000
565.25 0.0000000
569.5 0.0000000
573.75 0.0000000
578.0 0.0000000
582.25 0.0000000
586.5 0.0000000
590.75 0.0000000
595.0 0.0000000
599.25 0.0000000
603.5 0.0000000
607.75 0.0000000
612.0 0.0000000
616.25 0.0000000
620.5 0.0000000
624.75 0.0000000
629.0 0.0000000
633.25 0.0000000
637.5 0.0000000
641.75 0.0000000
646.0 0.0000000
650.25 0.0000000
654.5 0.0000000
658.75 0.0000000
663.0 0.0000000
667.25 0.0000000
671.5 0.0000000
675.75 0.0000000
680.0 0.0000000
684.25 0.0000000
688.5 0.0000000
692.75 0.0000000
697.0 0.0000000
701.25 0.0000000
705.5 0.0000000
709.75 0.0000000
714.0 0.0000000
718.25 0.0000000
722.5 0.0000000
726.75 0.0000000
731.0 0.0000000
735.25 0.0000000
739.5 0.0000000
743.75 0.0000000
748.0 0.0000000
752.25 0.0000000
756.5 0.0000000
760.75 0.0000000
765.0 0.0000000
769.25 0.0000000
773.5 0.0000000
777.75 3.15454890E-05
782.0 2.28326717E-05
786.25 1.63570603E-05
790.5 1.13939341E-05
794.75 7.63890694E-06
799.0 4.97996143E-06
803.25 3.20146228E-06
807.5 2.03347145E-06
811.75 1.27089947E-06
816.0 7.81177050E-07
820.25 4.72001858E-07
824.5 2.80210060E-07
828.75 1.86378638E-05
833.0 1.28340589E-05
837.25 8.72519013E-06
841.5 5.85169619E-06
845.75 3.87197178E-06
850.0 2.77087793E-06
854.25 1.86689329E-06
858.5 1.18254798E-06
862.75 7.94782352E-07
867.0 5.37213168E-07
871.25 3.63247125E-07
875.5 1.88939518E-03
879.75 1.60363957E-03
884.0 1.12638646E-03
888.25 7.73402280E-04
892.5 5.94232872E-04
896.75 4.70284489E-04
901.0 3.80708429E-04
905.25 3.10096773E-04
909.5 2.40406123E-04
913.75 1.71416541E-04
918.0 1.35565599E-04
922.25 9.42612751E-05
926.5 6.61119702E-05
930.75 4.67583814E-05
935.0 3.41610903E-05
939.25 2.60598536E-05
943.5 1.86188754E-05
947.75 1.40173725E-05
952.0 1.05507270E-05
956.25 7.42601833E-06
960.5 4.74447688E-06
964.75 3.25820179E-06
969.0 2.08613960E-06
973.25 1.46058585E-06
977.5 9.91606271E-07
981.75 6.47074955E-07
986.0 4.29553609E-07
990.25 2.91745977E-07
994.5 1.97225617E-07
998.75 1.36491806E-07
1003.0 8.98809773E-08
1007.25 5.90746119E-08
1011.5 3.83244938E-08
1015.75 2.41699301E-08
1020.0 1.69151146E-08
1024.25 1.53416320E-08
1028.5 1.70396106E-08
1032.75 2.23106511E-08
1037.0 1.2004144
1041.25 0.97441763
1045.5 0.91210854
1049.75 0.91496670
1054.0 0.86013150
1058.25 0.69099057
1062.5 0.59867358
1066.75 0.56494933
1071.0 0.54248136
1075.25 0.50897259
1079.5 0.46630988
1083.75 0.43833122
1088.0 0.42963216
1092.25 0.43217447
1096.5 0.44058824
1100.75 0.44499376
1105.0 0.48015559
1109.25 0.48922071
1113.5 0.46964753
1117.75 0.42929009
1122.0 0.43339556
1126.25 0.43077129
1130.5 0.44242379
1134.75 0.45137826
1139.0 0.44718388
1143.25 0.43237007
1147.5 0.42786822
1151.75 0.44273376
1156.0 0.44124913
1160.25 0.44988927
1164.5 0.44533071
1168.75 0.45701891
1173.0 0.48449251
1177.25 0.51308793
1181.5 0.55228025
1185.75 0.56401527
1190.0 0.57358426
1194.25 0.52300906
1198.5 0.48964381
1202.75 0.46505135
1207.0 0.45498261
1211.25 0.45414096
1215.5 0.43475389
1219.75 0.43036002
1224.0 0.42889217
1228.25 0.42679039
1232.5 0.43554434
1236.75 0.43244255
1241.0 0.42428523
1245.25 0.43808717
1249.5 0.43156648
1253.75 0.43935713
1258.0 0.45094109
1262.25 0.45868561
1266.5 0.47095117
1270.75 0.47135812
1275.0 0.48742262
1279.25 0.49935409
1283.5 0.51265526
1287.75 0.53322166
1292.0 0.57423335
1296.25 0.62893248
1300.5 0.69173902
1304.75 0.77144003
1309.0 0.87044930
1313.25 0.93000799
1317.5 0.84586823
1321.75 0.71900982
1326.0 0.62256551
1330.25 0.57253951
1334.5 0.54779202
1338.75 0.53395891
1343.0 0.50963056
1347.25 0.50871873
1351.5 0.49427545
1355.75 0.50485283
1360.0 0.50703460
1364.25 0.50606710
1368.5 0.51239365
1372.75 0.50676531
1377.0 0.51518637
1381.25 0.52309805
1385.5 0.52469903
1389.75 0.53673375
1394.0 0.51672763
1398.25 0.51391566
1402.5 0.50792718
1406.75 0.51693881
1411.0 0.51995802
1415.25 0.51323146
1419.5 0.48791105
1423.75 0.47279868
1428.0 0.46678105
1432.25 0.45879790
1436.5 0.46017110
1440.75 0.45954904
1445.0 0.45928887
1449.25 0.46715143
1453.5 0.46630338
1457.75 0.47440824
1462.0 0.47723621
1466.25 0.47698984
1470.5 0.47212282
1474.75 0.47871795
1479.0 0.48147851
1483.25 0.49515399
1487.5 0.48782298
1491.75 0.48058957
1496.0 0.46004534
1500.25 0.46757421
1504.5 0.47034049
1508.75 0.46471450
1513.0 0.48108202
1517.25 0.48631716
1521.5 0.47418085
1525.75 0.46674266
1530.0 0.46800351
1534.25 0.46865049
1538.5 0.46908069
1542.75 0.47570109
1547.0 0.46802795
1551.25 0.46718749
1555.5 0.47380939
1559.75 0.47391993
1564.0 0.48631880
1568.25 0.48488450
1572.5 0.51693690
1576.75 0.51586521
1581.0 0.52182758
1585.25 0.51462972
1589.5 0.51645660
1593.75 0.52191609
1598.0 0.54587072
1602.25 0.58814603
1606.5 0.62672299
1610.75 0.65839446
1615.0 0.67106992
1619.25 0.70726639
1623.5 0.67731607
1627.75 0.62012345
1632.0 0.56798148
1636.25 0.53352058
1640.5 0.51772898
1644.75 0.50159895
1649.0 0.48643470
1653.25 0.47492072
1657.5 0.47205541
1661.75 0.45524466
1666.0 0.44901451
1670.25 0.44638428
1674.5 0.45163631
1678.75 0.45446584
1683.0 0.44488111
1687.25 0.44759065
1691.5 0.45084372
1695.75 0.45550022
1700.0 0.44508174
1704.25 0.45080662
1708.5 0.46221626
1712.75 0.43804061
1717.0 0.45049140
1721.25 0.45424658
1725.5 0.45192644
1729.75 0.45664701
1734.0 0.45026249
1738.25 0.44513559
1742.5 0.45835695
1746.75 0.47778314
1751.0 0.46919510
1755.25 0.48187622
1759.5 0.47871032
1763.75 0.48088264
1768.0 0.47905469
1772.25 0.48610404
1776.5 0.48559260
1780.75 0.48524988
1785.0 0.47062513
1789.25 0.46384811
1793.5 0.47073284
1797.75 0.47831136
1802.0 0.45893005
1806.25 0.48196867
1810.5 0.46605322
1814.75 0.47804955
1819.0 0.47453240
1823.25 0.48504826
1827.5 0.46295825
1831.75 0.47063127
1836.0 0.47100097
1840.25 0.48005670
1844.5 0.45708165
1848.75 0.46322477
1853.0 0.47283620
1857.25 0.45258531
1861.5 0.46177006
1865.75 0.44855455
1870.0 0.43677902
1874.25 0.43694839
1878.5 0.43711311
1882.75 0.44060352
1887.0 0.44389704
1891.25 0.44517037
1895.5 0.43955597
1899.75 0.43786496
1904.0 0.43800113
1908.25 0.43813324
1912.5 0.44418693
1916.75 0.44397098
1921.0 0.45102841
1925.25 0.45426467
1929.5 0.45459700
1933.75 0.45841607
1938.0 0.46315098
1942.25 0.47204572
1946.5 0.48315072
1950.75 0.47990325
1955.0 0.49310246
1959.25 0.49928123
1963.5 0.50399339
1967.75 0.50730526
1972.0 0.51142961
1976.25 0.51837200
1980.5 0.52151954
1984.75 0.51498091
1989.0 0.51093584
1993.25 0.49997899
1997.5 0.49919966
2001.75 0.49002120
2006.0 0.49763069
2010.25 0.49195957
2014.5 0.48922735
2018.75 0.49101987
2023.0 0.48841596
2027.25 0.48998809
2031.5 0.49148646
2035.75 0.49754572
2040.0 0.50962526
2044.25 0.50223601
2048.5 0.52072495
2052.75 0.53401166
2057.0 0.55026585
2061.25 0.54906279
2065.5 0.53388441
2069.75 0.53161401
2074.0 0.53370607
2078.25 0.52196938
2082.5 0.51262671
2086.75 0.51009756
2091.0 0.50847983
2095.25 0.51859307
2099.5 0.52953064
2103.75 0.53201109
2108.0 0.52894813
2112.25 0.53067535
2116.5 0.52773005
2120.75 0.53079212
2125.0 0.52577931
2129.25 0.52398074
2133.5 0.52497768
2137.75 0.52294606
2142.0 0.51672882
2146.25 0.50964469
2150.5 0.51479065
2154.75 0.51688671
2159.0 0.51750427
2163.25 0.51288718
2167.5 0.50928730
2171.75 0.50833499
2176.0 0.50618887
2180.25 0.50460678
2184.5 0.50066268
2188.75 0.49428681
2193.0 0.49716589
2197.25 0.49758616
2201.5 0.49245605
2205.75 0.47993633
2210.0 0.49264473
2214.25 0.49520373
2218.5 0.49256703
2222.75 0.49292091
2227.0 0.49753159
2231.25 0.48870403
2235.5 0.48923686
2239.75 0.48004189
2244.0 0.47287449
2248.25 0.45472902
2252.5 0.45296589
2256.75 0.45253789
2261.0 0.44843599
2265.25 0.46096039
2269.5 0.46801746
2273.75 0.46936774
2278.0 0.45963857
2282.25 0.46467170
2286.5 0.46704727
2290.75 0.47367585
2295.0 0.47408852
2299.25 0.48541766
2303.5 0.49988025
2307.75 0.50463635
2312.0 0.49852487
2316.25 0.51416314
2320.5 0.52139175
2324.75 0.52126282
2329.0 0.52432752
2333.25 0.54594058
2337.5 0.55974132
2341.75 0.55724639
2346.0 0.56825554
2350.25 0.55571866
2354.5 0.57002729
2358.75 0.58997607
2363.0 0.63959306
2367.25 0.69773459
2371.5 0.78797388
2375.75 0.88010997
2380.0 0.90885901
2384.25 0.86326396
2388.5 0.76513135
2392.75 0.68118173
2397.0 0.62915552
2401.25 0.60361028
2405.5 0.58353734
2409.75 0.56806844
2414.0 0.55595368
2418.25 0.54433155
2422.5 0.54083902
2426.75 0.53024560
2431.0 0.52109706
2435.25 0.51057506
2439.5 0.50476062
2443.75 0.50353652
2448.0 0.48942155
2452.25 0.49066138
2456.5 0.47875398
2460.75 0.47591546
2465.0 0.47567135
2469.25 0.45631906
2473.5 0.46343499
2477.75 0.46340510
2482.0 0.47048143
2486.25 0.48367420
2490.5 0.48849607
2494.75 0.49045885
2499.0 0.49035540
2503.25 0.49406010
2507.5 0.48761293
2511.75 0.48911330
2516.0 0.49589619
2520.25 0.48887342
2524.5 0.49082559
2528.75 0.48230481
2533.0 0.48550475
2537.25 0.47408912
2541.5 0.46639904
2545.75 0.45831773
2550.0 0.45444167
2554.25 0.44381922
2558.5 0.43960181
2562.75 0.42783663
2567.0 0.41983500
2571.25 0.41839546
2575.5 0.42261678
2579.75 0.41736346
2584.0 0.42654663
2588.25 0.42904443
2592.5 0.43066543
2596.75 0.43087873
2601.0 0.43151212
2605.25 0.44033891
2609.5 0.43604624
2613.75 0.44492656
2618.0 0.44470686
2622.25 0.44322056
2626.5 0.43866158
2630.75 0.44339630
2635.0 0.44053364
2639.25 0.45018718
2643.5 0.46187517
2647.75 0.46338609
2652.0 0.48220471
2656.25 0.48639265
2660.5 0.48647320
2664.75 0.48008916
2669.0 0.47990903
2673.25 0.46250299
2677.5 0.47303262
2681.75 0.46865195
2686.0 0.46804082
2690.25 0.47416794
2694.5 0.48694846
2698.75 0.48769712
2703.0 0.49407849
2707.25 0.49743891
2711.5 0.50157785
2715.75 0.49692822
2720.0 0.49960884
2724.25 0.49244359
2728.5 0.49827179
2732.75 0.49238572
2737.0 0.47802141
2741.25 0.47847438
2745.5 0.48461032
2749.75 0.47209144
2754.0 0.47161329
2758.25 0.47221488
2762.5 0.47217962
2766.75 0.47992277
2771.0 0.47805467
2775.25 0.47018969
2779.5 0.46950424
2783.75 0.47919333
2788.0 0.47852531
2792.25 0.47549263
2796.5 0.48444015
2800.75 0.47096667
2805.0 0.46535707
2809.25 0.45933980
2813.5 0.45512846
2817.75 0.45191953
2822.0 0.44281277
2826.25 0.44126591
2830.5 0.44667646
2834.75 0.45085591
2839.0 0.45686406
2843.25 0.47133839
2847.5 0.45551282
2851.75 0.44937602
2856.0 0.44680175
2860.25 0.44488001
2864.5 0.43990076
2868.75 0.45053875
2873.0 0.44910070
2877.25 0.45248461
2881.5 0.44846144
2885.75 0.45004791
2890.0 0.45049992
2894.25 0.46101433
2898.5 0.46392530
2902.75 0.47198471
2907.0 0.48751336
2911.25 0.50757003
2915.5 0.48382506
2919.75 0.46561563
2924.0 0.46846262
2928.25 0.46144846
2932.5 0.44478175
2936.75 0.44993547
2941.0 0.45140246
2945.25 0.43902826
2949.5 0.43622091
2953.75 0.42669100
2958.0 0.42080951
2962.25 0.43226495
2966.5 0.43120667
2970.75 0.42526031
2975.0 0.43374553
2979.25 0.42302623
2983.5 0.41637549
2987.75 0.41635254
2992.0 0.40949124
2996.25 0.40284809
3000.5 0.39522120
3004.75 0.40033457
3009.0 0.39950067
3013.25 0.38808769
3017.5 0.39163640
3021.75 0.39808115
3026.0 0.40086704
3030.25 0.39342579
3034.5 0.40075907
3038.75 0.41087544
3043.0 0.40329891
3047.25 0.41220984
3051.5 0.40052733
3055.75 0.40160525
3060.0 0.39578986
3064.25 0.40102306
3068.5 0.40351111
3072.75 0.39570287
3077.0 0.40679729
3081.25 0.40007547
3085.5 0.39665216
3089.75 0.40026027
3094.0 0.39171574
3098.25 0.39613026
3102.5 0.39309815
3106.75 0.39582893
3111.0 0.39855939
3115.25 0.39333460
3119.5 0.39007658
3123.75 0.38909811
3128.0 0.38742000
3132.25 0.38518181
3136.5 0.38555110
3140.75 0.39105219
3145.0 0.39059600
3149.25 0.39033645
3153.5 0.38297421
3157.75 0.38453215
3162.0 0.40082109
3166.25 0.45193505
3170.5 0.46963498
3174.75 0.39703581
3179.0 0.38309279
3183.25 0.38314348
3187.5 0.37871590
3191.75 0.39244244
3196.0 0.38159770
3200.25 0.37334645
3204.5 0.37605688
3208.75 0.37192810
3213.0 0.36715212
3217.25 0.36342320
3221.5 0.35905629
3225.75 0.33967003
3230.0 0.34529975
3234.25 0.33894452
3238.5 0.35387120
3242.75 0.35314593
3247.0 0.34948537
3251.25 0.34613165
3255.5 0.34369802
3259.75 0.35261217
3264.0 0.34553236
3268.25 0.35143632
3272.5 0.35691297
3276.75 0.36293510
3281.0 0.37750098
3285.25 0.40646619
3289.5 0.42356837
3293.75 0.38081840
3298.0 0.35600412
3302.25 0.36889234
3306.5 0.37197950
3310.75 0.35270461
3315.0 0.34528697
3319.25 0.34591958
3323.5 0.33996865
3327.75 0.33808228
3332.0 0.33192825
3336.25 0.32243705
3340.5 0.31189415
3344.75 0.30983523
3349.0 0.31938115
3353.25 0.32903066
3357.5 0.33009809
3361.75 0.33391064
3366.0 0.34226730
3370.25 0.34267721
3374.5 0.34069023
3378.75 0.32946509
3383.0 0.33097357
3387.25 0.32937071
3391.5 0.31582227
3395.75 0.31997034
3400.0 0.30935836
3404.25 0.30948794
3408.5 0.30424130
3412.75 0.31098104
3417.0 0.31505215
3421.25 0.30942866
3425.5 0.29982039
3429.75 0.29960981
3434.0 0.29833058
3438.25 0.29492530
3442.5 0.30400476
3446.75 0.29772514
3451.0 0.30548519
3455.25 0.31167313
3459.5 0.33079085
3463.75 0.32581210
3468.0 0.32401508
3472.25 0.33845529
3476.5 0.34331846
3480.75 0.35542530
3485.0 0.37808543
3489.25 0.36715677
3493.5 0.34893486
3497.75 0.34732008
3502.0 0.33191520
3506.25 0.32373759
3510.5 0.32048661
3514.75 0.31523874
3519.0 0.30483252
3523.25 0.29321313
3527.5 0.28990757
3531.75 0.29137129
3536.0 0.29954270
3540.25 0.29724801
3544.5 0.29542679
3548.75 0.30204529
3553.0 0.29172570
3557.25 0.28814319
3561.5 0.29355294
3565.75 0.28693506
3570.0 0.28394055
3574.25 0.28359360
3578.5 0.28324732
3582.75 0.28463802
3587.0 0.28708562
3591.25 0.28586772
3595.5 0.28489724
3599.75 0.30092266
3604.0 0.29920894
3608.25 0.30386627
3612.5 0.29854751
3616.75 0.29145074
3621.0 0.28687936
3625.25 0.29983521
3629.5 0.29974705
3633.75 0.29770219
3638.0 0.31156430
3642.25 0.30339283
3646.5 0.31330734
3650.75 0.33046940
3655.0 0.32487020
3659.25 0.33163127
3663.5 0.33782411
3667.75 0.35177040
3672.0 0.37420258
3676.25 0.37846231
3680.5 0.39954937
3684.75 0.43261519
3689.0 0.44880155
3693.25 0.45087048
3697.5 0.41938457
3701.75 0.41204196
3706.0 0.40805727
3710.25 0.38839275
3714.5 0.37094736
3718.75 0.33983764
3723.0 0.33286417
3727.25 0.31972814
3731.5 0.31338117
3735.75 0.32143778
3740.0 0.31278041
3744.25 0.30756623
3748.5 0.30798623
3752.75 0.30089319
3757.0 0.29887438
3761.25 0.29742140
3765.5 0.27915758
3769.75 0.28881001
3774.0 0.28742665
3778.25 0.29485270
3782.5 0.28855881
3786.75 0.28739437
3791.0 0.30043998
3795.25 0.30488518
3799.5 0.31649768
3803.75 0.31201813
3808.0 0.30974394
3812.25 0.29822215
3816.5 0.31474519
3820.75 0.31554869
3825.0 0.31759480
3829.25 0.31541798
3833.5 0.32739422
3837.75 0.34144616
3842.0 0.33909783
3846.25 0.32529575
3850.5 0.31770387
3854.75 0.31010172
3859.0 0.31235659
3863.25 0.33544663
3867.5 0.32642940
3871.75 0.32254305
3876.0 0.33514240
3880.25 0.33242604
3884.5 0.30794364
3888.75 0.32463539
3893.0 0.33763239
3897.25 0.32320255
3901.5 0.31712508
3905.75 0.32222146
3910.0 0.31027585
3914.25 0.30313459
3918.5 0.30420429
3922.75 0.31397834
3927.0 0.32545623
3931.25 0.32534257
3935.5 0.31892148
3939.75 0.32296747
3944.0 0.31341642
3948.25 0.31869853
3952.5 0.30913123
3956.75 0.32540673
3961.0 0.30633849
3965.25 0.31634998
3969.5 0.30323976
3973.75 0.30613759
3978.0 0.30857497
3982.25 0.31880099
3986.5 0.29082677
3990.75 0.29025862
3995.0 0.27294481
3999.25 0.26954776
4003.5 0.26582649
4007.75 0.27237439
4012.0 0.27153131
4016.25 0.27076748
4020.5 0.26595640
4024.75 0.27003375
4029.0 0.27285659
4033.25 0.26717132
4037.5 0.25825098
4041.75 0.26059297
4046.0 0.26169452
4050.25 0.26036948
4054.5 0.26446521
4058.75 0.26786479
4063.0 0.27273548
4067.25 0.27174458
4071.5 0.26964569
4075.75 0.27493358
4080.0 0.28286424
4084.25 0.28308773
4088.5 0.28572839
4092.75 0.29646868
4097.0 0.31398818
4101.25 0.31549972
4105.5 0.33915386
4109.75 0.34233019
4114.0 0.35382739
4118.25 0.38031512
4122.5 0.39602557
4126.75 0.44313473
4131.0 0.48342657
4135.25 0.46821365
4139.5 0.43679821
4143.75 0.40568456
4148.0 0.38381830
4152.25 0.36478907
4156.5 0.34075201
4160.75 0.33471954
4165.0 0.33144912
4169.25 0.31995711
4173.5 0.30215999
4177.75 0.31121907
4182.0 0.30111089
4186.25 0.29653543
4190.5 0.29156920
4194.75 0.28376245
4199.0 0.28070641
4203.25 0.28804669
4207.5 0.28814715
4211.75 0.34005904
4216.0 0.37178668
4220.25 0.31081727
4224.5 0.27608615
4228.75 0.26881486
4233.0 0.26659492
4237.25 0.26007405
4241.5 0.27702439
4245.75 0.30268520
4250.0 0.36788669
4254.25 0.51836115
4258.5 0.51722640
4262.75 0.34785706
4267.0 0.29287755
4271.25 0.27537417
4275.5 0.26784468
4279.75 0.26156047
4284.0 0.25656870
4288.25 0.25676641
4292.5 0.25497970
4296.75 0.25537065
4301.0 0.25505304
4305.25 0.25091848
4309.5 0.24815582
4313.75 0.24817921
4318.0 0.23871474
4322.25 0.23383185
4326.5 0.24413449
4330.75 0.24196653
4335.0 0.24500012
4339.25 0.23514982
4343.5 0.23709577
4347.75 0.23381214
4352.0 0.24200010
4356.25 0.23777500
4360.5 0.23167646
4364.75 0.23701432
4369.0 0.23556311
4373.25 0.24276690
4377.5 0.24405481
4381.75 0.25386339
4386.0 0.25938284
4390.25 0.25576034
4394.5 0.24839623
4398.75 0.25935450
4403.0 0.24865344
4407.25 0.24251710
4411.5 0.24303049
4415.75 0.25677383
4420.0 0.25200400
4424.25 0.23876095
4428.5 0.24192180
4432.75 0.24417628
4437.0 0.24830611
4441.25 0.24430782
4445.5 0.24665596
4449.75 0.24571697
4454.0 0.24709952
4458.25 0.23810907
4462.5 0.24217215
4466.75 0.25006276
4471.0 0.23807082
4475.25 0.24482512
4479.5 0.24584135
4483.75 0.24406593
4488.0 0.24444275
4492.25 0.24623229
4496.5 0.24465264
4500.75 0.25408825
4505.0 0.24258530
4509.25 0.23750833
4513.5 0.25974756
4517.75 0.24248894
4522.0 0.25379527
4526.25 0.24740824
4530.5 0.24006502
4534.75 0.23668930
4539.0 0.23402241
4543.25 0.24105644
4547.5 0.22847617
4551.75 0.23051699
4556.0 0.23288554
4560.25 0.23038308
4564.5 0.21958457
4568.75 0.22362854
4573.0 0.22904006
4577.25 0.22857331
4581.5 0.22163947
4585.75 0.22247081
4590.0 0.22061503
4594.25 0.21635960
4598.5 0.22069286
4602.75 0.22519565
4607.0 0.22369380
4611.25 0.21824656
4615.5 0.21508688
4619.75 0.21189058
4624.0 0.21925431
4628.25 0.21141045
4632.5 0.22571076
4636.75 0.21276233
4641.0 0.21374220
4645.25 0.21045467
4649.5 0.21021663
4653.75 0.20997898
4658.0 0.20974168
4662.25 0.21455298
4666.5 0.21549635
4670.75 0.22046143
4675.0 0.21509182
4679.25 0.21574318
4683.5 0.20832567
4687.75 0.20809087
4692.0 0.21402477
4696.25 0.22036694
4700.5 0.21665227
4704.75 0.21137565
4709.0 0.21970372
4713.25 0.22323526
4717.5 0.21204761
4721.75 0.21446006
4726.0 0.20599456
4730.25 0.20576344
4734.5 0.20991375
4738.75 0.20646557
4743.0 0.22572589
4747.25 0.21550778
4751.5 0.20964576
4755.75 0.23408321
4760.0 0.23099130
4764.25 0.22057976
4768.5 0.21656990
4772.75 0.20677823
4777.0 0.20651416
4781.25 0.20301752
4785.5 0.20968197
4789.75 0.20256482
4794.0 0.20356926
4798.25 0.20211349
4802.5 0.20377980
4806.75 0.20166355
4811.0 0.20280506
4815.25 0.20208171
4819.5 0.20099123
4823.75 0.20801237
4828.0 0.20495844
4832.25 0.20032214
4836.5 0.20009974
4840.75 0.19987772
4845.0 0.19965604
4849.25 0.19943470
4853.5 0.19921373
4857.75 0.19899306
4862.0 0.20311616
4866.25 0.19855276
4870.5 0.19890884
4874.75 0.19811380
4879.0 0.19903752
4883.25 0.19774264
4887.5 0.19745786
4891.75 0.19940516
4896.0 0.20221934
4900.25 0.20321876
4904.5 0.20135944
4908.75 0.20105119
4913.0 0.20050676
4917.25 0.19777505
4921.5 0.19944017
4925.75 0.19817083
4930.0 0.19782312
4934.25 0.20226336
4938.5 0.21116190
4942.75 0.20083751
4947.0 0.20783968
4951.25 0.20385757
4955.5 0.21019812
4959.75 0.20530827
4964.0 0.21200773
4968.25 0.20866135
4972.5 0.20964952
4976.75 0.21578586
4981.0 0.21059135
4985.25 0.21465389
4989.5 0.22177555
4993.75 0.23882541
4998.0 0.23340565
5002.25 0.22894402
5006.5 0.23023133
5010.75 0.20997694
5015.0 0.20649715
5019.25 0.21615325
5023.5 0.21236944
5027.75 0.20501603
5032.0 0.20616812
5036.25 0.20734207
5040.5 0.20765345
5044.75 0.20403601
5049.0 0.20810319
5053.25 0.21242307
5057.5 0.19939218
5061.75 0.20156157
5066.0 0.20021446
5070.25 0.20667870
5074.5 0.19501893
5078.75 0.19715054
5083.0 0.19665529
5087.25 0.19599222
5091.5 0.19744304
5095.75 0.19709332
5100.0 0.19665356
5104.25 0.19847815
5108.5 0.19531198
5112.75 0.19372743
5117.0 0.19037050
5121.25 0.19025743
5125.5 0.18719767
5129.75 0.19087727
5134.0 0.19133350
5138.25 0.19358076
5142.5 0.19519359
5146.75 0.18779986
5151.0 0.19187991
5155.25 0.19768795
5159.5 0.19542785
5163.75 0.19742180
5168.0 0.20107003
5172.25 0.19782238
5176.5 0.19933590
5180.75 0.19544129
5185.0 0.20531300
5189.25 0.18882859
5193.5 0.18259364
5197.75 0.18540651
5202.0 0.18297441
5206.25 0.18400905
5210.5 0.18431097
5214.75 0.18797812
5219.0 0.19150203
5223.25 0.18285197
5227.5 0.18803953
5231.75 0.19317412
5236.0 0.18610328
5240.25 0.18304387
5244.5 0.18027239
5248.75 0.18008088
5253.0 0.18088838
5257.25 0.19161406
5261.5 0.18260720
5265.75 0.18372944
5270.0 0.17912772
5274.25 0.17962143
5278.5 0.17951104
5282.75 0.18247499
5287.0 0.18067807
5291.25 0.18484373
5295.5 0.18550940
5299.75 0.18134323
5304.0 0.18014005
5308.25 0.17991401
5312.5 0.18514839
5316.75 0.18403734
5321.0 0.18019673
5325.25 0.17893240
5329.5 0.17759773
5333.75 0.17678422
5338.0 0.17829211
5342.25 0.17989406
5346.5 0.18588260
5350.75 0.18848345
5355.0 0.19209650
5359.25 0.19825225
5363.5 0.19037277
5367.75 0.18108839
5372.0 0.18172461
5376.25 0.17989224
5380.5 0.17713076
5384.75 0.17993814
5389.0 0.18533814
5393.25 0.18733446
5397.5 0.18154947
5401.75 0.18300956
5406.0 0.18579318
5410.25 0.18919519
5414.5 0.19211276
5418.75 0.18269175
5423.0 0.18454629
5427.25 0.18801734
5431.5 0.18862553
5435.75 0.18466054
5440.0 0.18437763
5444.25 0.18716094
5448.5 0.18703510
5452.75 0.18504180
5457.0 0.18963225
5461.25 0.18773606
5465.5 0.19043249
5469.75 0.19503736
5474.0 0.19235937
5478.25 0.19800684
5482.5 0.19488148
5486.75 0.20816568
5491.0 0.20975424
5495.25 0.21529518
5499.5 0.22140566
5503.75 0.22055815
5508.0 0.22511502
5512.25 0.23779628
5516.5 0.23916878
5520.75 0.24964355
5525.0 0.26123264
5529.25 0.27732533
5533.5 0.29595730
5537.75 0.31843674
5542.0 0.34938958
5546.25 0.38805002
5550.5 0.43536961
5554.75 0.49113286
5559.0 0.57594436
5563.25 0.67683810
5567.5 0.80393469
5571.75 0.93215859
5576.0 1.0967263
5580.25 1.1273168
5584.5 0.96425188
5588.75 0.80272090
5593.0 0.73045826
5597.25 0.68813443
5601.5 0.59603244
5605.75 0.50292605
5610.0 0.45317122
5614.25 0.41343525
5618.5 0.37709647
5622.75 0.34941253
5627.0 0.33249867
5631.25 0.31137490
5635.5 0.28996596
5639.75 0.27218053
5644.0 0.25430697
5648.25 0.23902607
5652.5 0.23422378
5656.75 0.22945602
5661.0 0.21795973
5665.25 0.21659417
5669.5 0.21257146
5673.75 0.21285251
5678.0 0.21664286
5682.25 0.21607618
5686.5 0.21161622
5690.75 0.20479149
5695.0 0.21505843
5699.25 0.22062497
5703.5 0.22515945
5707.75 0.24799849
5712.0 0.24675971
5716.25 0.23008434
5720.5 0.23244262
5724.75 0.23529187
5729.0 0.22857215
5733.25 0.21098244
5737.5 0.19385453
5741.75 0.19198538
5746.0 0.18715630
5750.25 0.18150909
5754.5 0.18040554
5758.75 0.17540708
5763.0 0.16771029
5767.25 0.16680829
5771.5 0.16765650
5775.75 0.16739166
5780.0 0.15961707
5784.25 0.15815134
5788.5 0.15799403
5792.75 0.16308102
5797.0 0.16953073
5801.25 0.16284372
5805.5 0.16050284
5809.75 0.16006000
5814.0 0.15705247
5818.25 0.15689646
5822.5 0.15674068
5826.75 0.16735043
5831.0 0.16100165
5835.25 0.16217688
5839.5 0.15611991
5843.75 0.15596531
5848.0 0.15883015
5852.25 0.16394480
5856.5 0.16269003
5860.75 0.15888493
5865.0 0.16051011
5869.25 0.16067696
5873.5 0.15950504
5877.75 0.15473700
5882.0 0.15458451
5886.25 0.15443227
5890.5 0.15570928
5894.75 0.15412845
5899.0 0.15397690
5903.25 0.15382560
5907.5 0.15748449
5911.75 0.15352364
5916.0 0.15337302
5920.25 0.15322264
5924.5 0.15535271
5928.75 0.15292248
5933.0 0.15277278
5937.25 0.15262331
5941.5 0.15247405
5945.75 0.15661265
5950.0 0.15309009
5954.25 0.16155168
5958.5 0.15302871
5962.75 0.15304576
5967.0 0.15158334
5971.25 0.15143569
5975.5 0.16226740
5979.75 0.16838969
5984.0 0.16256741
5988.25 0.17467894
5992.5 0.16153553
5996.75 0.18178844
