300.0 0.0
320.0 0.0000000
323.2 0.0000000
326.4 0.0000000
329.6 0.0000000
332.8 0.0000000
336.0 0.0000000
339.2 0.0000000
342.4 0.0000000
345.6 0.0000000
348.8 0.0000000
352.0 0.0000000
355.2 0.0000000
358.4 0.0000000
361.6 0.0000000
364.8 0.0000000
368.0 0.0000000
371.2 0.0000000
374.4 0.0000000
377.6 0.0000000
380.8 0.0000000
384.0 0.0000000
387.2 0.0000000
390.4 0.0000000
393.6 0.0000000
396.8 0.0000000
400.0 0.0000000
403.2 0.0000000
406.4 0.0000000
409.6 0.0000000
412.8 0.0000000
416.0 0.0000000
419.2 0.0000000
422.4 0.0000000
425.6 0.0000000
428.8 0.0000000
432.0 0.0000000
435.2 0.0000000
438.4 0.0000000
441.6 0.0000000
444.8 0.0000000
448.0 0.0000000
451.2 0.0000000
454.4 0.0000000
457.6 0.0000000
460.8 0.0000000
464.0 0.0000000
467.2 0.0000000
470.4 0.0000000
473.6 0.0000000
476.8 0.0000000
480.0 0.0000000
483.2 0.0000000
486.4 0.0000000
489.6 0.0000000
492.8 0.0000000
496.0 0.0000000
499.2 0.0000000
502.4 0.0000000
505.6 0.0000000
508.8 0.0000000
512.0 0.0000000
515.2 0.0000000
518.4 0.0000000
521.6 0.0000000
524.8 0.0000000
528.0 0.0000000
531.2 0.0000000
534.4 0.0000000
537.6 0.0000000
540.8 0.0000000
544.0 0.0000000
547.2 0.0000000
550.4 0.0000000
553.6 0.0000000
556.8 0.0000000
560.0 0.0000000
563.2 0.0000000
566.4 0.0000000
569.6 0.0000000
572.8 0.0000000
576.0 0.0000000
579.2 0.0000000
582.4 0.0000000
585.6 3.28477360E-02
588.8 3.17915380E-02
592.0 3.07407714E-02
595.2 2.96968017E-02
598.4 2.86621284E-02
601.6 2.76383497E-02
604.8 2.66253166E-02
608.0 2.56243348E-02
611.2 2.46357173E-02
614.4 2.36616042E-02
617.6 2.27031223E-02
620.8 2.17604581E-02
624.0 3.74353640E-02
627.2 3.62835303E-02
630.4 3.51406336E-02
633.6 3.40066738E-02
636.8 3.28824222E-02
640.0 3.48462015E-02
643.2 3.52555066E-02
646.4 3.39948609E-02
649.6 3.52960676E-02
652.8 3.74021791E-02
656.0 4.02443148E-02
659.2 0.12085483
662.4 0.12345888
665.6 0.10501228
668.8 8.78954530E-02
672.0 8.28595459E-02
675.2 8.09987560E-02
678.4 8.15821141E-02
681.6 8.32625628E-02
684.8 8.14770386E-02
688.0 7.39037246E-02
691.2 7.49119148E-02
694.4 6.72959015E-02
697.6 6.14996292E-02
700.8 5.71402088E-02
704.0 5.53189777E-02
707.2 5.64264543E-02
710.4 5.43804243E-02
713.6 5.57502545E-02
716.8 5.77001758E-02
720.0 5.63782677E-02
723.2 5.05205616E-02
726.4 4.91657257E-02
729.6 4.50726114E-02
732.8 4.56894189E-02
736.0 4.54079211E-02
739.2 4.38654833E-02
742.4 4.36324514E-02
745.6 4.49313186E-02
748.8 4.66191247E-02
752.0 5.01615815E-02
755.2 5.20028956E-02
758.4 5.45219220E-02
761.6 5.81881814E-02
764.8 6.42329305E-02
768.0 7.28829876E-02
771.2 8.69843066E-02
774.4 0.10767487
777.6 0.14582710
780.8 0.92150337
784.0 0.74862510
787.2 0.70131993
790.4 0.70408142
793.6 0.66241181
796.8 0.53257132
800.0 0.46178070
803.2 0.43610674
806.4 0.41908532
809.6 0.39350009
812.8 0.36079016
816.0 0.33939826
819.2 0.33291215
822.4 0.33513081
825.6 0.34190714
828.8 0.34557915
832.0 0.37315637
835.2 0.38047600
838.4 0.36551470
841.6 0.33434325
844.8 0.33777946
848.0 0.33596933
851.2 0.34529769
854.4 0.35252979
857.6 0.34949332
860.8 0.33814615
864.0 0.33485174
867.2 0.34671792
870.4 0.34578574
873.6 0.35279047
876.8 0.34944555
880.0 0.35885099
883.2 0.38067037
886.4 0.40339786
889.6 0.43448931
892.8 0.44400331
896.0 0.45182127
899.2 0.41224071
902.4 0.38618219
905.6 0.36701307
908.8 0.35928744
912.0 0.35884172
915.2 0.34373119
918.4 0.34046209
921.6 0.33950388
924.8 0.33804089
928.0 0.34517831
931.2 0.34292105
934.4 0.33664843
937.6 0.34780082
940.8 0.34282109
944.0 0.34920922
947.2 0.35861981
950.4 0.36498457
953.6 0.37495467
956.8 0.37548772
960.0 0.38849977
963.2 0.39822868
966.4 0.40905958
969.6 0.42570114
972.8 0.45869049
976.0 0.50265294
979.2 0.55314350
982.4 0.61720252
985.6 0.69678313
988.8 0.74484879
992.0 0.67781293
995.2 0.57645625
998.4 0.49938968
1001.6 0.45949599
1004.8 0.43985781
1008.0 0.42896658
1011.2 0.40962717
1014.4 0.40909809
1017.6 0.39768010
1020.8 0.40639037
1024.0 0.40834633
1027.2 0.40776563
1030.4 0.41306296
1033.6 0.40872213
1036.8 0.41571277
1040.0 0.42229730
1043.2 0.42378995
1046.4 0.43371391
1049.6 0.41774273
1052.8 0.41566232
1056.0 0.41100848
1059.2 0.41849256
1062.4 0.42112881
1065.6 0.41586953
1068.8 0.39553088
1072.0 0.38345167
1075.2 0.37874016
1078.4 0.37242791
1081.6 0.37370738
1084.8 0.37336585
1088.0 0.37331727
1091.2 0.37987286
1094.4 0.37934670
1097.6 0.38610572
1100.8 0.38857302
1104.0 0.38853717
1107.2 0.38473502
1110.4 0.39027303
1113.6 0.39268735
1116.8 0.40400860
1120.0 0.39819124
1123.2 0.39244795
1126.4 0.37582490
1129.6 0.38213062
1132.8 0.38454673
1136.0 0.38009951
1139.2 0.39364427
1142.4 0.39808595
1145.6 0.38830498
1148.8 0.38236424
1152.0 0.38354707
1155.2 0.38422677
1158.4 0.38472837
1161.6 0.39030856
1164.8 0.38415986
1168.0 0.38361618
1171.2 0.38920105
1174.4 0.38943869
1177.6 0.39977723
1180.8 0.39874688
1184.0 0.42526326
1187.2 0.42453840
1190.4 0.42960310
1193.6 0.42383224
1196.8 0.42549148
1200.0 0.43014497
1203.2 0.45004958
1206.4 0.48507783
1209.6 0.51707870
1212.8 0.54340196
1216.0 0.55405921
1219.2 0.58414942
1222.4 0.55960816
1225.6 0.51253283
1228.8 0.46959993
1232.0 0.44125998
1235.2 0.42834589
1238.4 0.41514209
1241.6 0.40272817
1244.8 0.39332825
1248.0 0.39108661
1251.2 0.37736797
1254.4 0.37240851
1257.6 0.37042964
1260.8 0.37499210
1264.0 0.37754574
1267.2 0.36978233
1270.4 0.37223378
1273.6 0.37513885
1276.8 0.37921426
1280.0 0.37073591
1283.2 0.37570137
1286.4 0.38541096
1289.6 0.36544192
1292.8 0.37602311
1296.0 0.37935206
1299.2 0.37760711
1302.4 0.38174507
1305.6 0.37659785
1308.8 0.37249684
1312.0 0.38375232
1315.2 0.40021545
1318.4 0.39321604
1321.6 0.40404221
1324.8 0.40158421
1328.0 0.40360296
1331.2 0.40226346
1334.4 0.40837955
1337.6 0.40814534
1340.8 0.40805188
1344.0 0.39594156
1347.2 0.39042413
1350.4 0.39640510
1353.6 0.40297517
1356.8 0.38682628
1360.0 0.40643317
1363.2 0.39319286
1366.4 0.40349841
1369.6 0.40071219
1372.8 0.40977785
1376.0 0.39129221
1379.2 0.39795598
1382.4 0.39844641
1385.6 0.40628764
1388.8 0.38701406
1392.0 0.39238811
1395.2 0.40070501
1398.4 0.38371047
1401.6 0.39166719
1404.8 0.38062209
1408.0 0.37078902
1411.2 0.37109125
1414.4 0.37138888
1417.6 0.37451288
1420.8 0.37747118
1424.0 0.37871268
1427.2 0.37409222
1430.4 0.37280768
1433.6 0.37307760
1436.8 0.37334353
1440.0 0.37865674
1443.2 0.37862673
1446.4 0.38480124
1449.6 0.38771859
1452.8 0.38815787
1456.0 0.39157513
1459.2 0.39577687
1462.4 0.40353730
1465.6 0.41319326
1468.8 0.41057682
1472.0 0.42203385
1475.2 0.42748803
1478.4 0.43168929
1481.6 0.43469322
1484.8 0.43839499
1488.0 0.44451538
1491.2 0.44738409
1494.4 0.44194177
1497.6 0.43863523
1500.8 0.42938936
1504.0 0.42887977
1507.2 0.42115033
1510.4 0.42784807
1513.6 0.42312768
1516.8 0.42093158
1520.0 0.42262763
1523.2 0.42053878
1526.4 0.42204463
1529.6 0.42348725
1532.8 0.42886144
1536.0 0.43942985
1539.2 0.43321171
1542.4 0.44931811
1545.6 0.46094471
1548.8 0.47514084
1552.0 0.47426721
1555.2 0.46131617
1558.4 0.45951292
1561.6 0.46147966
1564.8 0.45148554
1568.0 0.44355553
1571.2 0.44151673
1574.4 0.44026509
1577.6 0.44917247
1580.8 0.45879939
1584.0 0.46110204
1587.2 0.45859933
1590.4 0.46024874
1593.6 0.45784482
1596.8 0.46065220
1600.0 0.45645046
1603.2 0.45503673
1606.4 0.45604989
1609.6 0.45443115
1612.8 0.44917235
1616.0 0.44315577
1619.2 0.44777265
1622.4 0.44973803
1625.6 0.45041722
1628.8 0.44653863
1632.0 0.44354308
1635.2 0.44285136
1638.4 0.44111830
1641.6 0.43987522
1644.8 0.43657115
1648.0 0.43114328
1651.2 0.43378672
1654.4 0.43428504
1657.6 0.42993745
1660.8 0.41913313
1664.0 0.43036041
1667.2 0.43272492
1670.4 0.43054882
1673.6 0.43098566
1676.8 0.43514520
1680.0 0.42755005
1683.2 0.42814118
1686.4 0.42021680
1689.6 0.41406268
1692.8 0.39828891
1696.0 0.39685866
1699.2 0.39659730
1702.4 0.39311451
1705.6 0.40420857
1708.8 0.41051295
1712.0 0.41181338
1715.2 0.40339035
1718.4 0.40792152
1721.6 0.41012117
1724.8 0.41605720
1728.0 0.41653472
1731.2 0.42660585
1734.4 0.43943650
1737.6 0.44373861
1740.8 0.43848383
1744.0 0.45236114
1747.2 0.45884454
1750.4 0.45885432
1753.6 0.46167567
1756.8 0.48083434
1760.0 0.49312010
1763.2 0.49105197
1766.4 0.50088537
1769.6 0.48996320
1772.8 0.50271028
1776.0 0.52043867
1779.2 0.56435388
1782.4 0.61581498
1785.6 0.69563836
1788.8 0.77717721
1792.0 0.80276883
1795.2 0.76269013
1798.4 0.67616177
1801.6 0.60212582
1804.8 0.55627739
1808.0 0.53382498
1811.2 0.51620156
1814.4 0.50264263
1817.6 0.49204496
1820.8 0.48187771
1824.0 0.47890368
1827.2 0.46963832
1830.4 0.46164820
1833.6 0.45243654
1836.8 0.44739243
1840.0 0.44641519
1843.2 0.43400577
1846.4 0.43520945
1849.6 0.42474905
1852.8 0.42233106
1856.0 0.42221442
1859.2 0.40513256
1862.4 0.41154703
1865.6 0.41161683
1868.8 0.41799992
1872.0 0.42982098
1875.2 0.43420646
1878.4 0.43605173
1881.6 0.43605998
1884.8 0.43945512
1888.0 0.43381959
1891.2 0.43525341
1894.4 0.44138941
1897.6 0.43523684
1900.8 0.43707311
1904.0 0.42958176
1907.2 0.43252838
1910.4 0.42245239
1913.6 0.41569212
1916.8 0.40857971
1920.0 0.40521351
1923.2 0.39582863
1926.4 0.39215285
1929.6 0.38174075
1932.8 0.37468255
1936.0 0.37347859
1939.2 0.37732792
1942.4 0.37271771
1945.6 0.38100001
1948.8 0.38331276
1952.0 0.38484272
1955.2 0.38511494
1958.4 0.38576236
1961.6 0.39373606
1964.8 0.38997948
1968.0 0.39800468
1971.2 0.39789093
1974.4 0.39664331
1977.6 0.39264446
1980.8 0.39696431
1984.0 0.39448231
1987.2 0.40320909
1990.4 0.41376171
1993.6 0.41519952
1996.8 0.43214861
2000.0 0.43598971
2003.2 0.43614960
2006.4 0.43051222
2009.6 0.43043655
2012.8 0.41490743
2016.0 0.42443752
2019.2 0.42058998
2022.4 0.42012420
2025.6 0.42570764
2028.8 0.43726739
2032.0 0.43802503
2035.2 0.44384265
2038.4 0.44694787
2041.6 0.45075360
2044.8 0.44666106
2048.0 0.44915652
2051.2 0.44279942
2054.4 0.44812536
2057.6 0.44291571
2060.8 0.43007576
2064.0 0.43056449
2067.2 0.43616799
2070.4 0.42498004
2073.6 0.42462879
2076.8 0.42524952
2080.0 0.42529657
2083.2 0.43235078
2086.4 0.43074712
2089.6 0.42373821
2092.8 0.42319784
2096.0 0.43201011
2099.2 0.43148622
2102.4 0.42882928
2105.6 0.43697765
2108.8 0.42490062
2112.0 0.41991499
2115.2 0.41455936
2118.4 0.41083181
2121.6 0.40800765
2124.8 0.39985660
2128.0 0.39853004
2131.2 0.40348753
2134.4 0.40733430
2137.6 0.41283458
2140.8 0.42598814
2144.0 0.41175681
2147.2 0.40627977
2150.4 0.40402207
2153.6 0.40235353
2156.8 0.39791846
2160.0 0.40761080
2163.2 0.40637901
2166.4 0.40951052
2169.6 0.40593815
2172.8 0.40744293
2176.0 0.40792069
2179.2 0.41751134
2182.4 0.42021796
2185.6 0.42758921
2188.8 0.44173053
2192.0 0.45997983
2195.2 0.43853357
2198.4 0.42209819
2201.6 0.42474872
2204.8 0.41845745
2208.0 0.40340930
2211.2 0.40814993
2214.4 0.40954703
2217.6 0.39838445
2220.8 0.39590076
2224.0 0.38731381
2227.2 0.38203627
2230.4 0.39249873
2233.6 0.39160007
2236.8 0.38626114
2240.0 0.39403048
2243.2 0.38435322
2246.4 0.37836984
2249.6 0.37840822
2252.8 0.37223035
2256.0 0.36624867
2259.2 0.35937041
2262.4 0.36407629
2265.6 0.36337391
2268.8 0.35304731
2272.0 0.35633022
2275.2 0.36224926
2278.4 0.36483997
2281.6 0.35812184
2284.8 0.36485237
2288.0 0.37411880
2291.2 0.36727536
2294.4 0.37544662
2297.6 0.36486065
2300.8 0.36589712
2304.0 0.36065242
2307.2 0.36547524
2310.4 0.36779711
2313.6 0.36073312
2316.8 0.37090158
2320.0 0.36482629
2323.2 0.36175752
2326.4 0.36510137
2329.6 0.35735935
2332.8 0.36143899
2336.0 0.35872412
2339.2 0.36126819
2342.4 0.36381245
2345.6 0.35909453
2348.8 0.35617089
2352.0 0.35532799
2355.2 0.35384580
2358.4 0.35185128
2361.6 0.35223830
2364.8 0.35731429
2368.0 0.35694751
2371.2 0.35676020
2374.4 0.35008004
2377.6 0.35155299
2380.8 0.36649579
2384.0 0.41328955
2387.2 0.42953512
2390.4 0.36318475
2393.6 0.35047844
2396.8 0.35057276
2400.0 0.34656873
2403.2 0.35917896
2406.4 0.34930068
2409.6 0.34179395
2412.8 0.34432167
2416.0 0.34058702
2419.2 0.33625853
2422.4 0.33288783
2425.6 0.32893157
2428.8 0.31121317
2432.0 0.31641313
2435.2 0.31063053
2438.4 0.32435301
2441.6 0.32373074
2444.8 0.32041705
2448.0 0.31738368
2451.2 0.31519321
2454.4 0.32341000
2457.6 0.31695759
2460.8 0.32241488
2464.0 0.32748145
2467.2 0.33304968
2470.4 0.34646052
2473.6 0.37309170
2476.8 0.38883910
2480.0 0.34963864
2483.2 0.32689741
2486.4 0.33877468
2489.6 0.34165278
2492.8 0.32398999
2496.0 0.31721598
2499.2 0.31783679
2502.4 0.31240791
2505.6 0.31071302
2508.8 0.30509496
2512.0 0.29640767
2515.2 0.28675115
2518.4 0.28489318
2521.6 0.29370663
2524.8 0.30261743
2528.0 0.30363610
2531.2 0.30718037
2534.4 0.31490618
2537.6 0.31532139
2540.8 0.31353086
2544.0 0.30323696
2547.2 0.30466190
2550.4 0.30322269
2553.6 0.29078448
2556.8 0.29463875
2560.0 0.28490067
2563.2 0.28505373
2566.4 0.28025433
2569.6 0.28649637
2572.8 0.29028100
2576.0 0.28513303
2579.2 0.27631140
2582.4 0.27614948
2585.6 0.27500230
2588.8 0.27189478
2592.0 0.28029761
2595.2 0.27453926
2598.4 0.28172734
2601.6 0.28746691
2604.8 0.30513468
2608.0 0.30057636
2611.2 0.29895252
2614.4 0.31231111
2617.6 0.31683442
2620.8 0.32804427
2624.0 0.34899798
2627.2 0.33894813
2630.4 0.32216221
2633.6 0.32070711
2636.8 0.30651674
2640.0 0.29899806
2643.2 0.29602829
2646.4 0.29121304
2649.6 0.28163093
2652.8 0.27092567
2656.0 0.26790068
2659.2 0.26928267
2662.4 0.27686483
2665.6 0.27477372
2668.8 0.27311978
2672.0 0.27926874
2675.2 0.26975644
2678.4 0.26647237
2681.6 0.27150437
2684.8 0.26541194
2688.0 0.26267010
2691.2 0.26237708
2694.4 0.26208457
2697.6 0.26339924
2700.8 0.26569226
2704.0 0.26459303
2707.2 0.26372248
2710.4 0.27858600
2713.6 0.27702850
2716.8 0.28136992
2720.0 0.27647367
2723.2 0.26992968
2726.4 0.26572335
2729.6 0.27775240
2732.8 0.27769938
2736.0 0.27583325
2739.2 0.28870666
2742.4 0.28116342
2745.6 0.29038113
2748.8 0.30631849
2752.0 0.30115905
2755.2 0.30745777
2758.4 0.31323081
2761.6 0.32619470
2764.8 0.34703079
2768.0 0.35101640
2771.2 0.37061125
2774.4 0.40132225
2777.6 0.41637921
2780.8 0.41834018
2784.0 0.38916451
2787.2 0.38238874
2790.4 0.37872809
2793.6 0.36051238
2796.8 0.34435302
2800.0 0.31550449
2803.2 0.30906051
2806.4 0.29689273
2809.6 0.29102734
2812.8 0.29853812
2816.0 0.29052559
2819.2 0.28570989
2822.4 0.28612757
2825.6 0.27956474
2828.8 0.27771559
2832.0 0.27639183
2835.2 0.25944412
2838.4 0.26844040
2841.6 0.26717985
2844.8 0.27410874
2848.0 0.26828289
2851.2 0.26722544
2854.4 0.27938172
2857.6 0.28354186
2860.8 0.29436895
2864.0 0.29022956
2867.2 0.28814101
2870.4 0.27744848
2873.6 0.29284763
2876.8 0.29362229
2880.0 0.29555345
2883.2 0.29355463
2886.4 0.30472863
2889.6 0.31783682
2892.8 0.31567961
2896.0 0.30285826
2899.2 0.29581690
2902.4 0.28876457
2905.6 0.29089054
2908.8 0.31242192
2912.0 0.30405092
2915.2 0.30045798
2918.4 0.31222251
2921.6 0.30971956
2924.8 0.28693500
2928.0 0.30251482
2931.2 0.31465411
2934.4 0.30123296
2937.6 0.29559463
2940.8 0.30037147
2944.0 0.28926128
2947.2 0.28262839
2950.4 0.28365055
2953.6 0.29278970
2956.8 0.30351943
2960.0 0.30343974
2963.2 0.29747668
2966.4 0.30127662
2969.6 0.29239222
2972.8 0.29734552
2976.0 0.28844401
2979.2 0.30365628
2982.4 0.28588700
2985.6 0.29525524
2988.8 0.28304327
2992.0 0.28577232
2995.2 0.28807196
2998.4 0.29764366
3001.6 0.27154878
3004.8 0.27104104
3008.0 0.25489494
3011.2 0.25174358
3014.4 0.24828881
3017.6 0.25442585
3020.8 0.25365943
3024.0 0.25296682
3027.2 0.24849260
3030.4 0.25232303
3033.6 0.25498170
3036.8 0.24968934
3040.0 0.24137247
3043.2 0.24358131
3046.4 0.24463092
3049.6 0.24341205
3052.8 0.24726111
3056.0 0.25045982
3059.2 0.25503463
3062.4 0.25412852
3065.6 0.25218600
3068.8 0.25715211
3072.0 0.26459104
3075.2 0.26482129
3078.4 0.26731285
3081.6 0.27738297
3084.8 0.29379794
3088.0 0.29523566
3091.2 0.31739563
3094.4 0.32039344
3097.6 0.33117995
3100.8 0.35600024
3104.0 0.37073529
3107.2 0.41486847
3110.4 0.45262545
3113.6 0.43841594
3116.8 0.40903160
3120.0 0.37992525
3123.2 0.35947520
3126.4 0.34167919
3129.6 0.31918943
3132.8 0.31356284
3136.0 0.31052291
3139.2 0.29977936
3142.4 0.28312621
3145.6 0.29163679
3148.8 0.28218606
3152.0 0.27791923
3155.2 0.27328545
3158.4 0.26598832
3161.6 0.26314351
3164.8 0.27004480
3168.0 0.27015924
3171.2 0.31885430
3174.4 0.34862953
3177.6 0.29147944
3180.8 0.25892836
3184.0 0.25212765
3187.2 0.25006402
3190.4 0.24396552
3193.6 0.25988510
3196.8 0.28397918
3200.0 0.34517655
3203.2 0.48639759
3206.4 0.48536828
3209.6 0.32645491
3212.8 0.27487805
3216.0 0.25846916
3219.2 0.25142008
3222.4 0.24553895
3225.6 0.24087030
3228.8 0.24107327
3232.0 0.23941295
3235.2 0.23979720
3238.4 0.23951611
3241.6 0.23565021
3244.8 0.23307225
3248.0 0.23311082
3251.2 0.22423688
3254.4 0.21966565
3257.6 0.22936031
3260.8 0.22733957
3264.0 0.23020598
3267.2 0.22096595
3270.4 0.22281015
3273.6 0.21973969
3276.8 0.22745070
3280.0 0.22349516
3283.2 0.21777800
3286.4 0.22281110
3289.6 0.22146213
3292.8 0.22825046
3296.0 0.22947717
3299.2 0.23871626
3302.4 0.24392308
3305.6 0.24053295
3308.8 0.23362325
3312.0 0.24394637
3315.2 0.23389697
3318.4 0.22814026
3321.6 0.22863868
3324.8 0.24158452
3328.0 0.23711282
3331.2 0.22466743
3334.4 0.22765699
3337.6 0.22979392
3340.8 0.23369615
3344.0 0.22994846
3347.2 0.23217404
3350.4 0.23130555
3353.6 0.23262243
3356.8 0.22417356
3360.0 0.22801389
3363.2 0.23545872
3366.4 0.22418188
3369.6 0.23055729
3372.8 0.23152946
3376.0 0.22987241
3379.2 0.23024230
3382.4 0.23194298
3385.6 0.23047000
3388.8 0.23937416
3392.0 0.22855212
3395.2 0.22378330
3398.4 0.24475315
3401.6 0.22850551
3404.8 0.23917520
3408.0 0.23317105
3411.2 0.22626485
3414.4 0.22309741
3417.6 0.22059768
3420.8 0.22724266
3424.0 0.21539697
3427.2 0.21733473
3430.4 0.21958169
3433.6 0.21723589
3436.8 0.20706666
3440.0 0.21089332
3443.2 0.21601020
3446.4 0.21558349
3449.6 0.20905672
3452.8 0.20985396
3456.0 0.20811635
3459.2 0.20411466
3462.4 0.20821558
3465.6 0.21247691
3468.8 0.21107294
3472.0 0.20594570
3475.2 0.20297657
3478.4 0.19997250
3481.6 0.20693471
3484.8 0.19954376
3488.0 0.21305437
3491.2 0.20084421
3494.4 0.20178145
3497.6 0.19868991
3500.8 0.19847718
3504.0 0.19826479
3507.2 0.19805264
3510.4 0.20260799
3513.6 0.20351100
3516.8 0.20821247
3520.0 0.20315331
3523.2 0.20378068
3526.4 0.19678614
3529.6 0.19657604
3532.8 0.20219356
3536.0 0.20819747
3539.2 0.20470002
3542.4 0.19972630
3545.6 0.20760757
3548.8 0.21095708
3552.0 0.20039651
3555.2 0.20268825
3558.4 0.19469880
3561.6 0.19449168
3564.8 0.19842620
3568.0 0.19517802
3571.2 0.21339776
3574.4 0.20374946
3577.6 0.19821873
3580.8 0.22133693
3584.0 0.21842596
3587.2 0.20859273
3590.4 0.20481251
3593.6 0.19556361
3596.8 0.19532499
3600.0 0.19202876
3603.2 0.19834372
3606.4 0.19162229
3609.6 0.19258338
3612.8 0.19121699
3616.0 0.19280432
3619.2 0.19081278
3622.4 0.19190368
3625.6 0.19122991
3628.8 0.19020864
3632.0 0.19686413
3635.2 0.19398467
3638.4 0.18960717
3641.6 0.18940717
3644.8 0.18920754
3648.0 0.18900812
3651.2 0.18880902
3654.4 0.18861024
3657.6 0.18841167
3660.8 0.19232608
3664.0 0.18801542
3667.2 0.18836291
3670.4 0.18762027
3673.6 0.18850534
3676.8 0.18728916
3680.0 0.18702960
3683.2 0.18888430
3686.4 0.19156037
3689.6 0.19251749
3692.8 0.19076636
3696.0 0.19048458
3699.2 0.18997896
3702.4 0.18740074
3705.6 0.18898861
3708.8 0.18779583
3712.0 0.18747634
3715.2 0.19169451
3718.4 0.20013870
3721.6 0.19036335
3724.8 0.19701080
3728.0 0.19324636
3731.2 0.19926737
3734.4 0.19464207
3737.6 0.20100401
3740.8 0.19784170
3744.0 0.19878905
3747.2 0.20461817
3750.4 0.19970292
3753.6 0.20356601
3756.8 0.21033072
3760.0 0.22651246
3763.2 0.22138357
3766.4 0.21716298
3769.6 0.21839529
3772.8 0.19919240
3776.0 0.19590144
3779.2 0.20507257
3782.4 0.20149304
3785.6 0.19452617
3788.8 0.19562931
3792.0 0.19675325
3795.2 0.19705874
3798.4 0.19363570
3801.6 0.19750558
3804.8 0.20161565
3808.0 0.18925728
3811.2 0.19132604
3814.4 0.19005691
3817.6 0.19620301
3820.8 0.18514353
3824.0 0.18717654
3827.2 0.18671566
3830.4 0.18609537
3833.6 0.18748225
3836.8 0.18715948
3840.0 0.18675113
3843.2 0.18849318
3846.4 0.18549547
3849.6 0.18399961
3852.8 0.18082015
3856.0 0.18072161
3859.2 0.17782392
3862.4 0.18132815
3865.6 0.18177046
3868.8 0.18391435
3872.0 0.18545566
3875.2 0.17843947
3878.4 0.18232502
3881.6 0.18785292
3884.8 0.18571424
3888.0 0.18761815
3891.2 0.19109441
3894.4 0.18801692
3897.6 0.18946451
3900.8 0.18577167
3904.0 0.19516431
3907.2 0.17950331
3910.4 0.17358454
3913.6 0.17626700
3916.8 0.17396306
3920.0 0.17495504
3923.2 0.17525037
3926.4 0.17874572
3929.6 0.18210515
3932.8 0.17388771
3936.0 0.17882936
3939.2 0.18372108
3942.4 0.17700455
3945.6 0.17410284
3948.8 0.17147473
3952.0 0.17130055
3955.2 0.17207669
3958.4 0.18228833
3961.6 0.17372790
3964.8 0.17480366
3968.0 0.17043337
3971.2 0.17091098
3974.4 0.17081380
3977.6 0.17364213
3980.8 0.17194009
3984.0 0.17591234
3987.2 0.17655392
3990.4 0.17259674
3993.6 0.17145939
3996.8 0.17125204
4000.0 0.17624241
4003.2 0.17519274
4006.4 0.17154448
4009.6 0.17034855
4012.8 0.16908552
4016.0 0.16831857
4019.2 0.16976188
4022.4 0.17129487
4025.6 0.17700507
4028.8 0.17948973
4032.0 0.18293855
4035.2 0.18880925
4038.4 0.18131311
4041.6 0.17247821
4044.8 0.17309189
4048.0 0.17135413
4051.2 0.16873115
4054.4 0.17141297
4057.6 0.17656492
4060.8 0.17847459
4064.0 0.17297079
4067.2 0.17436951
4070.4 0.17702945
4073.6 0.18027887
4076.8 0.18306692
4080.0 0.17409709
4083.2 0.17587200
4086.4 0.17918769
4089.6 0.17977509
4092.8 0.17600372
4096.0 0.17574167
4099.2 0.17840229
4102.4 0.17829001
4105.6 0.17639749
4108.8 0.18078125
4112.0 0.17898123
4115.2 0.18155965
4118.4 0.18595789
4121.6 0.18341236
4124.8 0.18880518
4128.0 0.18583295
4131.2 0.19850875
4134.4 0.20003207
4137.6 0.20532486
4140.8 0.21116124
4144.0 0.21036182
4147.2 0.21471705
4150.4 0.22682206
4153.6 0.22814079
4156.8 0.23814249
4160.0 0.24920811
4163.2 0.26457107
4166.4 0.28235787
4169.6 0.30381697
4172.8 0.33336255
4176.0 0.37026492
4179.2 0.41543290
4182.4 0.46866193
4185.6 0.54961574
4188.8 0.64592367
4192.0 0.76724672
4195.2 0.88965541
4198.4 1.0467622
4201.6 1.0760031
4204.8 0.92039812
4208.0 0.76624477
4211.2 0.69729406
4214.4 0.65691847
4217.6 0.56901759
4220.8 0.48015058
4224.0 0.43266642
4227.2 0.39474428
4230.4 0.36006287
4233.6 0.33364278
4236.8 0.31750506
4240.0 0.29734573
4243.2 0.27691248
4246.4 0.25993803
4249.6 0.24287814
4252.8 0.22829305
4256.0 0.22371528
4259.2 0.21917009
4262.4 0.20819741
4265.6 0.20690121
4268.8 0.20306653
4272.0 0.20334302
4275.2 0.20697215
4278.4 0.20643891
4281.6 0.20218579
4284.8 0.19567284
4288.0 0.20549066
4291.2 0.21081777
4294.4 0.21515909
4297.6 0.23699294
4300.8 0.23581833
4304.0 0.21989085
4307.2 0.22215326
4310.4 0.22488508
4313.6 0.21847098
4316.8 0.20166638
4320.0 0.18530189
4323.2 0.18352227
4326.4 0.17891291
4329.6 0.17352109
4332.8 0.17247269
4336.0 0.16770044
4339.2 0.16034791
4342.4 0.15949155
4345.6 0.16030866
4348.8 0.16006151
4352.0 0.15263315
4355.2 0.15123726
4358.4 0.15109254
4361.6 0.15596320
4364.8 0.16213749
4368.0 0.15574796
4371.2 0.15351483
4374.4 0.15309702
4377.6 0.15022595
4380.8 0.15008231
4384.0 0.14993890
4387.2 0.16009417
4390.4 0.15402639
4393.6 0.15515648
4396.8 0.14936724
4400.0 0.14922483
4403.2 0.15197147
4406.4 0.15687104
4409.6 0.15567614
4412.8 0.15204066
4416.0 0.15360148
4419.2 0.15376678
4422.4 0.15265085
4425.6 0.14809312
4428.8 0.14795257
4432.0 0.14781222
4435.2 0.14903992
4438.4 0.14753217
4441.6 0.14739242
4444.8 0.14725292
4448.0 0.15076092
4451.2 0.14697447
4454.4 0.14683557
4457.6 0.14669685
4460.8 0.14874156
4464.0 0.14642002
4467.2 0.14628191
4470.4 0.14614402
4473.6 0.14600630
4476.8 0.14997469
4480.0 0.14660664
4483.2 0.15471539
4486.4 0.14655828
4489.6 0.14657977
4492.8 0.14518429
4496.0 0.14504799
4499.2 0.15542829
4502.4 0.16129823
4505.6 0.15572660
4508.8 0.16733435
4512.0 0.15474901
4515.2 0.17415713
4518.4 0.16397023
4521.6 0.15153810
4524.8 0.16868080
4528.0 0.15716380
4531.2 0.15330356
4534.4 0.15460975
4537.6 0.14974931
4540.8 0.14765882
4544.0 0.14302716
4547.2 0.14289401
4550.4 0.14497016
4553.6 0.15043049
4556.8 0.14249571
4560.0 0.14236335
4563.2 0.14223121
4566.4 0.14209923
4569.6 0.15630654
4572.8 0.14521587
4576.0 0.14170444
4579.2 0.14157325
4582.4 0.14398478
4585.6 0.14303480
4588.8 0.14118072
4592.0 0.14105037
4595.2 0.14507583
4598.4 0.14959952
4601.6 0.15791121
4604.8 0.14053048
4608.0 0.15549958
4611.2 0.14067705
4614.4 0.14732537
4617.6 0.14001371
4620.8 0.14951313
4624.0 0.14560480
4627.2 0.14533040
4630.4 0.14823851
4633.6 0.15517348
4636.8 0.14785312
4640.0 0.13911669
4643.2 0.14851157
4646.4 0.16443717
4649.6 0.13873509
4652.8 0.13860826
4656.0 0.13887966
4659.2 0.13835515
4662.4 0.13822889
4665.6 0.13810278
4668.8 0.15164518
4672.0 0.14773950
4675.2 0.13772570
4678.4 0.13760038
4681.6 0.14499894
4684.8 0.15518764
4688.0 0.13722548
4691.2 0.13839325
4694.4 0.16918068
4697.6 0.14550862
4700.8 0.14427069
4704.0 0.13660437
4707.2 0.15524498
4710.4 0.16594063
4713.6 0.15853485
4716.8 0.17439634
4720.0 0.17075428
4723.2 0.17997697
4726.4 0.15644982
4729.6 0.16235402
4732.8 0.19997369
4736.0 0.17937729
4739.2 0.17216182
4742.4 0.15584788
4745.6 0.15062085
4748.8 0.18620381
4752.0 0.17763081
4755.2 0.17186381
4758.4 0.16009566
4761.6 0.14326283
4764.8 0.16192037
4768.0 0.13416575
4771.2 0.13404572
4774.4 0.13392586
4777.6 0.13380621
4780.8 0.13368674
4784.0 0.13356741
4787.2 0.13344830
4790.4 0.13332932
4793.6 0.13321055
4796.8 0.13309196
4800.0 0.13297357
4803.2 0.13285531
4806.4 0.13273726
4809.6 0.13261937
4812.8 0.13250169
4816.0 0.13238417
4819.2 0.13226680
4822.4 0.13214964
4825.6 0.13203263
4828.8 0.13191584
4832.0 0.13179919
4835.2 0.13168271
4838.4 0.13156646
4841.6 0.13145034
4844.8 0.13133438
4848.0 0.13121860
4851.2 0.13110304
4854.4 0.13098763
4857.6 0.13087235
4860.8 0.13075730
4864.0 0.13064244
4867.2 0.13052772
4870.4 0.13041316
4873.6 0.13029879
4876.8 0.13018459
4880.0 0.13007058
4883.2 0.12995675
4886.4 0.12984310
4889.6 0.12972961
4892.8 0.12961625
4896.0 0.12950310
4899.2 0.12939012
4902.4 0.12927730
4905.6 0.12916468
4908.8 0.12905219
4912.0 0.12893993
4915.2 0.12882780
4918.4 0.12871584
4921.6 0.12860408
4924.8 0.12849249
4928.0 0.12838101
4931.2 0.12826976
4934.4 0.12815869
4937.6 0.12804773
4940.8 0.12793702
4944.0 0.12782638
4947.2 0.12771593
4950.4 0.12760574
4953.6 0.12749578
4956.8 0.12738578
4960.0 0.12727599
4963.2 0.12716646
4966.4 0.12705712
4969.6 0.12694775
4972.8 0.12683862
4976.0 0.12672998
4979.2 0.12662102
4982.4 0.12651254
4985.6 0.12640429
4988.8 0.12629601
4992.0 0.12618798
4995.2 0.12608008
4998.4 0.12597223
5001.6 0.12586485
5004.8 0.12575740
5008.0 0.12565017
5011.2 0.12554295
5014.4 0.12543613
5017.6 0.12532938
5020.8 0.12522277
5024.0 0.12511638
5027.2 0.12501024
5030.4 0.12490427
5033.6 0.12479834
5036.8 0.12469256
5040.0 0.12458701
5043.2 0.12448168
5046.4 0.12437631
5049.6 0.12427120
5052.8 0.12416648
5056.0 0.12406154
5059.2 0.12395704
5062.4 0.12385271
5065.6 0.12374841
5068.8 0.12364431
5072.0 0.12354040
5075.2 0.12343647
5078.4 0.12333302
5081.6 0.12322950
5084.8 0.12312621
5088.0 0.12302311
5091.2 0.12292022
5094.4 0.12281732
5097.6 0.12271485
5100.8 0.12261239
5104.0 0.12251012
5107.2 0.12240782
5110.4 0.12230594
5113.6 0.12220407
5116.8 0.12210238
5120.0 0.12200089
5123.2 0.12189962
5126.4 0.12179833
5129.6 0.12169746
5132.8 0.12159659
5136.0 0.12149591
5139.2 0.12139519
5142.4 0.12129492
5145.6 0.12119460
5148.8 0.12109476
5152.0 0.12099484
5155.2 0.12089495
5158.4 0.12079544
5161.6 0.12069593
5164.8 0.12059684
5168.0 0.12049773
5171.2 0.12039860
5174.4 0.12029988
5177.6 0.12020138
5180.8 0.12010286
5184.0 0.12000450
5187.2 0.11990637
5190.4 0.11980844
5193.6 0.11971049
5196.8 0.11961274
5200.0 0.11951540
5203.2 0.11941801
5206.4 0.11932063
5209.6 0.11922367
5212.8 0.11912668
5216.0 0.11903008
5219.2 0.11893349
5222.4 0.11883688
5225.6 0.11874069
5228.8 0.11864465
5232.0 0.11854865
5235.2 0.11845279
5238.4 0.11835714
5241.6 0.11826168
5244.8 0.11816622
5248.0 0.11807117
5251.2 0.11797606
5254.4 0.11788119
5257.6 0.11778649
5260.8 0.11769196
5264.0 0.11759746
5267.2 0.11750335
5270.4 0.11740921
5273.6 0.11731523
5276.8 0.11722148
5280.0 0.11712772
5283.2 0.11703434
5286.4 0.11694093
5289.6 0.11684771
5292.8 0.11675470
5296.0 0.11666188
5299.2 0.11656900
5302.4 0.11647655
5305.6 0.11638411
5308.8 0.11629181
5312.0 0.11619972
5315.2 0.11610762
5318.4 0.11601590
5321.6 0.11592416
5324.8 0.11583282
5328.0 0.11574145
5331.2 0.11565005
5334.4 0.11555907
5337.6 0.11546828
5340.8 0.11537743
5344.0 0.11528680
5347.2 0.11519635
5350.4 0.11510608
5353.6 0.11501598
5356.8 0.11492588
5360.0 0.11483596
5363.2 0.11474624
5366.4 0.11465668
5369.6 0.11456732
5372.8 0.11447816
5376.0 0.11438894
5379.2 0.11430012
5382.4 0.11421129
5385.6 0.11412264
5388.8 0.11403416
5392.0 0.11394569
5395.2 0.11385759
5398.4 0.11376944
5401.6 0.11368149
5404.8 0.11359373
5408.0 0.11350617
5411.2 0.11341876
5414.4 0.11333134
5417.6 0.11324409
5420.8 0.11315724
5424.0 0.11307034
5427.2 0.11298346
5430.4 0.11289695
5433.6 0.11281060
5436.8 0.11272421
5440.0 0.11263805
5443.2 0.11255205
5446.4 0.11246619
5449.6 0.11238056
5452.8 0.11229490
5456.0 0.11220960
5459.2 0.11212430
5462.4 0.11203916
5465.6 0.11195420
5468.8 0.11186944
5472.0 0.11178463
5475.2 0.11170020
5478.4 0.11161575
5481.6 0.11153148
5484.8 0.11144739
5488.0 0.11136347
5491.2 0.11127970
5494.4 0.11119594
5497.6 0.11111254
5500.8 0.11102911
5504.0 0.11094589
5507.2 0.11086283
5510.4 0.11077975
5513.6 0.11069704
5516.8 0.11061428
5520.0 0.11053193
5523.2 0.11044952
5526.4 0.11036731
5529.6 0.11028525
5532.8 0.11020318
5536.0 0.11012149
5539.2 0.11003978
5542.4 0.10995824
5545.6 0.10987685
5548.8 0.10979564
5552.0 0.10971460
5555.2 0.10963354
5558.4 0.10955286
5561.6 0.10947216
5564.8 0.10939159
5568.0 0.10931123
5571.2 0.10923102
5574.4 0.10915101
5577.6 0.10907095
5580.8 0.10899127
5584.0 0.10891153
5587.2 0.10883201
5590.4 0.10875264
5593.6 0.10867344
5596.8 0.10859440
5600.0 0.10851534
5603.2 0.10843646
5606.4 0.10835792
5609.6 0.10827937
5612.8 0.10820100
5616.0 0.10812256
5619.2 0.10804453
5622.4 0.10796668
5625.6 0.10788877
5628.8 0.10781100
5632.0 0.10773344
5635.2 0.10765606
5638.4 0.10757881
5641.6 0.10750155
5644.8 0.10742465
5648.0 0.10734770
5651.2 0.10727096
5654.4 0.10719436
5657.6 0.10711793
5660.8 0.10704166
5664.0 0.10696556
5667.2 0.10688945
5670.4 0.10681368
5673.6 0.10673789
5676.8 0.10666227
5680.0 0.10658681
5683.2 0.10651149
5686.4 0.10643616
5689.6 0.10636120
5692.8 0.10628622
5696.0 0.10621136
5699.2 0.10613669
5702.4 0.10606220
5705.6 0.10598782
5708.8 0.10591367
5712.0 0.10583946
5715.2 0.10576559
5718.4 0.10569171
5721.6 0.10561800
5724.8 0.10554444
5728.0 0.10547104
5731.2 0.10539762
5734.4 0.10532454
5737.6 0.10525145
5740.8 0.10517870
5744.0 0.10510591
5747.2 0.10503329
5750.4 0.10496084
5753.6 0.10488855
5756.8 0.10481625
5760.0 0.10474426
5763.2 0.10467225
5766.4 0.10460043
5769.6 0.10452873
5772.8 0.10445721
5776.0 0.10438585
5779.2 0.10431464
5782.4 0.10424341
5785.6 0.10417253
5788.8 0.10410160
5792.0 0.10403085
5795.2 0.10396026
5798.4 0.10388982
5801.6 0.10381953
5804.8 0.10374923
5808.0 0.10367927
5811.2 0.10360926
5814.4 0.10353963
5817.6 0.10346995
5820.8 0.10340042
5824.0 0.10333086
5827.2 0.10326165
5830.4 0.10319261
5833.6 0.10312352
5836.8 0.10305478
5840.0 0.10298602
5843.2 0.10291742
5846.4 0.10284896
5849.6 0.10278063
5852.8 0.10271231
5856.0 0.10264432
5859.2 0.10257631
5862.4 0.10250842
5865.6 0.10244090
5868.8 0.10237336
5872.0 0.10230596
5875.2 0.10223851
5878.4 0.10217143
5881.6 0.10210449
5884.8 0.10203752
5888.0 0.10197069
5891.2 0.10190403
5894.4 0.10183771
5897.6 0.10177117
5900.8 0.10170496
5904.0 0.10163893
5907.2 0.10157284
5910.4 0.10150708
5913.6 0.10144130
5916.8 0.10137570
5920.0 0.10131024
5923.2 0.10124492
5926.4 0.10117973
5929.6 0.10111473
5932.8 0.10104968
5936.0 0.10098498
5939.2 0.10092022
5942.4 0.10085562
5945.6 0.10079119
5948.8 0.10072690
5952.0 0.10066273
5955.2 0.10059875
5958.4 0.10053473
5961.6 0.10047103
5964.8 0.10040733
5968.0 0.10034376
5971.2 0.10028031
5974.4 0.10021706
5977.6 0.10015393
5980.8 0.10009096
5984.0 0.10002813
5987.2 9.99652669E-02
5990.4 9.99027342E-02
5993.6 9.98401791E-02
5996.8 9.97777879E-02
6000.0 9.97155085E-02
