300.0 0.0
365.0 0.0000000
368.65 0.0000000
372.3 0.0000000
375.95 0.0000000
379.6 0.0000000
383.25 0.0000000
386.9 0.0000000
390.55 0.0000000
394.2 0.0000000
397.85 0.0000000
401.5 0.0000000
405.15 0.0000000
408.8 0.0000000
412.45 0.0000000
416.1 0.0000000
419.75 0.0000000
423.4 0.0000000
427.05 0.0000000
430.7 0.0000000
434.35 0.0000000
438.0 0.0000000
441.65 0.0000000
445.3 0.0000000
448.95 0.0000000
452.6 0.0000000
456.25 0.0000000
459.9 0.0000000
463.55 0.0000000
467.2 0.0000000
470.85 0.0000000
474.5 0.0000000
478.15 0.0000000
481.8 0.0000000
485.45 0.0000000
489.1 0.0000000
492.75 0.0000000
496.4 0.0000000
500.05 0.0000000
503.7 0.0000000
507.35 0.0000000
511.0 0.0000000
514.65 0.0000000
518.3 0.0000000
521.95 0.0000000
525.6 0.0000000
529.25 0.0000000
532.9 0.0000000
536.55 0.0000000
540.2 0.0000000
543.85 0.0000000
547.5 0.0000000
551.15 0.0000000
554.8 0.0000000
558.45 0.0000000
562.1 0.0000000
565.75 0.0000000
569.4 0.0000000
573.05 0.0000000
576.7 0.0000000
580.35 0.0000000
584.0 0.0000000
587.65 0.0000000
591.3 0.0000000
594.95 0.0000000
598.6 0.0000000
602.25 0.0000000
605.9 0.0000000
609.55 0.0000000
613.2 0.0000000
616.85 0.0000000
620.5 0.0000000
624.15 0.0000000
627.8 0.0000000
631.45 0.0000000
635.1 0.0000000
638.75 0.0000000
642.4 0.0000000
646.05 0.0000000
649.7 0.0000000
653.35 0.0000000
657.0 0.0000000
660.65 0.0000000
664.3 0.0000000
667.95 0.15836082
671.6 0.14043315
675.25 0.12356271
678.9 0.10851592
682.55 9.50012356E-02
686.2 8.28410313E-02
689.85 7.19358847E-02
693.5 6.22065179E-02
697.15 5.35589419E-02
700.8 4.59010191E-02
704.45 3.91581990E-02
708.1 3.32442150E-02
711.75 0.12749459
715.4 0.11371022
719.05 0.10108989
722.7 8.95884410E-02
726.35 7.91356191E-02
730.0 7.64019117E-02
733.65 7.02411979E-02
737.3 6.13790117E-02
740.95 5.75849637E-02
744.6 5.49862273E-02
748.25 5.31619340E-02
751.9 0.84333932
755.55 0.83613265
759.2 0.69010299
762.85 0.56035447
766.5 0.51234406
770.15 0.48569936
773.8 0.47429860
777.45 0.46907958
781.1 0.44576517
784.75 0.39370632
788.4 0.38554740
792.05 0.32854781
795.7 0.27961859
799.35 0.23965465
803.0 0.21395122
806.65 0.20136504
810.3 0.17863512
813.95 0.16812466
817.6 0.15931088
821.25 0.14214733
824.9 0.11599129
828.55 0.10248366
832.2 8.50616097E-02
835.85 7.78311715E-02
839.5 6.95920885E-02
843.15 6.02906123E-02
846.8 5.36077321E-02
850.45 4.91720885E-02
854.1 4.52810079E-02
857.75 4.30933312E-02
861.4 3.93693261E-02
865.05 3.62341963E-02
868.7 3.38221863E-02
872.35 3.25274505E-02
876.0 3.20173763E-02
879.65 3.30078118E-02
883.3 3.51497345E-02
886.95 4.07788455E-02
890.6 11.361186
894.25 9.1586628
897.9 8.5144186
901.55 8.4831200
905.2 7.9209580
908.85 6.3208370
912.5 5.4400449
916.15 5.0997906
919.8 4.8650270
923.45 4.5348830
927.1 4.1280475
930.75 3.8555939
934.4 3.7550697
938.05 3.7535300
941.7 3.8027151
945.35 3.8168781
949.0 4.0931458
952.65 4.1449041
956.3 3.9549711
959.95 3.5933316
963.6 3.6059506
967.25 3.5628543
970.9 3.6376371
974.55 3.6895337
978.2 3.6340201
981.85 3.4933403
985.5 3.4371595
989.15 3.5363650
992.8 3.5045857
996.45 3.5531251
1000.1 3.4975171
1003.75 3.5694742
1007.4 3.7632308
1011.05 3.9635792
1014.7 4.2432079
1018.35 4.3100300
1022.0 4.3597035
1025.65 3.9541728
1029.3 3.6823769
1032.95 3.4791000
1036.6 3.3860464
1040.25 3.3623021
1043.9 3.2022285
1047.55 3.1536863
1051.2 3.1269913
1054.85 3.0959947
1058.5 3.1436810
1062.15 3.1057763
1065.8 3.0321369
1069.45 3.1154075
1073.1 3.0540762
1076.75 3.0941436
1080.4 3.1604342
1084.05 3.1993361
1087.7 3.2692800
1091.35 3.2566488
1095.0 3.3518367
1098.65 3.4178734
1102.3 3.4926569
1105.95 3.6160438
1109.6 3.8763475
1113.25 4.2262845
1116.9 4.6273212
1120.55 5.1372962
1124.2 5.7707620
1127.85 6.1382585
1131.5 5.5583038
1135.15 4.7039952
1138.8 4.0552835
1142.45 3.7132776
1146.1 3.5374820
1149.75 3.4334066
1153.4 3.2630410
1157.05 3.2434368
1160.7 3.1381106
1164.35 3.1918788
1168.0 3.1923690
1171.65 3.1731241
1175.3 3.1996150
1178.95 3.1515632
1182.6 3.1909418
1186.25 3.2268829
1189.9 3.2237909
1193.55 3.2845931
1197.2 3.1496372
1200.85 3.1201613
1204.5 3.0717268
1208.15 3.1140554
1211.8 3.1201191
1215.45 3.0679004
1219.1 2.9053838
1222.75 2.8046787
1226.4 2.7585051
1230.05 2.7011244
1233.7 2.6990728
1237.35 2.6853945
1241.0 2.6739461
1244.65 2.7097151
1248.3 2.6948993
1251.95 2.7317643
1255.6 2.7381063
1259.25 2.7268414
1262.9 2.6893578
1266.55 2.7172205
1270.2 2.7232146
1273.85 2.7907012
1277.5 2.7397573
1281.15 2.6897328
1284.8 2.5658338
1288.45 2.5988410
1292.1 2.6052554
1295.75 2.5653212
1299.4 2.6466656
1303.05 2.6664455
1306.7 2.5911818
1310.35 2.5420232
1314.0 2.5404317
1317.65 2.5355451
1321.3 2.5295374
1324.95 2.5568538
1328.6 2.5074353
1332.25 2.4948413
1335.9 2.5220630
1339.55 2.5145788
1343.2 2.5721543
1346.85 2.5564454
1350.5 2.7168448
1354.15 2.7027144
1357.8 2.7254255
1361.45 2.6794913
1365.1 2.6807046
1368.75 2.7007208
1372.4 2.8160436
1376.05 3.0249081
1379.7 3.2135627
1383.35 3.3658004
1387.0 3.4203229
1390.65 3.5940621
1394.3 3.4316633
1397.95 3.1326187
1401.6 2.8607934
1405.25 2.6793694
1408.9 2.5925066
1412.55 2.5044665
1416.2 2.4217613
1419.85 2.3576651
1423.5 2.3367574
1427.15 2.2429705
1430.8 2.2019486
1434.45 2.1788905
1438.1 2.1943505
1441.75 2.1979640
1445.4 2.1417837
1449.05 2.1450427
1452.7 2.1508741
1456.35 2.1633258
1460.0 2.1044002
1463.65 2.1219945
1467.3 2.1660812
1470.95 2.0437622
1474.6 2.0926595
1478.25 2.1009216
1481.9 2.0811455
1485.55 2.0938320
1489.2 2.0557160
1492.85 2.0236497
1496.5 2.0749259
1500.15 2.1537483
1503.8 2.1061659
1507.45 2.1540692
1511.1 2.1310327
1514.75 2.1318660
1518.4 2.1150382
1522.05 2.1373920
1525.7 2.1264651
1529.35 2.1163676
1533.0 2.0443246
1536.65 2.0068195
1540.3 2.0284972
1543.95 2.0529869
1547.6 1.9620330
1551.25 2.0524428
1554.9 1.9769235
1558.55 2.0199354
1562.2 1.9973249
1565.85 2.0337381
1569.5 1.9336916
1573.15 1.9582574
1576.8 1.9523746
1580.45 1.9824109
1584.1 1.8804580
1587.75 1.8986193
1591.4 1.9308165
1595.05 1.8412945
1598.7 1.8717529
1602.35 1.8115324
1606.0 1.7575525
1609.65 1.7518640
1613.3 1.7462052
1616.95 1.7538329
1620.6 1.7606320
1624.25 1.7594073
1627.9 1.7310760
1631.55 1.7183467
1635.2 1.7128602
1638.85 1.7074022
1642.5 1.7249897
1646.15 1.7181978
1649.8 1.7395108
1653.45 1.7460008
1657.1 1.7413296
1660.75 1.7500075
1664.4 1.7621217
1668.05 1.7899361
1671.7 1.8259250
1675.35 1.8076220
1679.0 1.8511924
1682.65 1.8682120
1686.3 1.8796624
1689.95 1.8858383
1693.6 1.8949945
1697.25 1.9145088
1700.9 1.9199340
1704.55 1.8897867
1708.2 1.8689636
1711.85 1.8230804
1715.5 1.8144852
1719.15 1.7755210
1722.8 1.7974470
1726.45 1.7714236
1730.1 1.7561220
1733.75 1.7571117
1737.4 1.7424186
1741.05 1.7426763
1744.7 1.7426766
1748.35 1.7588104
1752.0 1.7960697
1755.65 1.7647060
1759.3 1.8241928
1762.95 1.8651642
1766.6 1.9162354
1770.25 1.9063963
1773.9 1.8482471
1777.55 1.8349977
1781.2 1.8368503
1784.85 1.7912430
1788.5 1.7540991
1792.15 1.7404233
1795.8 1.7299346
1799.45 1.7593099
1803.1 1.7913145
1806.75 1.7946180
1810.4 1.7792640
1814.05 1.7800723
1817.7 1.7652522
1821.35 1.7705618
1825.0 1.7489893
1828.65 1.7382041
1832.3 1.7367352
1835.95 1.7252885
1839.6 1.7001411
1843.25 1.6722918
1846.9 1.6846209
1850.55 1.6869389
1854.2 1.6844382
1857.85 1.6649671
1861.5 1.6488966
1865.15 1.6414692
1868.8 1.6302398
1872.45 1.6208906
1876.1 1.6040293
1879.75 1.5794915
1883.4 1.5845824
1887.05 1.5818402
1890.7 1.5615163
1894.35 1.5179316
1898.0 1.5541637
1901.65 1.5582815
1905.3 1.5460749
1908.95 1.5432999
1912.6 1.5538379
1916.25 1.5224667
1919.9 1.5203463
1923.55 1.4880865
1927.2 1.4622599
1930.85 1.4027030
1934.5 1.3938532
1938.15 1.3891523
1941.8 1.3732284
1945.45 1.4081773
1949.1 1.4263014
1952.75 1.4269937
1956.4 1.3940862
1960.05 1.4060081
1963.7 1.4098545
1967.35 1.4264984
1971.0 1.4243942
1974.65 1.4550248
1978.3 1.4948914
1981.95 1.5056190
1985.6 1.4839517
1989.25 1.5269830
1992.9 1.5449053
1996.55 1.5410017
2000.2 1.5465392
2003.85 1.6066442
2007.5 1.6435457
2011.15 1.6325451
2014.8 1.6610752
2018.45 1.6208103
2022.1 1.6588534
2025.75 1.7131127
2029.4 1.8530955
2033.05 2.0171130
2036.7 2.2730126
2040.35 2.5332639
2044.0 2.6103425
2047.65 2.4740331
2051.3 2.1880753
2054.95 1.9438241
2058.6 1.7915288
2062.25 1.7151321
2065.9 1.6545817
2069.55 1.6073196
2073.2 1.5697321
2076.85 1.5336983
2080.5 1.5206759
2084.15 1.4877912
2087.8 1.4590918
2091.45 1.4266779
2095.1 1.4075319
2098.75 1.4012415
2102.4 1.3591824
2106.05 1.3598547
2109.7 1.3241659
2113.35 1.3136591
2117.0 1.3103439
2120.65 1.2545151
2124.3 1.2715353
2127.95 1.2689255
2131.6 1.2857491
2135.25 1.3191936
2138.9 1.3297251
2142.55 1.3324513
2146.2 1.3295698
2149.85 1.3370079
2153.5 1.3170034
2157.15 1.3185037
2160.8 1.3342164
2164.45 1.3127991
2168.1 1.3155237
2171.75 1.2902253
2175.4 1.2963231
2179.05 1.2634509
2182.7 1.2406158
2186.35 1.2168311
2190.0 1.2042848
2193.65 1.1739439
2197.3 1.1606309
2200.95 1.1274782
2204.6 1.1043528
2208.25 1.0985452
2211.9 1.1075994
2215.55 1.0918365
2219.2 1.1138314
2222.85 1.1183259
2226.5 1.1205266
2230.15 1.1190648
2233.8 1.1187023
2237.45 1.1395483
2241.1 1.1264303
2244.75 1.1473336
2248.4 1.1447417
2252.05 1.1389059
2255.7 1.1252145
2259.35 1.1353704
2263.0 1.1260760
2266.65 1.1487538
2270.3 1.1765391
2273.95 1.1783527
2277.6 1.2240988
2281.25 1.2326168
2284.9 1.2307169
2288.55 1.2125007
2292.2 1.2099903
2295.85 1.1641344
2299.5 1.1886334
2303.15 1.1756508
2306.8 1.1721542
2310.45 1.1855204
2314.1 1.2154535
2317.75 1.2153074
2321.4 1.2291790
2325.05 1.2355043
2328.7 1.2437435
2332.35 1.2302015
2336.0 1.2348253
2339.65 1.2151411
2343.3 1.2275357
2346.95 1.2110801
2350.6 1.1738621
2354.25 1.1730939
2357.9 1.1862416
2361.55 1.1537607
2365.2 1.1507672
2368.85 1.1504145
2372.5 1.1485178
2376.15 1.1655204
2379.8 1.1591690
2383.45 1.1383219
2387.1 1.1348964
2390.75 1.1565230
2394.4 1.1531291
2398.05 1.1440588
2401.7 1.1638000
2405.35 1.1297022
2409.0 1.1145474
2412.65 1.0984662
2416.3 1.0867467
2419.95 1.0774570
2423.6 1.0541574
2427.25 1.0489005
2430.9 1.0601766
2434.55 1.0685025
2438.2 1.0811338
2441.85 1.1137371
2445.5 1.0747545
2449.15 1.0587174
2452.8 1.0511092
2456.45 1.0450604
2460.1 1.0318584
2463.75 1.0552789
2467.4 1.0503881
2471.05 1.0567760
2474.7 1.0458755
2478.35 1.0480711
2482.0 1.0476249
2485.65 1.0705496
2489.3 1.0757790
2492.95 1.0929195
2496.6 1.1272857
2500.25 1.1720123
2503.9 1.1156174
2507.55 1.0721295
2511.2 1.0771828
2514.85 1.0595802
2518.5 1.0198958
2522.15 1.0302895
2525.8 1.0322272
2529.45 1.0025549
2533.1 0.99478185
2536.75 0.97172314
2540.4 0.95702595
2544.05 0.98174793
2547.7 0.97802198
2551.35 0.96323562
2555.0 0.98113608
2558.65 0.95560873
2562.3 0.93933100
2565.95 0.93802989
2569.6 0.92134881
2573.25 0.90520352
2576.9 0.88689572
2580.55 0.89718962
2584.2 0.89414811
2587.85 0.86746919
2591.5 0.87426168
2595.15 0.88749576
2598.8 0.89255017
2602.45 0.87485254
2606.1 0.89001322
2609.75 0.91130900
2613.4 0.89336091
2617.05 0.91193533
2620.7 0.88496411
2624.35 0.88622254
2628.0 0.87228537
2631.65 0.88270563
2635.3 0.88706768
2638.95 0.86881316
2642.6 0.89205694
2646.25 0.87622541
2649.9 0.86764860
2653.55 0.87445873
2657.2 0.85473478
2660.85 0.86330420
2664.5 0.85564649
2668.15 0.86053634
2671.8 0.86541617
2675.45 0.85303277
2679.1 0.84494251
2682.75 0.84180486
2686.4 0.83716303
2690.05 0.83132768
2693.7 0.83112723
2697.35 0.84197932
2701.0 0.83999568
2704.65 0.83844048
2708.3 0.82165194
2711.95 0.82402104
2715.6 0.85791487
2719.25 0.96618348
2722.9 1.0028486
2726.55 0.84683222
2730.2 0.81614327
2733.85 0.81530356
2737.5 0.80494994
2741.15 0.83316213
2744.8 0.80920666
2748.45 0.79080123
2752.1 0.79563117
2755.75 0.78599811
2759.4 0.77502227
2763.05 0.76628053
2766.7 0.75621754
2770.35 0.71458036
2774.0 0.72560656
2777.65 0.71145386
2781.3 0.74195421
2784.95 0.73960739
2788.6 0.73112774
2792.25 0.72330827
2795.9 0.71742922
2799.55 0.73522443
2803.2 0.71966994
2806.85 0.73116475
2810.5 0.74174672
2814.15 0.75343925
2817.8 0.78282523
2821.45 0.84197646
2825.1 0.87645400
2828.75 0.78714550
2832.4 0.73506361
2836.05 0.76085830
2839.7 0.76640439
2843.35 0.72591716
2847.0 0.70989430
2850.65 0.71044147
2854.3 0.69748098
2857.95 0.69287932
2861.6 0.67955160
2865.25 0.65942723
2868.9 0.63719875
2872.55 0.63233161
2876.2 0.65113521
2879.85 0.67011213
2883.5 0.67159063
2887.15 0.67864567
2890.8 0.69491464
2894.45 0.69503260
2898.1 0.69029534
2901.75 0.66687018
2905.4 0.66924101
2909.05 0.66532344
2912.7 0.63730997
2916.35 0.64502871
2920.0 0.62300748
2923.65 0.62264228
2927.3 0.61147374
2930.95 0.62439543
2934.6 0.63193887
2938.25 0.62004238
2941.9 0.60019386
2945.55 0.59917915
2949.2 0.59603256
2952.85 0.58865017
2956.5 0.60617673
2960.15 0.59307468
2963.8 0.60793954
2967.45 0.61965126
2971.1 0.65702182
2974.75 0.64650613
2978.4 0.64231950
2982.05 0.67029959
2985.7 0.67927867
2989.35 0.70255923
2993.0 0.74663746
2996.65 0.72436464
3000.3 0.68776065
3003.95 0.68392855
3007.6 0.65297616
3011.25 0.63628834
3014.9 0.62930620
3018.55 0.61842126
3022.2 0.59744710
3025.85 0.57413799
3029.5 0.56713772
3033.15 0.56947207
3036.8 0.58490038
3040.45 0.57988375
3044.1 0.57580048
3047.75 0.58815938
3051.4 0.56754351
3055.05 0.56006151
3058.7 0.57005668
3062.35 0.55669862
3066.0 0.55038959
3069.65 0.54921985
3073.3 0.54805386
3076.95 0.55024904
3080.6 0.55448300
3084.25 0.55163556
3087.9 0.54927236
3091.55 0.57965213
3095.2 0.57583880
3098.85 0.58428401
3102.5 0.57354927
3106.15 0.55942124
3109.8 0.55016243
3113.45 0.57450449
3117.1 0.57383227
3120.75 0.56942070
3124.4 0.59541559
3128.05 0.57929575
3131.7 0.59770775
3135.35 0.62990385
3139.0 0.61869723
3142.65 0.63103068
3146.3 0.64226317
3149.95 0.66820502
3153.6 0.71020937
3157.25 0.71768242
3160.9 0.75702655
3164.55 0.81898201
3168.2 0.84890622
3171.85 0.85210073
3175.5 0.79192901
3179.15 0.77741110
3182.8 0.76924878
3186.45 0.73156697
3190.1 0.69812548
3193.75 0.63904554
3197.4 0.62541360
3201.05 0.60023600
3204.7 0.58783549
3208.35 0.60245198
3212.0 0.58574492
3215.65 0.57550883
3219.3 0.57582420
3222.95 0.56210458
3226.6 0.55787945
3230.25 0.55471730
3233.9 0.52023268
3237.55 0.53778654
3241.2 0.53477985
3244.85 0.54815620
3248.5 0.53602576
3252.15 0.53343624
3255.8 0.55720592
3259.45 0.56500053
3263.1 0.58605510
3266.75 0.57730317
3270.4 0.57264316
3274.05 0.55090785
3277.7 0.58097422
3281.35 0.58200091
3285.0 0.58531690
3288.65 0.58085155
3292.3 0.60243702
3295.95 0.62780631
3299.6 0.62300557
3303.25 0.59718609
3306.9 0.58279926
3310.55 0.56841636
3314.2 0.57211030
3317.85 0.61393178
3321.5 0.59697235
3325.15 0.58941573
3328.8 0.61197436
3332.45 0.60655415
3336.1 0.56145799
3339.75 0.59144449
3343.4 0.61466032
3347.05 0.58794886
3350.7 0.57646084
3354.35 0.58528727
3358.0 0.56316876
3361.65 0.54979753
3365.3 0.55132818
3368.95 0.56862092
3372.6 0.58897209
3376.25 0.58833241
3379.9 0.57629681
3383.55 0.58317971
3387.2 0.56551915
3390.85 0.57463014
3394.5 0.55697376
3398.15 0.58587164
3401.8 0.55114073
3405.45 0.56874084
3409.1 0.54477733
3412.75 0.54958725
3416.4 0.55356491
3420.05 0.57149971
3423.7 0.52097869
3427.35 0.51958978
3431.0 0.48824862
3434.65 0.48182929
3438.3 0.47484058
3441.95 0.48619294
3445.6 0.48434603
3449.25 0.48264357
3452.9 0.47373483
3456.55 0.48066056
3460.2 0.48534563
3463.85 0.47490138
3467.5 0.45872581
3471.15 0.46256444
3474.8 0.46419787
3478.45 0.46152821
3482.1 0.46846485
3485.75 0.47416028
3489.4 0.48245057
3493.05 0.48036835
3496.7 0.47633234
3500.35 0.48534223
3504.0 0.49900246
3507.65 0.49905762
3511.3 0.50337166
3514.95 0.52193981
3518.6 0.55241048
3522.25 0.55469620
3525.9 0.59588343
3529.55 0.60106117
3533.2 0.62083256
3536.85 0.66686344
3540.5 0.69394875
3544.15 0.77598178
3547.8 0.84597659
3551.45 0.81881291
3555.1 0.76336956
3558.75 0.70852727
3562.4 0.66989756
3566.05 0.63626778
3569.7 0.59395343
3573.35 0.58305782
3577.0 0.57698518
3580.65 0.55661809
3584.3 0.52531636
3587.95 0.54071593
3591.6 0.52281630
3595.25 0.51454037
3598.9 0.50559807
3602.55 0.49174526
3606.2 0.48613814
3609.85 0.49853179
3613.5 0.49838808
3617.15 0.58780259
3620.8 0.64223725
3624.45 0.53657681
3628.1 0.47631806
3631.75 0.46348107
3635.4 0.45936453
3639.05 0.44784740
3642.7 0.47673717
3646.35 0.52057207
3650.0 0.63231426
3653.65 0.89039177
3657.3 0.88789117
3660.95 0.59677529
3664.6 0.50214326
3668.25 0.47184232
3671.9 0.45865831
3675.55 0.44762221
3679.2 0.43881050
3682.85 0.43888012
3686.5 0.43556029
3690.15 0.43596250
3693.8 0.43515578
3697.45 0.42784208
3701.1 0.42287546
3704.75 0.42266005
3708.4 0.40629670
3712.05 0.39774671
3715.7 0.41502234
3719.35 0.41109058
3723.0 0.41599593
3726.65 0.39903265
3730.3 0.40209553
3733.95 0.39629135
3737.6 0.40992630
3741.25 0.40253124
3744.9 0.39197564
3748.55 0.40077084
3752.2 0.39808297
3755.85 0.41001633
3759.5 0.41195044
3763.15 0.42825657
3766.8 0.43731281
3770.45 0.43095466
3774.1 0.41830340
3777.75 0.43650448
3781.4 0.41825241
3785.05 0.40769547
3788.7 0.40832353
3792.35 0.43116647
3796.0 0.42291465
3799.65 0.40046099
3803.3 0.40553099
3806.95 0.40907714
3810.6 0.41575962
3814.25 0.40883300
3817.9 0.41252887
3821.55 0.41072637
3825.2 0.41280460
3828.85 0.39756143
3832.5 0.40411845
3836.15 0.41705203
3839.8 0.39683002
3843.45 0.40786090
3847.1 0.40932581
3850.75 0.40614396
3854.4 0.40654546
3858.05 0.40929523
3861.7 0.40644491
3865.35 0.42188784
3869.0 0.40256688
3872.65 0.39392540
3876.3 0.43057486
3879.95 0.40174609
3883.6 0.42024863
3887.25 0.40944964
3890.9 0.39708108
3894.55 0.39128515
3898.2 0.38666704
3901.85 0.39807406
3905.5 0.37709600
3909.15 0.38025966
3912.8 0.38396063
3916.45 0.37963134
3920.1 0.36164382
3923.75 0.36810750
3927.4 0.37681445
3931.05 0.37584674
3934.7 0.36425200
3938.35 0.36542475
3942.0 0.36218509
3945.65 0.35501161
3949.3 0.36193132
3952.95 0.36912182
3956.6 0.36646798
3960.25 0.35735700
3963.9 0.35199952
3967.55 0.34658793
3971.2 0.35844630
3974.85 0.34544346
3978.5 0.36861911
3982.15 0.34729281
3985.8 0.34871227
3989.45 0.34317198
3993.1 0.34260774
3996.75 0.34204492
4000.4 0.34148350
4004.05 0.34913844
4007.7 0.35049474
4011.35 0.35838783
4015.0 0.34948125
4018.65 0.35036194
4022.3 0.33814493
4025.95 0.33759332
4029.6 0.34704509
4033.25 0.35714939
4036.9 0.35095274
4040.55 0.34223372
4044.2 0.35553962
4047.85 0.36107436
4051.5 0.34280798
4055.15 0.34653574
4058.8 0.33269161
4062.45 0.33215377
4066.1 0.33868599
4069.75 0.33295819
4073.4 0.36383927
4077.05 0.34719837
4080.7 0.33758864
4084.35 0.37675530
4088.0 0.37159726
4091.65 0.35467514
4095.3 0.34805810
4098.95 0.33216015
4102.6 0.33157513
4106.25 0.32580328
4109.9 0.33633590
4113.55 0.32476315
4117.2 0.32621655
4120.85 0.32372820
4124.5 0.32624066
4128.15 0.32269821
4131.8 0.32436991
4135.45 0.32305896
4139.1 0.32116279
4142.75 0.33222410
4146.4 0.32719141
4150.05 0.31963885
4153.7 0.31913328
4157.35 0.31862903
4161.0 0.31812596
4164.65 0.31762409
4168.3 0.31712353
4171.95 0.31662413
4175.6 0.32303375
4179.25 0.31562898
4182.9 0.31604800
4186.55 0.31463867
4190.2 0.31595927
4193.85 0.31375858
4197.5 0.31316212
4201.15 0.31610480
4204.8 0.32041860
4208.45 0.32185435
4212.1 0.31876352
4215.75 0.31813005
4219.4 0.31712371
4223.05 0.31266075
4226.7 0.31514975
4230.35 0.31300184
4234.0 0.31231114
4237.65 0.31917670
4241.3 0.33306846
4244.95 0.31664091
4248.6 0.32753322
4252.25 0.32111365
4255.9 0.33095282
4259.55 0.32310936
4263.2 0.33350384
4266.85 0.32809350
4270.5 0.32950071
4274.15 0.33899441
4277.8 0.33068743
4281.45 0.33691770
4285.1 0.34794202
4288.75 0.37452632
4292.4 0.36586609
4296.05 0.35871485
4299.7 0.36057374
4303.35 0.32870874
4307.0 0.32312012
4310.65 0.33808225
4314.3 0.33201957
4317.95 0.32038403
4321.6 0.32204473
4325.25 0.32373834
4328.9 0.32408446
4332.55 0.31830150
4336.2 0.32450667
4339.85 0.33110061
4343.5 0.31065625
4347.15 0.31390181
4350.8 0.31167069
4354.45 0.32159621
4358.1 0.30332422
4361.75 0.30650932
4365.4 0.30560967
4369.05 0.30445024
4372.7 0.30657429
4376.35 0.30590212
4380.0 0.30509108
4383.65 0.30779234
4387.3 0.30275527
4390.95 0.30017322
4394.6 0.29484847
4398.25 0.29455030
4401.9 0.28969255
4405.55 0.29526398
4409.2 0.29584679
4412.85 0.29919755
4416.5 0.30156550
4420.15 0.29002267
4423.8 0.29620147
4427.45 0.30504161
4431.1 0.30143031
4434.75 0.30438098
4438.4 0.30987883
4442.05 0.30474916
4445.7 0.30695546
4449.35 0.30083567
4453.0 0.31590238
4456.65 0.29042098
4460.3 0.28071782
4463.95 0.28492701
4467.6 0.28107595
4471.25 0.28255144
4474.9 0.28290120
4478.55 0.28841412
4482.2 0.29370311
4485.85 0.28032446
4489.5 0.28816220
4493.15 0.29591271
4496.8 0.28496784
4500.45 0.28017178
4504.1 0.27582026
4507.75 0.27541819
4511.4 0.27654383
4515.05 0.29282576
4518.7 0.27895156
4522.35 0.28055552
4526.0 0.27342132
4529.65 0.27406752
4533.3 0.27379194
4536.95 0.27820393
4540.6 0.27535692
4544.25 0.28159592
4547.9 0.28250021
4551.55 0.27604872
4555.2 0.27411103
4558.85 0.27366132
4562.5 0.28151453
4566.15 0.27971742
4569.8 0.27377480
4573.45 0.27174962
4577.1 0.26961920
4580.75 0.26828155
4584.4 0.27046657
4588.05 0.27279267
4591.7 0.28176650
4595.35 0.28560039
4599.0 0.29096475
4602.65 0.30017507
4606.3 0.28813574
4609.95 0.27398011
4613.6 0.27483913
4617.25 0.27196556
4620.9 0.26769015
4624.55 0.27183095
4628.2 0.27988395
4631.85 0.28279302
4635.5 0.27395806
4639.15 0.27605855
4642.8 0.28015330
4646.45 0.28517732
4650.1 0.28946778
4653.75 0.27517083
4657.4 0.27786154
4661.05 0.28298342
4664.7 0.28379437
4668.35 0.27772689
4672.0 0.27719975
4675.65 0.28128129
4679.3 0.28098947
4682.95 0.27789342
4686.6 0.28468361
4690.25 0.28173456
4693.9 0.28567734
4697.55 0.29247940
4701.2 0.28835905
4704.85 0.29671782
4708.5 0.29192913
4712.15 0.31171638
4715.8 0.31398234
4719.45 0.32216096
4723.1 0.33118585
4726.75 0.32980019
4730.4 0.33649391
4734.05 0.35532275
4737.7 0.35724649
4741.35 0.37276015
4745.0 0.38992637
4748.65 0.41380045
4752.3 0.44144538
4755.95 0.47480777
4759.6 0.52077675
4763.25 0.57819813
4766.9 0.64847690
4770.55 0.73127908
4774.2 0.85726035
4777.85 1.0070829
4781.5 1.1957757
4785.15 1.3860137
4788.8 1.6301401
4792.45 1.6750275
4796.1 1.4322405
4799.75 1.1918998
4803.4 1.0842278
4807.05 1.0210540
4810.7 0.88408858
4814.35 0.74572849
4818.0 0.67172247
4821.65 0.61261314
4825.3 0.55857652
4828.95 0.51739281
4832.6 0.49217984
4836.25 0.46075457
4839.9 0.42892906
4843.55 0.40248358
4847.2 0.37592596
4850.85 0.35321763
4854.5 0.34600428
4858.15 0.33884689
4861.8 0.32176155
4865.45 0.31963825
4869.1 0.31359655
4872.75 0.31390601
4876.4 0.31938899
4880.05 0.31844729
4883.7 0.31177035
4887.35 0.30161524
4891.0 0.31663105
4894.65 0.32471892
4898.3 0.33128315
4901.95 0.36476624
4905.6 0.36282435
4909.25 0.33819416
4912.9 0.34154809
4916.55 0.34562120
4920.2 0.33564043
4923.85 0.30970991
4927.5 0.28447407
4931.15 0.28163922
4934.8 0.27446559
4938.45 0.26609731
4942.1 0.26439354
4945.75 0.25698474
4949.4 0.24562874
4953.05 0.24422866
4956.7 0.24539131
4960.35 0.24492472
4964.0 0.23347394
4967.65 0.23125570
4971.3 0.23095155
4974.95 0.23831122
4978.6 0.24765703
4982.25 0.23781246
4985.9 0.23431918
4989.55 0.23359834
4993.2 0.22913617
4996.85 0.22883593
5000.5 0.22853631
5004.15 0.24392869
5007.8 0.23460066
5011.45 0.23623867
5015.1 0.22734405
5018.75 0.22704752
5022.4 0.23114550
5026.05 0.23851411
5029.7 0.23661457
5033.35 0.23100831
5037.0 0.23329845
5040.65 0.23346822
5044.3 0.23169339
5047.95 0.22469766
5051.6 0.22440664
5055.25 0.22411625
5058.9 0.22589973
5062.55 0.22353731
5066.2 0.22324872
5069.85 0.22296077
5073.5 0.22819403
5077.15 0.22238658
5080.8 0.22210038
5084.45 0.22181480
5088.1 0.22482981
5091.75 0.22124533
5095.4 0.22096151
5099.05 0.22067827
5102.7 0.22039559
5106.35 0.22630928
5110.0 0.22115219
5113.65 0.23330523
5117.3 0.22093019
5120.95 0.22088829
5124.6 0.21871188
5128.25 0.21843328
5131.9 0.23398702
5135.55 0.24274264
5139.2 0.23427950
5142.85 0.25165862
5146.5 0.23265375
5150.15 0.26174545
5153.8 0.24635352
5157.45 0.22759973
5161.1 0.25326306
5164.75 0.23589312
5168.4 0.23002331
5172.05 0.23190676
5175.7 0.22454253
5179.35 0.22133526
5183.0 0.21432231
5186.65 0.21405269
5190.3 0.21709180
5193.95 0.22519505
5197.6 0.21324722
5201.25 0.21297987
5204.9 0.21271302
5208.55 0.21244672
5212.2 0.23361181
5215.85 0.21696581
5219.5 0.21165106
5223.15 0.21138696
5226.8 0.21491846
5230.45 0.21343191
5234.1 0.21059772
5237.75 0.21033581
5241.4 0.21626942
5245.05 0.22294179
5248.7 0.23525329
5252.35 0.20929314
5256.0 0.23151308
5259.65 0.20937826
5263.3 0.21920384
5266.95 0.20825893
5270.6 0.22231825
5274.25 0.21643840
5277.9 0.21596242
5281.55 0.22021459
5285.2 0.23044431
5288.85 0.21950416
5292.5 0.20646925
5296.15 0.22034365
5299.8 0.24389590
5303.45 0.20570996
5307.1 0.20545790
5310.75 0.20579617
5314.4 0.20495526
5318.05 0.20470473
5321.7 0.20445468
5325.35 0.22443414
5329.0 0.21858622
5332.65 0.20370759
5336.3 0.20345958
5339.95 0.21433339
5343.6 0.22932364
5347.25 0.20271847
5350.9 0.20438103
5354.55 0.24977197
5358.2 0.21475787
5361.85 0.21286595
5365.5 0.20149325
5369.15 0.22891884
5372.8 0.24461603
5376.45 0.23362829
5380.1 0.25692514
5383.75 0.25148362
5387.4 0.26498663
5391.05 0.23027739
5394.7 0.23889594
5398.35 0.29416305
5402.0 0.26378644
5405.65 0.25309980
5409.3 0.22904770
5412.95 0.22129951
5416.6 0.27349821
5420.25 0.26082844
5423.9 0.25228530
5427.55 0.23494069
5431.2 0.21017611
5434.85 0.23747770
5438.5 0.19671372
5442.15 0.19647971
5445.8 0.19624618
5449.45 0.19601317
5453.1 0.19578062
5456.75 0.19554846
5460.4 0.19531687
5464.05 0.19508563
5467.7 0.19485490
5471.35 0.19462463
5475.0 0.19439484
5478.65 0.19416550
5482.3 0.19393659
5485.95 0.19370817
5489.6 0.19348021
5493.25 0.19325270
5496.9 0.19302562
5500.55 0.19279902
5504.2 0.19257283
5507.85 0.19234712
5511.5 0.19212188
5515.15 0.19189705
5518.8 0.19167271
5522.45 0.19144879
5526.1 0.19122529
5529.75 0.19100225
5533.4 0.19077967
5537.05 0.19055755
5540.7 0.19033581
5544.35 0.19011454
5548.0 0.18989377
5551.65 0.18967338
5555.3 0.18945344
5558.95 0.18923393
5562.6 0.18901484
5566.25 0.18879621
5569.9 0.18857801
5573.55 0.18836029
5577.2 0.18814297
5580.85 0.18792601
5584.5 0.18770954
5588.15 0.18749352
5591.8 0.18727788
5595.45 0.18706270
5599.1 0.18684794
5602.75 0.18663362
5606.4 0.18641970
5610.05 0.18620624
5613.7 0.18599318
5617.35 0.18578056
5621.0 0.18556829
5624.65 0.18535650
5628.3 0.18514515
5631.95 0.18493418
5635.6 0.18472366
5639.25 0.18451352
5642.9 0.18430378
5646.55 0.18409450
5650.2 0.18388568
5653.85 0.18367717
5657.5 0.18346910
5661.15 0.18326151
5664.8 0.18305425
5668.45 0.18284740
5672.1 0.18264100
5675.75 0.18243507
5679.4 0.18222943
5683.05 0.18202424
5686.7 0.18181945
5690.35 0.18161511
5694.0 0.18141115
5697.65 0.18120752
5701.3 0.18100438
5704.95 0.18080164
5708.6 0.18059926
5712.25 0.18039727
5715.9 0.18019573
5719.55 0.17999452
5723.2 0.17979380
5726.85 0.17959343
5730.5 0.17939343
5734.15 0.17919387
5737.8 0.17899467
5741.45 0.17879592
5745.1 0.17859749
5748.75 0.17839950
5752.4 0.17820187
5756.05 0.17800462
5759.7 0.17780782
5763.35 0.17761137
5767.0 0.17741528
5770.65 0.17721961
5774.3 0.17702432
5777.95 0.17682943
5781.6 0.17663492
5785.25 0.17644076
5788.9 0.17624700
5792.55 0.17605369
5796.2 0.17586067
5799.85 0.17566808
5803.5 0.17547582
5807.15 0.17528397
5810.8 0.17509252
5814.45 0.17490143
5818.1 0.17471074
5821.75 0.17452042
5825.4 0.17433044
5829.05 0.17414084
5832.7 0.17395166
5836.35 0.17376281
5840.0 0.17357433
5843.65 0.17338626
5847.3 0.17319854
5850.95 0.17301118
5854.6 0.17282423
5858.25 0.17263763
5861.9 0.17245135
5865.55 0.17226548
5869.2 0.17207995
5872.85 0.17189486
5876.5 0.17171006
5880.15 0.17152566
5883.8 0.17134160
5887.45 0.17115790
5891.1 0.17097460
5894.75 0.17079164
5898.4 0.17060904
5902.05 0.17042680
5905.7 0.17024493
5909.35 0.17006345
5913.0 0.16988224
5916.65 0.16970144
5920.3 0.16952100
5923.95 0.16934092
5927.6 0.16916120
5931.25 0.16898184
5934.9 0.16880278
5938.55 0.16862410
5942.2 0.16844580
5945.85 0.16826783
5949.5 0.16809019
5953.15 0.16791295
5956.8 0.16773605
5960.45 0.16755952
5964.1 0.16738325
5967.75 0.16720743
5971.4 0.16703188
5975.05 0.16685672
5978.7 0.16668189
5982.35 0.16650742
5986.0 0.16633330
5989.65 0.16615948
5993.3 0.16598606
5996.95 0.16581295
