300.0 0.0
425.0 0.0000000
429.25 0.0000000
433.5 0.0000000
437.75 0.0000000
442.0 0.0000000
446.25 0.0000000
450.5 0.0000000
454.75 0.0000000
459.0 0.0000000
463.25 0.0000000
467.5 0.0000000
471.75 0.0000000
476.0 0.0000000
480.25 0.0000000
484.5 0.0000000
488.75 0.0000000
493.0 0.0000000
497.25 0.0000000
501.5 0.0000000
505.75 0.0000000
510.0 0.0000000
514.25 0.0000000
518.5 0.0000000
522.75 0.0000000
527.0 0.0000000
531.25 0.0000000
535.5 0.0000000
539.75 0.0000000
544.0 0.0000000
548.25 0.0000000
552.5 0.0000000
556.75 0.0000000
561.0 0.0000000
565.25 0.0000000
569.5 0.0000000
573.75 0.0000000
578.0 0.0000000
582.25 0.0000000
586.5 0.0000000
590.75 0.0000000
595.0 0.0000000
599.25 0.0000000
603.5 0.0000000
607.75 0.0000000
612.0 0.0000000
616.25 0.0000000
620.5 0.0000000
624.75 0.0000000
629.0 0.0000000
633.25 0.0000000
637.5 0.0000000
641.75 0.0000000
646.0 0.0000000
650.25 0.0000000
654.5 0.0000000
658.75 0.0000000
663.0 0.0000000
667.25 0.0000000
671.5 0.0000000
675.75 0.0000000
680.0 0.0000000
684.25 0.0000000
688.5 0.0000000
692.75 0.0000000
697.0 0.0000000
701.25 0.0000000
705.5 0.0000000
709.75 0.0000000
714.0 0.0000000
718.25 0.0000000
722.5 0.0000000
726.75 0.0000000
731.0 0.0000000
735.25 0.0000000
739.5 0.0000000
743.75 0.0000000
748.0 0.0000000
752.25 0.0000000
756.5 0.0000000
760.75 0.0000000
765.0 0.0000000
769.25 0.0000000
773.5 0.0000000
777.75 2.26820357E-05
782.0 1.64403536E-05
786.25 1.17940463E-05
790.5 8.22674610E-06
794.75 5.52302072E-06
799.0 3.60543095E-06
803.25 2.32091293E-06
807.5 1.47612127E-06
811.75 9.23766663E-07
816.0 5.68542816E-07
820.25 3.43964928E-07
824.5 2.04458601E-07
828.75 1.36164344E-05
833.0 9.38796165E-06
837.25 6.39024211E-06
841.5 4.29096190E-06
845.75 2.84269208E-06
850.0 2.03673721E-06
854.25 1.37389122E-06
858.5 8.71288762E-07
862.75 5.86269266E-07
867.0 3.96731167E-07
871.25 2.68563952E-07
875.5 1.39849354E-03
879.75 1.18831510E-03
884.0 8.35592684E-04
888.25 5.74369100E-04
892.5 4.41790151E-04
896.75 3.50017217E-04
901.0 2.83652684E-04
905.25 2.31288068E-04
909.5 1.79497409E-04
913.75 1.28120679E-04
918.0 1.01429599E-04
922.25 7.05983039E-05
926.5 4.95657514E-05
930.75 3.50912342E-05
935.0 2.56628227E-05
939.25 1.95963548E-05
943.5 1.40146531E-05
947.75 1.05613290E-05
952.0 7.95707729E-06
956.25 5.60586386E-06
960.5 3.58498005E-06
964.75 2.46425225E-06
969.0 1.57926581E-06
973.25 1.10672931E-06
977.5 7.52059407E-07
981.75 4.91204901E-07
986.0 3.26375329E-07
990.25 2.21867495E-07
994.5 1.50119703E-07
998.75 1.03983275E-07
1003.0 6.85337582E-08
1007.25 4.50831088E-08
1011.5 2.92727016E-08
1015.75 1.84770261E-08
1020.0 1.29419302E-08
1024.25 1.17479013E-08
1028.5 1.30590028E-08
1032.75 1.71128320E-08
1037.0 0.92150337
1041.25 0.74862510
1045.5 0.70131993
1049.75 0.70408142
1054.0 0.66241181
1058.25 0.53257132
1062.5 0.46178070
1066.75 0.43610674
1071.0 0.41908532
1075.25 0.39350009
1079.5 0.36079016
1083.75 0.33939826
1088.0 0.33291215
1092.25 0.33513081
1096.5 0.34190714
1100.75 0.34557915
1105.0 0.37315637
1109.25 0.38047600
1113.5 0.36551470
1117.75 0.33434325
1122.0 0.33777946
1126.25 0.33596933
1130.5 0.34529769
1134.75 0.35252979
1139.0 0.34949332
1143.25 0.33814615
1147.5 0.33485174
1151.75 0.34671792
1156.0 0.34578574
1160.25 0.35279047
1164.5 0.34944555
1168.75 0.35885099
1173.0 0.38067037
1177.25 0.40339786
1181.5 0.43448931
1185.75 0.44400331
1190.0 0.45182127
1194.25 0.41224071
1198.5 0.38618219
1202.75 0.36701307
1207.0 0.35928744
1211.25 0.35884172
1215.5 0.34373119
1219.75 0.34046209
1224.0 0.33950388
1228.25 0.33804089
1232.5 0.34517831
1236.75 0.34292105
1241.0 0.33664843
1245.25 0.34780082
1249.5 0.34282109
1253.75 0.34920922
1258.0 0.35861981
1262.25 0.36498457
1266.5 0.37495467
1270.75 0.37548772
1275.0 0.38849977
1279.25 0.39822868
1283.5 0.40905958
1287.75 0.42570114
1292.0 0.45869049
1296.25 0.50265294
1300.5 0.55314350
1304.75 0.61720252
1309.0 0.69678313
1313.25 0.74484879
1317.5 0.67781293
1321.75 0.57645625
1326.0 0.49938968
1330.25 0.45949599
1334.5 0.43985781
1338.75 0.42896658
1343.0 0.40962717
1347.25 0.40909809
1351.5 0.39768010
1355.75 0.40639037
1360.0 0.40834633
1364.25 0.40776563
1368.5 0.41306296
1372.75 0.40872213
1377.0 0.41571277
1381.25 0.42229730
1385.5 0.42378995
1389.75 0.43371391
1394.0 0.41774273
1398.25 0.41566232
1402.5 0.41100848
1406.75 0.41849256
1411.0 0.42112881
1415.25 0.41586953
1419.5 0.39553088
1423.75 0.38345167
1428.0 0.37874016
1432.25 0.37242791
1436.5 0.37370738
1440.75 0.37336585
1445.0 0.37331727
1449.25 0.37987286
1453.5 0.37934670
1457.75 0.38610572
1462.0 0.38857302
1466.25 0.38853717
1470.5 0.38473502
1474.75 0.39027303
1479.0 0.39268735
1483.25 0.40400860
1487.5 0.39819124
1491.75 0.39244795
1496.0 0.37582490
1500.25 0.38213062
1504.5 0.38454673
1508.75 0.38009951
1513.0 0.39364427
1517.25 0.39808595
1521.5 0.38830498
1525.75 0.38236424
1530.0 0.38354707
1534.25 0.38422677
1538.5 0.38472837
1542.75 0.39030856
1547.0 0.38415986
1551.25 0.38361618
1555.5 0.38920105
1559.75 0.38943869
1564.0 0.39977723
1568.25 0.39874688
1572.5 0.42526326
1576.75 0.42453840
1581.0 0.42960310
1585.25 0.42383224
1589.5 0.42549148
1593.75 0.43014497
1598.0 0.45004958
1602.25 0.48507783
1606.5 0.51707870
1610.75 0.54340196
1615.0 0.55405921
1619.25 0.58414942
1623.5 0.55960816
1627.75 0.51253283
1632.0 0.46959993
1636.25 0.44125998
1640.5 0.42834589
1644.75 0.41514209
1649.0 0.40272817
1653.25 0.39332825
1657.5 0.39108661
1661.75 0.37736797
1666.0 0.37240851
1670.25 0.37042964
1674.5 0.37499210
1678.75 0.37754574
1683.0 0.36978233
1687.25 0.37223378
1691.5 0.37513885
1695.75 0.37921426
1700.0 0.37073591
1704.25 0.37570137
1708.5 0.38541096
1712.75 0.36544192
1717.0 0.37602311
1721.25 0.37935206
1725.5 0.37760711
1729.75 0.38174507
1734.0 0.37659785
1738.25 0.37249684
1742.5 0.38375232
1746.75 0.40021545
1751.0 0.39321604
1755.25 0.40404221
1759.5 0.40158421
1763.75 0.40360296
1768.0 0.40226346
1772.25 0.40837955
1776.5 0.40814534
1780.75 0.40805188
1785.0 0.39594156
1789.25 0.39042413
1793.5 0.39640510
1797.75 0.40297517
1802.0 0.38682628
1806.25 0.40643317
1810.5 0.39319286
1814.75 0.40349841
1819.0 0.40071219
1823.25 0.40977785
1827.5 0.39129221
1831.75 0.39795598
1836.0 0.39844641
1840.25 0.40628764
1844.5 0.38701406
1848.75 0.39238811
1853.0 0.40070501
1857.25 0.38371047
1861.5 0.39166719
1865.75 0.38062209
1870.0 0.37078902
1874.25 0.37109125
1878.5 0.37138888
1882.75 0.37451288
1887.0 0.37747118
1891.25 0.37871268
1895.5 0.37409222
1899.75 0.37280768
1904.0 0.37307760
1908.25 0.37334353
1912.5 0.37865674
1916.75 0.37862673
1921.0 0.38480124
1925.25 0.38771859
1929.5 0.38815787
1933.75 0.39157513
1938.0 0.39577687
1942.25 0.40353730
1946.5 0.41319326
1950.75 0.41057682
1955.0 0.42203385
1959.25 0.42748803
1963.5 0.43168929
1967.75 0.43469322
1972.0 0.43839499
1976.25 0.44451538
1980.5 0.44738409
1984.75 0.44194177
1989.0 0.43863523
1993.25 0.42938936
1997.5 0.42887977
2001.75 0.42115033
2006.0 0.42784807
2010.25 0.42312768
2014.5 0.42093158
2018.75 0.42262763
2023.0 0.42053878
2027.25 0.42204463
2031.5 0.42348725
2035.75 0.42886144
2040.0 0.43942985
2044.25 0.43321171
2048.5 0.44931811
2052.75 0.46094471
2057.0 0.47514084
2061.25 0.47426721
2065.5 0.46131617
2069.75 0.45951292
2074.0 0.46147966
2078.25 0.45148554
2082.5 0.44355553
2086.75 0.44151673
2091.0 0.44026509
2095.25 0.44917247
2099.5 0.45879939
2103.75 0.46110204
2108.0 0.45859933
2112.25 0.46024874
2116.5 0.45784482
2120.75 0.46065220
2125.0 0.45645046
2129.25 0.45503673
2133.5 0.45604989
2137.75 0.45443115
2142.0 0.44917235
2146.25 0.44315577
2150.5 0.44777265
2154.75 0.44973803
2159.0 0.45041722
2163.25 0.44653863
2167.5 0.44354308
2171.75 0.44285136
2176.0 0.44111830
2180.25 0.43987522
2184.5 0.43657115
2188.75 0.43114328
2193.0 0.43378672
2197.25 0.43428504
2201.5 0.42993745
2205.75 0.41913313
2210.0 0.43036041
2214.25 0.43272492
2218.5 0.43054882
2222.75 0.43098566
2227.0 0.43514520
2231.25 0.42755005
2235.5 0.42814118
2239.75 0.42021680
2244.0 0.41406268
2248.25 0.39828891
2252.5 0.39685866
2256.75 0.39659730
2261.0 0.39311451
2265.25 0.40420857
2269.5 0.41051295
2273.75 0.41181338
2278.0 0.40339035
2282.25 0.40792152
2286.5 0.41012117
2290.75 0.41605720
2295.0 0.41653472
2299.25 0.42660585
2303.5 0.43943650
2307.75 0.44373861
2312.0 0.43848383
2316.25 0.45236114
2320.5 0.45884454
2324.75 0.45885432
2329.0 0.46167567
2333.25 0.48083434
2337.5 0.49312010
2341.75 0.49105197
2346.0 0.50088537
2350.25 0.48996320
2354.5 0.50271028
2358.75 0.52043867
2363.0 0.56435388
2367.25 0.61581498
2371.5 0.69563836
2375.75 0.77717721
2380.0 0.80276883
2384.25 0.76269013
2388.5 0.67616177
2392.75 0.60212582
2397.0 0.55627739
2401.25 0.53382498
2405.5 0.51620156
2409.75 0.50264263
2414.0 0.49204496
2418.25 0.48187771
2422.5 0.47890368
2426.75 0.46963832
2431.0 0.46164820
2435.25 0.45243654
2439.5 0.44739243
2443.75 0.44641519
2448.0 0.43400577
2452.25 0.43520945
2456.5 0.42474905
2460.75 0.42233106
2465.0 0.42221442
2469.25 0.40513256
2473.5 0.41154703
2477.75 0.41161683
2482.0 0.41799992
2486.25 0.42982098
2490.5 0.43420646
2494.75 0.43605173
2499.0 0.43605998
2503.25 0.43945512
2507.5 0.43381959
2511.75 0.43525341
2516.0 0.44138941
2520.25 0.43523684
2524.5 0.43707311
2528.75 0.42958176
2533.0 0.43252838
2537.25 0.42245239
2541.5 0.41569212
2545.75 0.40857971
2550.0 0.40521351
2554.25 0.39582863
2558.5 0.39215285
2562.75 0.38174075
2567.0 0.37468255
2571.25 0.37347859
2575.5 0.37732792
2579.75 0.37271771
2584.0 0.38100001
2588.25 0.38331276
2592.5 0.38484272
2596.75 0.38511494
2601.0 0.38576236
2605.25 0.39373606
2609.5 0.38997948
2613.75 0.39800468
2618.0 0.39789093
2622.25 0.39664331
2626.5 0.39264446
2630.75 0.39696431
2635.0 0.39448231
2639.25 0.40320909
2643.5 0.41376171
2647.75 0.41519952
2652.0 0.43214861
2656.25 0.43598971
2660.5 0.43614960
2664.75 0.43051222
2669.0 0.43043655
2673.25 0.41490743
2677.5 0.42443752
2681.75 0.42058998
2686.0 0.42012420
2690.25 0.42570764
2694.5 0.43726739
2698.75 0.43802503
2703.0 0.44384265
2707.25 0.44694787
2711.5 0.45075360
2715.75 0.44666106
2720.0 0.44915652
2724.25 0.44279942
2728.5 0.44812536
2732.75 0.44291571
2737.0 0.43007576
2741.25 0.43056449
2745.5 0.43616799
2749.75 0.42498004
2754.0 0.42462879
2758.25 0.42524952
2762.5 0.42529657
2766.75 0.43235078
2771.0 0.43074712
2775.25 0.42373821
2779.5 0.42319784
2783.75 0.43201011
2788.0 0.43148622
2792.25 0.42882928
2796.5 0.43697765
2800.75 0.42490062
2805.0 0.41991499
2809.25 0.41455936
2813.5 0.41083181
2817.75 0.40800765
2822.0 0.39985660
2826.25 0.39853004
2830.5 0.40348753
2834.75 0.40733430
2839.0 0.41283458
2843.25 0.42598814
2847.5 0.41175681
2851.75 0.40627977
2856.0 0.40402207
2860.25 0.40235353
2864.5 0.39791846
2868.75 0.40761080
2873.0 0.40637901
2877.25 0.40951052
2881.5 0.40593815
2885.75 0.40744293
2890.0 0.40792069
2894.25 0.41751134
2898.5 0.42021796
2902.75 0.42758921
2907.0 0.44173053
2911.25 0.45997983
2915.5 0.43853357
2919.75 0.42209819
2924.0 0.42474872
2928.25 0.41845745
2932.5 0.40340930
2936.75 0.40814993
2941.0 0.40954703
2945.25 0.39838445
2949.5 0.39590076
2953.75 0.38731381
2958.0 0.38203627
2962.25 0.39249873
2966.5 0.39160007
2970.75 0.38626114
2975.0 0.39403048
2979.25 0.38435322
2983.5 0.37836984
2987.75 0.37840822
2992.0 0.37223035
2996.25 0.36624867
3000.5 0.35937041
3004.75 0.36407629
3009.0 0.36337391
3013.25 0.35304731
3017.5 0.35633022
3021.75 0.36224926
3026.0 0.36483997
3030.25 0.35812184
3034.5 0.36485237
3038.75 0.37411880
3043.0 0.36727536
3047.25 0.37544662
3051.5 0.36486065
3055.75 0.36589712
3060.0 0.36065242
3064.25 0.36547524
3068.5 0.36779711
3072.75 0.36073312
3077.0 0.37090158
3081.25 0.36482629
3085.5 0.36175752
3089.75 0.36510137
3094.0 0.35735935
3098.25 0.36143899
3102.5 0.35872412
3106.75 0.36126819
3111.0 0.36381245
3115.25 0.35909453
3119.5 0.35617089
3123.75 0.35532799
3128.0 0.35384580
3132.25 0.35185128
3136.5 0.35223830
3140.75 0.35731429
3145.0 0.35694751
3149.25 0.35676020
3153.5 0.35008004
3157.75 0.35155299
3162.0 0.36649579
3166.25 0.41328955
3170.5 0.42953512
3174.75 0.36318475
3179.0 0.35047844
3183.25 0.35057276
3187.5 0.34656873
3191.75 0.35917896
3196.0 0.34930068
3200.25 0.34179395
3204.5 0.34432167
3208.75 0.34058702
3213.0 0.33625853
3217.25 0.33288783
3221.5 0.32893157
3225.75 0.31121317
3230.0 0.31641313
3234.25 0.31063053
3238.5 0.32435301
3242.75 0.32373074
3247.0 0.32041705
3251.25 0.31738368
3255.5 0.31519321
3259.75 0.32341000
3264.0 0.31695759
3268.25 0.32241488
3272.5 0.32748145
3276.75 0.33304968
3281.0 0.34646052
3285.25 0.37309170
3289.5 0.38883910
3293.75 0.34963864
3298.0 0.32689741
3302.25 0.33877468
3306.5 0.34165278
3310.75 0.32398999
3315.0 0.31721598
3319.25 0.31783679
3323.5 0.31240791
3327.75 0.31071302
3332.0 0.30509496
3336.25 0.29640767
3340.5 0.28675115
3344.75 0.28489318
3349.0 0.29370663
3353.25 0.30261743
3357.5 0.30363610
3361.75 0.30718037
3366.0 0.31490618
3370.25 0.31532139
3374.5 0.31353086
3378.75 0.30323696
3383.0 0.30466190
3387.25 0.30322269
3391.5 0.29078448
3395.75 0.29463875
3400.0 0.28490067
3404.25 0.28505373
3408.5 0.28025433
3412.75 0.28649637
3417.0 0.29028100
3421.25 0.28513303
3425.5 0.27631140
3429.75 0.27614948
3434.0 0.27500230
3438.25 0.27189478
3442.5 0.28029761
3446.75 0.27453926
3451.0 0.28172734
3455.25 0.28746691
3459.5 0.30513468
3463.75 0.30057636
3468.0 0.29895252
3472.25 0.31231111
3476.5 0.31683442
3480.75 0.32804427
3485.0 0.34899798
3489.25 0.33894813
3493.5 0.32216221
3497.75 0.32070711
3502.0 0.30651674
3506.25 0.29899806
3510.5 0.29602829
3514.75 0.29121304
3519.0 0.28163093
3523.25 0.27092567
3527.5 0.26790068
3531.75 0.26928267
3536.0 0.27686483
3540.25 0.27477372
3544.5 0.27311978
3548.75 0.27926874
3553.0 0.26975644
3557.25 0.26647237
3561.5 0.27150437
3565.75 0.26541194
3570.0 0.26267010
3574.25 0.26237708
3578.5 0.26208457
3582.75 0.26339924
3587.0 0.26569226
3591.25 0.26459303
3595.5 0.26372248
3599.75 0.27858600
3604.0 0.27702850
3608.25 0.28136992
3612.5 0.27647367
3616.75 0.26992968
3621.0 0.26572335
3625.25 0.27775240
3629.5 0.27769938
3633.75 0.27583325
3638.0 0.28870666
3642.25 0.28116342
3646.5 0.29038113
3650.75 0.30631849
3655.0 0.30115905
3659.25 0.30745777
3663.5 0.31323081
3667.75 0.32619470
3672.0 0.34703079
3676.25 0.35101640
3680.5 0.37061125
3684.75 0.40132225
3689.0 0.41637921
3693.25 0.41834018
3697.5 0.38916451
3701.75 0.38238874
3706.0 0.37872809
3710.25 0.36051238
3714.5 0.34435302
3718.75 0.31550449
3723.0 0.30906051
3727.25 0.29689273
3731.5 0.29102734
3735.75 0.29853812
3740.0 0.29052559
3744.25 0.28570989
3748.5 0.28612757
3752.75 0.27956474
3757.0 0.27771559
3761.25 0.27639183
3765.5 0.25944412
3769.75 0.26844040
3774.0 0.26717985
3778.25 0.27410874
3782.5 0.26828289
3786.75 0.26722544
3791.0 0.27938172
3795.25 0.28354186
3799.5 0.29436895
3803.75 0.29022956
3808.0 0.28814101
3812.25 0.27744848
3816.5 0.29284763
3820.75 0.29362229
3825.0 0.29555345
3829.25 0.29355463
3833.5 0.30472863
3837.75 0.31783682
3842.0 0.31567961
3846.25 0.30285826
3850.5 0.29581690
3854.75 0.28876457
3859.0 0.29089054
3863.25 0.31242192
3867.5 0.30405092
3871.75 0.30045798
3876.0 0.31222251
3880.25 0.30971956
3884.5 0.28693500
3888.75 0.30251482
3893.0 0.31465411
3897.25 0.30123296
3901.5 0.29559463
3905.75 0.30037147
3910.0 0.28926128
3914.25 0.28262839
3918.5 0.28365055
3922.75 0.29278970
3927.0 0.30351943
3931.25 0.30343974
3935.5 0.29747668
3939.75 0.30127662
3944.0 0.29239222
3948.25 0.29734552
3952.5 0.28844401
3956.75 0.30365628
3961.0 0.28588700
3965.25 0.29525524
3969.5 0.28304327
3973.75 0.28577232
3978.0 0.28807196
3982.25 0.29764366
3986.5 0.27154878
3990.75 0.27104104
3995.0 0.25489494
3999.25 0.25174358
4003.5 0.24828881
4007.75 0.25442585
4012.0 0.25365943
4016.25 0.25296682
4020.5 0.24849260
4024.75 0.25232303
4029.0 0.25498170
4033.25 0.24968934
4037.5 0.24137247
4041.75 0.24358131
4046.0 0.24463092
4050.25 0.24341205
4054.5 0.24726111
4058.75 0.25045982
4063.0 0.25503463
4067.25 0.25412852
4071.5 0.25218600
4075.75 0.25715211
4080.0 0.26459104
4084.25 0.26482129
4088.5 0.26731285
4092.75 0.27738297
4097.0 0.29379794
4101.25 0.29523566
4105.5 0.31739563
4109.75 0.32039344
4114.0 0.33117995
4118.25 0.35600024
4122.5 0.37073529
4126.75 0.41486847
4131.0 0.45262545
4135.25 0.43841594
4139.5 0.40903160
4143.75 0.37992525
4148.0 0.35947520
4152.25 0.34167919
4156.5 0.31918943
4160.75 0.31356284
4165.0 0.31052291
4169.25 0.29977936
4173.5 0.28312621
4177.75 0.29163679
4182.0 0.28218606
4186.25 0.27791923
4190.5 0.27328545
4194.75 0.26598832
4199.0 0.26314351
4203.25 0.27004480
4207.5 0.27015924
4211.75 0.31885430
4216.0 0.34862953
4220.25 0.29147944
4224.5 0.25892836
4228.75 0.25212765
4233.0 0.25006402
4237.25 0.24396552
4241.5 0.25988510
4245.75 0.28397918
4250.0 0.34517655
4254.25 0.48639759
4258.5 0.48536828
4262.75 0.32645491
4267.0 0.27487805
4271.25 0.25846916
4275.5 0.25142008
4279.75 0.24553895
4284.0 0.24087030
4288.25 0.24107327
4292.5 0.23941295
4296.75 0.23979720
4301.0 0.23951611
4305.25 0.23565021
4309.5 0.23307225
4313.75 0.23311082
4318.0 0.22423688
4322.25 0.21966565
4326.5 0.22936031
4330.75 0.22733957
4335.0 0.23020598
4339.25 0.22096595
4343.5 0.22281015
4347.75 0.21973969
4352.0 0.22745070
4356.25 0.22349516
4360.5 0.21777800
4364.75 0.22281110
4369.0 0.22146213
4373.25 0.22825046
4377.5 0.22947717
4381.75 0.23871626
4386.0 0.24392308
4390.25 0.24053295
4394.5 0.23362325
4398.75 0.24394637
4403.0 0.23389697
4407.25 0.22814026
4411.5 0.22863868
4415.75 0.24158452
4420.0 0.23711282
4424.25 0.22466743
4428.5 0.22765699
4432.75 0.22979392
4437.0 0.23369615
4441.25 0.22994846
4445.5 0.23217404
4449.75 0.23130555
4454.0 0.23262243
4458.25 0.22417356
4462.5 0.22801389
4466.75 0.23545872
4471.0 0.22418188
4475.25 0.23055729
4479.5 0.23152946
4483.75 0.22987241
4488.0 0.23024230
4492.25 0.23194298
4496.5 0.23047000
4500.75 0.23937416
4505.0 0.22855212
4509.25 0.22378330
4513.5 0.24475315
4517.75 0.22850551
4522.0 0.23917520
4526.25 0.23317105
4530.5 0.22626485
4534.75 0.22309741
4539.0 0.22059768
4543.25 0.22724266
4547.5 0.21539697
4551.75 0.21733473
4556.0 0.21958169
4560.25 0.21723589
4564.5 0.20706666
4568.75 0.21089332
4573.0 0.21601020
4577.25 0.21558349
4581.5 0.20905672
4585.75 0.20985396
4590.0 0.20811635
4594.25 0.20411466
4598.5 0.20821558
4602.75 0.21247691
4607.0 0.21107294
4611.25 0.20594570
4615.5 0.20297657
4619.75 0.19997250
4624.0 0.20693471
4628.25 0.19954376
4632.5 0.21305437
4636.75 0.20084421
4641.0 0.20178145
4645.25 0.19868991
4649.5 0.19847718
4653.75 0.19826479
4658.0 0.19805264
4662.25 0.20260799
4666.5 0.20351100
4670.75 0.20821247
4675.0 0.20315331
4679.25 0.20378068
4683.5 0.19678614
4687.75 0.19657604
4692.0 0.20219356
4696.25 0.20819747
4700.5 0.20470002
4704.75 0.19972630
4709.0 0.20760757
4713.25 0.21095708
4717.5 0.20039651
4721.75 0.20268825
4726.0 0.19469880
4730.25 0.19449168
4734.5 0.19842620
4738.75 0.19517802
4743.0 0.21339776
4747.25 0.20374946
4751.5 0.19821873
4755.75 0.22133693
4760.0 0.21842596
4764.25 0.20859273
4768.5 0.20481251
4772.75 0.19556361
4777.0 0.19532499
4781.25 0.19202876
4785.5 0.19834372
4789.75 0.19162229
4794.0 0.19258338
4798.25 0.19121699
4802.5 0.19280432
4806.75 0.19081278
4811.0 0.19190368
4815.25 0.19122991
4819.5 0.19020864
4823.75 0.19686413
4828.0 0.19398467
4832.25 0.18960717
4836.5 0.18940717
4840.75 0.18920754
4845.0 0.18900812
4849.25 0.18880902
4853.5 0.18861024
4857.75 0.18841167
4862.0 0.19232608
4866.25 0.18801542
4870.5 0.18836291
4874.75 0.18762027
4879.0 0.18850534
4883.25 0.18728916
4887.5 0.18702960
4891.75 0.18888430
4896.0 0.19156037
4900.25 0.19251749
4904.5 0.19076636
4908.75 0.19048458
4913.0 0.18997896
4917.25 0.18740074
4921.5 0.18898861
4925.75 0.18779583
4930.0 0.18747634
4934.25 0.19169451
4938.5 0.20013870
4942.75 0.19036335
4947.0 0.19701080
4951.25 0.19324636
4955.5 0.19926737
4959.75 0.19464207
4964.0 0.20100401
4968.25 0.19784170
4972.5 0.19878905
4976.75 0.20461817
4981.0 0.19970292
4985.25 0.20356601
4989.5 0.21033072
4993.75 0.22651246
4998.0 0.22138357
5002.25 0.21716298
5006.5 0.21839529
5010.75 0.19919240
5015.0 0.19590144
5019.25 0.20507257
5023.5 0.20149304
5027.75 0.19452617
5032.0 0.19562931
5036.25 0.19675325
5040.5 0.19705874
5044.75 0.19363570
5049.0 0.19750558
5053.25 0.20161565
5057.5 0.18925728
5061.75 0.19132604
5066.0 0.19005691
5070.25 0.19620301
5074.5 0.18514353
5078.75 0.18717654
5083.0 0.18671566
5087.25 0.18609537
5091.5 0.18748225
5095.75 0.18715948
5100.0 0.18675113
5104.25 0.18849318
5108.5 0.18549547
5112.75 0.18399961
5117.0 0.18082015
5121.25 0.18072161
5125.5 0.17782392
5129.75 0.18132815
5134.0 0.18177046
5138.25 0.18391435
5142.5 0.18545566
5146.75 0.17843947
5151.0 0.18232502
5155.25 0.18785292
5159.5 0.18571424
5163.75 0.18761815
5168.0 0.19109441
5172.25 0.18801692
5176.5 0.18946451
5180.75 0.18577167
5185.0 0.19516431
5189.25 0.17950331
5193.5 0.17358454
5197.75 0.17626700
5202.0 0.17396306
5206.25 0.17495504
5210.5 0.17525037
5214.75 0.17874572
5219.0 0.18210515
5223.25 0.17388771
5227.5 0.17882936
5231.75 0.18372108
5236.0 0.17700455
5240.25 0.17410284
5244.5 0.17147473
5248.75 0.17130055
5253.0 0.17207669
5257.25 0.18228833
5261.5 0.17372790
5265.75 0.17480366
5270.0 0.17043337
5274.25 0.17091098
5278.5 0.17081380
5282.75 0.17364213
5287.0 0.17194009
5291.25 0.17591234
5295.5 0.17655392
5299.75 0.17259674
5304.0 0.17145939
5308.25 0.17125204
5312.5 0.17624241
5316.75 0.17519274
5321.0 0.17154448
5325.25 0.17034855
5329.5 0.16908552
5333.75 0.16831857
5338.0 0.16976188
5342.25 0.17129487
5346.5 0.17700507
5350.75 0.17948973
5355.0 0.18293855
5359.25 0.18880925
5363.5 0.18131311
5367.75 0.17247821
5372.0 0.17309189
5376.25 0.17135413
5380.5 0.16873115
5384.75 0.17141297
5389.0 0.17656492
5393.25 0.17847459
5397.5 0.17297079
5401.75 0.17436951
5406.0 0.17702945
5410.25 0.18027887
5414.5 0.18306692
5418.75 0.17409709
5423.0 0.17587200
5427.25 0.17918769
5431.5 0.17977509
5435.75 0.17600372
5440.0 0.17574167
5444.25 0.17840229
5448.5 0.17829001
5452.75 0.17639749
5457.0 0.18078125
5461.25 0.17898123
5465.5 0.18155965
5469.75 0.18595789
5474.0 0.18341236
5478.25 0.18880518
5482.5 0.18583295
5486.75 0.19850875
5491.0 0.20003207
5495.25 0.20532486
5499.5 0.21116124
5503.75 0.21036182
5508.0 0.21471705
5512.25 0.22682206
5516.5 0.22814079
5520.75 0.23814249
5525.0 0.24920811
5529.25 0.26457107
5533.5 0.28235787
5537.75 0.30381697
5542.0 0.33336255
5546.25 0.37026492
5550.5 0.41543290
5554.75 0.46866193
5559.0 0.54961574
5563.25 0.64592367
5567.5 0.76724672
5571.75 0.88965541
5576.0 1.0467622
5580.25 1.0760031
5584.5 0.92039812
5588.75 0.76624477
5593.0 0.69729406
5597.25 0.65691847
5601.5 0.56901759
5605.75 0.48015058
5610.0 0.43266642
5614.25 0.39474428
5618.5 0.36006287
5622.75 0.33364278
5627.0 0.31750506
5631.25 0.29734573
5635.5 0.27691248
5639.75 0.25993803
5644.0 0.24287814
5648.25 0.22829305
5652.5 0.22371528
5656.75 0.21917009
5661.0 0.20819741
5665.25 0.20690121
5669.5 0.20306653
5673.75 0.20334302
5678.0 0.20697215
5682.25 0.20643891
5686.5 0.20218579
5690.75 0.19567284
5695.0 0.20549066
5699.25 0.21081777
5703.5 0.21515909
5707.75 0.23699294
5712.0 0.23581833
5716.25 0.21989085
5720.5 0.22215326
5724.75 0.22488508
5729.0 0.21847098
5733.25 0.20166638
5737.5 0.18530189
5741.75 0.18352227
5746.0 0.17891291
5750.25 0.17352109
5754.5 0.17247269
5758.75 0.16770044
5763.0 0.16034791
5767.25 0.15949155
5771.5 0.16030866
5775.75 0.16006151
5780.0 0.15263315
5784.25 0.15123726
5788.5 0.15109254
5792.75 0.15596320
5797.0 0.16213749
5801.25 0.15574796
5805.5 0.15351483
5809.75 0.15309702
5814.0 0.15022595
5818.25 0.15008231
5822.5 0.14993890
5826.75 0.16009417
5831.0 0.15402639
5835.25 0.15515648
5839.5 0.14936724
5843.75 0.14922483
5848.0 0.15197147
5852.25 0.15687104
5856.5 0.15567614
5860.75 0.15204066
5865.0 0.15360148
5869.25 0.15376678
5873.5 0.15265085
5877.75 0.14809312
5882.0 0.14795257
5886.25 0.14781222
5890.5 0.14903992
5894.75 0.14753217
5899.0 0.14739242
5903.25 0.14725292
5907.5 0.15076092
5911.75 0.14697447
5916.0 0.14683557
5920.25 0.14669685
5924.5 0.14874156
5928.75 0.14642002
5933.0 0.14628191
5937.25 0.14614402
5941.5 0.14600630
5945.75 0.14997469
5950.0 0.14660664
5954.25 0.15471539
5958.5 0.14655828
5962.75 0.14657977
5967.0 0.14518429
5971.25 0.14504799
5975.5 0.15542829
5979.75 0.16129823
5984.0 0.15572660
5988.25 0.16733435
5992.5 0.15474901
5996.75 0.17415713
