300.0 0.0
360.0 0.0000000
363.6 0.0000000
367.2 0.0000000
370.8 0.0000000
374.4 0.0000000
378.0 0.0000000
381.6 0.0000000
385.2 0.0000000
388.8 0.0000000
392.4 0.0000000
396.0 0.0000000
399.6 0.0000000
403.2 0.0000000
406.8 0.0000000
410.4 0.0000000
414.0 0.0000000
417.6 0.0000000
421.2 0.0000000
424.8 0.0000000
428.4 0.0000000
432.0 0.0000000
435.6 0.0000000
439.2 0.0000000
442.8 0.0000000
446.4 0.0000000
450.0 0.0000000
453.6 0.0000000
457.2 0.0000000
460.8 0.0000000
464.4 0.0000000
468.0 0.0000000
471.6 0.0000000
475.2 0.0000000
478.8 0.0000000
482.4 0.0000000
486.0 0.0000000
489.6 0.0000000
493.2 0.0000000
496.8 0.0000000
500.4 0.0000000
504.0 0.0000000
507.6 0.0000000
511.2 0.0000000
514.8 0.0000000
518.4 0.0000000
522.0 0.0000000
525.6 0.0000000
529.2 0.0000000
532.8 0.0000000
536.4 0.0000000
540.0 0.0000000
543.6 0.0000000
547.2 0.0000000
550.8 0.0000000
554.4 0.0000000
558.0 0.0000000
561.6 0.0000000
565.2 0.0000000
568.8 0.0000000
572.4 0.0000000
576.0 0.0000000
579.6 0.0000000
583.2 0.0000000
586.8 0.0000000
590.4 0.0000000
594.0 0.0000000
597.6 0.0000000
601.2 0.0000000
604.8 0.0000000
608.4 0.0000000
612.0 0.0000000
615.6 0.0000000
619.2 0.0000000
622.8 0.0000000
626.4 0.0000000
630.0 0.0000000
633.6 0.0000000
637.2 0.0000000
640.8 0.0000000
644.4 0.0000000
648.0 0.0000000
651.6 0.0000000
655.2 0.0000000
658.8 0.10408513
662.4 9.53864157E-02
666.0 8.67673084E-02
669.6 7.78269917E-02
673.2 6.90211952E-02
676.8 6.09231107E-02
680.4 5.36931269E-02
684.0 4.71429080E-02
687.6 4.12271768E-02
691.2 3.59066091E-02
694.8 3.11444607E-02
698.4 2.68954691E-02
702.0 9.04609933E-02
705.6 8.16566274E-02
709.2 7.34898970E-02
712.8 6.59480244E-02
716.4 5.90007976E-02
720.0 5.77126667E-02
723.6 5.37756868E-02
727.2 4.76397797E-02
730.8 4.53258678E-02
734.4 4.39037606E-02
738.0 4.30709012E-02
741.6 0.52192914
745.2 0.51996672
748.8 0.43125549
752.4 0.35189545
756.0 0.32332686
759.6 0.30798739
763.2 0.30221009
766.8 0.30041847
770.4 0.28631148
774.0 0.25286135
777.6 0.24943556
781.2 0.21857443
784.8 0.19531973
788.4 0.17606875
792.0 0.16246672
795.6 0.15513164
799.2 0.13863847
802.8 0.13170879
806.4 0.12643446
810.0 0.11431924
813.6 9.45546851E-02
817.2 8.47090632E-02
820.8 7.13095516E-02
824.4 6.61973804E-02
828.0 6.00754507E-02
831.6 5.28497994E-02
835.2 4.77346890E-02
838.8 4.44932058E-02
842.4 4.16532271E-02
846.0 4.03148904E-02
849.6 3.74708474E-02
853.2 3.50991637E-02
856.8 3.33560556E-02
860.4 3.26732732E-02
864.0 3.27733047E-02
867.6 3.44497301E-02
871.2 3.74230184E-02
874.8 4.43100892E-02
878.4 6.6950665
882.0 5.4059300
885.6 5.0337791
889.2 5.0233197
892.8 4.6979036
896.4 3.7547910
900.0 3.2366347
903.6 3.0389166
907.2 2.9034908
910.8 2.7106090
914.4 2.4711816
918.0 2.3115625
921.6 2.2546732
925.2 2.2570975
928.8 2.2900457
932.4 2.3019481
936.0 2.4721498
939.6 2.5070283
943.2 2.3955700
946.8 2.1796186
950.4 2.1903694
954.0 2.1672232
957.6 2.2157960
961.2 2.2505147
964.8 2.2196929
968.4 2.1366751
972.0 2.1051569
975.6 2.1688240
979.2 2.1522024
982.8 2.1849067
986.4 2.1535425
990.0 2.2007170
993.6 2.3231897
997.2 2.4500272
1000.8 2.6262326
1004.4 2.6709821
1008.0 2.7051780
1011.6 2.4566250
1015.2 2.2906158
1018.8 2.1668453
1022.4 2.1114821
1026.0 2.0992355
1029.6 2.0017195
1033.2 1.9737506
1036.8 1.9593858
1040.4 1.9422693
1044.0 1.9745158
1047.6 1.9529969
1051.2 1.9089135
1054.8 1.9636089
1058.4 1.9271671
1062.0 1.9546829
1065.6 1.9988292
1069.2 2.0257168
1072.8 2.0723243
1076.4 2.0666187
1080.0 2.1293790
1083.6 2.1737204
1087.2 2.2237101
1090.8 2.3047700
1094.4 2.4733481
1098.0 2.6995232
1101.6 2.9588358
1105.2 3.2884085
1108.8 3.6977832
1112.4 3.9373851
1116.0 3.5690820
1119.6 3.0236387
1123.2 2.6093383
1126.8 2.3917174
1130.4 2.2808015
1134.0 2.2159321
1137.6 2.1080899
1141.2 2.0975137
1144.8 2.0314112
1148.4 2.0682528
1152.0 2.0705957
1155.6 2.0601177
1159.2 2.0793266
1162.8 2.0500696
1166.4 2.0776703
1170.0 2.1030703
1173.6 2.1030405
1177.2 2.1447189
1180.8 2.0585191
1184.4 2.0411487
1188.0 2.0113199
1191.6 2.0409083
1195.2 2.0467491
1198.8 2.0143218
1202.4 1.9093381
1206.0 1.8448117
1209.6 1.8160596
1213.2 1.7798613
1216.8 1.7800789
1220.4 1.7726120
1224.0 1.7665948
1227.6 1.7917798
1231.2 1.7835202
1234.8 1.8094693
1238.4 1.8152175
1242.0 1.8092842
1245.6 1.7859194
1249.2 1.8059366
1252.8 1.8114314
1256.4 1.8578634
1260.0 1.8254542
1263.6 1.7935954
1267.2 1.7123731
1270.8 1.7358103
1274.4 1.7415010
1278.0 1.7161844
1281.6 1.7720195
1285.2 1.7866820
1288.8 1.7376240
1292.4 1.7060001
1296.0 1.7062659
1299.6 1.7043095
1303.2 1.7015880
1306.8 1.7212886
1310.4 1.6893133
1314.0 1.6821097
1317.6 1.7017533
1321.2 1.6979834
1324.8 1.7381645
1328.4 1.7288392
1332.0 1.8386769
1335.6 1.8304656
1339.2 1.8472043
1342.8 1.8174003
1346.4 1.8195461
1350.0 1.8344594
1353.6 1.9141705
1357.2 2.0576177
1360.8 2.1875041
1364.4 2.2927592
1368.0 2.3315446
1371.6 2.4517000
1375.2 2.3425550
1378.8 2.1399062
1382.4 1.9555738
1386.0 1.8328179
1389.6 1.7746146
1393.2 1.7155190
1396.8 1.6599928
1400.4 1.6171494
1404.0 1.6038860
1407.6 1.5412173
1411.2 1.5146964
1414.8 1.5004764
1418.4 1.5127687
1422.0 1.5169008
1425.6 1.4797213
1429.2 1.4835608
1432.8 1.4891794
1436.4 1.4993882
1440.0 1.4600848
1443.6 1.4738361
1447.2 1.5060260
1450.8 1.4224545
1454.4 1.4579899
1458.0 1.4652491
1461.6 1.4529384
1465.2 1.4632800
1468.8 1.4380940
1472.4 1.4170847
1476.0 1.4544441
1479.6 1.5111969
1483.2 1.4792721
1486.8 1.5144055
1490.4 1.4996773
1494.0 1.5017247
1497.6 1.4913144
1501.2 1.5085288
1504.8 1.5022557
1508.4 1.4965492
1512.0 1.4469773
1515.6 1.4217725
1519.2 1.4384800
1522.8 1.4572073
1526.4 1.3939435
1530.0 1.4595255
1533.6 1.4071163
1537.2 1.4390478
1540.8 1.4242367
1544.4 1.4515169
1548.0 1.3813571
1551.6 1.4001619
1555.2 1.3972024
1558.8 1.4199588
1562.4 1.3481231
1566.0 1.3623412
1569.6 1.3866574
1573.2 1.3235173
1576.8 1.3465776
1580.4 1.3043783
1584.0 1.2665973
1587.6 1.2635765
1591.2 1.2605658
1594.8 1.2671435
1598.4 1.2731272
1602.0 1.2733079
1605.6 1.2538486
1609.2 1.2456616
1612.8 1.2427100
1616.4 1.2397687
1620.0 1.2535634
1623.6 1.2496444
1627.2 1.2661706
1630.8 1.2719195
1634.4 1.2695348
1638.0 1.2768812
1641.6 1.2867423
1645.2 1.3080872
1648.8 1.3354390
1652.4 1.3230889
1656.0 1.3560375
1659.6 1.3695680
1663.2 1.3790269
1666.8 1.3846228
1670.4 1.3924110
1674.0 1.4078220
1677.6 1.4128828
1681.2 1.3917481
1684.8 1.3774475
1688.4 1.3446364
1692.0 1.3392942
1695.6 1.3115060
1699.2 1.3286819
1702.8 1.3104076
1706.4 1.3000382
1710.0 1.3017181
1713.6 1.2917690
1717.2 1.2928922
1720.8 1.2938216
1724.4 1.3067335
1728.0 1.3353661
1731.6 1.3129772
1735.2 1.3581945
1738.8 1.3896749
1742.4 1.4287248
1746.0 1.4223788
1749.6 1.3799485
1753.2 1.3710020
1756.8 1.3733288
1760.4 1.3401464
1764.0 1.3132505
1767.6 1.3038954
1771.2 1.2969124
1774.8 1.3198212
1778.4 1.3447304
1782.0 1.3481079
1785.6 1.3374606
1789.2 1.3389519
1792.8 1.3286779
1796.4 1.3335470
1800.0 1.3181579
1803.6 1.3108803
1807.2 1.3106192
1810.8 1.3028191
1814.4 1.2846524
1818.0 1.2644155
1821.6 1.2745473
1825.2 1.2771086
1828.8 1.2760191
1832.4 1.2620602
1836.0 1.2506598
1839.6 1.2458007
1843.2 1.2380451
1846.8 1.2317044
1850.4 1.2196405
1854.0 1.2017176
1857.6 1.2063259
1861.2 1.2049685
1864.8 1.1902058
1868.4 1.1576812
1872.0 1.1860247
1875.6 1.1898766
1879.2 1.1812575
1882.8 1.1798353
1886.4 1.1885920
1890.0 1.1652784
1893.6 1.1643357
1897.2 1.1402935
1900.8 1.1211531
1904.4 1.0761102
1908.0 1.0699362
1911.6 1.0669383
1915.2 1.0553095
1918.8 1.0827824
1922.4 1.0973392
1926.0 1.0984908
1929.6 1.0737612
1933.2 1.0835491
1936.8 1.0871187
1940.4 1.1005628
1944.0 1.0995464
1947.6 1.1238098
1951.2 1.1552340
1954.8 1.1641592
1958.4 1.1480299
1962.0 1.1819602
1965.6 1.1964781
1969.2 1.1940960
1972.8 1.1990287
1976.4 1.2462922
1980.0 1.2755942
1983.6 1.2677268
1987.2 1.2905610
1990.8 1.2599382
1994.4 1.2901856
1998.0 1.3330799
2001.6 1.4427575
2005.2 1.5712680
2008.8 1.7715172
2012.4 1.9753619
2016.0 2.0365052
2019.6 1.9311432
2023.2 1.7088004
2026.8 1.5188169
2030.4 1.4005244
2034.0 1.3414733
2037.6 1.2947606
2041.2 1.2584023
2044.8 1.2295835
2048.4 1.2019507
2052.0 1.1923313
2055.6 1.1671184
2059.2 1.1451638
2062.8 1.1202685
2066.4 1.1057696
2070.0 1.1013592
2073.6 1.0688149
2077.2 1.0698559
2080.8 1.0422752
2084.4 1.0344965
2088.0 1.0323750
2091.6 0.98885584
2095.2 1.0027431
2098.8 1.0011537
2102.4 1.0149007
2106.0 1.0417843
2109.6 1.0505877
2113.2 1.0532275
2116.8 1.0514332
2120.4 1.0577999
2124.0 1.0424489
2127.6 1.0441114
2131.2 1.0570328
2134.8 1.0405349
2138.4 1.0431637
2142.0 1.0235617
2145.6 1.0288584
2149.2 1.0032150
2152.8 0.98552036
2156.4 0.96705377
2160.0 0.95750421
2163.6 0.93379039
2167.2 0.92360431
2170.8 0.89761335
2174.4 0.87958431
2178.0 0.87533712
2181.6 0.88293183
2185.2 0.87074023
2188.8 0.88866156
2192.4 0.89262795
2196.0 0.89476442
2199.6 0.89397579
2203.2 0.89406335
2206.8 0.91110629
2210.4 0.90099579
2214.0 0.91809875
2217.6 0.91640574
2221.2 0.91211230
2224.8 0.90151948
2228.4 0.91003120
2232.0 0.90295166
2235.6 0.92151272
2239.2 0.94418633
2242.8 0.94602585
2246.4 0.98315042
2250.0 0.99039090
2253.6 0.98926193
2257.2 0.97501004
2260.8 0.97337985
2264.4 0.93686372
2268.0 0.95695913
2271.6 0.94688082
2275.2 0.94443649
2278.8 0.95558089
2282.4 0.98009121
2286.0 0.98035538
2289.6 0.99193043
2293.2 0.99742091
2296.8 1.0044599
2300.4 0.99390548
2304.0 0.99802333
2307.6 0.98248935
2311.2 0.99288863
2314.8 0.97995031
2318.4 0.95019430
2322.0 0.94993043
2325.6 0.96093816
2329.2 0.93497622
2332.8 0.93289810
2336.4 0.93295920
2340.0 0.93176639
2343.6 0.94590968
2347.2 0.94110131
2350.8 0.92451519
2354.4 0.92207026
2358.0 0.93998408
2361.6 0.93756616
2365.2 0.93052840
2368.8 0.94692683
2372.4 0.91951412
2376.0 0.90750420
2379.6 0.89472991
2383.2 0.88549978
2386.8 0.87824219
2390.4 0.85955495
2394.0 0.85557038
2397.6 0.86507213
2401.2 0.87217170
2404.8 0.88279063
2408.4 0.90972912
2412.0 0.87819219
2415.6 0.86538744
2419.2 0.85946524
2422.8 0.85481310
2426.4 0.84430408
2430.0 0.86376238
2433.6 0.86005223
2437.2 0.86557657
2440.8 0.85693806
2444.4 0.85902691
2448.0 0.85895008
2451.6 0.87804037
2455.2 0.88262445
2458.8 0.89698613
2462.4 0.92549872
2466.0 0.96253777
2469.6 0.91652483
2473.2 0.88108760
2476.8 0.88553071
2480.4 0.87134504
2484.0 0.83898413
2487.6 0.84780961
2491.2 0.84967917
2494.8 0.82552081
2498.4 0.81938404
2502.0 0.80064791
2505.6 0.78879070
2509.2 0.80942470
2512.8 0.80660915
2516.4 0.79466641
2520.0 0.80969012
2523.6 0.78887188
2527.2 0.77567780
2530.8 0.77484602
2534.4 0.76130438
2538.0 0.74819648
2541.6 0.73329163
2545.2 0.74203223
2548.8 0.73974484
2552.4 0.71789366
2556.0 0.72373682
2559.6 0.73491669
2563.2 0.73932743
2566.8 0.72488791
2570.4 0.73767310
2574.0 0.75555205
2577.6 0.74089450
2581.2 0.75652593
2584.8 0.73437089
2588.4 0.73563433
2592.0 0.72428095
2595.6 0.73315054
2599.2 0.73699123
2602.8 0.72203791
2606.4 0.74157292
2610.0 0.72862548
2613.6 0.72170448
2617.2 0.72758079
2620.8 0.71137655
2624.4 0.71871674
2628.0 0.71254712
2631.6 0.71682566
2635.2 0.72109747
2638.8 0.71098262
2642.4 0.70444041
2646.0 0.70202416
2649.6 0.69835144
2653.2 0.69367963
2656.8 0.69370818
2660.4 0.70296353
2664.0 0.70150405
2667.6 0.70040107
2671.2 0.68656796
2674.8 0.68873894
2678.4 0.71726722
2682.0 0.80800939
2685.6 0.83890319
2689.2 0.70858711
2692.8 0.68309504
2696.4 0.68257880
2700.0 0.67409414
2703.6 0.69790977
2707.2 0.67802674
2710.8 0.66278392
2714.4 0.66701156
2718.0 0.65911275
2721.6 0.65008283
2725.2 0.64292210
2728.8 0.63464785
2732.4 0.59986365
2736.0 0.60928106
2739.6 0.59755480
2743.2 0.62333649
2746.8 0.62152809
2750.4 0.61456299
2754.0 0.60814899
2757.6 0.60336292
2761.2 0.61848938
2764.8 0.60556138
2768.4 0.61539227
2772.0 0.62445951
2775.6 0.63446611
2779.2 0.65938061
2782.8 0.70938528
2786.4 0.73862141
2790.0 0.66352618
2793.6 0.61978048
2797.2 0.64169157
2800.8 0.64653194
2804.4 0.61253089
2808.0 0.59916085
2811.6 0.59977227
2815.2 0.58897740
2818.8 0.58523685
2822.4 0.57412183
2826.0 0.55725735
2829.6 0.53860545
2833.2 0.53462279
2836.8 0.55065572
2840.4 0.56684262
2844.0 0.56823164
2847.6 0.57434058
2851.2 0.58825141
2854.8 0.58849347
2858.4 0.58462322
2862.0 0.56491971
2865.6 0.56706411
2869.2 0.56387943
2872.8 0.54026598
2876.4 0.54693943
2880.0 0.52839226
2883.6 0.52820748
2887.2 0.51885515
2890.8 0.52994418
2894.4 0.53647238
2898.0 0.52649629
2901.6 0.50976121
2905.2 0.50901783
2908.8 0.50646228
2912.4 0.50030500
2916.0 0.51532024
2919.6 0.50429803
2923.2 0.51705652
2926.8 0.52713794
2930.4 0.55905682
2934.0 0.55023450
2937.6 0.54679561
2941.2 0.57074392
2944.8 0.57852000
2948.4 0.59848219
2952.0 0.63617373
2955.6 0.61733460
2959.2 0.58627015
2962.8 0.58313376
2966.4 0.55686688
2970.0 0.54275566
2973.6 0.53691876
2977.2 0.52774829
2980.8 0.50996166
2984.4 0.49017340
2988.0 0.48430285
2991.6 0.48640248
2995.2 0.49968925
2998.8 0.49551111
3002.4 0.49212855
3006.0 0.50280029
3009.6 0.48528114
3013.2 0.47898665
3016.8 0.48763946
3020.4 0.47631460
3024.0 0.47101703
3027.6 0.47011608
3031.2 0.46921775
3034.8 0.47119695
3038.4 0.47492290
3042.0 0.47258377
3045.6 0.47065809
3049.2 0.49679390
3052.8 0.49362895
3056.4 0.50097293
3060.0 0.49187118
3063.6 0.47985479
3067.2 0.47201061
3070.8 0.49299648
3074.4 0.49252123
3078.0 0.48883510
3081.6 0.51125604
3085.2 0.49751639
3088.8 0.51343399
3092.4 0.54120058
3096.0 0.53167999
3099.6 0.54238850
3103.2 0.55215460
3106.8 0.57457262
3110.4 0.61081380
3114.0 0.61736470
3117.6 0.65133953
3121.2 0.70478600
3124.8 0.73068303
3128.4 0.73357826
3132.0 0.68191099
3135.6 0.66954225
3139.2 0.66264296
3142.8 0.63030708
3146.4 0.60161227
3150.0 0.55080765
3153.6 0.53916317
3157.2 0.51755846
3160.8 0.50696445
3164.4 0.51967067
3168.0 0.50535691
3171.6 0.49662128
3175.2 0.49698892
3178.8 0.48524061
3182.4 0.48168543
3186.0 0.47904655
3189.6 0.44935158
3193.2 0.46460199
3196.8 0.46209198
3200.4 0.47373977
3204.0 0.46334344
3207.6 0.46119174
3211.2 0.48183259
3214.8 0.48866430
3218.4 0.50696886
3222.0 0.49949104
3225.6 0.49555114
3229.2 0.47683033
3232.8 0.50294685
3236.4 0.50392854
3240.0 0.50689304
3243.6 0.50311840
3247.2 0.52191067
3250.8 0.54398835
3254.4 0.53992695
3258.0 0.51764464
3261.6 0.50526571
3265.2 0.49288544
3268.8 0.49617815
3272.4 0.53254485
3276.0 0.51792675
3279.6 0.51146239
3283.2 0.53113252
3286.8 0.52652228
3290.4 0.48746309
3294.0 0.51358891
3297.6 0.53384322
3301.2 0.51073420
3304.8 0.50084323
3308.4 0.50860125
3312.0 0.48946667
3315.6 0.47792903
3319.2 0.47934335
3322.8 0.49446440
3326.4 0.51225054
3330.0 0.51178300
3333.6 0.50140017
3337.2 0.50747621
3340.8 0.49219298
3344.4 0.50020856
3348.0 0.48492205
3351.6 0.51016891
3355.2 0.48000768
3358.8 0.49542055
3362.4 0.47462702
3366.0 0.47889876
3369.6 0.48244640
3373.2 0.49816114
3376.8 0.45419973
3380.4 0.45306495
3384.0 0.42580789
3387.6 0.42027980
3391.2 0.41425294
3394.8 0.42422733
3398.4 0.42268604
3402.0 0.42127010
3405.6 0.41356260
3409.2 0.41967782
3412.8 0.42383826
3416.4 0.41478565
3420.0 0.40072337
3423.6 0.40414271
3427.2 0.40563598
3430.8 0.40336871
3434.4 0.40949771
3438.0 0.41454339
3441.6 0.42185950
3445.2 0.42010653
3448.8 0.41664386
3452.4 0.42459288
3456.0 0.43661323
3459.6 0.43673128
3463.2 0.44057679
3466.8 0.45690131
3470.4 0.48365185
3474.0 0.48572996
3477.6 0.52187878
3481.2 0.52649653
3484.8 0.54390073
3488.4 0.58431929
3492.0 0.60814732
3495.6 0.68014383
3499.2 0.74160957
3502.8 0.71790874
3506.4 0.66940171
3510.0 0.62140661
3513.6 0.58761764
3517.2 0.55820447
3520.8 0.52116185
3524.4 0.51168019
3528.0 0.50642848
3531.6 0.48862672
3535.2 0.46121889
3538.8 0.47481170
3542.4 0.45916346
3546.0 0.45196360
3549.6 0.44417602
3553.2 0.43207130
3556.8 0.42720893
3560.4 0.43816605
3564.0 0.43810540
3567.6 0.51678210
3571.2 0.56472403
3574.8 0.47188628
3578.4 0.41895470
3582.0 0.40772414
3585.6 0.40416259
3589.2 0.39408770
3592.8 0.41957137
3596.4 0.45821738
3600.0 0.55665660
3603.6 0.78396934
3607.2 0.78188187
3610.8 0.52560019
3614.4 0.44231895
3618.0 0.41568828
3621.6 0.40413186
3625.2 0.39446479
3628.8 0.38675523
3632.4 0.38687229
3636.0 0.38400099
3639.6 0.38441068
3643.2 0.38375422
3646.8 0.37735826
3650.4 0.37303081
3654.0 0.37289375
3657.6 0.35850796
3661.2 0.35101330
3664.8 0.36631083
3668.4 0.36289167
3672.0 0.36727351
3675.6 0.35234645
3679.2 0.35510066
3682.8 0.35002375
3686.4 0.36211726
3690.0 0.35563418
3693.6 0.34635645
3697.2 0.35417712
3700.8 0.35185036
3704.4 0.36244780
3708.0 0.36420763
3711.6 0.37867603
3715.2 0.38673681
3718.8 0.38116616
3722.4 0.37002701
3726.0 0.38618010
3729.6 0.37008262
3733.2 0.36079049
3736.8 0.36139518
3740.4 0.38166440
3744.0 0.37441045
3747.6 0.35457972
3751.2 0.35911706
3754.8 0.36230588
3758.4 0.36827359
3762.0 0.36218640
3765.6 0.36550930
3769.2 0.36396062
3772.8 0.36585072
3776.4 0.35238799
3780.0 0.35824728
3783.6 0.36976153
3787.2 0.35187885
3790.8 0.36170766
3794.4 0.36305436
3798.0 0.36027935
3801.6 0.36068255
3805.2 0.36316937
3808.8 0.36068717
3812.4 0.37444010
3816.0 0.35733831
3819.6 0.34971285
3823.2 0.38229823
3826.8 0.35674766
3830.4 0.37322569
3834.0 0.36368164
3837.6 0.35274071
3841.2 0.34763637
3844.8 0.34357715
3848.4 0.35375795
3852.0 0.33515781
3855.6 0.33801240
3859.2 0.34134534
3862.8 0.33753908
3866.4 0.32158643
3870.0 0.32737526
3873.6 0.33516076
3877.2 0.33434185
3880.8 0.32406795
3884.4 0.32515186
3888.0 0.32230929
3891.6 0.31596482
3895.2 0.32216331
3898.8 0.32860437
3902.4 0.32628205
3906.0 0.31820935
3909.6 0.31347725
3913.2 0.30869573
3916.8 0.31929672
3920.4 0.30775166
3924.0 0.32843858
3927.6 0.30947456
3931.2 0.31077719
3934.8 0.30587667
3938.4 0.30541068
3942.0 0.30494577
3945.6 0.30448192
3949.2 0.31134480
3952.8 0.31259179
3956.4 0.31966960
3960.0 0.31176254
3963.6 0.31258544
3967.2 0.30172157
3970.8 0.30126518
3974.4 0.30973661
3978.0 0.31879237
3981.6 0.31329826
3985.2 0.30555072
3988.8 0.31746775
3992.4 0.32244769
3996.0 0.30617127
3999.6 0.30953681
4003.2 0.29720554
4006.8 0.29675964
4010.4 0.30263096
4014.0 0.29754746
4017.6 0.32518199
4021.2 0.31034502
4024.8 0.30179015
4028.4 0.33684230
4032.0 0.33226892
4035.6 0.31717417
4039.2 0.31129241
4042.8 0.29710773
4046.4 0.29661828
4050.0 0.29148814
4053.6 0.30094561
4057.2 0.29062355
4060.8 0.29195720
4064.4 0.28976291
4068.0 0.29204473
4071.6 0.28890613
4075.2 0.29043540
4078.8 0.28929403
4082.4 0.28762826
4086.0 0.29756784
4089.6 0.29309282
4093.2 0.28635922
4096.8 0.28593805
4100.4 0.28551790
4104.0 0.28509867
4107.6 0.28468034
4111.2 0.28426307
4114.8 0.28384662
4118.4 0.28962454
4122.0 0.28301662
4125.6 0.28342336
4129.2 0.28219035
4132.8 0.28340563
4136.4 0.28146231
4140.0 0.28095776
4143.6 0.28362858
4147.2 0.28753027
4150.8 0.28884986
4154.4 0.28610682
4158.0 0.28556898
4161.6 0.28469625
4165.2 0.28071970
4168.8 0.28298476
4172.4 0.28108606
4176.0 0.28049570
4179.6 0.28669238
4183.2 0.29920205
4186.8 0.28447503
4190.4 0.29429197
4194.0 0.28855440
4197.6 0.29742733
4201.2 0.29040894
4204.8 0.29978293
4208.4 0.29495057
4212.0 0.29624662
4215.6 0.30481407
4219.2 0.29737568
4222.8 0.30300987
4226.4 0.31295723
4230.0 0.33690342
4233.6 0.32914725
4237.2 0.32274705
4240.8 0.32445300
4244.4 0.29581055
4248.0 0.29081115
4251.6 0.30430844
4255.2 0.29888201
4258.8 0.28843722
4262.4 0.28996193
4266.0 0.29151651
4269.6 0.29185787
4273.2 0.28667900
4276.8 0.29229730
4280.4 0.29826692
4284.0 0.27987820
4287.6 0.28283066
4291.2 0.28084862
4294.8 0.28982168
4298.4 0.27338240
4302.0 0.27628073
4305.6 0.27549729
4309.2 0.27447948
4312.8 0.27642190
4316.4 0.27584326
4320.0 0.27513915
4323.6 0.27760270
4327.2 0.27308664
4330.8 0.27078432
4334.4 0.26600710
4338.0 0.26576418
4341.6 0.26140678
4345.2 0.26646030
4348.8 0.26701236
4352.4 0.27006286
4356.0 0.27222675
4359.6 0.26183236
4363.2 0.26743650
4366.8 0.27544484
4370.4 0.27221024
4374.0 0.27490139
4377.6 0.27989373
4381.2 0.27528691
4384.8 0.27730653
4388.4 0.27180389
4392.0 0.28544393
4395.6 0.26244441
4399.2 0.25370014
4402.8 0.25752872
4406.4 0.25407213
4410.0 0.25543007
4413.6 0.25577047
4417.2 0.26077935
4420.8 0.26558661
4424.4 0.25351256
4428.0 0.26062515
4431.6 0.26766014
4435.2 0.25778437
4438.8 0.25346953
4442.4 0.24955602
4446.0 0.24921545
4449.6 0.25025728
4453.2 0.26501617
4456.8 0.25248295
4460.4 0.25395826
4464.0 0.24752325
4467.6 0.24813113
4471.2 0.24790442
4474.8 0.25192243
4478.4 0.24936724
4482.0 0.25504068
4485.6 0.25588313
4489.2 0.25006229
4492.8 0.24832965
4496.4 0.24794477
4500.0 0.25508314
4503.6 0.25347775
4507.2 0.24811503
4510.8 0.24630190
4514.4 0.24439304
4518.0 0.24320242
4521.6 0.24520521
4525.2 0.24733625
4528.8 0.25549555
4532.4 0.25899515
4536.0 0.26388332
4539.6 0.27226064
4543.2 0.26136413
4546.8 0.24854583
4550.4 0.24934720
4554.0 0.24676199
4557.6 0.24290425
4561.2 0.24668339
4564.8 0.25401378
4568.4 0.25667650
4572.0 0.24867928
4575.6 0.25060791
4579.2 0.25434738
4582.8 0.25893122
4586.4 0.26284972
4590.0 0.24988919
4593.6 0.25235459
4597.2 0.25702861
4600.8 0.25778750
4604.4 0.25229782
4608.0 0.25184068
4611.6 0.25557083
4615.2 0.25532764
4618.8 0.25253603
4622.4 0.25872880
4626.0 0.25607049
4629.6 0.25967631
4633.2 0.26588193
4636.8 0.26215860
4640.4 0.26978081
4644.0 0.26544937
4647.6 0.28346580
4651.2 0.28555056
4654.8 0.29301330
4658.4 0.30124706
4662.0 0.30001190
4665.6 0.30612677
4669.2 0.32328346
4672.8 0.32506093
4676.4 0.33920529
4680.0 0.35485587
4683.6 0.37661403
4687.2 0.40180805
4690.8 0.43221074
4694.4 0.47409496
4698.0 0.52641267
4701.6 0.59044582
4705.2 0.66589314
4708.8 0.78067428
4712.4 0.91718745
4716.0 1.0891262
4719.6 1.2625006
4723.2 1.4849935
4726.8 1.5260087
4730.4 1.3049276
4734.0 1.0860394
4737.6 0.98801082
4741.2 0.93051875
4744.8 0.80576307
4748.4 0.67971587
4752.0 0.61231041
4755.6 0.55847412
4759.2 0.50925398
4762.8 0.47174463
4766.4 0.44879216
4770.0 0.42017081
4773.6 0.39117980
4777.2 0.36709103
4780.8 0.34289607
4784.4 0.32220864
4788.0 0.31565362
4791.6 0.30914858
4795.2 0.29358393
4798.8 0.29166964
4802.4 0.28617916
4806.0 0.28648415
4809.6 0.29151112
4813.2 0.29067442
4816.8 0.28460214
4820.4 0.27535349
4824.0 0.28908449
4827.6 0.29649186
4831.2 0.30250904
4834.8 0.33310983
4838.4 0.33136222
4842.0 0.30889174
4845.6 0.31197926
4849.2 0.31572413
4852.8 0.30663043
4856.4 0.28296292
4860.0 0.25992647
4863.6 0.25735602
4867.2 0.25082013
4870.8 0.24319141
4874.4 0.24165279
4878.0 0.23489912
4881.6 0.22453621
4885.2 0.22327334
4888.8 0.22435328
4892.4 0.22394368
4896.0 0.21348995
4899.6 0.21147756
4903.2 0.21121539
4906.8 0.21796255
4910.4 0.22652741
4914.0 0.21753909
4917.6 0.21435967
4921.2 0.21371624
4924.8 0.20964953
4928.4 0.20939046
4932.0 0.20913191
4935.6 0.22323397
4939.2 0.21471329
4942.8 0.21622847
4946.4 0.20810267
4950.0 0.20784660
4953.6 0.21161364
4957.2 0.21837571
4960.8 0.21665251
4964.4 0.21153475
4968.0 0.21364753
4971.6 0.21381867
4975.2 0.21220872
4978.8 0.20581634
4982.4 0.20556478
4986.0 0.20531374
4989.6 0.20696260
4993.2 0.20481309
4996.8 0.20456351
5000.4 0.20431444
5004.0 0.20912516
5007.6 0.20381773
5011.2 0.20357007
5014.8 0.20332292
5018.4 0.20610139
5022.0 0.20283005
5025.6 0.20258436
5029.2 0.20233913
5032.8 0.20209438
5036.4 0.20753177
5040.0 0.20281701
5043.6 0.21397769
5047.2 0.20264217
5050.8 0.20261811
5054.4 0.20063590
5058.0 0.20039447
5061.6 0.21467887
5065.2 0.22272767
5068.8 0.21497746
5072.4 0.23094095
5076.0 0.21351558
5079.6 0.24023099
5083.2 0.22612001
5086.8 0.20892110
5090.4 0.23249447
5094.0 0.21656400
5097.6 0.21118984
5101.2 0.21293382
5104.8 0.20618635
5108.4 0.20325533
5112.0 0.19682881
5115.6 0.19659476
5119.2 0.19939971
5122.8 0.20685680
5126.4 0.19589533
5130.0 0.19566312
5133.6 0.19543135
5137.2 0.19520003
5140.8 0.21466154
5144.4 0.19937941
5148.0 0.19450867
5151.6 0.19427915
5155.2 0.19753823
5158.8 0.19618517
5162.4 0.19359307
5166.0 0.19336537
5169.6 0.19883363
5173.2 0.20498185
5176.8 0.21631607
5180.4 0.19245854
5184.0 0.21290548
5187.6 0.19256260
5191.2 0.20161252
5194.8 0.19155872
5198.4 0.20450424
5202.0 0.19910876
5205.6 0.19868410
5209.2 0.20260948
5212.8 0.21203543
5216.4 0.20198254
5220.0 0.19000067
5223.6 0.20278178
5227.2 0.22447164
5230.8 0.18933931
5234.4 0.18911971
5238.0 0.18944348
5241.6 0.18868174
5245.2 0.18846340
5248.8 0.18824546
5252.4 0.20665440
5256.0 0.20128284
5259.6 0.18759419
5263.2 0.18737794
5266.8 0.19740504
5270.4 0.21122500
5274.0 0.18673161
5277.6 0.18827519
5281.2 0.23010398
5284.8 0.19785973
5288.4 0.19612926
5292.0 0.18566264
5295.6 0.21094698
5299.2 0.22542623
5302.8 0.21531419
5306.4 0.23679990
5310.0 0.23179935
5313.6 0.24426097
5317.2 0.21227992
5320.8 0.22023883
5324.4 0.27120689
5328.0 0.24321617
5331.6 0.23337761
5335.2 0.21121301
5338.8 0.20408095
5342.4 0.25223407
5346.0 0.24056444
5349.6 0.23269959
5353.2 0.21671504
5356.8 0.19388370
5360.4 0.21908256
5364.0 0.18148747
5367.6 0.18128285
5371.2 0.18107860
5374.8 0.18087481
5378.4 0.18067139
5382.0 0.18046831
5385.6 0.18026569
5389.2 0.18006337
5392.8 0.17986149
5396.4 0.17965995
5400.0 0.17945884
5403.6 0.17925808
5407.2 0.17905772
5410.8 0.17885773
5414.4 0.17865814
5418.0 0.17845894
5421.6 0.17826007
5425.2 0.17806162
5428.8 0.17786352
5432.4 0.17766581
5436.0 0.17746848
5439.6 0.17727150
5443.2 0.17707494
5446.8 0.17687872
5450.4 0.17668284
5454.0 0.17648736
5457.6 0.17629227
5461.2 0.17609757
5464.8 0.17590317
5468.4 0.17570917
5472.0 0.17551558
5475.6 0.17532231
5479.2 0.17512943
5482.8 0.17493689
5486.4 0.17474473
5490.0 0.17455292
5493.6 0.17436150
5497.2 0.17417046
5500.8 0.17397977
5504.4 0.17378938
5508.0 0.17359939
5511.6 0.17340977
5515.2 0.17322050
5518.8 0.17303160
5522.4 0.17284305
5526.0 0.17265487
5529.6 0.17246702
5533.2 0.17227955
5536.8 0.17209245
5540.4 0.17190570
5544.0 0.17171924
5547.6 0.17153317
5551.2 0.17134750
5554.8 0.17116211
5558.4 0.17097713
5562.0 0.17079246
5565.6 0.17060810
5569.2 0.17042419
5572.8 0.17024064
5576.4 0.17005733
5580.0 0.16987438
5583.6 0.16969186
5587.2 0.16950963
5590.8 0.16932769
5594.4 0.16914615
5598.0 0.16896509
5601.6 0.16878414
5605.2 0.16860366
5608.8 0.16842352
5612.4 0.16824372
5616.0 0.16806425
5619.6 0.16788507
5623.2 0.16770624
5626.8 0.16752787
5630.4 0.16734970
5634.0 0.16717190
5637.6 0.16699442
5641.2 0.16681729
5644.8 0.16664053
5648.4 0.16646406
5652.0 0.16628793
5655.6 0.16611221
5659.2 0.16593678
5662.8 0.16576169
5666.4 0.16558689
5670.0 0.16541246
5673.6 0.16523834
5677.2 0.16506451
5680.8 0.16489105
5684.4 0.16471797
5688.0 0.16454510
5691.6 0.16437265
5695.2 0.16420053
5698.8 0.16402869
5702.4 0.16385721
5706.0 0.16368602
5709.6 0.16351512
5713.2 0.16334467
5716.8 0.16317442
5720.4 0.16300455
5724.0 0.16283497
5727.6 0.16266575
5731.2 0.16249682
5734.8 0.16232826
5738.4 0.16216001
5742.0 0.16199207
5745.6 0.16182438
5749.2 0.16165708
5752.8 0.16149008
5756.4 0.16132338
5760.0 0.16115701
5763.6 0.16099098
5767.2 0.16082521
5770.8 0.16065982
5774.4 0.16049474
5778.0 0.16032995
5781.6 0.16016538
5785.2 0.16000126
5788.8 0.15983735
5792.4 0.15967390
5796.0 0.15951063
5799.6 0.15934768
5803.2 0.15918507
5806.8 0.15902273
5810.4 0.15886080
5814.0 0.15869910
5817.6 0.15853766
5821.2 0.15837660
5824.8 0.15821587
5828.4 0.15805541
5832.0 0.15789521
5835.6 0.15773536
5839.2 0.15757583
5842.8 0.15741655
5846.4 0.15725759
5850.0 0.15709902
5853.6 0.15694065
5857.2 0.15678255
5860.8 0.15662485
5864.4 0.15646738
5868.0 0.15631028
5871.6 0.15615344
5875.2 0.15599686
5878.8 0.15584067
5882.4 0.15568469
5886.0 0.15552907
5889.6 0.15537369
5893.2 0.15521863
5896.8 0.15506388
5900.4 0.15490940
5904.0 0.15475528
5907.6 0.15460135
5911.2 0.15444779
5914.8 0.15429451
5918.4 0.15414150
5922.0 0.15398879
5925.6 0.15383644
5929.2 0.15368430
5932.8 0.15353246
5936.4 0.15338095
5940.0 0.15322967
5943.6 0.15307875
5947.2 0.15292805
5950.8 0.15277764
5954.4 0.15262756
5958.0 0.15247777
5961.6 0.15232819
5965.2 0.15217900
5968.8 0.15203007
5972.4 0.15188137
5976.0 0.15173300
5979.6 0.15158489
5983.2 0.15143710
5986.8 0.15128954
5990.4 0.15114236
5994.0 0.15099539
5997.6 0.15084864
