300.0 0.0
405.00002 0.0000000
409.05002 0.0000000
413.1 0.0000000
417.15 0.0000000
421.2 0.0000000
425.25 0.0000000
429.3 0.0000000
433.35 0.0000000
437.4 0.0000000
441.45 0.0000000
445.5 0.0000000
449.55 0.0000000
453.6 0.0000000
457.65 0.0000000
461.7 0.0000000
465.75 0.0000000
469.8 0.0000000
473.85 0.0000000
477.9 0.0000000
481.95 0.0000000
486.0 0.0000000
490.05 0.0000000
494.1 0.0000000
498.15 0.0000000
502.2 0.0000000
506.25 0.0000000
510.3 0.0000000
514.35 0.0000000
518.4 0.0000000
522.45005 0.0000000
526.50005 0.0000000
530.55005 0.0000000
534.60005 0.0000000
538.65005 0.0000000
542.70005 0.0000000
546.75005 0.0000000
550.80005 0.0000000
554.85005 0.0000000
558.90005 0.0000000
562.95005 0.0000000
567.00005 0.0000000
571.05005 0.0000000
575.10005 0.0000000
579.15005 0.0000000
583.20005 0.0000000
587.25005 0.0000000
591.30005 0.0000000
595.35005 0.0000000
599.40005 0.0000000
603.45005 0.0000000
607.50005 0.0000000
611.55005 0.0000000
615.60005 0.0000000
619.65005 0.0000000
623.70005 0.0000000
627.75005 0.0000000
631.80005 0.0000000
635.85005 0.0000000
639.90005 0.0000000
643.95005 0.0000000
648.00005 0.0000000
652.05005 0.0000000
656.10005 0.0000000
660.15005 0.0000000
664.20005 0.0000000
668.25005 0.0000000
672.30005 0.0000000
676.35005 0.0000000
680.40005 0.0000000
684.45005 0.0000000
688.50005 0.0000000
692.55005 0.0000000
696.60005 0.0000000
700.65005 0.0000000
704.70005 0.0000000
708.75005 0.0000000
712.80005 0.0000000
716.85005 0.0000000
720.90005 0.0000000
724.95005 0.0000000
729.00005 0.0000000
733.05005 0.0000000
737.10005 0.0000000
741.15005 2.31509120E-03
745.20005 1.82259933E-03
749.25005 1.42353063E-03
753.30005 1.10298884E-03
757.35005 8.47572635E-04
761.40005 6.45688502E-04
765.45005 4.87705896E-04
769.50005 3.65047454E-04
773.55005 2.70738848E-04
777.60005 1.98821814E-04
781.65005 1.45044149E-04
785.70005 1.04965460E-04
789.75005 2.01196899E-03
793.80005 1.56304694E-03
797.85005 1.18584442E-03
801.90005 8.89349438E-04
805.95005 6.64045161E-04
810.00005 5.38677501E-04
814.05005 4.13324480E-04
818.10005 2.99427600E-04
822.15 2.31287995E-04
826.2 1.80526666E-04
830.25 1.41616867E-04
834.3 5.50921001E-02
838.35 4.95264977E-02
842.4 3.69134210E-02
846.45 2.69605815E-02
850.5 2.20777970E-02
854.55 1.86600834E-02
858.6 1.61761940E-02
862.65 1.41402660E-02
866.7 1.17926942E-02
870.75 9.07176547E-03
874.8 7.75728887E-03
878.85 5.84640261E-03
882.9 4.45849821E-03
886.95 3.43684270E-03
891.0 2.74440623E-03
895.05 2.29571783E-03
899.1 1.80311955E-03
903.15 1.49680872E-03
907.2 1.24655012E-03
911.25 9.73496295E-04
915.3 6.92445145E-04
919.35 5.31310507E-04
923.4 3.81241989E-04
927.45 3.00222193E-04
931.5 2.30103571E-04
935.55 1.70083353E-04
939.6 1.28412648E-04
943.65 9.95813025E-05
947.7 7.71486302E-05
951.75 6.14447708E-05
955.8 4.67528116E-05
959.85 3.56509699E-05
963.9 2.74159975E-05
967.95 2.16096141E-05
972.0 1.73368098E-05
976.05 1.44821042E-05
980.1 1.24257394E-05
984.15 1.15450703E-05
988.2 5.1394954
992.25 4.1532650
996.3 3.8704703
1000.35 3.8655250
1004.4 3.6179895
1008.45 2.8939524
1012.5 2.4965444
1016.55 2.3458591
1020.6 2.2430453
1024.65 2.0956428
1028.7 1.9119859
1032.75 1.7898345
1036.8 1.7470946
1040.8501 1.7502718
1044.9001 1.7771308
1048.9501 1.7876773
1053.0001 1.9212488
1057.0501 1.9497622
1061.1001 1.8644111
1065.1501 1.6975482
1069.2001 1.7071283
1073.2501 1.6902714
1077.3001 1.7293582
1081.3501 1.7576689
1085.4001 1.7347852
1089.4501 1.6710417
1093.5001 1.6475055
1097.5501 1.6984701
1101.6001 1.6865774
1105.6501 1.7133422
1109.7001 1.6898582
1113.7501 1.7280018
1117.8001 1.8253518
1121.8501 1.9262497
1125.9001 2.0661063
1129.9501 2.1026471
1134.0001 2.1309109
1138.0501 1.9363350
1142.1001 1.8066094
1146.1501 1.7100483
1150.2001 1.6673806
1154.2501 1.6587213
1158.3001 1.5826272
1162.3501 1.5614537
1166.4001 1.5510172
1170.4501 1.5383817
1174.5001 1.5648462
1178.5501 1.5486996
1182.6001 1.5146245
1186.6501 1.5589246
1190.7001 1.5308729
1194.7501 1.5536180
1198.8001 1.5896087
1202.8501 1.6119002
1206.9001 1.6499110
1210.9501 1.6462852
1215.0001 1.6972194
1219.0501 1.7335147
1223.1001 1.7743502
1227.1501 1.8400285
1231.2001 1.9756798
1235.2501 2.1575019
1239.3001 2.3660095
1243.3501 2.6309426
1247.4001 2.9600265
1251.4501 3.1534739
1255.5001 2.8599842
1259.5501 2.4241607
1263.6001 2.0930755
1267.6501 1.9194913
1271.7001 1.8314041
1275.7501 1.7802135
1279.8001 1.6944252
1283.8501 1.6867646
1287.9001 1.6344162
1291.9501 1.6648775
1296.0001 1.6675791
1300.0501 1.6599482
1304.1001 1.6762359
1308.1501 1.6534455
1312.2001 1.6765077
1316.2501 1.6978098
1320.3001 1.6985880
1324.3501 1.7330647
1328.4001 1.6641870
1332.4501 1.6509103
1336.5001 1.6275353
1340.5501 1.6522360
1344.6001 1.6577206
1348.6501 1.6321970
1352.7001 1.5478274
1356.7501 1.4961894
1360.8001 1.4735276
1364.8501 1.4447975
1368.9001 1.4456115
1372.9501 1.4401791
1377.0001 1.4359163
1381.0501 1.4570185
1385.1001 1.4509280
1389.1501 1.4726694
1393.2001 1.4779778
1397.2501 1.4737717
1401.3001 1.4553535
1405.3501 1.4722829
1409.4001 1.4773787
1413.4501 1.5158771
1417.5001 1.4900484
1421.5501 1.4646443
1425.6001 1.3988894
1429.6501 1.4186118
1433.7001 1.4238377
1437.7501 1.4037026
1441.8001 1.4499506
1445.8501 1.4625292
1449.9001 1.4229339
1453.9501 1.3975868
1458.0001 1.3983513
1462.0501 1.3972914
1466.1001 1.3956002
1470.1501 1.4123023
1474.2001 1.3865978
1478.2501 1.3812109
1482.3001 1.3978703
1486.3501 1.3952997
1490.4001 1.4288540
1494.4501 1.4217186
1498.5001 1.5126058
1502.5501 1.5064070
1506.6001 1.5207411
1510.6501 1.4967515
1514.7001 1.4990637
1518.7501 1.5118976
1522.8001 1.5781609
1526.8501 1.6970353
1530.9001 1.8048035
1534.9501 1.8923153
1539.0001 1.9250059
1543.0501 2.0249217
1547.1001 1.9354516
1551.1501 1.7686355
1555.2001 1.6168437
1559.2501 1.5158725
1563.3001 1.4682368
1567.3501 1.4198277
1571.4001 1.3743383
1575.4501 1.3393192
1579.5001 1.3287810
1583.5501 1.2775681
1587.6001 1.2562752
1591.6501 1.2451625
1595.7001 1.2560468
1599.7501 1.2601596
1603.8001 1.2299349
1607.8501 1.2337867
1611.9001 1.2391189
1615.9501 1.2482747
1620.0001 1.2161943
1624.0501 1.2282921
1628.1001 1.2557735
1632.1501 1.1867039
1636.2001 1.2169775
1640.25 1.2236643
1644.3 1.2140025
1648.35 1.2232641
1652.4 1.2028164
1656.45 1.1858399
1660.5 1.2177109
1664.55 1.2658553
1668.6 1.2397263
1672.65 1.2697947
1676.7 1.2580608
1680.75 1.2603917
1684.8 1.2522607
1688.85 1.2673260
1692.9 1.2626607
1696.95 1.2584643
1701.0 1.2173560
1705.05 1.1967157
1709.1 1.2113471
1713.15 1.2276907
1717.2 1.1749371
1721.25 1.2307845
1725.3 1.1871350
1729.35 1.2146304
1733.4 1.2026767
1737.45 1.2262684
1741.5 1.1675227
1745.55 1.1839476
1749.6 1.1819726
1753.65 1.2017574
1757.7 1.1414648
1761.75 1.1540108
1765.8 1.1751227
1769.85 1.1221033
1773.9 1.1421492
1777.95 1.1068335
1782.0 1.0752356
1786.05 1.0731293
1790.1 1.0710276
1794.15 1.0770718
1798.2 1.0826135
1802.25 1.0832207
1806.3 1.0671109
1810.35 1.0605831
1814.4 1.0585068
1818.45 1.0564357
1822.5 1.0686272
1826.55 1.0657200
1830.6 1.0802513
1834.65 1.0855936
1838.7 1.0839931
1842.75 1.0907011
1846.8 1.0995613
1850.85 1.1182432
1854.9 1.1420748
1858.95 1.1319566
1863.0 1.1605978
1867.05 1.1726335
1871.1 1.1811886
1875.15 1.1864380
1879.2 1.1935681
1883.25 1.2072383
1887.3 1.2120376
1891.35 1.1943581
1895.4 1.1825300
1899.45 1.1547936
1903.5 1.1506342
1907.55 1.1271781
1911.6 1.1423613
1915.65 1.1270636
1919.7 1.1185536
1923.75 1.1204067
1927.8 1.1122465
1931.85 1.1136150
1935.9 1.1148161
1939.95 1.1263440
1944.0 1.1514336
1948.05 1.1325296
1952.1 1.1719458
1956.15 1.1995305
1960.2 1.2336683
1964.25 1.2286165
1968.3 1.1923791
1972.35 1.1850574
1976.4 1.1874764
1980.45 1.1591808
1984.5 1.1363034
1988.55 1.1285913
1992.6 1.1229260
1996.65 1.1431456
2000.7 1.1651099
2004.75 1.1684253
2008.8 1.1595817
2012.85 1.1612579
2016.9 1.1527263
2020.95 1.1573294
2025.0 1.1443467
2029.05 1.1383981
2033.1 1.1385391
2037.15 1.1321274
2041.2 1.1166985
2045.25 1.0994582
2049.3 1.1086203
2053.35 1.1111995
2057.4 1.1106013
2061.45 1.0987965
2065.5 1.0892111
2069.55 1.0853168
2073.6 1.0788945
2077.6502 1.0736998
2081.7002 1.0635099
2085.7502 1.0482020
2089.8002 1.0525421
2093.8502 1.0516768
2097.9002 1.0391059
2101.9502 1.0110146
2106.0002 1.0360774
2110.0502 1.0397524
2114.1002 1.0325276
2118.1502 1.0315895
2122.2002 1.0395522
2126.2502 1.0194612
2130.3002 1.0189339
2134.3502 0.99818462
2138.4002 0.98171413
2142.4502 0.94254541
2146.5002 0.93740714
2150.5502 0.93504822
2154.6002 0.92512083
2158.6502 0.94947398
2162.7002 0.96251100
2166.7502 0.96379280
2170.8002 0.94235986
2174.8502 0.95121574
2178.9002 0.95461524
2182.9502 0.96668857
2187.0002 0.96606261
2191.0502 0.98765212
2195.1002 1.0155473
2199.1502 1.0236725
2203.2002 1.0097641
2207.2502 1.0398895
2211.3002 1.0529463
2215.3502 1.0511323
2219.4002 1.0557568
2223.4502 1.0976654
2227.5002 1.1237712
2231.5502 1.1171356
2235.6002 1.1375570
2239.6502 1.1108563
2243.7002 1.1378218
2247.7502 1.1759566
2251.8002 1.2730371
2255.8502 1.3867885
2259.9002 1.5639293
2263.9502 1.7443345
2268.0002 1.7987862
2272.0502 1.7061568
2276.1002 1.5101007
2280.1502 1.3425475
2284.2002 1.2382950
2288.2502 1.1863813
2292.3002 1.1453550
2296.3502 1.1134691
2300.4002 1.0882388
2304.4502 1.0640451
2308.5002 1.0557890
2312.5502 1.0337164
2316.6002 1.0145187
2320.6502 0.99270487
2324.7002 0.98009425
2328.7502 0.97642070
2332.8002 0.94779611
2336.8502 0.94894648
2340.9002 0.92470330
2344.9502 0.91802019
2349.0002 0.91635460
2353.0502 0.87793338
2357.1002 0.89047211
2361.1502 0.88926882
2365.2002 0.90169001
2369.2502 0.92578989
2373.3002 0.93382931
2377.3502 0.93639195
2381.4002 0.93501151
2385.4502 0.94088900
2389.5002 0.92744607
2393.5502 0.92913646
2397.6002 0.94084835
2401.6502 0.92637295
2405.7002 0.92892224
2409.7502 0.91167122
2413.8002 0.91659361
2417.8502 0.89394718
2421.9002 0.87837464
2425.9502 0.86210614
2430.0002 0.85378093
2434.0502 0.83281863
2438.1002 0.82391393
2442.1502 0.80090290
2446.2002 0.78498662
2450.2502 0.78136522
2454.3002 0.78831434
2458.3502 0.77759618
2462.4002 0.79377037
2466.4502 0.79748321
2470.5002 0.79956174
2474.5502 0.79902625
2478.6002 0.79927301
2482.6502 0.81468028
2486.7002 0.80580872
2490.7502 0.82127619
2494.8002 0.81993222
2498.8502 0.81626010
2502.9002 0.80694699
2506.9502 0.81473356
2511.0002 0.80856121
2515.0502 0.82535070
2519.1002 0.84583056
2523.1502 0.84765059
2527.2002 0.88109297
2531.2502 0.88776076
2535.3002 0.88692695
2539.3502 0.87432432
2543.4002 0.87303686
2547.4502 0.84045231
2551.5002 0.85864997
2555.5502 0.84977472
2559.6002 0.84774798
2563.6502 0.85791963
2567.7002 0.88009709
2571.7502 0.88050592
2575.8002 0.89107496
2579.8502 0.89618069
2583.9002 0.90267926
2587.9502 0.89336610
2592.0002 0.89723933
2596.0502 0.88344270
2600.1002 0.89296359
2604.1502 0.88149458
2608.2002 0.85488975
2612.2502 0.85481346
2616.3002 0.86488134
2620.3502 0.84167212
2624.4002 0.83995795
2628.4502 0.84016931
2632.5002 0.83925062
2636.5502 0.85214698
2640.6002 0.84797126
2644.6502 0.83317941
2648.7002 0.83112812
2652.7502 0.84742957
2656.8002 0.84540331
2660.8502 0.83920932
2664.9002 0.85415256
2668.9502 0.82957494
2673.0002 0.81888640
2677.0502 0.80750382
2681.1002 0.79931611
2685.1502 0.79290569
2689.2002 0.77617151
2693.2502 0.77270985
2697.3002 0.78142869
2701.3502 0.78798002
2705.4002 0.79771328
2709.4502 0.82219881
2713.5002 0.79383409
2717.5502 0.78239465
2721.6002 0.77717453
2725.6502 0.77310061
2729.7002 0.76372713
2733.7502 0.78146189
2737.8002 0.77823788
2741.8502 0.78336972
2745.9002 0.77568281
2749.9502 0.77770478
2754.0002 0.77776605
2758.0502 0.79518521
2762.1002 0.79947054
2766.1502 0.81261438
2770.2002 0.83858418
2774.2502 0.87228936
2778.3002 0.83072782
2782.3502 0.79873919
2786.4002 0.80289882
2790.4502 0.79016596
2794.5002 0.76094401
2798.5502 0.76907349
2802.6002 0.77089423
2806.6502 0.74909681
2810.7002 0.74364793
2814.7502 0.72676009
2818.8002 0.71611184
2822.8502 0.73496169
2826.9002 0.73252159
2830.9502 0.72179025
2835.0002 0.73555243
2839.0502 0.71675330
2843.1002 0.70487601
2847.1502 0.70423037
2851.2002 0.69203085
2855.2502 0.68022156
2859.3002 0.66677421
2863.3502 0.67482644
2867.4002 0.67284995
2871.4502 0.65307516
2875.5002 0.65849161
2879.5502 0.66876572
2883.6002 0.67288196
2887.6502 0.65984029
2891.7002 0.67157996
2895.7502 0.68796086
2899.8002 0.67471617
2903.8502 0.68905485
2907.9002 0.66897565
2911.9502 0.67022651
2916.0002 0.65998077
2920.0502 0.66816205
2924.1002 0.67176157
2928.1502 0.65822870
2932.2002 0.67613673
2936.2502 0.66442901
2940.3002 0.65821403
2944.3502 0.66367000
2948.4002 0.64898342
2952.4502 0.65577483
2956.5002 0.65023929
2960.5502 0.65423787
2964.6002 0.65823114
2968.6502 0.64909106
2972.7002 0.64321005
2976.7502 0.64109498
2980.8002 0.63783163
2984.8502 0.63365418
2988.9002 0.63376969
2992.9502 0.64231563
2997.0002 0.64107186
3001.0502 0.64015341
3005.1002 0.62759775
3009.1502 0.62966967
3013.2002 0.65584224
3017.2502 0.73891550
3021.3002 0.76727337
3025.3502 0.64817333
3029.4002 0.62494022
3033.4502 0.62455332
3037.5002 0.61687392
3041.5502 0.63875479
3045.6002 0.62064105
3049.6502 0.60677028
3053.7002 0.61072284
3057.7502 0.60357159
3061.8002 0.59538239
3065.8502 0.58890283
3069.9002 0.58140111
3073.9502 0.54960823
3078.0002 0.55831069
3082.0502 0.54763764
3086.1002 0.57134080
3090.1502 0.56975812
3094.2002 0.56344682
3098.2502 0.55763918
3102.3002 0.55332255
3106.3502 0.56726819
3110.4002 0.55548269
3114.4502 0.56457341
3118.5002 0.57296568
3122.5502 0.58222187
3126.6002 0.60516232
3130.6502 0.65113837
3134.7002 0.67806035
3138.7502 0.60919952
3142.8002 0.56910759
3146.8502 0.58930159
3150.9002 0.59382159
3154.9502 0.56266320
3159.0002 0.55045056
3163.0502 0.55108100
3167.1002 0.54122984
3171.1502 0.53785932
3175.2002 0.52770942
3179.2502 0.51227164
3183.3002 0.49518636
3187.3502 0.49158514
3191.4002 0.50638944
3195.4502 0.52133876
3199.5002 0.52267992
3203.5502 0.52836335
3207.6002 0.54122609
3211.6502 0.54151428
3215.7002 0.53801775
3219.7502 0.51994747
3223.8002 0.52198368
3227.8502 0.51911426
3231.9002 0.49743477
3235.9502 0.50363898
3240.0002 0.48661789
3244.0502 0.48650521
3248.1002 0.47794759
3252.1502 0.48821971
3256.2002 0.49429196
3260.2502 0.48515695
3264.3002 0.46979064
3268.3502 0.46916023
3272.4002 0.46685895
3276.4502 0.46123651
3280.5 0.47513402
3284.55 0.46502495
3288.6 0.47684455
3292.65 0.48619756
3296.7 0.51569635
3300.75 0.50761610
3304.8 0.50450093
3308.85 0.52665645
3312.9 0.53389221
3316.95 0.55237681
3321.0 0.58723062
3325.05 0.56990474
3329.1 0.54128754
3333.15 0.53845191
3337.2 0.51425493
3341.25 0.50127912
3345.3 0.49594310
3349.35 0.48752627
3353.4 0.47114715
3357.45 0.45291474
3361.5 0.44753936
3365.55 0.44952875
3369.6 0.46185860
3373.65 0.45804659
3377.7 0.45496902
3381.75 0.46488523
3385.8 0.44873559
3389.85 0.44296283
3393.9 0.45101318
3397.95 0.44058606
3402.0 0.43573236
3406.05 0.43494523
3410.1 0.43416023
3414.15 0.43603775
3418.2 0.43953207
3422.25 0.43741339
3426.3 0.43567681
3430.35 0.45991829
3434.4 0.45703608
3438.45 0.46388394
3442.5 0.45550346
3446.55 0.44442171
3450.6 0.43720198
3454.65 0.45668739
3458.7 0.45629418
3462.75 0.45292571
3466.8 0.47374818
3470.85 0.46106368
3474.9 0.47586355
3478.95 0.50164938
3483.0 0.49287456
3487.05 0.50285238
3491.1 0.51195824
3495.15 0.53279793
3499.2 0.56646103
3503.25 0.57259369
3507.3 0.60416508
3511.35 0.65380573
3515.4 0.67789698
3519.45 0.68065053
3523.5 0.63277376
3527.55 0.62135756
3531.6 0.61501533
3535.65 0.58506119
3539.7 0.55848092
3543.75 0.51136857
3547.8 0.50060666
3551.85 0.48059368
3555.9 0.47080201
3559.95 0.48264864
3564.0 0.46939993
3568.05 0.46133029
3572.1 0.46171618
3576.15 0.45084494
3580.2 0.44758451
3584.25 0.44517496
3588.3 0.41761938
3592.35 0.43183380
3596.4 0.42954153
3600.45 0.44041038
3604.5 0.43078607
3608.55 0.42882591
3612.6 0.44806024
3616.65 0.45445564
3620.7 0.47152281
3624.75 0.46461108
3628.8 0.46098912
3632.85 0.44361511
3636.9 0.46795565
3640.95 0.46891233
3645.0 0.47171423
3649.05 0.46824449
3653.1 0.48577869
3657.15 0.50637418
3661.2 0.50263941
3665.25 0.48193976
3669.3 0.47045735
3673.35 0.45897150
3677.4 0.46207935
3681.45 0.49599150
3685.5 0.48242012
3689.55 0.47644168
3693.6 0.49480918
3697.65 0.49055794
3701.7 0.45420715
3705.75 0.47859308
3709.8 0.49751142
3713.85 0.47601715
3717.9 0.46683964
3721.95 0.47411269
3726.0 0.45631570
3730.05 0.44559851
3734.1 0.44695616
3738.15 0.46109575
3742.2 0.47772318
3746.25 0.47732857
3750.3 0.46768516
3754.35 0.47339353
3758.4 0.45917633
3762.45 0.46669433
3766.5 0.45247078
3770.55 0.47606885
3774.6 0.44796184
3778.65 0.46238512
3782.7 0.44301578
3786.75 0.44704086
3790.8 0.45039064
3794.85 0.46510041
3798.9 0.42409226
3802.95 0.42306826
3807.0 0.39764911
3811.05 0.39251941
3815.1 0.38692290
3819.15 0.39627227
3823.2 0.39486530
3827.25 0.39357516
3831.3 0.38640630
3835.35 0.39215231
3839.4 0.39607248
3843.45 0.38764477
3847.5 0.37453330
3851.55 0.37775996
3855.6 0.37918672
3859.65 0.37709799
3863.7 0.38285887
3867.75 0.38760769
3871.8 0.39448035
3875.85 0.39287284
3879.9 0.38966593
3883.95 0.39713216
3888.0 0.40840778
3892.05 0.40855083
3896.1 0.41218108
3900.15 0.42748746
3904.2 0.45255181
3908.25 0.45453233
3912.3 0.48839793
3916.35 0.49275824
3920.4 0.50908726
3924.45 0.54696172
3928.5 0.56931084
3932.55 0.63675946
3936.6 0.69435859
3940.65 0.67222017
3944.7 0.62684882
3948.75 0.58194977
3952.8 0.55034882
3956.85 0.52284139
3960.9 0.48818311
3964.95 0.47933820
3969.0 0.47445479
3973.05 0.45781195
3977.1 0.43216556
3981.15 0.44493601
3985.2 0.43030500
3989.25 0.42358980
3993.3 0.41632256
3997.35 0.40500745
4001.4 0.40047982
4005.45 0.41078225
4009.5 0.41075617
4013.55 0.48455766
4017.6 0.52954960
4021.65 0.44252735
4025.7 0.39291814
4029.75 0.38241386
4033.8 0.37910149
4037.85 0.36967856
4041.9 0.39361283
4045.95 0.42989942
4050.0 0.52229339
4054.05 0.73562765
4058.1 0.73372251
4062.15 0.49326226
4066.2 0.41513512
4070.25 0.39016941
4074.3 0.37934992
4078.35 0.37030238
4082.4 0.36309129
4086.45 0.36322731
4090.5 0.36055738
4094.55 0.36096793
4098.6 0.36037725
4102.65 0.35439619
4106.7 0.35035700
4110.75 0.35025319
4114.8 0.33676472
4118.85 0.32974789
4122.9 0.34414297
4126.95 0.34095478
4131.0 0.34509596
4135.05 0.33109349
4139.1 0.33370495
4143.15 0.32895690
4147.2 0.34034628
4151.2504 0.33427617
4155.3004 0.32557821
4159.3504 0.33295280
4163.4004 0.33078834
4167.4504 0.34077489
4171.5004 0.34245309
4175.5504 0.35608172
4179.6004 0.36368650
4183.6504 0.35847238
4187.7004 0.34802020
4191.7504 0.36323735
4195.8004 0.34811988
4199.8504 0.33940220
4203.9004 0.33999407
4207.9504 0.35908723
4212.0004 0.35228616
4216.0504 0.33364967
4220.1004 0.33794191
4224.1504 0.34096554
4228.2004 0.34660491
4232.2504 0.34089863
4236.3004 0.34404913
4240.3504 0.34261414
4244.4004 0.34441626
4248.4504 0.33176422
4252.5004 0.33730286
4256.5504 0.34816688
4260.6004 0.33135036
4264.6504 0.34062812
4268.7004 0.34191877
4272.7504 0.33932745
4276.8004 0.33972940
4280.8504 0.34209403
4284.9004 0.33977795
4288.9504 0.35275647
4293.0004 0.33666682
4297.0504 0.32950377
4301.1004 0.36022934
4305.1504 0.33617535
4309.2004 0.35172573
4313.2504 0.34275344
4317.3004 0.33246335
4321.3504 0.32767335
4325.4004 0.32386786
4329.4504 0.33348581
4333.5004 0.31597158
4337.5504 0.31868297
4341.6004 0.32184562
4345.6504 0.31827685
4349.7004 0.30325365
4353.7504 0.30873185
4357.8004 0.31609380
4361.8504 0.31534117
4365.9004 0.30567026
4369.9504 0.30671170
4374.0004 0.30404925
4378.0504 0.29808271
4382.1004 0.30394921
4386.1504 0.31004527
4390.2004 0.30787316
4394.2504 0.30027434
4398.3004 0.29582715
4402.3504 0.29133272
4406.4004 0.30135587
4410.4504 0.29047722
4414.5004 0.31002191
4418.5504 0.29213899
4422.6004 0.29338646
4426.6504 0.28877765
4430.7004 0.28835517
4434.7504 0.28793359
4438.8004 0.28751293
4442.8504 0.29401106
4446.9004 0.29520628
4450.9504 0.30190855
4455.0004 0.29445839
4459.0504 0.29525322
4463.1004 0.28500870
4467.1504 0.28459451
4471.2004 0.29261449
4475.2504 0.30118749
4479.3004 0.29601425
4483.3504 0.28871116
4487.4004 0.29998904
4491.4504 0.30471271
4495.5004 0.28934845
4499.5504 0.29254624
4503.6004 0.28090817
4507.6504 0.28050309
4511.7004 0.28606945
4515.7504 0.28128046
4519.8004 0.30742198
4523.8504 0.29341233
4527.9004 0.28534070
4531.9504 0.31850064
4536.0004 0.31419429
4540.0504 0.29993787
4544.1004 0.29439265
4548.1504 0.28099409
4552.2004 0.28054720
4556.2504 0.27571067
4560.3004 0.28467244
4564.3504 0.27492410
4568.4004 0.27620137
4572.4504 0.27414098
4576.5004 0.27631536
4580.5504 0.27336121
4584.6004 0.27482361
4588.6504 0.27375895
4592.7004 0.27219787
4596.7504 0.28161994
4600.8004 0.27740023
4604.8504 0.27104226
4608.9004 0.27065864
4612.9504 0.27027592
4617.0004 0.26989397
4621.0504 0.26951289
4625.1004 0.26913267
4629.1504 0.26875320
4633.2004 0.27423891
4637.2504 0.26799673
4641.3004 0.26839656
4645.3504 0.26724350
4649.4004 0.26840907
4653.4504 0.26658309
4657.5004 0.26611966
4661.5504 0.26866400
4665.6004 0.27237457
4669.6504 0.27363938
4673.7004 0.27105537
4677.7504 0.27056038
4681.8004 0.26974800
4685.8504 0.26599452
4689.9004 0.26815510
4693.9504 0.26637015
4698.0004 0.26582485
4702.0504 0.27171186
4706.1004 0.28358296
4710.1504 0.26963902
4714.2004 0.27895877
4718.2504 0.27353457
4722.3004 0.28196049
4726.3504 0.27532157
4730.4004 0.28422350
4734.4504 0.27965659
4738.5004 0.28090015
4742.5504 0.28903887
4746.6004 0.28200009
4750.6504 0.28735796
4754.7004 0.29680690
4758.7504 0.31953394
4762.8004 0.31219378
4766.8504 0.30613908
4770.9004 0.30777311
4774.9504 0.28061759
4779.0004 0.27588916
4783.0504 0.28870866
4787.1004 0.28357491
4791.1504 0.27367905
4795.2004 0.27513978
4799.2504 0.27662897
4803.3004 0.27696696
4807.3504 0.27206615
4811.4004 0.27741212
4815.4504 0.28309202
4819.5004 0.26565227
4823.5504 0.26846817
4827.6004 0.26660019
4831.6504 0.27513185
4835.7004 0.25953880
4839.7504 0.26230347
4843.8004 0.26157272
4847.8504 0.26061934
4851.9004 0.26247674
4855.9504 0.26194027
4860.0004 0.26128462
4864.0504 0.26363716
4868.1004 0.25936109
4872.1504 0.25718716
4876.2004 0.25266224
4880.2504 0.25244394
4884.3004 0.24831712
4888.3504 0.25312996
4892.4004 0.25366682
4896.4504 0.25657734
4900.5004 0.25864577
4904.5504 0.24878202
4908.6004 0.25411919
4912.6504 0.26174140
4916.7004 0.25868025
4920.7504 0.26125023
4924.8004 0.26600745
4928.8504 0.26164177
4932.9004 0.26357394
4936.9504 0.25835618
4941.0004 0.27133435
4945.0504 0.24948362
4949.1004 0.24118267
4953.1504 0.24483401
4957.2004 0.24155927
4961.2504 0.24286184
4965.3004 0.24319699
4969.3504 0.24797134
4973.4004 0.25255442
4977.4504 0.24108420
4981.5004 0.24785975
4985.5504 0.25456208
4989.6004 0.24518108
4993.6504 0.24108848
4997.7004 0.23737720
5001.7504 0.23706429
5005.8004 0.23806639
5009.8504 0.25211802
5013.9004 0.24020594
5017.9504 0.24162066
5022.0004 0.23550919
5026.0504 0.23609842
5030.1004 0.23589358
5034.1504 0.23972788
5038.2004 0.23730731
5042.2504 0.24271749
5046.3004 0.24353033
5050.3504 0.23800138
5054.4004 0.23636307
5058.4504 0.23600747
5062.5004 0.24281317
5066.5504 0.24129595
5070.6004 0.23620164
5074.6504 0.23448615
5078.7004 0.23267937
5082.7504 0.23155622
5086.8004 0.23347360
5090.8504 0.23551324
5094.9004 0.24329340
5098.9504 0.24663688
5103.0004 0.25130302
5107.0504 0.25929251
5111.1004 0.24892609
5115.1504 0.23672830
5119.2004 0.23750210
5123.2504 0.23505010
5127.3004 0.23138566
5131.3504 0.23499598
5135.4004 0.24198970
5139.4504 0.24453713
5143.5004 0.23692854
5147.5504 0.23877648
5151.6004 0.24235000
5155.6504 0.24672838
5159.7004 0.25047314
5163.7504 0.23813324
5167.8004 0.24049310
5171.8504 0.24495803
5175.9004 0.24569191
5179.9504 0.24047020
5184.0004 0.24004483
5188.0504 0.24361078
5192.1004 0.24338943
5196.1504 0.24073869
5200.2004 0.24665274
5204.2504 0.24412894
5208.3004 0.24757719
5212.3504 0.25350446
5216.4004 0.24996510
5220.4504 0.25724372
5224.5004 0.25312430
5228.5504 0.27031568
5232.6004 0.27231520
5236.6504 0.27944386
5240.7004 0.28730842
5244.7504 0.28614244
5248.8004 0.29198688
5252.8504 0.30836403
5256.9004 0.31007245
5260.9504 0.32357815
5265.0004 0.33852184
5269.0504 0.35929343
5273.1004 0.38334471
5277.1504 0.41236749
5281.2004 0.45234749
5285.2504 0.50228608
5289.3004 0.56340778
5293.3504 0.63542634
5297.4004 0.74498653
5301.4504 0.87529510
5305.5004 1.0394233
5309.5504 1.2049350
5313.6004 1.4173410
5317.6504 1.4565471
5321.7004 1.2455801
5325.7504 1.0366890
5329.8004 0.94315326
5333.8504 0.88830745
5337.9004 0.76924223
5341.9504 0.64893436
5346.0004 0.58460498
5350.0504 0.53322613
5354.1004 0.48625073
5358.1504 0.45045385
5362.2004 0.42855442
5366.2504 0.40123978
5370.3004 0.37356991
5374.3504 0.35057956
5378.4004 0.32748595
5382.4504 0.30774045
5386.5004 0.30149174
5390.5504 0.29529029
5394.6004 0.28043446
5398.6504 0.27861691
5402.7004 0.27338293
5406.7504 0.27368507
5410.8004 0.27849838
5414.8504 0.27770996
5418.9004 0.27191913
5422.9504 0.26309296
5427.0004 0.27622339
5431.0504 0.28331226
5435.1004 0.28907323
5439.1504 0.31832725
5443.2004 0.31666952
5447.2504 0.29520684
5451.3004 0.29816911
5455.3504 0.30175987
5459.4004 0.29307967
5463.4504 0.27046853
5467.5004 0.24845883
5471.5504 0.24601121
5475.6004 0.23977265
5479.6504 0.23248883
5483.7004 0.23102675
5487.7504 0.22457863
5491.8004 0.21467920
5495.8504 0.21347989
5499.9004 0.21452060
5503.9504 0.21413708
5508.0004 0.20414886
5512.0504 0.20223215
5516.1004 0.20198908
5520.1504 0.20844938
5524.2004 0.21664853
5528.2504 0.20806003
5532.3004 0.20502685
5536.3504 0.20441909
5540.4004 0.20053679
5544.4504 0.20029645
5548.5004 0.20005657
5552.5504 0.21355462
5556.6004 0.20541102
5560.6504 0.20686823
5564.7004 0.19910157
5568.7504 0.19886392
5572.8004 0.20247565
5576.8504 0.20895341
5580.9004 0.20731218
5584.9504 0.20242250
5589.0004 0.20445177
5593.0504 0.20462303
5597.1004 0.20308976
5601.1504 0.19697927
5605.2004 0.19674569
5609.2504 0.19651257
5613.3004 0.19809796
5617.3504 0.19604763
5621.4004 0.19581582
5625.4504 0.19558448
5629.5004 0.20019686
5633.5504 0.19512306
5637.6004 0.19489300
5641.6504 0.19466339
5645.7004 0.19733061
5649.7504 0.19420543
5653.8004 0.19397715
5657.8504 0.19374925
5661.9004 0.19352178
5665.9504 0.19873562
5670.0004 0.19422761
5674.0504 0.20492290
5678.1004 0.19407395
5682.1504 0.19405776
5686.2004 0.19216609
5690.2504 0.19194165
5694.3004 0.20563075
5698.3504 0.21334784
5702.4004 0.20593125
5706.4504 0.22123075
5710.5004 0.20454521
5714.5504 0.23014632
5718.6004 0.21663527
5722.6504 0.20016474
5726.7004 0.22275786
5730.7504 0.20750175
5734.8004 0.20235948
5738.8504 0.20403764
5742.9004 0.19757891
5746.9504 0.19477698
5751.0004 0.18862502
5755.0504 0.18840723
5759.1004 0.19110192
5763.1504 0.19825551
5767.2004 0.18775629
5771.2504 0.18754014
5775.3004 0.18732439
5779.3504 0.18710904
5783.4004 0.20577091
5787.4504 0.19112822
5791.5004 0.18646540
5795.5504 0.18625169
5799.6004 0.18938252
5803.6504 0.18809167
5807.7004 0.18561280
5811.7504 0.18540071
5815.8004 0.19065017
5819.8504 0.19655196
5823.9004 0.20742704
5827.9504 0.18455605
5832.0004 0.20417027
5836.0504 0.18466820
5840.1004 0.19335355
5844.1504 0.18371773
5848.2004 0.19613987
5852.2504 0.19097143
5856.3004 0.19057044
5860.3504 0.19434197
5864.4004 0.20339002
5868.4504 0.19375342
5872.5004 0.18226573
5876.5504 0.19453292
5880.6004 0.21534754
5884.6504 0.18164921
5888.7004 0.18144450
5892.7504 0.18176106
5896.8004 0.18103613
5900.8504 0.18083256
5904.9004 0.18062930
5908.9504 0.19829991
5913.0004 0.19315179
5917.0504 0.18002196
5921.1004 0.17982025
5925.1504 0.18944906
5929.2004 0.20271859
5933.2504 0.17921737
5937.3004 0.18070464
5941.3504 0.22085860
5945.4004 0.18991603
5949.4504 0.18826106
5953.5004 0.17822003
5957.5504 0.20249729
5961.6004 0.21640347
5965.6504 0.20670274
5969.7004 0.22733639
5973.7504 0.22254275
5977.8004 0.23451419
5981.8504 0.20381576
5985.9004 0.21146402
5989.9504 0.26040959
5994.0004 0.23354064
5998.0504 0.22410053
