300.0 0.0
380.0 0.0000000
383.8 0.0000000
387.6 0.0000000
391.4 0.0000000
395.2 0.0000000
399.0 0.0000000
402.8 0.0000000
406.6 0.0000000
410.4 0.0000000
414.2 0.0000000
418.0 0.0000000
421.8 0.0000000
425.6 0.0000000
429.4 0.0000000
433.2 0.0000000
437.0 0.0000000
440.8 0.0000000
444.6 0.0000000
448.4 0.0000000
452.2 0.0000000
456.0 0.0000000
459.8 0.0000000
463.6 0.0000000
467.4 0.0000000
471.2 0.0000000
475.0 0.0000000
478.8 0.0000000
482.6 0.0000000
486.4 0.0000000
490.2 0.0000000
494.0 0.0000000
497.8 0.0000000
501.6 0.0000000
505.4 0.0000000
509.2 0.0000000
513.0 0.0000000
516.8 0.0000000
520.6 0.0000000
524.4 0.0000000
528.2 0.0000000
532.0 0.0000000
535.8 0.0000000
539.6 0.0000000
543.4 0.0000000
547.2 0.0000000
551.0 0.0000000
554.8 0.0000000
558.6 0.0000000
562.4 0.0000000
566.2 0.0000000
570.0 0.0000000
573.8 0.0000000
577.6 0.0000000
581.4 0.0000000
585.2 0.0000000
589.0 0.0000000
592.8 0.0000000
596.6 0.0000000
600.4 0.0000000
604.2 0.0000000
608.0 0.0000000
611.8 0.0000000
615.6 0.0000000
619.4 0.0000000
623.2 0.0000000
627.0 0.0000000
630.8 0.0000000
634.6 0.0000000
638.4 0.0000000
642.2 0.0000000
646.0 0.0000000
649.8 0.0000000
653.6 0.0000000
657.4 0.0000000
661.2 0.0000000
665.0 0.0000000
668.8 0.0000000
672.6 0.0000000
676.4 0.0000000
680.2 0.0000000
684.0 0.0000000
687.8 0.0000000
691.6 0.0000000
695.4 1.32849421E-02
699.2 1.14105279E-02
703.0 9.75132734E-03
706.8 8.29027221E-03
710.6 7.00997515E-03
714.4 5.89576969E-03
718.2 4.93066898E-03
722.0 4.09997627E-03
725.8 3.38962930E-03
729.6 2.78499839E-03
733.4 2.27424270E-03
737.2 1.84534746E-03
741.0 1.15108537E-02
744.8 9.98445600E-03
748.6 8.62395018E-03
752.4 7.41632795E-03
756.2 6.34982111E-03
760.0 5.93569316E-03
763.8 5.27786184E-03
767.6 4.45541041E-03
771.4 4.03328426E-03
775.2 3.71070462E-03
779.0 3.45148239E-03
782.8 0.14660862
786.6 0.14527914
790.4 0.11812703
794.2 9.24476311E-02
798.0 8.03145468E-02
801.8 7.20533505E-02
805.6 6.67290390E-02
809.4 6.24662600E-02
813.2 5.59026860E-02
817.0 4.62284721E-02
820.8 4.25955951E-02
824.6 3.46739404E-02
828.4 2.86173522E-02
832.2 2.39363927E-02
836.0 2.07915921E-02
839.8 1.89580061E-02
843.6 1.62743889E-02
847.4 1.48070082E-02
851.2 1.35468608E-02
855.0 1.16547737E-02
858.8 9.15975682E-03
862.6 7.78526347E-03
866.4 6.20681513E-03
870.2 5.44895791E-03
874.0 4.66879364E-03
877.8 3.86983296E-03
881.6 3.28769162E-03
885.4 2.87754717E-03
889.2 2.52458570E-03
893.0 2.28576618E-03
896.8 1.98376155E-03
900.6 1.73147558E-03
904.4 1.53006311E-03
908.2 1.39080512E-03
912.0 1.29177491E-03
915.8 1.25446334E-03
919.6 1.25624437E-03
923.4 1.36804231E-03
927.2 3.4567573
931.0 2.7968452
934.8 2.6095653
938.6 2.6093650
942.4 2.4451869
946.2 1.9581673
950.0 1.6912496
953.8 1.5910240
957.6 1.5230510
961.4 1.4245996
965.2 1.3012319
969.0 1.2194772
972.8 1.1916964
976.6 1.1951938
980.4 1.2148767
984.2 1.2234311
988.0 1.3162756
991.8 1.3372581
995.6 1.2800912
999.4 1.1667681
1003.2 1.1745981
1007.0 1.1642216
1010.8 1.1923884
1014.6 1.2131650
1018.4 1.1986017
1022.2 1.1557409
1026.0 1.1406188
1029.8 1.1770862
1033.6 1.1700140
1037.4 1.1897643
1041.2 1.1746148
1045.0 1.2023036
1048.8 1.2712749
1052.6 1.3428426
1056.4 1.4417231
1060.2 1.4686199
1064.0 1.4897709
1067.8 1.3550111
1071.6 1.2654128
1075.4 1.1988893
1079.2 1.1700534
1083.0 1.1650424
1086.8 1.1126070
1090.6 1.0987134
1094.4 1.0923493
1098.2 1.0844163
1102.0 1.1040487
1105.8 1.0936183
1109.6 1.0704910
1113.4 1.1027579
1117.2 1.0838490
1121.0 1.1008955
1124.8 1.1273582
1128.6 1.1441351
1132.4 1.1721002
1136.2 1.1705019
1140.0 1.2077179
1143.8 1.2345630
1147.6 1.2646810
1151.4 1.3125626
1155.2 1.4104686
1159.0 1.5415139
1162.8 1.6918421
1166.6 1.8827808
1170.4 2.1199560
1174.2 2.2602751
1178.0 2.0515130
1181.8 1.7402383
1185.6 1.5037193
1189.4 1.3800679
1193.2 1.3177381
1197.0 1.2818743
1200.8 1.2210187
1204.6 1.2164074
1208.4 1.1795324
1212.2 1.2024035
1216.0 1.2052387
1219.8 1.2005997
1223.6 1.2132599
1227.4 1.1976275
1231.2 1.2152033
1235.0 1.2315214
1238.8 1.2329590
1242.6 1.2588714
1246.4 1.2096868
1250.2 1.2008718
1254.0 1.1846890
1257.8 1.2034967
1261.6 1.2083184
1265.4 1.1905242
1269.2 1.1297492
1273.0 1.0927939
1276.8 1.0769624
1280.6 1.0566671
1284.4 1.0579621
1288.2 1.0546799
1292.0 1.0522461
1295.8 1.0684048
1299.6 1.0646269
1303.4 1.0812752
1307.2 1.0858670
1311.0 1.0834663
1314.8 1.0706031
1318.6 1.0837384
1322.4 1.0881703
1326.2 1.1172218
1330.0 1.0988655
1333.8 1.0807959
1337.6 1.0329059
1341.4 1.0481066
1345.2 1.0526052
1349.0 1.0383451
1352.8 1.0731992
1356.6 1.0831546
1360.4 1.0544554
1364.2 1.0362831
1368.0 1.0374584
1371.8 1.0372772
1375.6 1.0366234
1379.4 1.0496354
1383.2 1.0311238
1387.0 1.0277051
1390.8 1.0406924
1394.6 1.0393664
1398.4 1.0649600
1402.2 1.0602350
1406.0 1.1286422
1409.8 1.1246396
1413.6 1.1359671
1417.4 1.1186607
1421.2 1.1210002
1425.0 1.1312113
1428.8 1.1814278
1432.6 1.2711016
1436.4 1.3525442
1440.2 1.4188811
1444.0 1.4441575
1447.8 1.5199158
1451.6 1.4535205
1455.4 1.3289349
1459.2 1.2155107
1463.0 1.1401913
1466.8 1.1049286
1470.6 1.0690449
1474.4 1.0353205
1478.2 1.0094507
1482.0 1.0020128
1485.8 0.96419364
1489.6 0.94890684
1493.4 0.94128543
1497.2 0.95028907
1501.0 0.95417494
1504.8 0.93204170
1508.6 0.93571192
1512.4 0.94050694
1516.2 0.94820940
1520.0 0.92457098
1523.8 0.93450230
1527.6 0.95615798
1531.4 0.90427047
1535.2 0.92805672
1539.0 0.93387437
1542.8 0.92721021
1546.6 0.93499535
1550.4 0.92006278
1554.2 0.90776074
1558.0 0.93285686
1561.8 0.97046226
1565.6 0.95113558
1569.4 0.97492319
1573.2 0.96662372
1577.0 0.96912175
1580.8 0.96356940
1584.6 0.97586650
1588.4 0.97297317
1592.2 0.97043347
1596.0 0.93940198
1599.8 0.92412835
1603.6 0.93608576
1607.4 0.94938058
1611.2 0.90921956
1615.0 0.95309788
1618.8 0.91993093
1622.6 0.94188398
1626.4 0.93325210
1630.2 0.95220584
1634.0 0.90720284
1637.8 0.92058492
1641.6 0.91966474
1645.4 0.93568224
1649.2 0.88932794
1653.0 0.89969617
1656.8 0.91675729
1660.6 0.87596679
1664.4 0.89219540
1668.2 0.86516786
1672.0 0.84101033
1675.8 0.83990061
1679.6 0.83879012
1683.4 0.84405899
1687.2 0.84893769
1691.0 0.84994775
1694.8 0.83783072
1698.6 0.83322382
1702.4 0.83210778
1706.2 0.83099163
1710.0 0.84109706
1713.8 0.83932096
1717.6 0.85128248
1721.4 0.85600960
1725.2 0.85526210
1729.0 0.86107045
1732.8 0.86858273
1736.6 0.88386452
1740.4 0.90323430
1744.2 0.89575827
1748.0 0.91896063
1751.8 0.92903137
1755.6 0.93635154
1759.4 0.94105560
1763.2 0.94725484
1767.0 0.95865148
1770.8 0.96301031
1774.6 0.94950104
1778.4 0.94062793
1782.2 0.91908079
1786.0 0.91628206
1789.8 0.89810252
1793.6 0.91070390
1797.4 0.89900362
1801.2 0.89270490
1805.0 0.89467210
1808.8 0.88863879
1812.6 0.89021391
1816.4 0.89165401
1820.2 0.90135735
1824.0 0.92192745
1827.8 0.90727335
1831.6 0.93934679
1835.4 0.96196312
1839.2 0.98985863
1843.0 0.98632008
1846.8 0.95772648
1850.6 0.95233840
1854.4 0.95477390
1858.2 0.93250126
1862.0 0.91456461
1865.8 0.90881932
1869.6 0.90471512
1873.4 0.92146987
1877.2 0.93964630
1881.0 0.94279104
1884.8 0.93612063
1888.6 0.93793815
1892.4 0.93150657
1896.2 0.93568563
1900.0 0.92564160
1903.8 0.92127836
1907.6 0.92183912
1911.4 0.91709030
1915.2 0.90502673
1919.0 0.89148080
1922.8 0.89933842
1926.6 0.90185851
1930.4 0.90179908
1934.2 0.89263320
1938.0 0.88526112
1941.8 0.88250750
1945.6 0.87769306
1949.4 0.87387133
1953.2 0.86597675
1957.0 0.85390353
1960.8 0.85783118
1964.6 0.85751569
1968.4 0.84764969
1972.2 0.82510644
1976.0 0.84594071
1979.8 0.84932113
1983.6 0.84379542
1987.4 0.84340310
1991.2 0.85028899
1995.0 0.83422297
1998.8 0.83415699
2002.6 0.81752717
2006.4 0.80438751
2010.2 0.77262825
2014.0 0.76874775
2017.8 0.76714265
2021.6 0.75932246
2025.4 0.77964330
2029.2 0.79068387
2033.0 0.79207164
2036.8 0.77478343
2040.6 0.78239238
2044.4 0.78551668
2048.2 0.79578227
2052.0 0.79559630
2055.8 0.81371218
2059.6 0.83703828
2063.4 0.84408075
2067.2 0.83295202
2071.0 0.85815090
2074.8 0.86927736
2078.6 0.86812931
2082.4 0.87229902
2086.2 0.90728778
2090.0 0.92923576
2093.8 0.92411560
2097.6 0.94138038
2101.4 0.91964602
2105.2 0.94233948
2109.0 0.97430289
2112.8 1.0551463
2116.6 1.1498740
2120.4 1.2972533
2124.2 1.4474529
2128.0 1.4932086
2131.8 1.4168559
2135.6 1.2545205
2139.4 1.1157478
2143.2 1.0294950
2147.0 0.98670578
2150.8 0.95294118
2154.6 0.92675751
2158.4 0.90609473
2162.2 0.88627815
2166.0 0.87972593
2169.8 0.86165047
2173.6 0.84595793
2177.4 0.82807040
2181.2 0.81784809
2185.0 0.81507766
2188.8 0.79146832
2192.6 0.79271358
2196.4 0.77273822
2200.2 0.76742691
2204.0 0.76630676
2207.8 0.73443669
2211.6 0.74518871
2215.4 0.74444318
2219.2 0.75510573
2223.0 0.77555823
2226.8 0.78256476
2230.6 0.78498405
2234.4 0.78409714
2238.2 0.78929716
2242.0 0.77828658
2245.8 0.77997118
2249.6 0.79007137
2253.4 0.77817923
2257.2 0.78058404
2261.0 0.76634556
2264.8 0.77074134
2268.6 0.75194937
2272.4 0.73909628
2276.2 0.72564799
2280.0 0.71887785
2283.8 0.70145857
2287.6 0.69418585
2291.4 0.67501855
2295.2 0.66181928
2299.0 0.65897983
2302.8 0.66505533
2306.6 0.65622449
2310.4 0.67008919
2314.2 0.67343873
2318.0 0.67540914
2321.8 0.67517126
2325.6 0.67559355
2329.4 0.68883383
2333.2 0.68154693
2337.0 0.69484669
2340.8 0.69392610
2344.6 0.69103324
2348.4 0.68336052
2352.2 0.69016778
2356.0 0.68514979
2359.8 0.69959122
2363.6 0.71716964
2367.4 0.71893173
2371.2 0.74752265
2375.0 0.75340736
2378.8 0.75292665
2382.6 0.74245107
2386.4 0.74157995
2390.2 0.71411479
2394.0 0.72979379
2397.8 0.72246456
2401.6 0.72095430
2405.4 0.72981942
2409.2 0.74890488
2413.0 0.74947190
2416.8 0.75868905
2420.6 0.76325786
2424.4 0.76901501
2428.2 0.76130044
2432.0 0.76482081
2435.8 0.75327617
2439.6 0.76161152
2443.4 0.75204366
2447.2 0.72955263
2451.0 0.72969371
2454.8 0.73849612
2458.6 0.71888024
2462.4 0.71761680
2466.2 0.71799773
2470.0 0.71741199
2473.8 0.72863811
2477.6 0.72526777
2481.4 0.71281242
2485.2 0.71125257
2489.0 0.72540122
2492.8 0.72386390
2496.6 0.71875560
2500.4 0.73175216
2504.2 0.71088839
2508.0 0.70191777
2511.8 0.69234657
2515.6 0.68550980
2519.4 0.68019331
2523.2 0.66601473
2527.0 0.66321981
2530.8 0.67088014
2534.6 0.67668259
2538.4 0.68522078
2542.2 0.70643783
2546.0 0.68224436
2549.8 0.67258751
2553.6 0.66827303
2557.4 0.66494143
2561.2 0.65704823
2565.0 0.67247796
2568.8 0.66987479
2572.6 0.67446387
2576.4 0.66801506
2580.2 0.66992593
2584.0 0.67014772
2587.8 0.68532896
2591.6 0.68919510
2595.4 0.70070100
2599.2 0.72327429
2603.0 0.75253165
2606.8 0.71685350
2610.6 0.68942004
2614.4 0.69318068
2618.2 0.68235523
2622.0 0.65728110
2625.8 0.66446507
2629.6 0.66619992
2633.4 0.64751947
2637.2 0.64296466
2641.0 0.62851459
2644.8 0.61945450
2648.6 0.63591206
2652.4 0.63395196
2656.2 0.62481326
2660.0 0.63687742
2663.8 0.62074679
2667.6 0.61060411
2671.4 0.61018819
2675.2 0.59975809
2679.0 0.58966106
2682.8 0.57813853
2686.6 0.58525616
2690.4 0.58367693
2694.2 0.56665367
2698.0 0.57148474
2701.8 0.58053434
2705.6 0.58424097
2709.4 0.57304782
2713.2 0.58337575
2717.0 0.59774059
2720.8 0.58636522
2724.6 0.59896117
2728.4 0.58163780
2732.2 0.58285564
2736.0 0.57407367
2739.8 0.58131927
2743.6 0.58458054
2747.4 0.57293063
2751.2 0.58864778
2755.0 0.57858205
2758.8 0.57329583
2762.6 0.57817411
2766.4 0.56550276
2770.2 0.57154471
2774.0 0.56684273
2777.8 0.57045174
2781.6 0.57405722
2785.4 0.56620741
2789.2 0.56119740
2793.0 0.55947137
2796.8 0.55674207
2800.6 0.55321294
2804.4 0.55343091
2808.2 0.56101179
2812.0 0.56004328
2815.8 0.55935818
2819.6 0.54850191
2823.4 0.55042738
2827.2 0.57342547
2831.0 0.64619327
2834.8 0.67113125
2838.6 0.56707180
2842.4 0.54685795
2846.2 0.54663140
2850.0 0.54002041
2853.8 0.55928928
2857.6 0.54353940
2861.4 0.53149939
2865.2 0.53506970
2869.0 0.52891088
2872.8 0.52183950
2876.6 0.51626360
2880.4 0.50978893
2884.2 0.48200807
2888.0 0.48973742
2891.8 0.48047033
2895.6 0.50136536
2899.4 0.50007504
2903.2 0.49463266
2907.0 0.48963019
2910.8 0.48593479
2914.6 0.49827906
2918.4 0.48802170
2922.2 0.49610433
2926.0 0.50357610
2929.8 0.51180983
2933.6 0.53207809
2937.4 0.57261139
2941.2 0.59640038
2945.0 0.53593463
2948.8 0.50075936
2952.6 0.51862633
2956.4 0.52270299
2960.2 0.49536946
2964.0 0.48470852
2967.8 0.48535439
2971.6 0.47676727
2975.4 0.47388640
2979.2 0.46503007
2983.0 0.45150965
2986.8 0.43653145
2990.6 0.43343666
2994.4 0.44657186
2998.2 0.45983955
3002.0 0.46110669
3005.8 0.46620557
3009.6 0.47764185
3013.4 0.47798273
3017.2 0.47498235
3021.0 0.45911187
3024.8 0.46099281
3028.6 0.45854089
3032.4 0.43946958
3036.2 0.44503015
3040.0 0.43006635
3043.8 0.43004304
3047.6 0.42255333
3051.4 0.43171102
3055.2 0.43715736
3059.0 0.42915359
3062.8 0.41563371
3066.6 0.41514844
3070.4 0.41318405
3074.2 0.40827882
3078.0 0.42065358
3081.8 0.41177472
3085.6 0.42231351
3089.4 0.43067086
3093.2 0.45687896
3097.0 0.44979730
3100.8 0.44711310
3104.6 0.46682775
3108.4 0.47332165
3112.2 0.48979199
3116.0 0.52078456
3119.8 0.50550425
3123.6 0.48020136
3127.4 0.47776574
3131.2 0.45637202
3135.0 0.44493070
3138.8 0.44026765
3142.6 0.43286735
3146.4 0.41839367
3150.2 0.40226898
3154.0 0.39755991
3157.8 0.39939258
3161.6 0.41041440
3165.4 0.40709335
3169.2 0.40442386
3173.0 0.41330543
3176.8 0.39901224
3180.6 0.39394265
3184.4 0.40116665
3188.2 0.39195490
3192.0 0.38769895
3195.8 0.38706037
3199.6 0.38642341
3203.4 0.38815621
3207.2 0.39132869
3211.0 0.38950408
3214.8 0.38801879
3218.6 0.40967295
3222.4 0.40716949
3226.2 0.41333488
3230.0 0.40593097
3233.8 0.39611697
3237.6 0.38974246
3241.4 0.40717569
3245.2 0.40688807
3249.0 0.40394646
3252.8 0.42258224
3256.6 0.41133076
3260.4 0.42459923
3264.2 0.44767541
3268.0 0.43991169
3271.8 0.44888538
3275.6 0.45708326
3279.4 0.47576109
3283.2 0.50589675
3287.0 0.51145059
3290.8 0.53973162
3294.6 0.58416551
3298.4 0.60578108
3302.2 0.60833222
3306.0 0.56562626
3309.8 0.55550379
3313.6 0.54991502
3317.4 0.52320856
3321.2 0.49951181
3325.0 0.45744106
3328.8 0.44787964
3332.6 0.43003729
3336.4 0.42133698
3340.2 0.43200165
3344.0 0.42020407
3347.8 0.41303989
3351.6 0.41344497
3355.4 0.40376833
3359.2 0.40090588
3363.0 0.39880466
3366.8 0.37417272
3370.6 0.38696352
3374.4 0.38496405
3378.2 0.39476094
3382.0 0.38618881
3385.8 0.38448578
3389.6 0.40178782
3393.4 0.40757993
3397.2 0.42294592
3401.0 0.41680443
3404.8 0.41361284
3408.6 0.39807969
3412.4 0.41998005
3416.2 0.42089686
3420.0 0.42347026
3423.8 0.42041329
3427.6 0.43621626
3431.4 0.45477277
3435.2 0.45148033
3439.0 0.43294656
3442.8 0.42268893
3446.6 0.41242531
3450.4 0.41527417
3454.2 0.44581154
3458.0 0.43367162
3461.8 0.42835489
3465.6 0.44492829
3469.4 0.44116464
3473.2 0.40852845
3477.0 0.43051931
3480.8 0.44759682
3484.6 0.42831582
3488.4 0.42011356
3492.2 0.42671493
3496.0 0.41075119
3499.8 0.40115684
3503.6 0.40243185
3507.4 0.41521716
3511.2 0.43024626
3515.0 0.42994678
3518.8 0.42131534
3522.6 0.42651299
3526.4 0.41375718
3530.2 0.42058575
3534.0 0.40781996
3537.8 0.42914438
3541.6 0.40385944
3545.4 0.41691595
3549.2 0.39950225
3553.0 0.40318328
3556.8 0.40625593
3560.6 0.41957739
3564.4 0.38263133
3568.2 0.38175553
3572.0 0.35886368
3575.8 0.35427877
3579.6 0.34927118
3583.4 0.35775539
3587.2 0.35652962
3591.0 0.35540888
3594.8 0.34897846
3598.6 0.35421175
3602.4 0.35779676
3606.2 0.35022664
3610.0 0.33842236
3613.8 0.34137979
3617.6 0.34271103
3621.4 0.34086481
3625.2 0.34611431
3629.0 0.35044995
3632.8 0.35670698
3636.6 0.35529637
3640.4 0.35243875
3644.2 0.35923490
3648.0 0.36947891
3651.8 0.36965266
3655.6 0.37298185
3659.4 0.38687876
3663.2 0.40961087
3667.0 0.41145235
3670.8 0.44216064
3674.6 0.44616097
3678.4 0.46100020
3682.2 0.49535540
3686.0 0.51565653
3689.8 0.57681602
3693.6 0.62906647
3697.4 0.60908085
3701.2 0.56803727
3705.0 0.52741194
3708.8 0.49883029
3712.6 0.47395271
3716.4 0.44258627
3720.2 0.43461755
3724.0 0.43023917
3727.8 0.41519493
3731.6 0.39198077
3735.4 0.40360981
3739.2 0.39038223
3743.0 0.38433373
3746.8 0.37778288
3750.6 0.36755678
3754.4 0.36348888
3758.2 0.37288174
3762.0 0.37289998
3765.8 0.43994910
3769.6 0.48085290
3773.4 0.40187797
3777.2 0.35686553
3781.0 0.34736371
3784.8 0.34439310
3788.6 0.33587012
3792.4 0.35765502
3796.2 0.39066982
3800.0 0.47468480
3803.8 0.66864645
3807.6 0.66698778
3811.4 0.44844732
3815.2 0.37745953
3819.0 0.35479823
3822.8 0.34499705
3826.6 0.33680531
3830.4 0.33028227
3834.2 0.33044165
3838.0 0.32804805
3841.8 0.32845685
3845.6 0.32795456
3849.4 0.32254615
3853.2 0.31890401
3857.0 0.31884348
3860.8 0.30659723
3864.6 0.30024084
3868.4 0.31338096
3872.2 0.31051058
3876.0 0.31431511
3879.8 0.30159333
3883.6 0.30400401
3887.4 0.29970998
3891.2 0.31011915
3895.0 0.30462000
3898.8 0.29672456
3902.6 0.30347711
3906.4 0.30153552
3910.2 0.31067109
3914.0 0.31223330
3917.8 0.32469273
3921.6 0.33166116
3925.4 0.32693976
3929.2 0.31743947
3933.0 0.33135337
3936.8 0.31759524
3940.6 0.30967352
3944.4 0.31024504
3948.2 0.32770076
3952.0 0.32152668
3955.8 0.30454814
3959.6 0.30849707
3963.4 0.31128851
3967.2 0.31646881
3971.0 0.31128985
3974.8 0.31419805
3978.6 0.31291878
3982.4 0.31459597
3986.2 0.30306947
3990.0 0.30815962
3993.8 0.31811643
3997.6 0.30278122
4001.4 0.31128970
4005.2 0.31249988
4009.0 0.31016192
4012.8 0.31055972
4016.6 0.31275186
4020.4 0.31066471
4024.2 0.32256258
4028.0 0.30788001
4031.8 0.30135864
4035.6 0.32949156
4039.4 0.30751970
4043.2 0.32177556
4047.0 0.31359738
4050.8 0.30421183
4054.6 0.29985756
4058.4 0.29640341
4062.2 0.30523482
4066.0 0.28923184
4069.8 0.29174146
4073.6 0.29466465
4077.4 0.29142484
4081.2 0.27769530
4085.0 0.28273845
4088.8 0.28950775
4092.6 0.28884554
4096.4 0.28001338
4100.2 0.28099370
4104.0 0.27858043
4107.8 0.27313912
4111.6 0.27854055
4115.4 0.28415334
4119.2 0.28218871
4123.0 0.27524927
4126.8 0.27119768
4130.6 0.26710203
4134.4 0.27631688
4138.2 0.26636651
4142.0 0.28431490
4145.8 0.26793930
4149.6 0.26910791
4153.4 0.26490459
4157.2 0.26454100
4161.0 0.26417816
4164.8 0.26381603
4168.6 0.26980290
4172.4 0.27092412
4176.2 0.27709994
4180.0 0.27028623
4183.8 0.27104008
4187.6 0.26165906
4191.4 0.26130205
4195.2 0.26868957
4199.0 0.27658615
4202.8 0.27185959
4206.6 0.26517582
4210.4 0.27555871
4214.2 0.27992234
4218.0 0.26583144
4221.8 0.26879287
4225.6 0.25812238
4229.4 0.25777268
4233.2 0.26291090
4237.0 0.25853211
4240.8 0.28258404
4244.6 0.26972964
4248.4 0.26233220
4252.2 0.29284358
4256.0 0.28890911
4259.8 0.27582371
4263.6 0.27074754
4267.4 0.25844729
4271.2 0.25805831
4275.0 0.25363120
4278.8 0.26189759
4282.6 0.25295070
4286.4 0.25414744
4290.2 0.25227296
4294.0 0.25429541
4297.8 0.25159791
4301.6 0.25296521
4305.4 0.25200641
4309.2 0.25059041
4313.0 0.25928625
4316.8 0.25542256
4320.6 0.24958916
4324.4 0.24925667
4328.2 0.24892493
4332.0 0.24859379
4335.8 0.24826333
4339.6 0.24793358
4343.4 0.24760444
4347.2 0.25267926
4351.0 0.24694817
4354.8 0.24733688
4358.6 0.24629450
4362.4 0.24738890
4366.2 0.24572597
4370.0 0.24531877
4373.8 0.24768437
4377.6 0.25112557
4381.4 0.25231215
4385.2 0.24994977
4389.0 0.24951345
4392.8 0.24878432
4396.6 0.24534227
4400.4 0.24735492
4404.2 0.24572811
4408.0 0.24524470
4411.8 0.25069594
4415.6 0.26166970
4419.4 0.24882302
4423.2 0.25744373
4427.0 0.25245786
4430.8 0.26025513
4434.6 0.25414735
4438.4 0.26238534
4442.2 0.25818962
4446.0 0.25935805
4449.8 0.26689357
4453.6 0.26041445
4457.4 0.26538292
4461.2 0.27413061
4465.0 0.29514423
4468.8 0.28838673
4472.6 0.28281569
4476.4 0.28434721
4480.2 0.25927863
4484.0 0.25492939
4487.8 0.26679552
4491.6 0.26207152
4495.4 0.25294545
4499.2 0.25431499
4503.0 0.25571099
4506.8 0.25604296
4510.6 0.25153151
4514.4 0.25649348
4518.2 0.26176494
4522.0 0.24565761
4525.8 0.24828036
4529.6 0.24657144
4533.4 0.25448126
4537.2 0.24007663
4541.0 0.24265219
4544.8 0.24199431
4548.6 0.24113029
4552.4 0.24286692
4556.2 0.24238861
4560.0 0.24179983
4563.8 0.24399504
4567.6 0.24005535
4571.4 0.23806083
4575.2 0.23388968
4579.0 0.23370484
4582.8 0.22990124
4586.6 0.23437436
4590.4 0.23488864
4594.2 0.23760112
4598.0 0.23953404
4601.8 0.23041593
4605.6 0.23537621
4609.4 0.24245384
4613.2 0.23963563
4617.0 0.24203393
4620.8 0.24645905
4624.6 0.24243167
4628.4 0.24423958
4632.2 0.23942177
4636.0 0.25146681
4639.8 0.23123258
4643.6 0.22355488
4647.4 0.22695553
4651.2 0.22393589
4655.0 0.22515944
4658.8 0.22548619
4662.6 0.22992913
4666.4 0.23419529
4670.2 0.22357468
4674.0 0.22987434
4677.8 0.23610696
4681.6 0.22742203
4685.4 0.22364154
4689.2 0.22021425
4693.0 0.21993932
4696.8 0.22088446
4700.6 0.23393823
4704.4 0.22290061
4708.2 0.22422896
4712.0 0.21857253
4715.8 0.21913454
4719.6 0.21895953
4723.4 0.22253394
4727.2 0.22030210
4731.0 0.22534005
4734.8 0.22611023
4738.6 0.22099189
4742.4 0.21948566
4746.2 0.21917039
4750.0 0.22550593
4753.8 0.22411209
4757.6 0.21939546
4761.4 0.21781678
4765.2 0.21615304
4769.0 0.21512419
4772.8 0.21692014
4776.6 0.21882989
4780.4 0.22607410
4784.2 0.22919631
4788.0 0.23354812
4791.8 0.24098924
4795.6 0.23137002
4799.4 0.22004713
4803.2 0.22078109
4807.0 0.21851625
4810.8 0.21512382
4814.6 0.21849483
4818.4 0.22501233
4822.2 0.22739601
4826.0 0.22033525
4829.8 0.22206837
4833.6 0.22540663
4837.4 0.22949393
4841.2 0.23299234
4845.0 0.22152810
4848.8 0.22373798
4852.6 0.22790666
4856.4 0.22860430
4860.2 0.22376025
4864.0 0.22337890
4867.8 0.22671190
4871.6 0.22652052
4875.4 0.22406794
4879.2 0.22958720
4883.0 0.22725259
4886.8 0.23047721
4890.6 0.23601021
4894.4 0.23272996
4898.2 0.23952197
4902.0 0.23570134
4905.8 0.25172538
4909.6 0.25360349
4913.4 0.26025879
4917.2 0.26760033
4921.0 0.26653114
4924.8 0.27199215
4928.6 0.28726590
4932.4 0.28887558
4936.2 0.30147690
4940.0 0.31541961
4943.8 0.33479461
4947.6 0.35722816
4951.4 0.38429767
4955.2 0.42158240
4959.0 0.46815366
4962.8 0.52515435
4966.6 0.59231979
4970.4 0.69449043
4974.2 0.81601691
4978.0 0.96908939
4981.8 1.1234705
4985.6 1.3215970
4989.4 1.3582379
4993.2 1.1615810
4997.0 0.96683615
5000.8 0.87965655
5004.6 0.82855350
5008.4 0.71754110
5012.2 0.60535592
5016.0 0.54537952
5019.8 0.49747810
5023.6 0.45367941
5027.4 0.42030564
5031.2 0.39989600
5035.0 0.37443045
5038.8 0.34863031
5042.6 0.32719436
5046.4 0.30565944
5050.2 0.28724712
5054.0 0.28143129
5057.8 0.27565888
5061.6 0.26180622
5065.4 0.26012483
5069.2 0.25525334
5073.0 0.25555056
5076.8 0.26006028
5080.6 0.25933933
5084.4 0.25394654
5088.2 0.24571815
5092.0 0.25799656
5095.8 0.26463315
5099.6 0.27003008
5103.4 0.29737431
5107.2 0.29584292
5111.0 0.27580783
5114.8 0.27859160
5118.6 0.28196296
5122.4 0.27386805
5126.2 0.25275370
5130.0 0.23219897
5133.8 0.22992480
5137.6 0.22410703
5141.4 0.21731161
5145.2 0.21595734
5149.0 0.20994183
5152.8 0.20069906
5156.6 0.19958925
5160.4 0.20057367
5164.2 0.20022649
5168.0 0.19089794
5171.8 0.18911637
5175.6 0.18889976
5179.4 0.19495243
5183.2 0.20263214
5187.0 0.19461024
5190.8 0.19178392
5194.6 0.19122615
5198.4 0.18760495
5202.2 0.18739058
5206.0 0.18717663
5209.8 0.19981681
5213.6 0.19220780
5217.4 0.19358210
5221.2 0.18632461
5225.0 0.18611255
5228.8 0.18950318
5232.6 0.19557671
5236.4 0.19405127
5240.2 0.18948482
5244.0 0.19139491
5247.8 0.19156577
5251.6 0.19014075
5255.4 0.18442999
5259.2 0.18422136
5263.0 0.18401311
5266.8 0.18550777
5270.6 0.18359776
5274.4 0.18339065
5278.2 0.18318392
5282.0 0.18751404
5285.8 0.18277155
5289.6 0.18256591
5293.4 0.18236068
5297.2 0.18486927
5301.0 0.18195124
5304.8 0.18174711
5308.6 0.18154331
5312.4 0.18133989
5316.2 0.18623546
5320.0 0.18202071
5323.8 0.19205406
5327.6 0.18189608
5331.4 0.18189056
5335.2 0.18012705
5339.0 0.17992619
5342.8 0.19276857
5346.6 0.20001350
5350.4 0.19307062
5354.2 0.20742558
5358.0 0.19179134
5361.8 0.21580747
5365.6 0.20314884
5369.4 0.18771349
5373.2 0.20891212
5377.0 0.19461443
5380.8 0.18980141
5384.6 0.19138537
5388.4 0.18533675
5392.2 0.18271790
5396.0 0.17695600
5399.8 0.17676081
5403.6 0.17929818
5407.4 0.18601950
5411.2 0.17617732
5415.0 0.17598356
5418.8 0.17579012
5422.6 0.17559703
5426.4 0.19312057
5430.2 0.17938726
5434.0 0.17501979
5437.8 0.17482808
5441.6 0.17777593
5445.4 0.17657316
5449.2 0.17425491
5453.0 0.17406464
5456.8 0.17900215
5460.6 0.18455267
5464.4 0.19477364
5468.2 0.17330655
5472.0 0.19173482
5475.8 0.17342927
5479.6 0.18159512
5483.4 0.17255391
5487.2 0.18423040
5491.0 0.17938472
5494.8 0.17901698
5498.6 0.18256892
5502.4 0.19107834
5506.2 0.18203409
5510.0 0.17124970
5513.8 0.18278450
5517.6 0.20235206
5521.4 0.17069572
5525.2 0.17051172
5529.0 0.17081760
5532.8 0.17014466
5536.6 0.16996166
5540.4 0.16977894
5544.2 0.18639717
5548.0 0.18156691
5551.8 0.16923282
5555.6 0.16905142
5559.4 0.17811224
5563.2 0.19059694
5567.0 0.16850916
5570.8 0.16991577
5574.6 0.20768239
5578.4 0.17859441
5582.2 0.17704661
5586.0 0.16761178
5589.8 0.19045311
5593.6 0.20354193
5597.4 0.19442704
5601.2 0.21384551
5605.0 0.20934632
5608.8 0.22061838
5612.6 0.19174805
5616.4 0.19895291
5620.2 0.24501429
5624.0 0.21974422
5627.8 0.21087174
5631.6 0.19085963
5635.4 0.18442935
5639.2 0.22796354
5643.0 0.21743380
5646.8 0.21034163
5650.6 0.19590817
5654.4 0.17528255
5658.2 0.19807927
5662.0 0.16410115
5665.8 0.16392888
5669.6 0.16375688
5673.4 0.16358526
5677.2 0.16341391
5681.0 0.16324283
5684.8 0.16307212
5688.6 0.16290164
5692.4 0.16273151
5696.2 0.16256166
5700.0 0.16239214
5703.8 0.16222289
5707.6 0.16205396
5711.4 0.16188532
5715.2 0.16171701
5719.0 0.16154899
5722.8 0.16138123
5726.6 0.16121380
5730.4 0.16104664
5734.2 0.16087982
5738.0 0.16071327
5741.8 0.16054700
5745.6 0.16038108
5749.4 0.16021541
5753.2 0.16005002
5757.0 0.15988493
5760.8 0.15972017
5764.6 0.15955570
5768.4 0.15939146
5772.2 0.15922756
5776.0 0.15906399
5779.8 0.15890066
5783.6 0.15873763
5787.4 0.15857488
5791.2 0.15841243
5795.0 0.15825026
5798.8 0.15808840
5802.6 0.15792684
5806.4 0.15776557
5810.2 0.15760450
5814.0 0.15744379
5817.8 0.15728335
5821.6 0.15712319
5825.4 0.15696333
5829.2 0.15680374
5833.0 0.15664446
5836.8 0.15648542
5840.6 0.15632670
5844.4 0.15616827
5848.2 0.15601012
5852.0 0.15585220
5855.8 0.15569459
5859.6 0.15553729
5863.4 0.15538022
5867.2 0.15522347
5871.0 0.15506697
5874.8 0.15491071
5878.6 0.15475483
5882.4 0.15459928
5886.2 0.15444383
5890.0 0.15428869
5893.8 0.15413392
5897.6 0.15397938
5901.4 0.15382503
5905.2 0.15367100
5909.0 0.15351745
5912.8 0.15336387
5916.6 0.15321073
5920.4 0.15305790
5924.2 0.15290527
5928.0 0.15275294
5931.8 0.15260082
5935.6 0.15244894
5939.4 0.15229753
5943.2 0.15214621
5947.0 0.15199520
5950.8 0.15184438
5954.6 0.15169394
5958.4 0.15154375
5962.2 0.15139380
5966.0 0.15124413
5969.8 0.15109481
5973.6 0.15094574
5977.4 0.15079689
5981.2 0.15064827
5985.0 0.15049995
5988.8 0.15035194
5992.6 0.15020406
5996.4 0.15005653
