300.0 0.0
400.0 0.0000000
404.0 0.0000000
408.0 0.0000000
412.0 0.0000000
416.0 0.0000000
420.0 0.0000000
424.0 0.0000000
428.0 0.0000000
432.0 0.0000000
436.0 0.0000000
440.0 0.0000000
444.0 0.0000000
448.0 0.0000000
452.0 0.0000000
456.0 0.0000000
460.0 0.0000000
464.0 0.0000000
468.0 0.0000000
472.0 0.0000000
476.0 0.0000000
480.0 0.0000000
484.0 0.0000000
488.0 0.0000000
492.0 0.0000000
496.0 0.0000000
500.0 0.0000000
504.0 0.0000000
508.0 0.0000000
512.0 0.0000000
516.0 0.0000000
520.0 0.0000000
524.0 0.0000000
528.0 0.0000000
532.0 0.0000000
536.0 0.0000000
540.0 0.0000000
544.0 0.0000000
548.0 0.0000000
552.0 0.0000000
556.0 0.0000000
560.0 0.0000000
564.0 0.0000000
568.0 0.0000000
572.0 0.0000000
576.0 0.0000000
580.0 0.0000000
584.0 0.0000000
588.0 0.0000000
592.0 0.0000000
596.0 0.0000000
600.0 0.0000000
604.0 0.0000000
608.0 0.0000000
612.0 0.0000000
616.0 0.0000000
620.0 0.0000000
624.0 0.0000000
628.0 0.0000000
632.0 0.0000000
636.0 0.0000000
640.0 0.0000000
644.0 0.0000000
648.0 0.0000000
652.0 0.0000000
656.0 0.0000000
660.0 0.0000000
664.0 0.0000000
668.0 0.0000000
672.0 0.0000000
676.0 0.0000000
680.0 0.0000000
684.0 0.0000000
688.0 0.0000000
692.0 0.0000000
696.0 0.0000000
700.0 0.0000000
704.0 0.0000000
708.0 0.0000000
712.0 0.0000000
716.0 0.0000000
720.0 0.0000000
724.0 0.0000000
728.0 0.0000000
732.0 1.70180248E-03
736.0 1.37132104E-03
740.0 1.09682512E-03
744.0 8.70870659E-04
748.0 6.86224492E-04
752.0 5.36478939E-04
756.0 4.16091032E-04
760.0 3.20002728E-04
764.0 2.44063602E-04
768.0 1.84529825E-04
772.0 1.38272968E-04
776.0 1.02652113E-04
780.0 1.52666727E-03
784.0 1.25777198E-03
788.0 1.02347403E-03
792.0 8.10914673E-04
796.0 6.24793698E-04
800.0 5.19235793E-04
804.0 4.10000823E-04
808.0 3.06606584E-04
812.0 2.44687020E-04
816.0 1.97491972E-04
820.0 1.60377152E-04
824.0 3.68798524E-02
828.0 3.36772799E-02
832.0 2.55132355E-02
836.0 1.89468358E-02
840.0 1.57809332E-02
844.0 1.35743488E-02
848.0 1.19800670E-02
852.0 1.06650405E-02
856.0 9.06294584E-03
860.0 7.10622314E-03
864.0 6.19652634E-03
868.0 4.76603443E-03
872.0 3.71094979E-03
876.0 2.92193098E-03
880.0 2.38476507E-03
884.0 2.03983230E-03
888.0 1.63911330E-03
892.0 1.39322458E-03
896.0 1.18872570E-03
900.0 9.51580703E-04
904.0 6.94282237E-04
908.0 5.46722673E-04
912.0 4.02869860E-04
916.0 3.26088542E-04
920.0 2.57058389E-04
924.0 1.95555636E-04
928.0 1.52071763E-04
932.0 1.21546043E-04
936.0 9.71273912E-05
940.0 7.98670444E-05
944.0 6.27933696E-05
948.0 4.95151544E-05
952.0 3.94100643E-05
956.0 3.21760854E-05
960.0 2.67624491E-05
964.0 2.31996728E-05
968.0 2.06758923E-05
972.0 1.99738388E-05
976.0 2.6535940
980.0 2.1487586
984.0 2.0064936
988.0 2.0079484
992.0 1.8831085
996.0 1.5092299
1000.0 1.3045278
1004.0 1.2281741
1008.0 1.1766088
1012.0 1.1013954
1016.0 1.0067803
1020.0 0.94423676
1024.0 0.92341822
1028.0 0.92681599
1032.0 0.94277346
1036.0 0.95010829
1040.0 1.0229529
1044.0 1.0400103
1048.0 0.99626231
1052.0 0.90871167
1056.0 0.91545743
1060.0 0.90800548
1064.0 0.93062121
1068.0 0.94749093
1072.0 0.93675876
1076.0 0.90387690
1080.0 0.89265352
1084.0 0.92181110
1088.0 0.91688389
1092.0 0.93297946
1096.0 0.92170572
1100.0 0.94404840
1104.0 0.99885255
1108.0 1.0557638
1112.0 1.1342303
1116.0 1.1561252
1120.0 1.1735158
1124.0 1.0680325
1128.0 0.99803144
1132.0 0.94614917
1136.0 0.92395961
1140.0 0.92056412
1144.0 0.87966484
1148.0 0.86920327
1152.0 0.86468565
1156.0 0.85891616
1160.0 0.87498224
1164.0 0.86722428
1168.0 0.84937954
1172.0 0.87548816
1176.0 0.86097103
1180.0 0.87501210
1184.0 0.89655393
1188.0 0.91040957
1192.0 0.93318468
1196.0 0.93243140
1200.0 0.96261054
1204.0 0.98454851
1208.0 1.0091183
1212.0 1.0478930
1216.0 1.1266648
1220.0 1.2320026
1224.0 1.3528681
1228.0 1.5063481
1232.0 1.6969967
1236.0 1.8102670
1240.0 1.6439227
1244.0 1.3952121
1248.0 1.2062056
1252.0 1.1075842
1256.0 1.0580977
1260.0 1.0298194
1264.0 0.98142165
1268.0 0.97820240
1272.0 0.94901854
1276.0 0.96789658
1280.0 0.97065365
1284.0 0.96738809
1288.0 0.97806185
1292.0 0.96592414
1296.0 0.98056817
1300.0 0.99420804
1304.0 0.99583894
1308.0 1.0172455
1312.0 0.97795784
1316.0 0.97128236
1320.0 0.95863581
1324.0 0.97430170
1328.0 0.97865176
1332.0 0.96467716
1336.0 0.91584456
1340.0 0.88628381
1344.0 0.87383348
1348.0 0.85774666
1352.0 0.85917646
1356.0 0.85688680
1360.0 0.85528243
1364.0 0.86879289
1368.0 0.86609447
1372.0 0.88001543
1376.0 0.88412946
1380.0 0.88254905
1384.0 0.87243909
1388.0 0.88351369
1392.0 0.88749695
1396.0 0.91156918
1400.0 0.89696193
1404.0 0.88257444
1408.0 0.84381217
1412.0 0.85657769
1416.0 0.86060184
1420.0 0.84928399
1424.0 0.87814254
1428.0 0.88664085
1432.0 0.86348969
1436.0 0.84894240
1440.0 0.85023755
1444.0 0.85041994
1448.0 0.85021269
1452.0 0.86121672
1456.0 0.84635210
1460.0 0.84386736
1464.0 0.85485554
1468.0 0.85408813
1472.0 0.87544775
1476.0 0.87188911
1480.0 0.92848855
1484.0 0.92553777
1488.0 0.93520337
1492.0 0.92129254
1496.0 0.92355496
1500.0 0.93230504
1504.0 0.97404253
1508.0 1.0483506
1512.0 1.1159186
1516.0 1.1710653
1520.0 1.1923475
1524.0 1.2553372
1528.0 1.2009192
1532.0 1.0983666
1536.0 1.0049689
1540.0 0.94302040
1544.0 0.91416860
1548.0 0.88478166
1552.0 0.85716069
1556.0 0.83602470
1560.0 0.83014369
1564.0 0.79925334
1568.0 0.78701460
1572.0 0.78112090
1576.0 0.78902185
1580.0 0.79267716
1584.0 0.77470708
1588.0 0.77817434
1592.0 0.78257871
1596.0 0.78940588
1600.0 0.77013195
1604.0 0.77881235
1608.0 0.79727572
1612.0 0.75440121
1616.0 0.77464479
1620.0 0.77990061
1624.0 0.77473050
1628.0 0.78163183
1632.0 0.76953709
1636.0 0.75962925
1640.0 0.78102010
1644.0 0.81290859
1648.0 0.79711366
1652.0 0.81745094
1656.0 0.81088877
1660.0 0.81338006
1664.0 0.80911183
1668.0 0.81983244
1672.0 0.81779355
1676.0 0.81604797
1680.0 0.79032797
1684.0 0.77784526
1688.0 0.78827971
1692.0 0.79984891
1696.0 0.76636952
1700.0 0.80372572
1704.0 0.77611363
1708.0 0.79499853
1712.0 0.78807163
1716.0 0.80444127
1720.0 0.76676756
1724.0 0.77842736
1728.0 0.77799642
1732.0 0.79189837
1736.0 0.75299996
1740.0 0.76211393
1744.0 0.77690595
1748.0 0.74266142
1752.0 0.75674838
1756.0 0.73414034
1760.0 0.71394783
1764.0 0.71331030
1768.0 0.71267003
1772.0 0.71744996
1776.0 0.72190070
1780.0 0.72306240
1784.0 0.71305126
1788.0 0.70942467
1792.0 0.70876706
1796.0 0.70810729
1800.0 0.71701133
1804.0 0.71578848
1808.0 0.72628361
1812.0 0.73061109
1816.0 0.73026597
1820.0 0.73551917
1824.0 0.74223101
1828.0 0.75558847
1832.0 0.77245110
1836.0 0.76635784
1840.0 0.78651500
1844.0 0.79544312
1848.0 0.80202043
1852.0 0.80635977
1856.0 0.81198233
1860.0 0.82206476
1864.0 0.82611573
1868.0 0.81483442
1872.0 0.80752319
1876.0 0.78932017
1880.0 0.78720975
1884.0 0.77187717
1888.0 0.78299630
1892.0 0.77322066
1896.0 0.76808387
1900.0 0.77005672
1904.0 0.76514089
1908.0 0.76677358
1912.0 0.76828998
1916.0 0.77692848
1920.0 0.79494178
1924.0 0.78258336
1928.0 0.81053454
1932.0 0.83034110
1936.0 0.85471833
1940.0 0.85195941
1944.0 0.82754755
1948.0 0.82317585
1952.0 0.82556438
1956.0 0.80658168
1960.0 0.79133636
1964.0 0.78663170
1968.0 0.78334367
1972.0 0.79811877
1976.0 0.81413436
1980.0 0.81713116
1984.0 0.81161880
1988.0 0.81346315
1992.0 0.80815077
1996.0 0.81204218
2000.0 0.80358720
2004.0 0.80005896
2008.0 0.80080462
2012.0 0.79693580
2016.0 0.78670466
2020.0 0.77517706
2024.0 0.78225803
2028.0 0.78469813
2032.0 0.78489363
2036.0 0.77715969
2040.0 0.77098203
2044.0 0.76882291
2048.0 0.76486558
2052.0 0.76177001
2056.0 0.75512010
2060.0 0.74482012
2064.0 0.74847400
2068.0 0.74842560
2072.0 0.74003834
2076.0 0.72057366
2080.0 0.73898977
2084.0 0.74216408
2088.0 0.73755473
2092.0 0.73742986
2096.0 0.74366975
2100.0 0.72983229
2104.0 0.72998786
2108.0 0.71564311
2112.0 0.70434499
2116.0 0.67673111
2120.0 0.67352581
2124.0 0.67231196
2128.0 0.66564834
2132.0 0.68365645
2136.0 0.69353390
2140.0 0.69494700
2144.0 0.67996937
2148.0 0.68683916
2152.0 0.68977392
2156.0 0.69898206
2160.0 0.69901168
2164.0 0.71512514
2168.0 0.73582667
2172.0 0.74221998
2176.0 0.73263341
2180.0 0.75500184
2184.0 0.76499712
2188.0 0.76419210
2192.0 0.76806813
2196.0 0.79908901
2200.0 0.81863683
2204.0 0.81434143
2208.0 0.82977402
2212.0 0.81082904
2216.0 0.83105439
2220.0 0.85946679
2224.0 0.93102324
2228.0 1.0148696
2232.0 1.1452401
2236.0 1.2781670
2240.0 1.3189082
2244.0 1.2517862
2248.0 1.1086446
2252.0 0.98625743
2256.0 0.91024375
2260.0 0.87262952
2264.0 0.84297895
2268.0 0.82002062
2272.0 0.80193627
2276.0 0.78459120
2280.0 0.77898222
2284.0 0.76316363
2288.0 0.74944758
2292.0 0.73377925
2296.0 0.72489631
2300.0 0.72261500
2304.0 0.70185262
2308.0 0.70312524
2312.0 0.68557096
2316.0 0.68102062
2320.0 0.68018770
2324.0 0.65205312
2328.0 0.66175461
2332.0 0.66124719
2336.0 0.67087477
2340.0 0.68920606
2344.0 0.69559354
2348.0 0.69790494
2352.0 0.69727671
2356.0 0.70206189
2360.0 0.69242615
2364.0 0.69408286
2368.0 0.70323008
2372.0 0.69280154
2376.0 0.69509882
2380.0 0.68257266
2384.0 0.68664122
2388.0 0.67004889
2392.0 0.65874177
2396.0 0.64689857
2400.0 0.64100420
2404.0 0.62560910
2408.0 0.61925811
2412.0 0.60229087
2416.0 0.59064192
2420.0 0.58823496
2424.0 0.59378606
2428.0 0.58602744
2432.0 0.59853715
2436.0 0.60165727
2440.0 0.60354578
2444.0 0.60346115
2448.0 0.60396582
2452.0 0.61593181
2456.0 0.60954386
2460.0 0.62156826
2464.0 0.62087387
2468.0 0.61841381
2472.0 0.61167377
2476.0 0.61789405
2480.0 0.61352730
2484.0 0.62658727
2488.0 0.64246225
2492.0 0.64417148
2496.0 0.66992491
2500.0 0.67533487
2504.0 0.67503965
2508.0 0.66578096
2512.0 0.66513252
2516.0 0.64062613
2520.0 0.65482152
2524.0 0.64837319
2528.0 0.64714521
2532.0 0.65523130
2536.0 0.67249769
2540.0 0.67313796
2544.0 0.68154860
2548.0 0.68578565
2552.0 0.69109172
2556.0 0.68429047
2560.0 0.68758649
2564.0 0.67733705
2568.0 0.68496239
2572.0 0.67648578
2576.0 0.65637845
2580.0 0.65662915
2584.0 0.66467494
2588.0 0.64714110
2592.0 0.64612412
2596.0 0.64658737
2600.0 0.64617968
2604.0 0.65641230
2608.0 0.65349633
2612.0 0.64239138
2616.0 0.64110297
2620.0 0.65397543
2624.0 0.65270805
2628.0 0.64821923
2632.0 0.66005945
2636.0 0.64135516
2640.0 0.63337547
2644.0 0.62485057
2648.0 0.61879069
2652.0 0.61410058
2656.0 0.60140622
2660.0 0.59898818
2664.0 0.60601306
2668.0 0.61136162
2672.0 0.61918390
2676.0 0.63846731
2680.0 0.61670882
2684.0 0.60808474
2688.0 0.60428828
2692.0 0.60137898
2696.0 0.59434235
2700.0 0.60840333
2704.0 0.60615146
2708.0 0.61040765
2712.0 0.60467362
2716.0 0.60650551
2720.0 0.60680842
2724.0 0.62065881
2728.0 0.62426454
2732.0 0.63479215
2736.0 0.65535086
2740.0 0.68197358
2744.0 0.64974797
2748.0 0.62498528
2752.0 0.62849754
2756.0 0.61878347
2760.0 0.59614253
2764.0 0.60275614
2768.0 0.60442781
2772.0 0.58757424
2776.0 0.58353508
2780.0 0.57051218
2784.0 0.56237817
2788.0 0.57741135
2792.0 0.57572311
2796.0 0.56751376
2800.0 0.57856303
2804.0 0.56399822
2808.0 0.55486977
2812.0 0.55457866
2816.0 0.54518420
2820.0 0.53608942
2824.0 0.52569520
2828.0 0.53224951
2832.0 0.53089523
2836.0 0.51549065
2840.0 0.51996517
2844.0 0.52827966
2848.0 0.53173363
2852.0 0.52162552
2856.0 0.53110713
2860.0 0.54426712
2864.0 0.53398973
2868.0 0.54554248
2872.0 0.52984339
2876.0 0.53103191
2880.0 0.52310872
2884.0 0.52978951
2888.0 0.53284043
2892.0 0.52229857
2896.0 0.53670561
2900.0 0.52760535
2904.0 0.52286136
2908.0 0.52738726
2912.0 0.51590389
2916.0 0.52149141
2920.0 0.51727587
2924.0 0.52064425
2928.0 0.52401006
2932.0 0.51691872
2936.0 0.51241779
2940.0 0.51091444
2944.0 0.50849426
2948.0 0.50534236
2952.0 0.50561279
2956.0 0.51261073
2960.0 0.51179743
2964.0 0.51124287
2968.0 0.50139034
2972.0 0.50322032
2976.0 0.52431875
2980.0 0.59093648
2984.0 0.61382663
2988.0 0.51872355
2992.0 0.50030160
2996.0 0.50016272
3000.0 0.49418098
3004.0 0.51188380
3008.0 0.49753624
3012.0 0.48658097
3016.0 0.48991549
3020.0 0.48434141
3024.0 0.47792989
3028.0 0.47288638
3032.0 0.46701780
3036.0 0.44162643
3040.0 0.44876763
3044.0 0.44033387
3048.0 0.45954394
3052.0 0.45842147
3056.0 0.45349169
3060.0 0.44896400
3064.0 0.44563341
3068.0 0.45701331
3072.0 0.44766337
3076.0 0.45513627
3080.0 0.46205047
3084.0 0.46966553
3088.0 0.48832735
3092.0 0.52559489
3096.0 0.54750031
3100.0 0.49205470
3104.0 0.45981756
3108.0 0.47628379
3112.0 0.48008811
3116.0 0.45504013
3120.0 0.44530293
3124.0 0.44595194
3128.0 0.43811646
3132.0 0.43552321
3136.0 0.42743674
3140.0 0.41506061
3144.0 0.40134096
3148.0 0.39854464
3152.0 0.41067269
3156.0 0.42292550
3160.0 0.42414257
3164.0 0.42888483
3168.0 0.43945879
3172.0 0.43982559
3176.0 0.43711737
3180.0 0.42256281
3184.0 0.42434487
3188.0 0.42213836
3192.0 0.40462929
3196.0 0.40979767
3200.0 0.39606556
3204.0 0.39609092
3208.0 0.38923842
3212.0 0.39772081
3216.0 0.40278563
3220.0 0.39545736
3224.0 0.38304374
3228.0 0.38264105
3232.0 0.38087466
3236.0 0.37639657
3240.0 0.38784975
3244.0 0.37970704
3248.0 0.38946980
3252.0 0.39722261
3256.0 0.42144337
3260.0 0.41495830
3264.0 0.41252890
3268.0 0.43076739
3272.0 0.43680900
3276.0 0.45205978
3280.0 0.48071879
3284.0 0.46666637
3288.0 0.44335708
3292.0 0.44115758
3296.0 0.42145002
3300.0 0.41092974
3304.0 0.40666807
3308.0 0.39987659
3312.0 0.38654864
3316.0 0.37169203
3320.0 0.36738116
3324.0 0.36911500
3328.0 0.37934262
3332.0 0.37631387
3336.0 0.37388673
3340.0 0.38213900
3344.0 0.36896345
3348.0 0.36431485
3352.0 0.37103531
3356.0 0.36255425
3360.0 0.35865578
3364.0 0.35810316
3368.0 0.35755187
3372.0 0.35919321
3376.0 0.36216724
3380.0 0.36051661
3384.0 0.35917959
3388.0 0.37926406
3392.0 0.37698591
3396.0 0.38273415
3400.0 0.37591743
3404.0 0.36686721
3408.0 0.36100081
3412.0 0.37718725
3416.0 0.37695971
3420.0 0.37427288
3424.0 0.39157987
3428.0 0.38119280
3432.0 0.39352927
3436.0 0.41495907
3440.0 0.40780413
3444.0 0.41616493
3448.0 0.42380798
3452.0 0.44117051
3456.0 0.46916232
3460.0 0.47436038
3464.0 0.50064057
3468.0 0.54191029
3472.0 0.56201816
3476.0 0.56444103
3480.0 0.52486825
3484.0 0.51552606
3488.0 0.51038980
3492.0 0.48565063
3496.0 0.46370032
3500.0 0.42468730
3504.0 0.41585100
3508.0 0.39932343
3512.0 0.39128250
3516.0 0.40122533
3520.0 0.39030588
3524.0 0.38368836
3528.0 0.38410160
3532.0 0.37514767
3536.0 0.37252378
3540.0 0.37060666
3544.0 0.34774947
3548.0 0.35967115
3552.0 0.35784659
3556.0 0.36698803
3560.0 0.35905281
3564.0 0.35750306
3568.0 0.37362593
3572.0 0.37904754
3576.0 0.39337459
3580.0 0.38769859
3584.0 0.38476560
3588.0 0.37035012
3592.0 0.39076105
3596.0 0.39165023
3600.0 0.39408103
3604.0 0.39127216
3608.0 0.40601698
3612.0 0.42332742
3616.0 0.42030099
3620.0 0.40308377
3624.0 0.39356935
3628.0 0.38404757
3632.0 0.38673535
3636.0 0.41521147
3640.0 0.40394112
3644.0 0.39902467
3648.0 0.41450030
3652.0 0.41103071
3656.0 0.38065764
3660.0 0.40118381
3664.0 0.41713464
3668.0 0.39920115
3672.0 0.39159095
3676.0 0.39777914
3680.0 0.38293150
3684.0 0.37401974
3688.0 0.37524125
3692.0 0.38719648
3696.0 0.40124628
3700.0 0.40100175
3704.0 0.39298540
3708.0 0.39786789
3712.0 0.38600203
3716.0 0.39240626
3720.0 0.38052842
3724.0 0.40046009
3728.0 0.37689736
3732.0 0.38911539
3736.0 0.37289450
3740.0 0.37636223
3744.0 0.37926254
3748.0 0.39173195
3752.0 0.35726792
3756.0 0.35648012
3760.0 0.33513197
3764.0 0.33087790
3768.0 0.32622832
3772.0 0.33418059
3776.0 0.33306324
3780.0 0.33204374
3784.0 0.32606307
3788.0 0.33098000
3792.0 0.33435738
3796.0 0.32731003
3800.0 0.31630406
3804.0 0.31909430
3808.0 0.32036477
3812.0 0.31866488
3816.0 0.32359874
3820.0 0.32767886
3824.0 0.33355629
3828.0 0.33226401
3832.0 0.32961816
3836.0 0.33600122
3840.0 0.34561035
3844.0 0.34580052
3848.0 0.34894270
3852.0 0.36197275
3856.0 0.38327187
3860.0 0.38502544
3864.0 0.41379407
3868.0 0.41757065
3872.0 0.43149295
3876.0 0.46368560
3880.0 0.48272654
3884.0 0.54002261
3888.0 0.58898604
3892.0 0.57031816
3896.0 0.53192800
3900.0 0.49392340
3904.0 0.46719271
3908.0 0.44392720
3912.0 0.41457969
3916.0 0.40714651
3920.0 0.40307575
3924.0 0.38901109
3928.0 0.36728889
3932.0 0.37821421
3936.0 0.36584672
3940.0 0.36020565
3944.0 0.35409278
3948.0 0.34453401
3952.0 0.34074652
3956.0 0.34957796
3960.0 0.34962130
3964.0 0.41251561
3968.0 0.45090255
3972.0 0.37687466
3976.0 0.33468759
3980.0 0.32580042
3984.0 0.32303816
3988.0 0.31506690
3992.0 0.33552721
3996.0 0.36652631
4000.0 0.44538185
4004.0 0.62741590
4008.0 0.62590528
4012.0 0.42085627
4016.0 0.35426179
4020.0 0.33301735
4024.0 0.32384133
4028.0 0.31617481
4032.0 0.31007364
4036.0 0.31024560
4040.0 0.30802041
4044.0 0.30842638
4048.0 0.30797672
4052.0 0.30291939
4056.0 0.29952019
4060.0 0.29948461
4064.0 0.28800231
4068.0 0.28205138
4072.0 0.29441622
4076.0 0.29174009
4080.0 0.29533541
4084.0 0.28340173
4088.0 0.28568697
4092.0 0.28167135
4096.0 0.29147434
4100.0 0.28632572
4104.0 0.27892381
4108.0 0.28529102
4112.0 0.28348541
4116.0 0.29209426
4120.0 0.29358324
4124.0 0.30531943
4128.0 0.31189349
4132.0 0.30747449
4136.0 0.29856023
4140.0 0.31166783
4144.0 0.29874739
4148.0 0.29131553
4152.0 0.29187292
4156.0 0.30831578
4160.0 0.30252731
4164.0 0.28657135
4168.0 0.29030669
4172.0 0.29295316
4176.0 0.29784822
4180.0 0.29299355
4184.0 0.29575053
4188.0 0.29456592
4192.0 0.29616439
4196.0 0.28533208
4200.0 0.29014349
4204.0 0.29953793
4208.0 0.28511709
4212.0 0.29314840
4216.0 0.29430738
4220.0 0.29212463
4224.0 0.29251838
4228.0 0.29460233
4232.0 0.29265535
4236.0 0.30388317
4240.0 0.29006961
4244.0 0.28394383
4248.0 0.31047103
4252.0 0.28978622
4256.0 0.30323943
4260.0 0.29555133
4264.0 0.28672415
4268.0 0.28263822
4272.0 0.27940023
4276.0 0.28774333
4280.0 0.27267468
4284.0 0.27505803
4288.0 0.27783161
4292.0 0.27479419
4296.0 0.26186466
4300.0 0.26663703
4304.0 0.27303794
4308.0 0.27243042
4312.0 0.26411673
4316.0 0.26505786
4320.0 0.26279780
4324.0 0.25768074
4328.0 0.26279277
4332.0 0.26810482
4336.0 0.26626754
4340.0 0.25973561
4344.0 0.25592813
4348.0 0.25207850
4352.0 0.26079100
4356.0 0.25141510
4360.0 0.26837236
4364.0 0.25293040
4368.0 0.25404897
4372.0 0.25009602
4376.0 0.24976785
4380.0 0.24944033
4384.0 0.24911341
4388.0 0.25478193
4392.0 0.25585610
4396.0 0.26170409
4400.0 0.25528419
4404.0 0.25601146
4408.0 0.24716531
4412.0 0.24684277
4416.0 0.25383651
4420.0 0.26131207
4424.0 0.25686166
4428.0 0.25056145
4432.0 0.26038739
4436.0 0.26452631
4440.0 0.25122514
4444.0 0.25403875
4448.0 0.24396819
4452.0 0.24365185
4456.0 0.24852304
4460.0 0.24439807
4464.0 0.26715055
4468.0 0.25501296
4472.0 0.24803342
4476.0 0.27689770
4480.0 0.27319315
4484.0 0.26083454
4488.0 0.25604889
4492.0 0.24443038
4496.0 0.24407645
4500.0 0.23990284
4504.0 0.24773587
4508.0 0.23928635
4512.0 0.24043204
4516.0 0.23867223
4520.0 0.24059920
4524.0 0.23806037
4528.0 0.23936756
4532.0 0.23847368
4536.0 0.23714699
4540.0 0.24539004
4544.0 0.24174687
4548.0 0.23623897
4552.0 0.23593736
4556.0 0.23563641
4560.0 0.23533598
4564.0 0.23503615
4568.0 0.23473689
4572.0 0.23443817
4576.0 0.23925626
4580.0 0.23384243
4584.0 0.23422335
4588.0 0.23324896
4592.0 0.23429817
4596.0 0.23273592
4600.0 0.23236285
4604.0 0.23461625
4608.0 0.23788874
4612.0 0.23902571
4616.0 0.23680046
4620.0 0.23639983
4624.0 0.23572166
4628.0 0.23247281
4632.0 0.23439242
4636.0 0.23286332
4640.0 0.23241758
4644.0 0.23759635
4648.0 0.24800988
4652.0 0.23584634
4656.0 0.24403034
4660.0 0.23931693
4664.0 0.24672133
4668.0 0.24094383
4672.0 0.24876690
4676.0 0.24480180
4680.0 0.24592254
4684.0 0.25308087
4688.0 0.24694997
4692.0 0.25167462
4696.0 0.25998399
4700.0 0.27992770
4704.0 0.27353275
4708.0 0.26826248
4712.0 0.26972911
4716.0 0.24596196
4720.0 0.24184853
4724.0 0.25311875
4728.0 0.24864967
4732.0 0.24000326
4736.0 0.24131502
4740.0 0.24265203
4744.0 0.24297938
4748.0 0.23871022
4752.0 0.24343158
4756.0 0.24844716
4760.0 0.23317109
4764.0 0.23567238
4768.0 0.23406200
4772.0 0.24158268
4776.0 0.22791958
4780.0 0.23037621
4784.0 0.22976309
4788.0 0.22895417
4792.0 0.23061454
4796.0 0.23017181
4800.0 0.22962411
4804.0 0.23172021
4808.0 0.22799000
4812.0 0.22610687
4816.0 0.22215609
4820.0 0.22199140
4824.0 0.21838917
4828.0 0.22264920
4832.0 0.22314866
4836.0 0.22573657
4840.0 0.22758405
4844.0 0.21893147
4848.0 0.22365536
4852.0 0.23039171
4856.0 0.22772470
4860.0 0.23001491
4864.0 0.23423156
4868.0 0.23041508
4872.0 0.23214452
4876.0 0.22757618
4880.0 0.23903672
4884.0 0.21981320
4888.0 0.21252476
4892.0 0.21576791
4896.0 0.21290721
4900.0 0.21408066
4904.0 0.21440147
4908.0 0.21863633
4912.0 0.22270347
4916.0 0.21261401
4920.0 0.21861508
4924.0 0.22455300
4928.0 0.21630318
4932.0 0.21271746
4936.0 0.20946737
4940.0 0.20921560
4944.0 0.21012443
4948.0 0.22255264
4952.0 0.21206203
4956.0 0.21333568
4960.0 0.20796365
4964.0 0.20850798
4968.0 0.20835105
4972.0 0.21176200
4976.0 0.20964782
4980.0 0.21445195
4984.0 0.21519475
4988.0 0.21033309
4992.0 0.20890900
4996.0 0.20861843
5000.0 0.21465868
5004.0 0.21334156
5008.0 0.20886105
5012.0 0.20736752
5016.0 0.20579290
5020.0 0.20482258
5024.0 0.20654178
5028.0 0.20836951
5032.0 0.21527709
5036.0 0.21825995
5040.0 0.22241402
5044.0 0.22951062
5048.0 0.22035936
5052.0 0.20958464
5056.0 0.21029302
5060.0 0.20814496
5064.0 0.20492262
5068.0 0.20814294
5072.0 0.21436109
5076.0 0.21664146
5080.0 0.20992385
5084.0 0.21158431
5088.0 0.21477437
5092.0 0.21867841
5096.0 0.22202164
5100.0 0.21110636
5104.0 0.21322156
5108.0 0.21720372
5112.0 0.21787801
5116.0 0.21327047
5120.0 0.21291620
5124.0 0.21610238
5128.0 0.21592924
5132.0 0.21360050
5136.0 0.21887128
5140.0 0.21665494
5144.0 0.21973857
5148.0 0.22502333
5152.0 0.22190525
5156.0 0.22839104
5160.0 0.22475749
5164.0 0.24004771
5168.0 0.24184890
5172.0 0.24820621
5176.0 0.25521848
5180.0 0.25420949
5184.0 0.25942895
5188.0 0.27400869
5192.0 0.27555561
5196.0 0.28758791
5200.0 0.30090085
5204.0 0.31939730
5208.0 0.34081331
5212.0 0.36665413
5216.0 0.40224379
5220.0 0.44669724
5224.0 0.50110620
5228.0 0.56521922
5232.0 0.66274256
5236.0 0.77874553
5240.0 0.92486435
5244.0 1.0722442
5248.0 1.2613884
5252.0 1.2964131
5256.0 1.1087528
5260.0 0.92290252
5264.0 0.83971846
5268.0 0.79096770
5272.0 0.68501890
5276.0 0.57794178
5280.0 0.52070254
5284.0 0.47498769
5288.0 0.43318650
5292.0 0.40133643
5296.0 0.38186315
5300.0 0.35756028
5304.0 0.33293587
5308.0 0.31247738
5312.0 0.29192275
5316.0 0.27434880
5320.0 0.26880482
5324.0 0.26330182
5328.0 0.25008005
5332.0 0.24848379
5336.0 0.24383993
5340.0 0.24413347
5344.0 0.24845149
5348.0 0.24777247
5352.0 0.24262969
5356.0 0.23477720
5360.0 0.24651852
5364.0 0.25286973
5368.0 0.25803679
5372.0 0.28417760
5376.0 0.28272516
5380.0 0.26358867
5384.0 0.26625943
5388.0 0.26949194
5392.0 0.26176518
5396.0 0.24159321
5400.0 0.22195463
5404.0 0.21978922
5408.0 0.21423616
5412.0 0.20774797
5416.0 0.20646122
5420.0 0.20071787
5424.0 0.19188850
5428.0 0.19083466
5432.0 0.19178319
5436.0 0.19145848
5440.0 0.18254535
5444.0 0.18084857
5448.0 0.18064824
5452.0 0.18644354
5456.0 0.19379535
5460.0 0.18613027
5464.0 0.18343401
5468.0 0.18290736
5472.0 0.17945038
5476.0 0.17925204
5480.0 0.17905405
5484.0 0.19115283
5488.0 0.18388057
5492.0 0.18520221
5496.0 0.17826548
5500.0 0.17806917
5504.0 0.18131995
5508.0 0.18713814
5512.0 0.18568535
5516.0 0.18132241
5520.0 0.18315695
5524.0 0.18332715
5528.0 0.18197009
5532.0 0.17651118
5536.0 0.17631793
5540.0 0.17612503
5544.0 0.17756209
5548.0 0.17574026
5552.0 0.17554836
5556.0 0.17535684
5560.0 0.17950842
5564.0 0.17497471
5568.0 0.17478414
5572.0 0.17459393
5576.0 0.17700203
5580.0 0.17421444
5584.0 0.17402521
5588.0 0.17383628
5592.0 0.17364769
5596.0 0.17834195
5600.0 0.17431204
5604.0 0.18392700
5608.0 0.17420505
5612.0 0.17420594
5616.0 0.17252304
5620.0 0.17233674
5624.0 0.18464391
5628.0 0.19159023
5632.0 0.18494625
5636.0 0.19870411
5640.0 0.18373367
5644.0 0.20674805
5648.0 0.19462763
5652.0 0.17984599
5656.0 0.20016311
5660.0 0.18647066
5664.0 0.18186536
5668.0 0.18338946
5672.0 0.17759970
5676.0 0.17509621
5680.0 0.16958052
5684.0 0.16939928
5688.0 0.17183690
5692.0 0.17828465
5696.0 0.16885751
5700.0 0.16867757
5704.0 0.16849792
5708.0 0.16831857
5712.0 0.18512210
5716.0 0.17196341
5720.0 0.16778240
5724.0 0.16760431
5728.0 0.17043614
5732.0 0.16928875
5736.0 0.16707179
5740.0 0.16689497
5744.0 0.17163491
5748.0 0.17696294
5752.0 0.18676984
5756.0 0.16619046
5760.0 0.18386820
5764.0 0.16631927
5768.0 0.17415616
5772.0 0.16549084
5776.0 0.17669527
5780.0 0.17205350
5784.0 0.17170647
5788.0 0.17511918
5792.0 0.18328741
5796.0 0.17461771
5800.0 0.16427812
5804.0 0.17534910
5808.0 0.19412708
5812.0 0.16376285
5816.0 0.16359170
5820.0 0.16389053
5824.0 0.16325021
5828.0 0.16307995
5832.0 0.16290992
5836.0 0.17886162
5840.0 0.17423232
5844.0 0.16240174
5848.0 0.16223292
5852.0 0.17093381
5856.0 0.18292125
5860.0 0.16172820
5864.0 0.16308346
5868.0 0.19933791
5872.0 0.17142415
5876.0 0.16994396
5880.0 0.16089277
5884.0 0.18282433
5888.0 0.19539510
5892.0 0.18665099
5896.0 0.20529936
5900.0 0.20098637
5904.0 0.21181503
5908.0 0.18410254
5912.0 0.19102617
5916.0 0.23525980
5920.0 0.21100242
5924.0 0.20248932
5928.0 0.18327846
5932.0 0.17710917
5936.0 0.21892230
5940.0 0.20881674
5944.0 0.20201196
5948.0 0.18815596
5952.0 0.16835177
5956.0 0.19025302
5960.0 0.15762229
5964.0 0.15746170
5968.0 0.15730138
5972.0 0.15714139
5976.0 0.15698165
5980.0 0.15682216
5984.0 0.15666299
5988.0 0.15650402
5992.0 0.15634538
5996.0 0.15618698
6000.0 0.15602891
