300.0 0.0
310.0 0.0000000
313.1 0.0000000
316.2 0.0000000
319.3 0.0000000
322.4 0.0000000
325.5 0.0000000
328.6 0.0000000
331.7 0.0000000
334.8 0.0000000
337.9 0.0000000
341.0 0.0000000
344.1 0.0000000
347.2 0.0000000
350.3 0.0000000
353.4 0.0000000
356.5 0.0000000
359.6 0.0000000
362.7 0.0000000
365.8 0.0000000
368.9 0.0000000
372.0 0.0000000
375.1 0.0000000
378.2 0.0000000
381.3 0.0000000
384.4 0.0000000
387.5 0.0000000
390.6 0.0000000
393.7 0.0000000
396.8 0.0000000
399.89998 0.0000000
402.99998 0.0000000
406.09998 0.0000000
409.19998 0.0000000
412.3 0.0000000
415.4 0.0000000
418.5 0.0000000
421.6 0.0000000
424.7 0.0000000
427.8 0.0000000
430.9 0.0000000
434.0 0.0000000
437.1 0.0000000
440.2 0.0000000
443.3 0.0000000
446.4 0.0000000
449.5 0.0000000
452.6 0.0000000
455.7 0.0000000
458.8 0.0000000
461.9 0.0000000
465.0 0.0000000
468.1 0.0000000
471.2 0.0000000
474.3 0.0000000
477.4 0.0000000
480.5 0.0000000
483.6 0.0000000
486.7 0.0000000
489.8 0.0000000
492.9 0.0000000
496.0 0.0000000
499.1 0.0000000
502.2 0.0000000
505.3 0.0000000
508.4 0.0000000
511.5 0.0000000
514.6 0.0000000
517.7 0.0000000
520.8 0.0000000
523.9 0.0000000
527.0 0.0000000
530.1 0.0000000
533.2 0.0000000
536.3 0.0000000
539.4 0.0000000
542.5 0.0000000
545.6 0.0000000
548.7 0.0000000
551.8 0.0000000
554.9 0.0000000
558.0 0.0000000
561.1 0.0000000
564.2 0.0000000
567.3 0.13178833
570.4 0.12761302
573.5 0.12348071
576.6 0.11940391
579.7 0.11538175
582.8 0.11140741
585.9 0.10747741
589.0 0.10360177
592.1 9.97831747E-02
595.2 9.60269347E-02
598.3 9.23364833E-02
601.4 8.87154564E-02
604.5 0.14196368
607.6 0.13771570
610.7 0.13350247
613.8 0.12932806
616.9 0.12519464
620.0 0.13283426
623.1 0.13458019
626.2 0.12997517
629.3 0.13518670
632.4 0.14352639
635.5 0.15476935
638.6 0.40391254
641.7 0.41232967
644.8 0.35050663
647.9 0.29322219
651.0 0.27630496
654.1 0.27000594
657.2 0.27187678
660.3 0.27742851
663.4 0.27145696
666.5 0.24622248
669.6 0.24960040
672.7 0.22426219
675.8 0.20499788
678.9 0.19052891
682.0 0.18453464
685.1 0.18833095
688.2 0.18162006
691.3 0.18633239
694.4 0.19301160
697.5 0.18877155
700.6 0.16933709
703.7 0.16498390
706.8 0.15143390
709.9 0.15370806
713.0 0.15297590
716.1 0.14799833
719.2 0.14743976
722.3 0.15207201
725.4 0.15804790
728.5 0.17035703
731.6 0.17694157
734.7 0.18588074
737.8 0.19879338
740.9 0.21992841
744.0 0.25012034
747.1 0.29920757
750.2 0.37130505
753.3 0.50429428
756.4 2.3249698
759.5 1.8834200
762.6 1.7594323
765.7 1.7614135
768.8 1.6525590
771.9 1.3249764
775.0 1.1457138
778.1 1.0790749
781.2 1.0341675
784.3 0.96843058
787.4 0.88557380
790.5 0.83087260
793.6 0.81285822
796.69995 0.81615227
799.79995 0.83051026
802.89995 0.83727854
805.99995 0.90179962
809.09995 0.91716802
812.19995 0.87890130
815.29995 0.80194944
818.39995 0.80818826
821.5 0.80189013
824.6 0.82214916
827.7 0.83734179
830.8 0.82814080
833.9 0.79934394
837.0 0.78968543
840.1 0.81575310
843.2 0.81166333
846.3 0.82618570
849.4 0.81647086
852.5 0.83653522
855.6 0.88538539
858.7 0.93613315
861.8 1.0060301
864.9 1.0257759
868.0 1.0415345
871.1 0.94821161
874.2 0.88633990
877.3 0.84052342
880.4 0.82106322
883.5 0.81829554
886.6 0.78217685
889.7 0.77310729
892.8 0.76931918
895.9 0.76441300
899.0 0.77894145
902.1 0.77226138
905.2 0.75659096
908.3 0.78007323
911.4 0.76735872
914.5 0.78009582
917.6 0.79952800
920.7 0.81211317
923.8 0.83266240
926.9 0.83222210
930.0 0.85939562
933.1 0.87922299
936.2 0.90141070
939.3 0.93630099
942.4 1.0069557
945.5 1.1013966
948.6 1.2097714
951.7 1.3473741
954.8 1.5183018
957.9 1.6200683
961.0 1.4715837
964.1 1.2492691
967.2 1.0803106
970.3 0.99223584
973.4 0.94814348
976.5 0.92303658
979.6 0.87987769
982.7 0.87721002
985.8 0.85124987
988.9 0.86839694
992.0 0.87108356
995.1 0.86836427
998.2 0.87815779
1001.3 0.86746854
1004.4 0.88083041
1007.5 0.89329511
1010.6 0.89497167
1013.7 0.91442490
1016.8 0.87931359
1019.9 0.87351406
1023.0 0.86233956
1026.1 0.87663287
1029.2 0.88074774
1032.3 0.86836833
1035.4 0.82459676
1038.5 0.79816014
1041.6 0.78712332
1044.7 0.77280420
1047.8 0.77426314
1050.9 0.77236903
1054.0 0.77109092
1057.1 0.78344131
1060.2 0.78117639
1063.3 0.79390270
1066.4 0.79778427
1069.5 0.79652715
1072.6 0.78756869
1075.7 0.79773325
1078.8 0.80149698
1081.9 0.82340735
1085.0 0.81038004
1088.1 0.79754508
1091.2 0.76267284
1094.3 0.77436799
1097.4 0.77816308
1100.5 0.76808357
1103.6 0.79434174
1106.7 0.80218840
1109.8 0.78139681
1112.9 0.76838368
1116.0 0.76970637
1119.1 0.77002126
1122.2 0.76998270
1125.3 0.78009850
1128.4 0.76678067
1131.5 0.76467544
1134.6 0.77477902
1137.7 0.77422959
1140.8 0.79374087
1143.9 0.79066175
1147.0 0.84214479
1150.1 0.83962333
1153.2 0.84854764
1156.3 0.83607858
1159.4 0.83828413
1162.5 0.84637946
1165.6 0.88442945
1168.7 0.95207173
1171.8 1.0136151
1174.9 1.0638946
1178.0 1.0834205
1181.1 1.1408561
1184.2 1.0915912
1187.3 0.99854857
1190.4 0.91379672
1193.5 0.85761583
1196.6 0.83151942
1199.7 0.80492646
1202.8 0.77993059
1205.9 0.76082748
1209.0 0.75560212
1212.1 0.72768688
1215.2 0.71674126
1218.3 0.71156853
1221.4 0.71896160
1224.5 0.72248769
1227.6 0.70629901
1230.7 0.70965016
1233.8 0.71385664
1236.9 0.72027522
1240.0 0.70287418
1243.1 0.71098280
1246.2 0.72802788
1249.3 0.68905580
1252.4 0.70772821
1255.5 0.71271306
1258.6 0.70816892
1261.7 0.71465874
1264.8 0.70377791
1267.9 0.69489115
1271.0 0.71463758
1274.1 0.74400043
1277.2 0.72972482
1280.3 0.74852675
1283.4 0.74269956
1286.5 0.74516273
1289.6 0.74143207
1292.7 0.75143683
1295.8 0.74974763
1298.9 0.74832577
1302.0 0.72491217
1305.1 0.71363091
1308.2 0.72337383
1311.3 0.73416179
1314.4 0.70359540
1317.5 0.73806226
1320.6 0.71287000
1323.7 0.73038316
1326.8 0.72418422
1329.9 0.73939431
1333.0 0.70492589
1336.1 0.71580577
1339.2 0.71556920
1342.3 0.72851747
1345.4 0.69288540
1348.5 0.70142603
1351.6 0.71519673
1354.7 0.68382108
1357.8 0.69694293
1360.9 0.67626739
1364.0 0.65780789
1367.1 0.65736079
1370.2 0.65691030
1373.3 0.66145617
1376.4 0.66569954
1379.5 0.66691047
1382.6 0.65781385
1385.7 0.65460402
1388.8 0.65413207
1391.9 0.65365750
1395.0 0.66201222
1398.1 0.66101760
1401.2 0.67084545
1404.3 0.67497861
1407.4 0.67479527
1410.5 0.67978501
1413.6 0.68612462
1416.7 0.69861048
1419.8 0.71434218
1422.9 0.70884615
1426.0 0.72763240
1429.1 0.73603505
1432.2 0.74226445
1435.3 0.74642402
1438.4 0.75177264
1441.5 0.76125228
1444.6 0.76514870
1447.7 0.75484246
1450.8 0.74821007
1453.9 0.73148084
1457.0 0.72966099
1460.1 0.71558183
1463.2 0.72602397
1466.3 0.71709132
1469.4 0.71245754
1472.5 0.71441758
1475.6 0.70998555
1478.7 0.71162885
1481.8 0.71316433
1484.9 0.72131181
1488.0 0.73816687
1491.1 0.72681987
1494.2 0.75291228
1497.3 0.77144605
1500.4 0.79423302
1503.5 0.79180723
1506.6 0.76925218
1509.7 0.76532030
1512.8 0.76767284
1515.9 0.75014955
1519.0 0.73609602
1522.1 0.73184389
1525.2 0.72890782
1528.3 0.74278098
1531.4 0.75781280
1534.5 0.76072890
1537.6 0.75572240
1540.7 0.75756472
1543.8 0.75274116
1546.9 0.75648957
1550.0 0.74873501
1553.1 0.74556851
1556.2 0.74638397
1559.3 0.74289757
1562.4 0.73347771
1565.5 0.72284532
1568.6 0.72956413
1571.7 0.73195571
1574.8 0.73225331
1577.9 0.72515166
1581.0 0.71949989
1584.1 0.71759647
1587.2 0.71401346
1590.2999 0.71123332
1593.3999 0.70513272
1596.4999 0.69562095
1599.5999 0.69914001
1602.6999 0.69920087
1605.7999 0.69146961
1608.8999 0.67338371
1611.9999 0.69069719
1615.0999 0.69376749
1618.1999 0.68956113
1621.2999 0.68954635
1624.3999 0.69548357
1627.4999 0.68264288
1630.5999 0.68288815
1633.6999 0.66956633
1636.7999 0.65909123
1639.9 0.63334286
1643.0 0.63043374
1646.1 0.62938762
1649.2 0.62323833
1652.3 0.64019001
1655.4 0.64953136
1658.5 0.65094644
1661.6 0.63700652
1664.7 0.64353210
1667.8 0.64637190
1670.9 0.65509135
1674.0 0.65520966
1677.1 0.67040563
1680.2 0.68990713
1683.3 0.69599634
1686.4 0.68710023
1689.5 0.70817429
1692.6 0.71764642
1695.7 0.71698755
1698.8 0.72072053
1701.9 0.74992913
1705.0 0.76837635
1708.1 0.76444566
1711.2 0.77903533
1714.3 0.76134861
1717.4 0.78044176
1720.5 0.80722880
1723.6 0.87454951
1726.7 0.95343316
1729.8 1.0760499
1732.9 1.2011000
1736.0 1.2395428
1739.1 1.1766098
1742.2 1.0421966
1745.3 0.92726189
1748.4 0.85590279
1751.5 0.82063687
1754.6 0.79285192
1757.7 0.77135468
1760.8 0.75443703
1763.9 0.73821026
1767.0 0.73302299
1770.1 0.71822560
1773.2 0.70540339
1776.3 0.69073975
1779.4 0.68246037
1782.5 0.68039483
1785.6 0.66092491
1788.7 0.66220266
1791.8 0.64574707
1794.9 0.64153725
1798.0 0.64082843
1801.1 0.61439437
1804.2 0.62360883
1807.3 0.62320369
1810.4 0.63235116
1813.5 0.64970523
1816.6 0.65580255
1819.7 0.65805775
1822.8 0.65754104
1825.9 0.66212922
1829.0 0.65311623
1832.1 0.65475327
1835.2 0.66345733
1838.3 0.65369242
1841.4 0.65593374
1844.5 0.64418560
1847.6 0.64809769
1850.7 0.63250709
1853.8 0.62190247
1856.9 0.61078906
1860.0 0.60529035
1863.1 0.59081781
1866.2 0.58488393
1869.3 0.56892049
1872.4 0.55797750
1875.5 0.55576378
1878.6 0.56106883
1881.7 0.55379713
1884.8 0.56567931
1887.9 0.56868881
1891.0 0.57053441
1894.1 0.57051480
1897.2 0.57105219
1900.3 0.58242732
1903.4 0.57644725
1906.5 0.58788007
1909.6 0.58728439
1912.7 0.58501810
1915.8 0.57870173
1918.9 0.58464700
1922.0 0.58057475
1925.1 0.59299380
1928.2 0.60807961
1931.3 0.60975927
1934.4 0.63420111
1937.5 0.63938695
1940.6 0.63917172
1943.7 0.63046813
1946.8 0.62991703
1949.9 0.60676843
1953.0 0.62027502
1956.1 0.61422753
1959.2 0.61312461
1962.3 0.62084651
1965.4 0.63726908
1968.5 0.63793796
1971.6 0.64597160
1974.7 0.65005028
1977.8 0.65514302
1980.9 0.64875793
1984.0 0.65194523
1987.1 0.64228845
1990.2 0.64958107
1993.3 0.64160317
1996.4 0.62259150
1999.5 0.62288791
2002.6 0.63057959
2005.7 0.61400253
2008.8 0.61309481
2011.9 0.61359149
2015.0 0.61326140
2018.1 0.62303030
2021.2 0.62031972
2024.3 0.60983443
2027.4 0.60866702
2030.5 0.62094480
2033.6 0.61979771
2036.7 0.61559093
2039.8 0.62689179
2042.9 0.60918224
2046.0 0.60165673
2049.1 0.59361178
2052.2 0.58790725
2055.3 0.58350307
2058.4 0.57149178
2061.5 0.56924421
2064.6 0.57597083
2067.7 0.58110529
2070.8 0.58859181
2073.9 0.60697532
2077.0 0.58634096
2080.1 0.57819152
2083.2 0.57463133
2086.3 0.57191396
2089.4 0.56527048
2092.5 0.57869321
2095.6 0.57660043
2098.7 0.58069843
2101.8 0.57529205
2104.9 0.57708365
2108.0 0.57742035
2111.1 0.59064955
2114.2 0.59413058
2117.3 0.60420036
2120.4 0.62382007
2123.5 0.64921570
2126.6 0.61858898
2129.7 0.59506273
2132.8 0.59845591
2135.9 0.58925432
2139.0 0.56774014
2142.1 0.57408530
2145.2 0.57572401
2148.3 0.55971599
2151.4 0.55591315
2154.5 0.54355019
2157.6 0.53584355
2160.7 0.55021119
2163.8 0.54864609
2166.9 0.54086572
2170.0 0.55143970
2173.1 0.53760010
2176.2 0.52894050
2179.3 0.52870429
2182.4 0.51978868
2185.5 0.51115727
2188.6 0.50128537
2191.7 0.50757462
2194.8 0.50632215
2197.9 0.49166840
2201.0 0.49597421
2204.1 0.50394344
2207.2 0.50727695
2210.3 0.49767160
2213.4 0.50675613
2216.5 0.51935202
2219.6 0.50958341
2222.7 0.52064723
2225.8 0.50570232
2228.9 0.50687444
2232.0 0.49934888
2235.1 0.50576377
2238.2 0.50871384
2241.3 0.49868605
2244.4 0.51247942
2247.5 0.50382686
2250.6 0.49933320
2253.7 0.50369203
2256.8 0.49276045
2259.9 0.49813336
2263.0 0.49414226
2266.1 0.49739584
2269.2 0.50064737
2272.3 0.49390745
2275.4 0.48964182
2278.5 0.48824003
2281.6 0.48596174
2284.7 0.48298359
2287.8 0.48327619
2290.9 0.48999935
2294.0 0.48925629
2297.1 0.48876029
2300.2 0.47937450
2303.3 0.48115754
2306.4 0.50136566
2309.5 0.56510615
2312.6 0.58703613
2315.7 0.49611795
2318.8 0.47853157
2321.9 0.47843137
2325.0 0.47274172
2328.1 0.48970979
2331.2 0.47601604
2334.3 0.46556598
2337.4 0.46878809
2340.5 0.46348554
2343.6 0.45738071
2346.7 0.45258430
2349.8 0.44699737
2352.9 0.42272258
2356.0 0.42958656
2359.1 0.42154101
2362.2 0.43996024
2365.3 0.43891439
2368.4 0.43422279
2371.5 0.42991555
2374.6 0.42675406
2377.7 0.43768024
2380.8 0.42875358
2383.9 0.43593892
2387.0 0.44258997
2390.1 0.44991323
2393.2 0.46782014
2396.3 0.50355470
2399.4 0.52457494
2402.5 0.47148097
2405.6 0.44061959
2408.7 0.45642713
2411.8 0.46010184
2414.9 0.43612397
2418.0 0.42681825
2421.1 0.42746699
2424.2 0.41998240
2427.3 0.41752246
2430.4 0.40979555
2433.5 0.39795479
2436.6 0.38482428
2439.7 0.38216650
2442.8 0.39382029
2445.9 0.40559500
2449.0 0.40678698
2452.1 0.41136020
2455.2 0.42152759
2458.3 0.42190492
2461.4 0.41933233
2464.5 0.40539429
2467.6 0.40712836
2470.7 0.40503556
2473.8 0.38825905
2476.9 0.39324164
2480.0 0.38008687
2483.1 0.38013369
2486.2 0.37357926
2489.3 0.38174286
2492.4 0.38662687
2495.5 0.37961483
2498.6 0.36771995
2501.7 0.36735478
2504.8 0.36568016
2507.9 0.36140162
2511.0 0.37242004
2514.1 0.36462224
2517.2 0.37401858
2520.3 0.38148567
2523.4 0.40476996
2526.5 0.39856416
2529.6 0.39625326
2532.7 0.41379565
2535.8 0.41962293
2538.9 0.43429813
2542.0 0.46185702
2545.1 0.44838113
2548.2 0.42600903
2551.3 0.42391920
2554.4 0.40500423
2557.5 0.39491642
2560.6 0.39084244
2563.7 0.38433650
2566.8 0.37154695
2569.9 0.35728651
2573.0 0.35316202
2576.1 0.35484815
2579.2 0.36470032
2582.3 0.36180818
2585.4 0.35949403
2588.5 0.36744854
2591.6 0.35479861
2594.7 0.35034731
2597.8 0.35682923
2600.9 0.34869155
2604.0 0.34496051
2607.1 0.34444734
2610.2 0.34393537
2613.3 0.34553251
2616.4 0.34841180
2619.5 0.34684220
2622.6 0.34557402
2625.7 0.36491680
2628.8 0.36274379
2631.9 0.36829409
2635.0 0.36175343
2638.1 0.35306254
2641.2 0.34743482
2644.3 0.36303177
2647.4 0.36283147
2650.5 0.36026382
2653.6 0.37694234
2656.7 0.36696234
2659.8 0.37885758
2662.9 0.39950868
2666.0 0.39264011
2669.1 0.40071028
2672.2 0.40809011
2675.3 0.42483017
2678.4 0.45180780
2681.5 0.45683652
2684.6 0.48216990
2687.7 0.52194309
2690.8 0.54133695
2693.9 0.54369766
2697.0 0.50560421
2700.1 0.49662945
2703.2 0.49170560
2706.3 0.46789506
2709.4 0.44676921
2712.5 0.40920064
2715.6 0.40070611
2718.7 0.38479918
2721.8 0.37706903
2724.9 0.38666934
2728.0 0.37616423
2731.1 0.36980429
2734.2 0.37022039
2737.3 0.36160740
2740.4 0.35909534
2743.5 0.35726440
2746.6 0.33524606
2749.7 0.34675550
2752.8 0.34501284
2755.9 0.35384312
2759.0 0.34620848
2762.1 0.34473035
2765.2 0.36029410
2768.3 0.36553934
2771.4 0.37937352
2774.5 0.37391695
2777.6 0.37110546
2780.7 0.35721835
2783.8 0.37692294
2786.9 0.37779802
2790.0 0.38016039
2793.1 0.37746805
2796.2 0.39171061
2799.3 0.40842974
2802.4 0.40552831
2805.5 0.38893393
2808.6 0.37977076
2811.7 0.37059954
2814.8 0.37321004
2817.9 0.40070829
2821.0 0.38984919
2824.1 0.38512149
2827.2 0.40007579
2830.3 0.39674467
2833.4 0.36744362
2836.5 0.38727444
2839.6 0.40269002
2842.7 0.38539457
2845.8 0.37806433
2848.9 0.38405558
2852.0 0.36973643
2855.1 0.36114758
2858.2 0.36234286
2861.3 0.37390342
2864.4 0.38748771
2867.5 0.38726839
2870.6 0.37954301
2873.7 0.38427511
2876.8 0.37283069
2879.9 0.37903264
2883.0 0.36757535
2886.1 0.38684511
2889.2 0.36409903
2892.3 0.37591815
2895.4 0.36026272
2898.5 0.36362842
2901.6 0.36644611
2904.7 0.37851006
2907.8 0.34522381
2910.9 0.34447703
2914.0 0.32386130
2917.1 0.31976366
2920.2 0.31528342
2923.3 0.32298231
2926.4 0.32191575
2929.5 0.32094371
2932.6 0.31517598
2935.7 0.31994188
2938.8 0.32321998
2941.9 0.31642035
2945.0 0.30579308
2948.1 0.30850318
2951.2 0.30974412
2954.3 0.30811310
2957.4 0.31289631
2960.5 0.31685433
2963.6 0.32255062
2966.7 0.32131395
2969.8 0.31876808
2972.9 0.32495406
2976.0 0.33426070
2979.1 0.33445796
2982.2 0.33751056
2985.3 0.35012761
2988.4 0.37074447
2991.5 0.37245545
2994.6 0.40030065
2997.7 0.40397003
3000.8 0.41745532
3003.9 0.44861829
3007.0 0.46705875
3010.1 0.52251559
3013.2 0.56991392
3016.3 0.55187201
3019.4 0.51474351
3022.5 0.47798511
3025.6 0.45213452
3028.7 0.42963544
3031.8 0.40124822
3034.9 0.39406916
3038.0 0.39014414
3041.1 0.37654504
3044.2 0.35553253
3047.3 0.36612207
3050.4 0.35416347
3053.5 0.34871575
3056.6 0.34281081
3059.7 0.33356917
3062.8 0.32991466
3065.9 0.33847806
3069.0 0.33853272
3072.1 0.39944720
3075.2 0.43663430
3078.3 0.36496258
3081.4 0.32412097
3084.5 0.31552610
3087.6 0.31286249
3090.7 0.30515361
3093.8 0.32498214
3096.9 0.35502005
3100.0 0.43141586
3103.1 0.60776407
3106.2 0.60632294
3109.3 0.40770397
3112.4 0.34320319
3115.5 0.32263362
3118.6 0.31375507
3121.7 0.30633837
3124.8 0.30043787
3127.9 0.30061528
3131.0 0.29846987
3134.1 0.29887396
3137.2 0.29844889
3140.3 0.29355848
3143.4 0.29027468
3146.5 0.29025051
3149.6 0.27913213
3152.7 0.27337417
3155.8 0.28536868
3158.9 0.28278473
3162.0 0.28627977
3165.1 0.27472159
3168.2 0.27694657
3171.3 0.27306333
3174.4 0.28257659
3177.4998 0.27759480
3180.5998 0.27042800
3183.6998 0.27661085
3186.7998 0.27486965
3189.8998 0.28322664
3192.9998 0.28468022
3196.0998 0.29607067
3199.1998 0.30245596
3202.2998 0.29818088
3205.3998 0.28954592
3208.4998 0.30226809
3211.5998 0.28974715
3214.6998 0.28254879
3217.7998 0.28309900
3220.8998 0.29905766
3223.9998 0.29345292
3227.0998 0.27798489
3230.1998 0.28161773
3233.2998 0.28419456
3236.3998 0.28895295
3239.4998 0.28425270
3242.5998 0.28693700
3245.6998 0.28579718
3248.7998 0.28735760
3251.8998 0.27685660
3254.9998 0.28153437
3258.0998 0.29065961
3261.1998 0.27667531
3264.2998 0.28447816
3267.3998 0.28561223
3270.4998 0.28350320
3273.5998 0.28389460
3276.6998 0.28592646
3279.8 0.28404602
3282.9 0.29495311
3286.0 0.28155461
3289.1 0.27561754
3292.2 0.30137658
3295.3 0.28130671
3298.4 0.29437572
3301.5 0.28692150
3304.6 0.27836099
3307.7 0.27440301
3310.8 0.27126798
3313.9 0.27937713
3317.0 0.26475498
3320.1 0.26707759
3323.2 0.26977921
3326.3 0.26683825
3329.4 0.25429103
3332.5 0.25893351
3335.6 0.26515779
3338.7 0.26457611
3341.8 0.25651008
3344.9 0.25743213
3348.0 0.25524503
3351.1 0.25028279
3354.2 0.25525597
3357.3 0.26042369
3360.4 0.25864705
3363.5 0.25230983
3366.6 0.24861881
3369.7 0.24488664
3372.8 0.25335833
3375.9 0.24425711
3379.0 0.26073954
3382.1 0.24574421
3385.2 0.24683851
3388.3 0.24300510
3391.4 0.24269359
3394.5 0.24238265
3397.6 0.24207227
3400.7 0.24758801
3403.8 0.24863929
3406.9 0.25432998
3410.0 0.24809837
3413.1 0.24881260
3416.2 0.24022233
3419.3 0.23991597
3422.4 0.24672079
3425.5 0.25399429
3428.6 0.24967588
3431.7 0.24355909
3434.8 0.25311789
3437.9 0.25714880
3441.0 0.24422577
3444.1 0.24696817
3447.2 0.23718485
3450.3 0.23688424
3453.4 0.24162716
3456.5 0.23762353
3459.6 0.25975284
3462.7 0.24795853
3465.8 0.24117905
3468.9 0.26925340
3472.0 0.26565874
3475.1 0.25364825
3478.2 0.24900159
3481.3 0.23770964
3484.4 0.23737220
3487.5 0.23331991
3490.6 0.24094483
3493.7 0.23273352
3496.8 0.23385447
3499.9 0.23214935
3503.0 0.23403025
3506.1 0.23156726
3509.2 0.23284534
3512.3 0.23198232
3515.4 0.23069820
3518.5 0.23872378
3521.6 0.23518613
3524.7 0.22983408
3527.8 0.22954702
3530.9 0.22926058
3534.0 0.22897464
3537.1 0.22868919
3540.2 0.22840433
3543.3 0.22811994
3546.4 0.23281461
3549.5 0.22755276
3552.6 0.22792967
3555.7 0.22698765
3558.8 0.22801490
3561.9 0.22650069
3565.0 0.22614379
3568.1 0.22834305
3571.2 0.23153432
3574.3 0.23264718
3577.4 0.23048754
3580.5 0.23010379
3583.6 0.22944984
3586.7 0.22629349
3589.8 0.22816817
3592.9 0.22668573
3596.0 0.22625785
3599.1 0.23130552
3602.2 0.24144973
3605.3 0.22961403
3608.4 0.23758808
3611.5 0.23300523
3614.6 0.24022068
3617.7 0.23460157
3620.8 0.24222508
3623.9 0.23837051
3627.0 0.23946804
3630.1 0.24644494
3633.2 0.24048106
3636.3 0.24508834
3639.4 0.25318682
3642.5 0.27261621
3645.6 0.26639515
3648.7 0.26126918
3651.8 0.26270437
3654.9 0.23956233
3658.0 0.23556200
3661.1 0.24654560
3664.2 0.24219878
3667.3 0.23378263
3670.4 0.23506641
3673.5 0.23637480
3676.6 0.23669969
3679.7 0.23254679
3682.8 0.23715225
3685.9 0.24204457
3689.0 0.22716789
3692.1 0.22961058
3695.2 0.22804733
3698.3 0.23538066
3701.4 0.22207388
3704.5 0.22447313
3707.6 0.22388129
3710.7 0.22309864
3713.8 0.22472218
3716.9 0.22429627
3720.0 0.22376810
3723.1 0.22581634
3726.2 0.22218665
3729.3 0.22035688
3732.4 0.21651193
3735.5 0.21635672
3738.6 0.21285115
3741.7 0.21700844
3744.8 0.21750058
3747.9 0.22002834
3751.0 0.22183451
3754.1 0.21340570
3757.2 0.21801566
3760.3 0.22458757
3763.4 0.22199315
3766.5 0.22423109
3769.6 0.22834723
3772.7 0.22463201
3775.8 0.22632347
3778.9 0.22187500
3782.0 0.23305400
3785.1 0.21431673
3788.2 0.20721549
3791.3 0.21038264
3794.4 0.20759825
3797.5 0.20874740
3800.6 0.20906515
3803.7 0.21319965
3806.8 0.21717077
3809.9 0.20733686
3813.0 0.21319401
3816.1 0.21898979
3819.2 0.21094932
3822.3 0.20745720
3825.4 0.20429222
3828.5 0.20405143
3831.6 0.20494260
3834.7 0.21706936
3837.8 0.20684201
3840.9 0.20808911
3844.0 0.20285386
3847.1 0.20338953
3850.2 0.20324114
3853.3 0.20657317
3856.4 0.20451547
3859.5 0.20920679
3862.6 0.20993622
3865.7 0.20519805
3868.8 0.20381339
3871.9 0.20353451
3875.0 0.20943232
3878.1 0.20815198
3881.2 0.20378506
3884.3 0.20233241
3887.4 0.20080054
3890.5 0.19985826
3893.6 0.20154032
3896.7 0.20332837
3899.8 0.21007350
3902.9 0.21298903
3906.0 0.21704763
3909.1 0.22397800
3912.2 0.21505213
3915.3 0.20454144
3918.4 0.20523731
3921.5 0.20314540
3924.6 0.20000488
3927.7 0.20315240
3930.8 0.20922606
3933.9 0.21145645
3937.0 0.20490408
3940.1 0.20652939
3943.2 0.20964782
3946.3 0.21346334
3949.4 0.21673155
3952.5 0.20608084
3955.6 0.20815021
3958.7 0.21204223
3961.8 0.21270512
3964.9 0.20821145
3968.0 0.20787005
3971.1 0.21098529
3974.2 0.21082078
3977.3 0.20855160
3980.4 0.21370238
3983.5 0.21154289
3986.6 0.21455835
3989.7 0.21972322
3992.8 0.21668316
3995.9 0.22302110
3999.0 0.21947764
4002.1 0.23441359
4005.2 0.23617752
4008.3 0.24239087
4011.4 0.24924411
4014.5 0.24826397
4017.6 0.25336662
4020.7 0.26761132
4023.8 0.26912776
4026.9 0.28088525
4030.0 0.29389402
4033.1 0.31196624
4036.2 0.33289093
4039.3 0.35813853
4042.4 0.39290974
4045.5 0.43634066
4048.6 0.48949826
4051.7 0.55213755
4054.8 0.64741707
4057.9 0.76075315
4061.0 0.90351468
4064.1 1.0475137
4067.2 1.2323207
4070.3 1.2665641
4073.4 1.0832467
4076.5 0.90169013
4079.6 0.82043463
4082.7 0.77281904
4085.8 0.66931486
4088.9 0.56470388
4092.0 0.50878602
4095.1 0.46412671
4098.2 0.42328981
4101.3 0.39217529
4104.4 0.37315404
4107.5 0.34941238
4110.6 0.32535565
4113.7 0.30536905
4116.8 0.28528768
4119.9 0.26811850
4123.0 0.26270562
4126.1 0.25733259
4129.2 0.24441542
4132.3 0.24286012
4135.4 0.23832604
4138.5 0.23861764
4141.6 0.24284291
4144.7 0.24218395
4147.8 0.23716182
4150.9 0.22949079
4154.0 0.24097244
4157.1 0.24718559
4160.2 0.25224143
4163.3 0.27780050
4166.4 0.27638602
4169.5 0.25768360
4172.6 0.26029956
4175.7 0.26346484
4178.8 0.25591579
4181.9 0.23619914
4185.0 0.21700323
4188.1 0.21489024
4191.2 0.20946495
4194.3 0.20312515
4197.4 0.20187089
4200.5 0.19625901
4203.6 0.18762934
4206.7 0.18660244
4209.8 0.18753351
4212.9 0.18721952
4216.0 0.17850712
4219.1 0.17685121
4222.2 0.17665863
4225.3 0.18232940
4228.4 0.18952253
4231.5 0.18202989
4234.6 0.17939636
4237.7 0.17888467
4240.8 0.17550701
4243.9 0.17531630
4247.0 0.17512593
4250.1 0.18696274
4253.2 0.17985325
4256.3 0.18114929
4259.4 0.17436759
4262.5 0.17417881
4265.6 0.17736185
4268.7 0.18305637
4271.8 0.18163860
4274.9 0.17737402
4278.0 0.17917190
4281.1 0.17934170
4284.2 0.17801739
4287.3 0.17268021
4290.4 0.17249429
4293.5 0.17230873
4296.6 0.17371778
4299.7 0.17193852
4302.8 0.17175388
4305.9 0.17156959
4309.0 0.17563468
4312.1 0.17120191
4315.2 0.17101854
4318.3 0.17083549
4321.4 0.17319487
4324.5 0.17047028
4327.6 0.17028816
4330.7 0.17010635
4333.8 0.16992483
4336.9 0.17452155
4340.0 0.17058100
4343.1 0.17999336
4346.2 0.17048235
4349.3 0.17048626
4352.4 0.16884227
4355.5 0.16866292
4358.6 0.18071091
4361.7 0.18751258
4364.8 0.18101318
4367.9 0.19448189
4371.0 0.17983270
4374.1 0.20236196
4377.2 0.19050200
4380.3 0.17603678
4383.4 0.19592698
4386.5 0.18252748
4389.6 0.17802267
4392.7 0.17951766
4395.8 0.17385314
4398.9 0.17140543
4402.0 0.16600887
4405.1 0.16583431
4408.2 0.16822352
4411.3 0.17453869
4414.4 0.16531245
4417.5 0.16513911
4420.6 0.16496606
4423.7 0.16479328
4426.8 0.18124796
4429.9 0.16836752
4433.0 0.16427672
4436.1 0.16410515
4439.2 0.16688068
4442.3 0.16576003
4445.4 0.16359204
4448.5 0.16342166
4451.6 0.16806577
4454.7 0.17328593
4457.8 0.18289213
4460.9 0.16274275
4464.0 0.18005678
4467.1 0.16287433
4470.2 0.17055176
4473.3 0.16206847
4476.4 0.17304407
4479.5 0.16850102
4482.6 0.16816394
4485.7 0.17150907
4488.8 0.17951192
4491.9 0.17102361
4495.0 0.16089949
4498.1 0.17174561
4501.2 0.19014081
4504.3 0.16040272
4507.4 0.16023770
4510.5 0.16053304
4513.6 0.15990846
4516.7 0.15974429
4519.8 0.15958035
4522.9 0.17520888
4526.0 0.17067687
4529.1 0.15909030
4532.2 0.15892752
4535.3 0.16745383
4538.4 0.17920011
4541.5 0.15844074
4544.6 0.15977104
4547.7 0.19529225
4550.8 0.16794772
4553.9 0.16650021
4557.0 0.15763496
4560.1 0.17912529
4563.2 0.19144478
4566.3 0.18288039
4569.4 0.20115522
4572.5 0.19693244
4575.6 0.20754595
4578.7 0.18039489
4581.8 0.18718202
4584.9 0.23052916
4588.0 0.20676282
4591.1 0.19842389
4594.2 0.17960157
4597.3 0.17355874
4600.4 0.21453707
4603.5 0.20463711
4606.6 0.19797164
4609.7 0.18439566
4612.8 0.16498983
4615.9 0.18645661
4619.0 0.15447943
4622.1 0.15432444
4625.2 0.15416969
4628.3 0.15401527
4631.4 0.15386111
4634.5 0.15370715
4637.6 0.15355352
4640.7 0.15340006
4643.8 0.15324692
4646.9 0.15309402
4650.0 0.15294141
4653.1 0.15278903
4656.2 0.15263693
4659.3 0.15248507
4662.4 0.15233350
4665.5 0.15218218
4668.6 0.15203108
4671.7 0.15188026
4674.8 0.15172969
4677.9 0.15157939
4681.0 0.15142934
4684.1 0.15127954
4687.2 0.15113004
4690.3 0.15098073
4693.4 0.15083167
4696.5 0.15068287
4699.6 0.15053436
4702.7 0.15038611
4705.8 0.15023805
4708.9 0.15009028
4712.0 0.14994280
4715.1 0.14979552
4718.2 0.14964849
4721.3 0.14950173
4724.4 0.14935520
4727.5 0.14920893
4730.6 0.14906293
4733.7 0.14891720
4736.8 0.14877169
4739.9 0.14862637
4743.0 0.14848135
4746.1 0.14833659
4749.2 0.14819205
4752.3 0.14804778
4755.4 0.14790373
4758.5 0.14775996
4761.6 0.14761640
4764.7 0.14747311
4767.8 0.14733006
4770.9 0.14718728
4774.0 0.14704467
4777.1 0.14690235
4780.2 0.14676028
4783.3 0.14661843
4786.4 0.14647688
4789.5 0.14633550
4792.6 0.14619434
4795.7 0.14605352
4798.8 0.14591299
4801.9 0.14577253
4805.0 0.14563234
4808.1 0.14549248
4811.2 0.14535284
4814.3 0.14521331
4817.4 0.14507407
4820.5 0.14493532
4823.6 0.14479645
4826.7 0.14465803
4829.8 0.14451987
4832.9 0.14438187
4836.0 0.14424410
4839.1 0.14410657
4842.2 0.14396918
4845.3 0.14383227
4848.4 0.14369540
4851.5 0.14355880
4854.6 0.14342235
4857.7 0.14328627
4860.8 0.14315036
4863.9 0.14301470
4867.0 0.14287928
4870.1 0.14274415
4873.2 0.14260928
4876.3 0.14247455
4879.4 0.14234003
4882.5 0.14220580
4885.6 0.14207181
4888.7 0.14193794
4891.8 0.14180435
4894.9 0.14167117
4898.0 0.14153792
4901.1 0.14140511
4904.2 0.14127253
4907.3 0.14114007
4910.4 0.14100792
4913.5 0.14087597
4916.6 0.14074412
4919.7 0.14061274
4922.8 0.14048140
4925.9 0.14035034
4929.0 0.14021952
4932.1 0.14008898
4935.2 0.13995853
4938.3 0.13982852
4941.4 0.13969861
4944.5 0.13956895
4947.6 0.13943937
4950.7 0.13931020
4953.8 0.13918115
4956.9 0.13905233
4960.0 0.13892376
4963.1 0.13879548
4966.2 0.13866727
4969.3 0.13853948
4972.4 0.13841181
4975.5 0.13828436
4978.6 0.13815698
4981.7 0.13803004
4984.8 0.13790318
4987.9 0.13777678
4991.0 0.13765040
4994.1 0.13752417
4997.2 0.13739832
5000.3 0.13727255
5003.4 0.13714720
5006.5 0.13702194
5009.6 0.13689677
5012.7 0.13677202
5015.8 0.13664749
5018.9 0.13652311
5022.0 0.13639890
5025.1 0.13627498
5028.2 0.13615130
5031.3 0.13602769
5034.4 0.13590436
5037.5 0.13578142
5040.6 0.13565853
5043.7 0.13553576
5046.8 0.13541339
5049.9 0.13529110
5053.0 0.13516921
5056.1 0.13504742
5059.2 0.13492572
5062.3 0.13480443
5065.4 0.13468331
5068.5 0.13456236
5071.6 0.13444158
5074.7 0.13432108
5077.8 0.13420081
5080.9 0.13408065
5084.0 0.13396087
5087.1 0.13384114
5090.2 0.13372169
5093.3 0.13360247
5096.4 0.13348345
5099.5 0.13336457
5102.6 0.13324608
5105.7 0.13312764
5108.8 0.13300943
5111.9 0.13289149
5115.0 0.13277362
5118.1 0.13265614
5121.2 0.13253874
5124.3 0.13242155
5127.4 0.13230464
5130.5 0.13218795
5133.6 0.13207130
5136.7 0.13195507
5139.8 0.13183895
5142.9 0.13172300
5146.0 0.13160732
5149.1 0.13149175
5152.2 0.13137652
5155.3 0.13126136
5158.4 0.13114662
5161.5 0.13103193
5164.6 0.13091731
5167.7 0.13080312
5170.8 0.13068913
5173.9 0.13057519
5177.0 0.13046154
5180.1 0.13034809
5183.2 0.13023485
5186.3 0.13012184
5189.4 0.13000892
5192.5 0.12989624
5195.6 0.12978376
5198.7 0.12967154
5201.8 0.12955953
5204.9 0.12944776
5208.0 0.12933603
5211.1 0.12922470
5214.2 0.12911345
5217.3 0.12900242
5220.4 0.12889159
5223.5 0.12878087
5226.6 0.12867054
5229.7 0.12856022
5232.8 0.12845016
5235.9 0.12834032
5239.0 0.12823074
5242.1 0.12812133
5245.2 0.12801200
5248.3 0.12790290
5251.4 0.12779418
5254.5 0.12768550
5257.6 0.12757693
5260.7 0.12746873
5263.8 0.12736075
5266.9 0.12725279
5270.0 0.12714511
5273.1 0.12703761
5276.2 0.12693033
5279.3 0.12682331
5282.4 0.12671635
5285.5 0.12660971
5288.6 0.12650318
5291.7 0.12639686
5294.8 0.12629075
5297.9 0.12618490
5301.0 0.12607907
5304.1 0.12597361
5307.2 0.12586822
5310.3 0.12576304
5313.4 0.12565809
5316.5 0.12555337
5319.6 0.12544881
5322.7 0.12534437
5325.8 0.12524027
5328.9 0.12513623
5332.0 0.12503242
5335.1 0.12492883
5338.2 0.12482533
5341.3 0.12472214
5344.4 0.12461902
5347.5 0.12451628
5350.6 0.12441359
5353.7 0.12431111
5356.8 0.12420885
5359.9 0.12410665
5363.0 0.12400482
5366.1 0.12390306
5369.2 0.12380151
5372.3 0.12370015
5375.4 0.12359899
5378.5 0.12349805
5381.6 0.12339719
5384.7 0.12329669
5387.8 0.12319624
5390.9 0.12309597
5394.0 0.12299594
5397.1 0.12289611
5400.2 0.12279650
5403.3 0.12269694
5406.4 0.12259774
5409.5 0.12249858
5412.6 0.12239967
5415.7 0.12230093
5418.8 0.12220241
5421.9 0.12210408
5425.0 0.12200584
5428.1 0.12190779
5431.2 0.12181007
5434.3 0.12171244
5437.4 0.12161500
5440.5 0.12151760
5443.6 0.12142058
5446.7 0.12132377
5449.8 0.12122702
5452.9 0.12113042
5456.0 0.12103407
5459.1 0.12093792
5462.2 0.12084197
5465.3 0.12074605
5468.4 0.12065051
5471.5 0.12055499
5474.6 0.12045972
5477.7 0.12036461
5480.8 0.12026974
5483.9 0.12017503
5487.0 0.12008054
5490.1 0.11998612
5493.2 0.11989202
5496.3 0.11979798
5499.4 0.11970418
5502.5 0.11961053
5505.6 0.11951707
5508.7 0.11942369
5511.8 0.11933066
5514.9 0.11923769
5518.0 0.11914488
5521.1 0.11905229
5524.2 0.11895991
5527.3 0.11886768
5530.4 0.11877570
5533.5 0.11868376
5536.6 0.11859214
5539.7 0.11850058
5542.8 0.11840924
5545.9 0.11831807
5549.0 0.11822711
5552.1 0.11813620
5555.2 0.11804560
5558.3 0.11795509
5561.4 0.11786490
5564.5 0.11777474
5567.6 0.11768480
5570.7 0.11759506
5573.8 0.11750551
5576.9 0.11741602
5580.0 0.11732683
5583.1 0.11723771
5586.2 0.11714881
5589.3 0.11706005
5592.4 0.11697150
5595.5 0.11688316
5598.6 0.11679500
5601.7 0.11670689
5604.8 0.11661911
5607.9 0.11653136
5611.0 0.11644384
5614.1 0.11635650
5617.2 0.11626933
5620.3 0.11618236
5623.4 0.11609545
5626.5 0.11600887
5629.6 0.11592230
5632.7 0.11583610
5635.8 0.11574994
5638.9 0.11566397
5642.0 0.11557803
5645.1 0.11549243
5648.2 0.11540703
5651.3 0.11532164
5654.4 0.11523660
5657.5 0.11515162
5660.6 0.11506683
5663.7 0.11498221
5666.8 0.11489774
5669.9 0.11481337
5673.0 0.11472932
5676.1 0.11464532
5679.2 0.11456145
5682.3 0.11447796
5685.4 0.11439451
5688.5 0.11431123
5691.6 0.11422800
5694.7 0.11414510
5697.8 0.11406237
5700.9 0.11397969
5704.0 0.11389719
5707.1 0.11381489
5710.2 0.11373288
5713.3 0.11365081
5716.4 0.11356903
5719.5 0.11348747
5722.6 0.11340593
5725.7 0.11332469
5728.8 0.11324352
5731.9 0.11316255
5735.0 0.11308174
5738.1 0.11300112
5741.2 0.11292063
5744.3 0.11284039
5747.4 0.11276016
5750.5 0.11268026
5753.6 0.11260037
5756.7 0.11252068
5759.8 0.11244117
5762.9 0.11236185
5766.0 0.11228268
5769.1 0.11220371
5772.2 0.11212479
5775.3 0.11204616
5778.4 0.11196762
5781.5 0.11188923
5784.6 0.11181098
5787.7 0.11173296
5790.8 0.11165508
5793.9 0.11157741
5797.0 0.11149988
5800.1 0.11142242
5803.2 0.11134525
5806.3 0.11126813
5809.4 0.11119121
5812.5 0.11111443
5815.6 0.11103785
5818.7 0.11096144
5821.8 0.11088508
5824.9 0.11080898
5828.0 0.11073297
5831.1 0.11065726
5834.2 0.11058154
5837.3 0.11050606
5840.4 0.11043072
5843.5 0.11035556
5846.6 0.11028059
5849.7 0.11020564
5852.8 0.11013101
5855.9 0.11005640
5859.0 0.10998198
5862.1 0.10990784
5865.2 0.10983378
5868.3 0.10975985
5871.4 0.10968598
5874.5 0.10961241
5877.6 0.10953901
5880.7 0.10946564
5883.8 0.10939245
5886.9 0.10931959
5890.0 0.10924672
5893.1 0.10917407
5896.2 0.10910156
5899.3 0.10902918
5902.4 0.10895690
5905.5 0.10888489
5908.6 0.10881294
5911.7 0.10874126
5914.8 0.10866964
5917.9 0.10859820
5921.0 0.10852691
5924.1 0.10845576
5927.2 0.10838480
5930.3 0.10831388
5933.4 0.10824326
5936.5 0.10817266
5939.6 0.10810239
5942.7 0.10803216
5945.8 0.10796205
5948.9 0.10789213
5952.0 0.10782237
5955.1 0.10775279
5958.2 0.10768335
5961.3 0.10761400
5964.4 0.10754487
5967.5 0.10747583
5970.6 0.10740693
5973.7 0.10733820
5976.8 0.10726964
5979.9 0.10720124
5983.0 0.10713302
5986.1 0.10706495
5989.2 0.10699690
5992.3 0.10692916
5995.4 0.10686146
5998.5 0.10679404
