300.0 0.0
400.0 0.0000000
404.0 0.0000000
408.0 0.0000000
412.0 0.0000000
416.0 0.0000000
420.0 0.0000000
424.0 0.0000000
428.0 0.0000000
432.0 0.0000000
436.0 0.0000000
440.0 0.0000000
444.0 0.0000000
448.0 0.0000000
452.0 0.0000000
456.0 0.0000000
460.0 0.0000000
464.0 0.0000000
468.0 0.0000000
472.0 0.0000000
476.0 0.0000000
480.0 0.0000000
484.0 0.0000000
488.0 0.0000000
492.0 0.0000000
496.0 0.0000000
500.0 0.0000000
504.0 0.0000000
508.0 0.0000000
512.0 0.0000000
516.0 0.0000000
520.0 0.0000000
524.0 0.0000000
528.0 0.0000000
532.0 0.0000000
536.0 0.0000000
540.0 0.0000000
544.0 0.0000000
548.0 0.0000000
552.0 0.0000000
556.0 0.0000000
560.0 0.0000000
564.0 0.0000000
568.0 0.0000000
572.0 0.0000000
576.0 0.0000000
580.0 0.0000000
584.0 0.0000000
588.0 0.0000000
592.0 0.0000000
596.0 0.0000000
600.0 0.0000000
604.0 0.0000000
608.0 0.0000000
612.0 0.0000000
616.0 0.0000000
620.0 0.0000000
624.0 0.0000000
628.0 0.0000000
632.0 0.0000000
636.0 0.0000000
640.0 0.0000000
644.0 0.0000000
648.0 0.0000000
652.0 0.0000000
656.0 0.0000000
660.0 0.0000000
664.0 0.0000000
668.0 0.0000000
672.0 0.0000000
676.0 0.0000000
680.0 0.0000000
684.0 0.0000000
688.0 0.0000000
692.0 0.0000000
696.0 0.0000000
700.0 0.0000000
704.0 0.0000000
708.0 0.0000000
712.0 0.0000000
716.0 0.0000000
720.0 0.0000000
724.0 0.0000000
728.0 0.0000000
732.0 1.23151680E-02
736.0 9.84039810E-03
740.0 7.80533860E-03
744.0 6.14649104E-03
748.0 4.80388431E-03
752.0 3.72533617E-03
756.0 2.86632869E-03
760.0 2.18700478E-03
764.0 1.65499141E-03
768.0 1.24160934E-03
772.0 9.23240499E-04
776.0 6.80202502E-04
780.0 1.00401733E-02
784.0 8.21029302E-03
788.0 6.63166167E-03
792.0 5.21601038E-03
796.0 3.98979848E-03
800.0 3.29199363E-03
804.0 2.58099963E-03
808.0 1.91655906E-03
812.0 1.51886127E-03
816.0 1.21745199E-03
820.0 9.81903635E-04
824.0 0.22426604
828.0 0.20341747
832.0 0.15308136
836.0 0.11293358
840.0 9.34496149E-02
844.0 7.98631012E-02
848.0 7.00314119E-02
852.0 6.19478822E-02
856.0 5.23109324E-02
860.0 4.07605842E-02
864.0 3.53229605E-02
868.0 2.70017795E-02
872.0 2.08965950E-02
876.0 1.63544044E-02
880.0 1.32681010E-02
884.0 1.12817185E-02
888.0 9.01230983E-03
892.0 7.61568686E-03
896.0 6.46032533E-03
900.0 5.14194323E-03
904.0 3.73031618E-03
908.0 2.92094843E-03
912.0 2.14038929E-03
916.0 1.72285642E-03
920.0 1.35068782E-03
924.0 1.02193281E-03
928.0 7.90402933E-04
932.0 6.28359267E-04
936.0 4.99453803E-04
940.0 4.08532680E-04
944.0 3.19516228E-04
948.0 2.50646292E-04
952.0 1.98467184E-04
956.0 1.61210177E-04
960.0 1.33408001E-04
964.0 1.15066527E-04
968.0 1.02037986E-04
972.0 9.80853001E-05
976.0 12.967040
980.0 10.448945
984.0 9.7100210
988.0 9.6704531
992.0 9.0260162
996.0 7.1998224
1000.0 6.1941209
1004.0 5.8044453
1008.0 5.5351124
1012.0 5.1575193
1016.0 4.6930447
1020.0 4.3816500
1024.0 4.2658110
1028.0 4.2624793
1032.0 4.3167429
1036.0 4.3312325
1040.0 4.6430440
1044.0 4.7000585
1048.0 4.4830842
1052.0 4.0717068
1056.0 4.0845609
1060.0 4.0343323
1064.0 4.1175776
1068.0 4.1748791
1072.0 4.1106539
1076.0 3.9501765
1080.0 3.8853350
1084.0 3.9961362
1088.0 3.9589052
1092.0 4.0124063
1096.0 3.9483116
1100.0 4.0282297
1104.0 4.2455101
1108.0 4.4700942
1112.0 4.7839274
1116.0 4.8577213
1120.0 4.9121571
1124.0 4.4538426
1128.0 4.1464100
1132.0 3.9163065
1136.0 3.8103886
1140.0 3.7825146
1144.0 3.6013441
1148.0 3.5456843
1152.0 3.5146198
1156.0 3.4787474
1160.0 3.5312867
1164.0 3.4876854
1168.0 3.4039991
1172.0 3.4964700
1176.0 3.4266517
1180.0 3.4706156
1184.0 3.5439658
1188.0 3.5865767
1192.0 3.6639597
1196.0 3.6487873
1200.0 3.7543981
1204.0 3.8273137
1208.0 3.9099877
1212.0 4.0470185
1216.0 4.3371763
1220.0 4.7274470
1224.0 5.1746607
1228.0 5.7434363
1232.0 6.4499459
1236.0 6.8589001
1240.0 6.2092438
1244.0 5.2535286
1248.0 4.5278702
1252.0 4.1449499
1256.0 3.9477162
1260.0 3.8306057
1264.0 3.6396189
1268.0 3.6168509
1272.0 3.4985321
1276.0 3.5575995
1280.0 3.5572755
1284.0 3.5349708
1288.0 3.5636208
1292.0 3.5092587
1296.0 3.5522575
1300.0 3.5914149
1304.0 3.5871260
1308.0 3.6539230
1312.0 3.5029740
1316.0 3.4693863
1320.0 3.4147422
1324.0 3.4610038
1328.0 3.4669521
1332.0 3.4081554
1336.0 3.2268863
1340.0 3.1143389
1344.0 3.0623844
1348.0 2.9980175
1352.0 2.9950802
1356.0 2.9792483
1360.0 2.9659004
1364.0 3.0049233
1368.0 2.9878490
1372.0 3.0280724
1376.0 3.0344548
1380.0 3.0213299
1384.0 2.9791698
1388.0 3.0094039
1392.0 3.0154135
1396.0 3.0895000
1400.0 3.0324759
1404.0 2.9764960
1408.0 2.8388081
1412.0 2.8747432
1416.0 2.8812566
1420.0 2.8365221
1424.0 2.9258811
1428.0 2.9471624
1432.0 2.8634090
1436.0 2.8085337
1440.0 2.8062265
1444.0 2.8002839
1448.0 2.7931085
1452.0 2.8227272
1456.0 2.7676401
1460.0 2.7532148
1464.0 2.7827282
1468.0 2.7739472
1472.0 2.8369293
1476.0 2.8190775
1480.0 2.9953988
1484.0 2.9792695
1488.0 3.0037525
1492.0 2.9525876
1496.0 2.9533877
1500.0 2.9749012
1504.0 3.1013732
1508.0 3.3308039
1512.0 3.5379059
1516.0 3.7048516
1520.0 3.7642021
1524.0 3.9547145
1528.0 3.7753601
1532.0 3.4457657
1536.0 3.1462235
1540.0 2.9461911
1544.0 2.8501902
1548.0 2.7529297
1552.0 2.6615682
1556.0 2.5906880
1560.0 2.5672827
1564.0 2.4635620
1568.0 2.4178400
1572.0 2.3918667
1576.0 2.4081824
1580.0 2.4114952
1584.0 2.3492246
1588.0 2.3521693
1592.0 2.3579359
1596.0 2.3709581
1600.0 2.3057694
1604.0 2.3244381
1608.0 2.3721125
1612.0 2.2375789
1616.0 2.2905223
1620.0 2.2989762
1624.0 2.2767546
1628.0 2.2900524
1632.0 2.2477970
1636.0 2.2121787
1640.0 2.2676656
1644.0 2.3532250
1648.0 2.3006666
1652.0 2.3524153
1656.0 2.3266883
1660.0 2.3270319
1664.0 2.3081043
1668.0 2.3319371
1672.0 2.3194599
1676.0 2.3078957
1680.0 2.2288041
1684.0 2.1873984
1688.0 2.2105079
1692.0 2.2366724
1696.0 2.1370840
1700.0 2.2350430
1704.0 2.1523099
1708.0 2.1986344
1712.0 2.1735287
1716.0 2.2126527
1720.0 2.1033306
1724.0 2.1295736
1728.0 2.1227024
1732.0 2.1548803
1736.0 2.0436060
1740.0 2.0628891
1744.0 2.0974131
1748.0 1.9997313
1752.0 2.0323701
1756.0 1.9665579
1760.0 1.9075491
1764.0 1.9009694
1768.0 1.8944263
1772.0 1.9022992
1776.0 1.9092721
1780.0 1.9075443
1784.0 1.8764366
1788.0 1.8622521
1792.0 1.8559231
1796.0 1.8496292
1800.0 1.8682996
1804.0 1.8605649
1808.0 1.8832625
1812.0 1.8899080
1816.0 1.8844736
1820.0 1.8934867
1824.0 1.9062154
1828.0 1.9359214
1832.0 1.9744569
1836.0 1.9542820
1840.0 2.0009973
1844.0 2.0190022
1848.0 2.0309844
1852.0 2.0372658
1856.0 2.0467653
1860.0 2.0674489
1864.0 2.0729144
1868.0 2.0399797
1872.0 2.0171225
1876.0 1.9672343
1880.0 1.9575948
1884.0 1.9152025
1888.0 1.9384956
1892.0 1.9100795
1896.0 1.8932340
1900.0 1.8939563
1904.0 1.8777789
1908.0 1.8777177
1912.0 1.8773810
1916.0 1.8944232
1920.0 1.9342113
1924.0 1.9000987
1928.0 1.9638031
1932.0 2.0075576
1936.0 2.0621676
1940.0 2.0512221
1944.0 1.9883109
1948.0 1.9737170
1952.0 1.9753705
1956.0 1.9259945
1960.0 1.8857355
1964.0 1.8707163
1968.0 1.8591287
1972.0 1.8903801
1976.0 1.9244472
1980.0 1.9276751
1984.0 1.9108659
1988.0 1.9114186
1992.0 1.8951933
1996.0 1.9005827
2000.0 1.8771201
2004.0 1.8652422
2008.0 1.8633649
2012.0 1.8507856
2016.0 1.8235170
2020.0 1.7933606
2024.0 1.8062953
2028.0 1.8084946
2032.0 1.8055294
2036.0 1.7843788
2040.0 1.7668797
2044.0 1.7586474
2048.0 1.7463459
2052.0 1.7360630
2056.0 1.7177399
2060.0 1.6912041
2064.0 1.6963967
2068.0 1.6932040
2072.0 1.6711969
2076.0 1.6243066
2080.0 1.6628288
2084.0 1.6669859
2088.0 1.6536820
2092.0 1.6504698
2096.0 1.6614947
2100.0 1.6277111
2104.0 1.6252067
2108.0 1.5904903
2112.0 1.5626600
2116.0 1.4987975
2120.0 1.4891274
2124.0 1.4838927
2128.0 1.4666736
2132.0 1.5037872
2136.0 1.5229263
2140.0 1.5234509
2144.0 1.4881103
2148.0 1.5006266
2152.0 1.5045222
2156.0 1.5220728
2160.0 1.5196178
2164.0 1.5520825
2168.0 1.5943900
2172.0 1.6056126
2176.0 1.5822911
2180.0 1.6279536
2184.0 1.6468390
2188.0 1.6424572
2192.0 1.6481388
2196.0 1.7119641
2200.0 1.7510523
2204.0 1.7391021
2208.0 1.7692612
2212.0 1.7261474
2216.0 1.7664322
2220.0 1.8239729
2224.0 1.9727585
2228.0 2.1470900
2232.0 2.4191675
2236.0 2.6958075
2240.0 2.7774773
2244.0 2.6321054
2248.0 2.3275819
2252.0 2.0674968
2256.0 1.9052724
2260.0 1.8237967
2264.0 1.7591906
2268.0 1.7087280
2272.0 1.6685623
2276.0 1.6300588
2280.0 1.6160194
2284.0 1.5808794
2288.0 1.5501952
2292.0 1.5155731
2296.0 1.4950532
2300.0 1.4881921
2304.0 1.4433495
2308.0 1.4438907
2312.0 1.4058287
2316.0 1.3945081
2320.0 1.3908242
2324.0 1.3314093
2328.0 1.3493142
2332.0 1.3463871
2336.0 1.3640785
2340.0 1.3993979
2344.0 1.4104065
2348.0 1.4131349
2352.0 1.4099169
2356.0 1.4176420
2360.0 1.3962717
2364.0 1.3977033
2368.0 1.4141996
2372.0 1.3913412
2376.0 1.3940722
2380.0 1.3671099
2384.0 1.3734177
2388.0 1.3384416
2392.0 1.3141055
2396.0 1.2887694
2400.0 1.2753409
2404.0 1.2430735
2408.0 1.2288424
2412.0 1.1936113
2416.0 1.1690025
2420.0 1.1627291
2424.0 1.1721861
2428.0 1.1553799
2432.0 1.1785288
2436.0 1.1831584
2440.0 1.1853607
2444.0 1.1836889
2448.0 1.1831807
2452.0 1.2051016
2456.0 1.1911042
2460.0 1.2130810
2464.0 1.2102146
2468.0 1.2039202
2472.0 1.1893244
2476.0 1.1999354
2480.0 1.1899905
2484.0 1.2138313
2488.0 1.2430640
2492.0 1.2448540
2496.0 1.2930508
2500.0 1.3019174
2504.0 1.2997801
2508.0 1.2804135
2512.0 1.2776349
2516.0 1.2290932
2520.0 1.2548349
2524.0 1.2410067
2528.0 1.2371938
2532.0 1.2511790
2536.0 1.2826445
2540.0 1.2823653
2544.0 1.2968764
2548.0 1.3034239
2552.0 1.3119895
2556.0 1.2975798
2560.0 1.3023319
2564.0 1.2814493
2568.0 1.2943971
2572.0 1.2769240
2576.0 1.2375656
2580.0 1.2366393
2584.0 1.2503817
2588.0 1.2160307
2592.0 1.2127626
2596.0 1.2122781
2600.0 1.2101674
2604.0 1.2279692
2608.0 1.2211651
2612.0 1.1990930
2616.0 1.1953752
2620.0 1.2180432
2624.0 1.2143586
2628.0 1.2046976
2632.0 1.2253745
2636.0 1.1893656
2640.0 1.1733053
2644.0 1.1562729
2648.0 1.1438347
2652.0 1.1339563
2656.0 1.1093369
2660.0 1.1037073
2664.0 1.1154747
2668.0 1.1241363
2672.0 1.1373259
2676.0 1.1715217
2680.0 1.1304183
2684.0 1.1134543
2688.0 1.1053574
2692.0 1.0989020
2696.0 1.0849268
2700.0 1.1094570
2704.0 1.1042211
2708.0 1.1108420
2712.0 1.0992910
2716.0 1.1015058
2720.0 1.1009443
2724.0 1.1249413
2728.0 1.1303418
2732.0 1.1482561
2736.0 1.1842642
2740.0 1.2311494
2744.0 1.1718123
2748.0 1.1260412
2752.0 1.1312559
2756.0 1.1126786
2760.0 1.0709183
2764.0 1.0817441
2768.0 1.0836908
2772.0 1.0524542
2776.0 1.0442102
2780.0 1.0199239
2784.0 1.0044173
2788.0 1.0302814
2792.0 1.0262897
2796.0 1.0106934
2800.0 1.0293945
2804.0 1.0025326
2808.0 0.98537821
2812.0 0.98393631
2816.0 0.96636349
2820.0 0.94935548
2824.0 0.93008262
2828.0 0.94080496
2832.0 0.93754333
2836.0 0.90949965
2840.0 0.91655105
2844.0 0.93035424
2848.0 0.93558145
2852.0 0.91696095
2856.0 0.93278074
2860.0 0.95502770
2864.0 0.93614817
2868.0 0.95554042
2872.0 0.92721027
2876.0 0.92845958
2880.0 0.91379017
2884.0 0.92463762
2888.0 0.92913824
2892.0 0.90995097
2896.0 0.93422669
2900.0 0.91757959
2904.0 0.90853149
2908.0 0.91559589
2912.0 0.89487904
2916.0 0.90378553
2920.0 0.89570415
2924.0 0.90075797
2928.0 0.90580094
2932.0 0.89277577
2936.0 0.88424551
2940.0 0.88089931
2944.0 0.87597972
2948.0 0.86981231
2952.0 0.86954129
2956.0 0.88083303
2960.0 0.87869626
2964.0 0.87700808
2968.0 0.85938734
2972.0 0.86180544
2976.0 0.89719117
2980.0 1.0103467
2984.0 1.0486155
2988.0 0.88541818
2992.0 0.85327244
2996.0 0.85233629
3000.0 0.84145510
3004.0 0.87088752
3008.0 0.84579015
3012.0 0.82649678
3016.0 0.83148873
3020.0 0.82136637
3024.0 0.80984241
3028.0 0.80065447
3032.0 0.79008752
3036.0 0.74653596
3040.0 0.75800502
3044.0 0.74317133
3048.0 0.77498043
3052.0 0.77247846
3056.0 0.76357198
3060.0 0.75535619
3064.0 0.74916798
3068.0 0.76770055
3072.0 0.75141031
3076.0 0.76336288
3080.0 0.77436101
3084.0 0.78651720
3088.0 0.81714094
3092.0 0.87882900
3096.0 0.91475737
3100.0 0.82149374
3104.0 0.76709062
3108.0 0.79395908
3112.0 0.79969609
3116.0 0.75740266
3120.0 0.74063843
3124.0 0.74116307
3128.0 0.72759688
3132.0 0.72275162
3136.0 0.70880544
3140.0 0.68777221
3144.0 0.66454738
3148.0 0.65943086
3152.0 0.67899871
3156.0 0.69874501
3160.0 0.70024407
3164.0 0.70755708
3168.0 0.72447526
3172.0 0.72455448
3176.0 0.71957266
3180.0 0.69511223
3184.0 0.69754165
3188.0 0.69341695
3192.0 0.66418099
3196.0 0.67218530
3200.0 0.64919841
3204.0 0.64877951
3208.0 0.63710457
3212.0 0.65052968
3216.0 0.65835023
3220.0 0.64591879
3224.0 0.62520546
3228.0 0.62411213
3232.0 0.62079859
3236.0 0.61307395
3240.0 0.63129127
3244.0 0.61761081
3248.0 0.63305438
3252.0 0.64521295
3256.0 0.68408608
3260.0 0.67309880
3264.0 0.66870201
3268.0 0.69779181
3272.0 0.70709926
3276.0 0.73129207
3280.0 0.77712935
3284.0 0.75390464
3288.0 0.71576786
3292.0 0.71174002
3296.0 0.67949116
3300.0 0.66208899
3304.0 0.65478748
3308.0 0.64342630
3312.0 0.62156981
3316.0 0.59728682
3320.0 0.58997202
3324.0 0.59236801
3328.0 0.60838348
3332.0 0.60313261
3336.0 0.59885317
3340.0 0.61167383
3344.0 0.59020191
3348.0 0.58238989
3352.0 0.59275174
3356.0 0.57883090
3360.0 0.57224053
3364.0 0.57099396
3368.0 0.56975144
3372.0 0.57200325
3376.0 0.57637417
3380.0 0.57338405
3384.0 0.57089776
3388.0 0.60244203
3392.0 0.59844744
3396.0 0.60719258
3400.0 0.59600592
3404.0 0.58129454
3408.0 0.57164413
3412.0 0.59690583
3416.0 0.59617662
3420.0 0.59156299
3424.0 0.61853695
3428.0 0.60176039
3432.0 0.62085474
3436.0 0.65426433
3440.0 0.64259171
3444.0 0.65536839
3448.0 0.66700041
3452.0 0.69390649
3456.0 0.73748940
3460.0 0.74521220
3464.0 0.78602624
3468.0 0.85031259
3472.0 0.88133776
3476.0 0.88461041
3480.0 0.82210231
3484.0 0.80699146
3488.0 0.79847920
3492.0 0.75932825
3496.0 0.72458220
3500.0 0.66323090
3504.0 0.64905143
3508.0 0.62289190
3512.0 0.60999376
3516.0 0.62513095
3520.0 0.60776561
3524.0 0.59711593
3528.0 0.59741443
3532.0 0.58315241
3536.0 0.57874143
3540.0 0.57543361
3544.0 0.53963542
3548.0 0.55781752
3552.0 0.55467254
3556.0 0.56851965
3560.0 0.55591238
3564.0 0.55320072
3568.0 0.57782400
3572.0 0.58587962
3576.0 0.60768390
3580.0 0.59858114
3584.0 0.59372175
3588.0 0.57115990
3592.0 0.60230374
3596.0 0.60334027
3600.0 0.60674995
3604.0 0.60209346
3608.0 0.62443972
3612.0 0.65070581
3616.0 0.64570057
3620.0 0.61891240
3624.0 0.60397476
3628.0 0.58904260
3632.0 0.59284383
3636.0 0.63615227
3640.0 0.61855125
3644.0 0.61069411
3648.0 0.63403875
3652.0 0.62839508
3656.0 0.58164918
3660.0 0.61268687
3664.0 0.63670832
3668.0 0.60901183
3672.0 0.59708595
3676.0 0.60620147
3680.0 0.58326697
3684.0 0.56939363
3688.0 0.57095391
3692.0 0.58883655
3696.0 0.60988474
3700.0 0.60919595
3704.0 0.59670770
3708.0 0.60380834
3712.0 0.58549786
3716.0 0.59490514
3720.0 0.57660103
3724.0 0.60649133
3728.0 0.57051373
3732.0 0.58870739
3736.0 0.56387866
3740.0 0.56883311
3744.0 0.57292587
3748.0 0.59146297
3752.0 0.53915447
3756.0 0.53769451
3760.0 0.50524014
3764.0 0.49857658
3768.0 0.49132448
3772.0 0.50304997
3776.0 0.50111824
3780.0 0.49933612
3784.0 0.49009901
3788.0 0.49724346
3792.0 0.50206953
3796.0 0.49124521
3800.0 0.47449353
3804.0 0.47844458
3808.0 0.48011452
3812.0 0.47733387
3816.0 0.48448840
3820.0 0.49035880
3824.0 0.49891216
3828.0 0.49673885
3832.0 0.49254546
3836.0 0.50184190
3840.0 0.51594585
3844.0 0.51598227
3848.0 0.52042186
3852.0 0.53959751
3856.0 0.57107639
3860.0 0.57341659
3864.0 0.61596954
3868.0 0.62129730
3872.0 0.64170909
3876.0 0.68926078
3880.0 0.71722770
3884.0 0.80198121
3888.0 0.87428713
3892.0 0.84618151
3896.0 0.78885436
3900.0 0.73215282
3904.0 0.69220829
3908.0 0.65743309
3912.0 0.61368757
3916.0 0.60240686
3920.0 0.59610981
3924.0 0.57504570
3928.0 0.54268700
3932.0 0.55857450
3936.0 0.54006314
3940.0 0.53149408
3944.0 0.52223742
3948.0 0.50790954
3952.0 0.50209922
3956.0 0.51488042
3960.0 0.51471269
3964.0 0.60703331
3968.0 0.66322410
3972.0 0.55409026
3976.0 0.49184644
3980.0 0.47857323
3984.0 0.47430506
3988.0 0.46239629
3992.0 0.49220645
3996.0 0.53744400
4000.0 0.65278381
4004.0 0.91918230
4008.0 0.91656733
4012.0 0.61602688
4016.0 0.51832324
4020.0 0.48702824
4024.0 0.47340280
4028.0 0.46199524
4032.0 0.45288423
4036.0 0.45293981
4040.0 0.44949746
4044.0 0.44989643
4048.0 0.44904786
4052.0 0.44148493
4056.0 0.43634441
4060.0 0.43610665
4064.0 0.41920784
4068.0 0.41037166
4072.0 0.42818052
4076.0 0.42410919
4080.0 0.42915478
4084.0 0.41164050
4088.0 0.41478559
4092.0 0.40878397
4096.0 0.42283401
4100.0 0.41519165
4104.0 0.40429002
4108.0 0.41334724
4112.0 0.41056082
4116.0 0.42285362
4120.0 0.42483366
4124.0 0.44163460
4128.0 0.45095828
4132.0 0.44438654
4136.0 0.43132624
4140.0 0.45007864
4144.0 0.43124431
4148.0 0.42034522
4152.0 0.42097849
4156.0 0.44451436
4160.0 0.43599242
4164.0 0.41283050
4168.0 0.41804311
4172.0 0.42168453
4176.0 0.42855865
4180.0 0.42140469
4184.0 0.42520007
4188.0 0.42332816
4192.0 0.42545605
4196.0 0.40973213
4200.0 0.41647613
4204.0 0.42979103
4208.0 0.40893790
4212.0 0.42029154
4216.0 0.42178729
4220.0 0.41849491
4224.0 0.41889495
4228.0 0.42171451
4232.0 0.41876411
4236.0 0.43466103
4240.0 0.41474167
4244.0 0.40582573
4248.0 0.44356808
4252.0 0.41385603
4256.0 0.43290240
4260.0 0.42176476
4264.0 0.40901110
4268.0 0.40302819
4272.0 0.39825881
4276.0 0.40999475
4280.0 0.38837618
4284.0 0.39162207
4288.0 0.39542115
4292.0 0.39095029
4296.0 0.37241477
4300.0 0.37905905
4304.0 0.38801289
4308.0 0.38700432
4312.0 0.37505367
4316.0 0.37624949
4320.0 0.37290224
4324.0 0.36550519
4328.0 0.37261787
4332.0 0.38000897
4336.0 0.37726521
4340.0 0.36787447
4344.0 0.36234817
4348.0 0.35676655
4352.0 0.36896190
4356.0 0.35556674
4360.0 0.37941000
4364.0 0.35744852
4368.0 0.35889858
4372.0 0.35318577
4376.0 0.35259441
4380.0 0.35200456
4384.0 0.35141620
4388.0 0.35928300
4392.0 0.36066788
4396.0 0.36877903
4400.0 0.35960349
4404.0 0.36049893
4408.0 0.34791806
4412.0 0.34734020
4416.0 0.35705429
4420.0 0.36743912
4424.0 0.36105332
4428.0 0.35207295
4432.0 0.36575064
4436.0 0.37143344
4440.0 0.35263264
4444.0 0.35645682
4448.0 0.34220636
4452.0 0.34164318
4456.0 0.34835190
4460.0 0.34245068
4464.0 0.37420136
4468.0 0.35707620
4472.0 0.34718305
4476.0 0.38745168
4480.0 0.38213623
4484.0 0.36472371
4488.0 0.35790896
4492.0 0.34155127
4496.0 0.34094000
4500.0 0.33499560
4504.0 0.34581557
4508.0 0.33390716
4512.0 0.33539197
4516.0 0.33282423
4520.0 0.33539784
4524.0 0.33174664
4528.0 0.33345583
4532.0 0.33209884
4536.0 0.33014038
4540.0 0.34150136
4544.0 0.33631876
4548.0 0.32854638
4552.0 0.32801759
4556.0 0.32749021
4560.0 0.32696411
4564.0 0.32643929
4568.0 0.32591584
4572.0 0.32539365
4576.0 0.33197168
4580.0 0.32435313
4584.0 0.32477486
4588.0 0.32331780
4592.0 0.32466596
4596.0 0.32239586
4600.0 0.32177424
4604.0 0.32478905
4608.0 0.32921243
4612.0 0.33067867
4616.0 0.32749426
4620.0 0.32683465
4624.0 0.32579204
4628.0 0.32119846
4632.0 0.32374680
4636.0 0.32153168
4640.0 0.32081363
4644.0 0.32785738
4648.0 0.34211785
4652.0 0.32523537
4656.0 0.33641440
4660.0 0.32981205
4664.0 0.33990881
4668.0 0.33184436
4672.0 0.34251085
4676.0 0.33694556
4680.0 0.33838186
4684.0 0.34812239
4688.0 0.33958286
4692.0 0.34597173
4696.0 0.35728303
4700.0 0.38457102
4704.0 0.37566882
4708.0 0.36831647
4712.0 0.37021554
4716.0 0.33748978
4720.0 0.33174336
4724.0 0.34709591
4728.0 0.34086284
4732.0 0.32890898
4736.0 0.33060545
4740.0 0.33233562
4744.0 0.33268249
4748.0 0.32673779
4752.0 0.33309901
4756.0 0.33985895
4760.0 0.31886575
4764.0 0.32218894
4768.0 0.31989089
4772.0 0.33006990
4776.0 0.31130868
4780.0 0.31456974
4784.0 0.31363863
4788.0 0.31244096
4792.0 0.31461293
4796.0 0.31391534
4800.0 0.31307527
4804.0 0.31583944
4808.0 0.31066298
4812.0 0.30800590
4816.0 0.30253479
4820.0 0.30222142
4824.0 0.29722986
4828.0 0.30293882
4832.0 0.30352938
4836.0 0.30695966
4840.0 0.30938151
4844.0 0.29753229
4848.0 0.30386370
4852.0 0.31292495
4856.0 0.30921286
4860.0 0.31223217
4864.0 0.31786418
4868.0 0.31259480
4872.0 0.31485036
4876.0 0.30856577
4880.0 0.32401189
4884.0 0.29786924
4888.0 0.28791034
4892.0 0.29222044
4896.0 0.28826398
4900.0 0.28977031
4904.0 0.29012215
4908.0 0.29576880
4912.0 0.30118555
4916.0 0.28745928
4920.0 0.29548958
4924.0 0.30343005
4928.0 0.29220030
4932.0 0.28727582
4936.0 0.28280735
4940.0 0.28238851
4944.0 0.28353605
4948.0 0.30022269
4952.0 0.28599137
4956.0 0.28762919
4960.0 0.28030863
4964.0 0.28096464
4968.0 0.28067565
4972.0 0.28519201
4976.0 0.28226703
4980.0 0.28865597
4984.0 0.28957632
4988.0 0.28295678
4992.0 0.28096423
4996.0 0.28049687
5000.0 0.28853968
5004.0 0.28669125
5008.0 0.28059411
5012.0 0.27851218
5016.0 0.27632254
5020.0 0.27494544
5024.0 0.27717850
5028.0 0.27955607
5032.0 0.28874594
5036.0 0.29266825
5040.0 0.29815871
5044.0 0.30758989
5048.0 0.29524660
5052.0 0.28073540
5056.0 0.28160936
5060.0 0.27865884
5064.0 0.27427214
5068.0 0.27850863
5072.0 0.28675315
5076.0 0.28972724
5080.0 0.28066948
5084.0 0.28281525
5088.0 0.28700393
5092.0 0.29214442
5096.0 0.29653326
5100.0 0.28188121
5104.0 0.28463134
5108.0 0.28987175
5112.0 0.29069614
5116.0 0.28447494
5120.0 0.28392887
5124.0 0.28810328
5128.0 0.28779820
5132.0 0.28462106
5136.0 0.29156938
5140.0 0.28854281
5144.0 0.29257464
5148.0 0.29953453
5152.0 0.29530850
5156.0 0.30386227
5160.0 0.29895192
5164.0 0.31920844
5168.0 0.32152206
5172.0 0.32989010
5176.0 0.33912438
5180.0 0.33769840
5184.0 0.34454522
5188.0 0.36381692
5192.0 0.36577898
5196.0 0.38165522
5200.0 0.39922273
5204.0 0.42365718
5208.0 0.45195121
5212.0 0.48609751
5216.0 0.53314847
5220.0 0.59192169
5224.0 0.66385484
5228.0 0.74860513
5232.0 0.87755316
5236.0 1.0309012
5240.0 1.2240316
5244.0 1.4187357
5248.0 1.6685915
5252.0 1.7145027
5256.0 1.4659641
5260.0 1.2199395
5264.0 1.1097120
5268.0 1.0450321
5272.0 0.90483189
5276.0 0.76321006
5280.0 0.68745530
5284.0 0.62694883
5288.0 0.57163626
5292.0 0.52947897
5296.0 0.50366694
5300.0 0.47149879
5304.0 0.43892238
5308.0 0.41185254
5312.0 0.38466904
5316.0 0.36142540
5320.0 0.35403740
5324.0 0.34670699
5328.0 0.32921878
5332.0 0.32703981
5336.0 0.32085186
5340.0 0.32116216
5344.0 0.32676548
5348.0 0.32579562
5352.0 0.31895834
5356.0 0.30856305
5360.0 0.32391846
5364.0 0.33218598
5368.0 0.33889455
5372.0 0.37313968
5376.0 0.37114602
5380.0 0.34594420
5384.0 0.34936821
5388.0 0.35352775
5392.0 0.34331205
5396.0 0.31678274
5400.0 0.29096499
5404.0 0.28805992
5408.0 0.28071737
5412.0 0.27215326
5416.0 0.27040556
5420.0 0.26282325
5424.0 0.25120449
5428.0 0.24976788
5432.0 0.25095212
5436.0 0.25047022
5440.0 0.23875564
5444.0 0.23648274
5448.0 0.23616728
5452.0 0.24368857
5456.0 0.25324050
5460.0 0.24316941
5464.0 0.23959294
5468.0 0.23885140
5472.0 0.23428451
5476.0 0.23397316
5480.0 0.23366246
5484.0 0.24939546
5488.0 0.23985392
5492.0 0.24152413
5496.0 0.23242621
5500.0 0.23211874
5504.0 0.23630390
5508.0 0.24383245
5512.0 0.24188611
5516.0 0.23615059
5520.0 0.23848735
5524.0 0.23865652
5528.0 0.23683791
5532.0 0.22968267
5536.0 0.22938101
5540.0 0.22908002
5544.0 0.23089878
5548.0 0.22847994
5552.0 0.22818084
5556.0 0.22788240
5560.0 0.23322698
5564.0 0.22728735
5568.0 0.22699074
5572.0 0.22669479
5576.0 0.22977202
5580.0 0.22610469
5584.0 0.22581060
5588.0 0.22551711
5592.0 0.22522423
5596.0 0.23126334
5600.0 0.22598934
5604.0 0.23840398
5608.0 0.22575447
5612.0 0.22570767
5616.0 0.22347982
5620.0 0.22319120
5624.0 0.23907952
5628.0 0.24802133
5632.0 0.23936994
5636.0 0.25712219
5640.0 0.23770054
5644.0 0.26741862
5648.0 0.25168869
5652.0 0.23252471
5656.0 0.25873885
5660.0 0.24098918
5664.0 0.23498848
5668.0 0.23690848
5672.0 0.22938144
5676.0 0.22610116
5680.0 0.21893342
5684.0 0.21865425
5688.0 0.22175485
5692.0 0.23002821
5696.0 0.21782023
5700.0 0.21754341
5704.0 0.21726713
5708.0 0.21699142
5712.0 0.23860522
5716.0 0.22159964
5720.0 0.21616770
5724.0 0.21589431
5728.0 0.21949740
5732.0 0.21797548
5736.0 0.21507733
5740.0 0.21480621
5744.0 0.22086222
5748.0 0.22767246
5752.0 0.24024117
5756.0 0.21372701
5760.0 0.23641373
5764.0 0.21380679
5768.0 0.22383645
5772.0 0.21265669
5776.0 0.22700912
5780.0 0.22100154
5784.0 0.22051187
5788.0 0.22484988
5792.0 0.23529105
5796.0 0.22411709
5800.0 0.21080478
5804.0 0.22496681
5808.0 0.24900913
5812.0 0.21001917
5816.0 0.20975840
5820.0 0.21010031
5824.0 0.20923840
5828.0 0.20897922
5832.0 0.20872054
5836.0 0.22911313
5840.0 0.22313967
5844.0 0.20794773
5848.0 0.20769119
5852.0 0.21878761
5856.0 0.23408560
5860.0 0.20692463
5864.0 0.20861833
5868.0 0.25494623
5872.0 0.21920326
5876.0 0.21726869
5880.0 0.20565747
5884.0 0.23364612
5888.0 0.24966349
5892.0 0.23844521
5896.0 0.26221824
5900.0 0.25666052
5904.0 0.27043721
5908.0 0.23501030
5912.0 0.24380213
5916.0 0.30019951
5920.0 0.26919529
5924.0 0.25828546
5928.0 0.23373689
5932.0 0.22582653
5936.0 0.27908865
5940.0 0.26615572
5944.0 0.25743407
5948.0 0.23973173
5952.0 0.21445881
5956.0 0.24231294
5960.0 0.20071584
5964.0 0.20047396
5968.0 0.20023257
5972.0 0.19999173
5976.0 0.19975136
5980.0 0.19951142
5984.0 0.19927207
5988.0 0.19903308
5992.0 0.19879463
5996.0 0.19855665
6000.0 0.19831918
