300.0 0.0
315.0 0.0000000
318.15 0.0000000
321.3 0.0000000
324.45 0.0000000
327.6 0.0000000
330.75 0.0000000
333.9 0.0000000
337.05 0.0000000
340.2 0.0000000
343.35 0.0000000
346.5 0.0000000
349.65 0.0000000
352.8 0.0000000
355.95 0.0000000
359.1 0.0000000
362.25 0.0000000
365.4 0.0000000
368.55 0.0000000
371.7 0.0000000
374.85 0.0000000
378.0 0.0000000
381.15 0.0000000
384.3 0.0000000
387.45 0.0000000
390.6 0.0000000
393.75 0.0000000
396.9 0.0000000
400.05 0.0000000
403.2 0.0000000
406.35002 0.0000000
409.50002 0.0000000
412.65 0.0000000
415.8 0.0000000
418.95 0.0000000
422.1 0.0000000
425.25 0.0000000
428.4 0.0000000
431.55 0.0000000
434.7 0.0000000
437.85 0.0000000
441.0 0.0000000
444.15 0.0000000
447.3 0.0000000
450.45 0.0000000
453.6 0.0000000
456.75 0.0000000
459.9 0.0000000
463.05 0.0000000
466.2 0.0000000
469.35 0.0000000
472.5 0.0000000
475.65 0.0000000
478.8 0.0000000
481.95 0.0000000
485.1 0.0000000
488.25 0.0000000
491.4 0.0000000
494.55 0.0000000
497.7 0.0000000
500.85 0.0000000
504.0 0.0000000
507.15 0.0000000
510.3 0.0000000
513.45 0.0000000
516.6 0.0000000
519.75 0.0000000
522.9 0.0000000
526.05 0.0000000
529.2 0.0000000
532.35 0.0000000
535.5 0.0000000
538.65 0.0000000
541.8 0.0000000
544.95 0.0000000
548.1 0.0000000
551.25 0.0000000
554.4 0.0000000
557.55 0.0000000
560.7 0.0000000
563.85 0.0000000
567.0 0.0000000
570.15 0.0000000
573.3 0.0000000
576.45 0.43968782
579.6 0.42233038
582.75 0.40535009
585.9 0.38873148
589.05 0.37250122
592.2 0.35666722
595.35 0.34123105
598.5 0.32620525
601.65 0.31159347
604.8 0.29739103
607.95 0.28359321
611.1 0.27019715
614.25 0.44464210
617.4 0.42807034
620.55 0.41184175
623.7 0.39597708
626.85 0.38048261
630.0 0.40072995
633.15 0.40300030
636.3 0.38632092
639.45 0.39882085
642.6 0.42027241
645.75 0.44980589
648.9 1.2487003
652.05 1.2670190
655.2 1.0705637
658.35 0.89020914
661.5 0.83381921
664.65 0.80993640
667.8 0.81068283
670.95 0.82230276
674.1 0.79982114
677.25 0.72116321
680.4 0.72673172
683.55 0.64909071
686.7 0.58983195
689.85 0.54496884
693.0 0.52471739
696.15 0.53236163
699.3 0.51038355
702.45 0.52055144
705.6 0.53603923
708.75 0.52116740
711.9 0.46474591
715.05 0.45011967
718.2 0.41071337
721.35 0.41441751
724.5 0.41000986
727.65 0.39432895
730.8 0.39052206
733.95 0.40041089
737.1 0.41368639
740.25 0.44327652
743.4 0.45770404
746.55 0.47802234
749.7 0.50824672
752.85 0.55898333
756.0 0.63195378
759.15 0.75145692
762.3 0.92693102
765.45 1.2513622
768.6 6.6950665
771.75 5.4059300
774.9 5.0337791
778.05 5.0233197
781.2 4.6979036
784.35 3.7547910
787.5 3.2366347
790.65 3.0389166
793.8 2.9034908
796.95 2.7106090
800.1 2.4711816
803.25 2.3115625
806.4 2.2546732
809.55005 2.2570975
812.70005 2.2900457
815.85005 2.3019481
819.00005 2.4721498
822.15 2.5070283
825.3 2.3955700
828.45 2.1796186
831.6 2.1903694
834.75 2.1672232
837.9 2.2157960
841.05 2.2505147
844.2 2.2196929
847.35 2.1366751
850.5 2.1051569
853.65 2.1688240
856.8 2.1522024
859.95 2.1849067
863.1 2.1535425
866.25 2.2007170
869.4 2.3231897
872.55 2.4500272
875.7 2.6262326
878.85 2.6709821
882.0 2.7051780
885.15 2.4566250
888.3 2.2906158
891.45 2.1668453
894.6 2.1114821
897.75 2.0992355
900.9 2.0017195
904.05 1.9737506
907.2 1.9593858
910.35 1.9422693
913.5 1.9745158
916.65 1.9529969
919.8 1.9089135
922.95 1.9636089
926.1 1.9271671
929.25 1.9546829
932.4 1.9988292
935.55 2.0257168
938.7 2.0723243
941.85 2.0666187
945.0 2.1293790
948.15 2.1737204
951.3 2.2237101
954.45 2.3047700
957.6 2.4733481
960.75 2.6995232
963.9 2.9588358
967.05 3.2884085
970.2 3.6977832
973.35 3.9373851
976.5 3.5690820
979.65 3.0236387
982.8 2.6093383
985.95 2.3917174
989.1 2.2808015
992.25 2.2159321
995.4 2.1080899
998.55 2.0975137
1001.7 2.0314112
1004.85 2.0682528
1008.0 2.0705957
1011.15 2.0601177
1014.3 2.0793266
1017.45 2.0500696
1020.6 2.0776703
1023.75 2.1030703
1026.9 2.1030405
1030.05 2.1447189
1033.2 2.0585191
1036.35 2.0411487
1039.5 2.0113199
1042.65 2.0409083
1045.8 2.0467491
1048.95 2.0143218
1052.1 1.9093381
1055.25 1.8448117
1058.4 1.8160596
1061.55 1.7798613
1064.7 1.7800789
1067.85 1.7726120
1071.0 1.7665948
1074.15 1.7917798
1077.3 1.7835202
1080.45 1.8094693
1083.6 1.8152175
1086.75 1.8092842
1089.9 1.7859194
1093.05 1.8059366
1096.2 1.8114314
1099.35 1.8578634
1102.5 1.8254542
1105.65 1.7935954
1108.8 1.7123731
1111.95 1.7358103
1115.1 1.7415010
1118.25 1.7161844
1121.4 1.7720195
1124.55 1.7866820
1127.7 1.7376240
1130.85 1.7060001
1134.0 1.7062659
1137.15 1.7043095
1140.3 1.7015880
1143.45 1.7212886
1146.6 1.6893133
1149.75 1.6821097
1152.9 1.7017533
1156.05 1.6979834
1159.2 1.7381645
1162.35 1.7288392
1165.5 1.8386769
1168.65 1.8304656
1171.8 1.8472043
1174.95 1.8174003
1178.1 1.8195461
1181.25 1.8344594
1184.4 1.9141705
1187.55 2.0576177
1190.7 2.1875041
1193.85 2.2927592
1197.0 2.3315446
1200.15 2.4517000
1203.3 2.3425550
1206.45 2.1399062
1209.6 1.9555738
1212.75 1.8328179
1215.9 1.7746146
1219.05 1.7155190
1222.2 1.6599928
1225.35 1.6171494
1228.5 1.6038860
1231.65 1.5412173
1234.8 1.5146964
1237.95 1.5004764
1241.1 1.5127687
1244.25 1.5169008
1247.4 1.4797213
1250.55 1.4835608
1253.7 1.4891794
1256.85 1.4993882
1260.0 1.4600848
1263.15 1.4738361
1266.3 1.5060260
1269.45 1.4224545
1272.6 1.4579899
1275.75 1.4652491
1278.9 1.4529384
1282.05 1.4632800
1285.2 1.4380940
1288.35 1.4170847
1291.5 1.4544441
1294.65 1.5111969
1297.8 1.4792721
1300.95 1.5144055
1304.1 1.4996773
1307.25 1.5017247
1310.4 1.4913144
1313.55 1.5085288
1316.7 1.5022557
1319.85 1.4965492
1323.0 1.4469773
1326.15 1.4217725
1329.3 1.4384800
1332.45 1.4572073
1335.6 1.3939435
1338.75 1.4595255
1341.9 1.4071163
1345.05 1.4390478
1348.2 1.4242367
1351.35 1.4515169
1354.5 1.3813571
1357.65 1.4001619
1360.8 1.3972024
1363.95 1.4199588
1367.1 1.3481231
1370.25 1.3623412
1373.4 1.3866574
1376.55 1.3235173
1379.7 1.3465776
1382.85 1.3043783
1386.0 1.2665973
1389.15 1.2635765
1392.3 1.2605658
1395.45 1.2671435
1398.6 1.2731272
1401.75 1.2733079
1404.9 1.2538486
1408.05 1.2456616
1411.2 1.2427100
1414.35 1.2397687
1417.5 1.2535634
1420.65 1.2496444
1423.8 1.2661706
1426.95 1.2719195
1430.1 1.2695348
1433.25 1.2768812
1436.4 1.2867423
1439.55 1.3080872
1442.7 1.3354390
1445.85 1.3230889
1449.0 1.3560375
1452.15 1.3695680
1455.3 1.3790269
1458.45 1.3846228
1461.6 1.3924110
1464.75 1.4078220
1467.9 1.4128828
1471.05 1.3917481
1474.2 1.3774475
1477.35 1.3446364
1480.5 1.3392942
1483.65 1.3115060
1486.8 1.3286819
1489.95 1.3104076
1493.1 1.3000382
1496.25 1.3017181
1499.4 1.2917690
1502.55 1.2928922
1505.7 1.2938216
1508.85 1.3067335
1512.0 1.3353661
1515.15 1.3129772
1518.3 1.3581945
1521.45 1.3896749
1524.6 1.4287248
1527.75 1.4223788
1530.9 1.3799485
1534.05 1.3710020
1537.2 1.3733288
1540.35 1.3401464
1543.5 1.3132505
1546.65 1.3038954
1549.8 1.2969124
1552.95 1.3198212
1556.1 1.3447304
1559.25 1.3481079
1562.4 1.3374606
1565.55 1.3389519
1568.7 1.3286779
1571.85 1.3335470
1575.0 1.3181579
1578.15 1.3108803
1581.3 1.3106192
1584.45 1.3028191
1587.6 1.2846524
1590.75 1.2644155
1593.9 1.2745473
1597.05 1.2771086
1600.2 1.2760191
1603.35 1.2620602
1606.5 1.2506598
1609.65 1.2458007
1612.8 1.2380451
1615.9501 1.2317044
1619.1001 1.2196405
1622.2501 1.2017176
1625.4001 1.2063259
1628.5501 1.2049685
1631.7001 1.1902058
1634.8501 1.1576812
1638.0001 1.1860247
1641.15 1.1898766
1644.3 1.1812575
1647.45 1.1798353
1650.6 1.1885920
1653.75 1.1652784
1656.9 1.1643357
1660.05 1.1402935
1663.2 1.1211531
1666.35 1.0761102
1669.5 1.0699362
1672.65 1.0669383
1675.8 1.0553095
1678.95 1.0827824
1682.1 1.0973392
1685.25 1.0984908
1688.4 1.0737612
1691.55 1.0835491
1694.7 1.0871187
1697.85 1.1005628
1701.0 1.0995464
1704.15 1.1238098
1707.3 1.1552340
1710.45 1.1641592
1713.6 1.1480299
1716.75 1.1819602
1719.9 1.1964781
1723.05 1.1940960
1726.2 1.1990287
1729.35 1.2462922
1732.5 1.2755942
1735.65 1.2677268
1738.8 1.2905610
1741.95 1.2599382
1745.1 1.2901856
1748.25 1.3330799
1751.4 1.4427575
1754.55 1.5712680
1757.7 1.7715172
1760.85 1.9753619
1764.0 2.0365052
1767.15 1.9311432
1770.3 1.7088004
1773.45 1.5188169
1776.6 1.4005244
1779.75 1.3414733
1782.9 1.2947606
1786.05 1.2584023
1789.2 1.2295835
1792.35 1.2019507
1795.5 1.1923313
1798.65 1.1671184
1801.8 1.1451638
1804.95 1.1202685
1808.1 1.1057696
1811.25 1.1013592
1814.4 1.0688149
1817.55 1.0698559
1820.7 1.0422752
1823.85 1.0344965
1827.0 1.0323750
1830.15 0.98885584
1833.3 1.0027431
1836.45 1.0011537
1839.6 1.0149007
1842.75 1.0417843
1845.9 1.0505877
1849.05 1.0532275
1852.2 1.0514332
1855.35 1.0577999
1858.5 1.0424489
1861.65 1.0441114
1864.8 1.0570328
1867.95 1.0405349
1871.1 1.0431637
1874.25 1.0235617
1877.4 1.0288584
1880.55 1.0032150
1883.7 0.98552036
1886.85 0.96705377
1890.0 0.95750421
1893.15 0.93379039
1896.3 0.92360431
1899.45 0.89761335
1902.6 0.87958431
1905.75 0.87533712
1908.9 0.88293183
1912.05 0.87074023
1915.2 0.88866156
1918.35 0.89262795
1921.5 0.89476442
1924.65 0.89397579
1927.8 0.89406335
1930.95 0.91110629
1934.1 0.90099579
1937.25 0.91809875
1940.4 0.91640574
1943.55 0.91211230
1946.7 0.90151948
1949.85 0.91003120
1953.0 0.90295166
1956.15 0.92151272
1959.3 0.94418633
1962.45 0.94602585
1965.6 0.98315042
1968.75 0.99039090
1971.9 0.98926193
1975.05 0.97501004
1978.2 0.97337985
1981.35 0.93686372
1984.5 0.95695913
1987.65 0.94688082
1990.8 0.94443649
1993.95 0.95558089
1997.1 0.98009121
2000.25 0.98035538
2003.4 0.99193043
2006.55 0.99742091
2009.7 1.0044599
2012.85 0.99390548
2016.0 0.99802333
2019.15 0.98248935
2022.3 0.99288863
2025.45 0.97995031
2028.6 0.95019430
2031.75 0.94993043
2034.9 0.96093816
2038.05 0.93497622
2041.2 0.93289810
2044.35 0.93295920
2047.5 0.93176639
2050.65 0.94590968
2053.8 0.94110131
2056.95 0.92451519
2060.1 0.92207026
2063.25 0.93998408
2066.4 0.93756616
2069.55 0.93052840
2072.7 0.94692683
2075.85 0.91951412
2079.0 0.90750420
2082.15 0.89472991
2085.3 0.88549978
2088.45 0.87824219
2091.6 0.85955495
2094.75 0.85557038
2097.9 0.86507213
2101.05 0.87217170
2104.2 0.88279063
2107.35 0.90972912
2110.5 0.87819219
2113.65 0.86538744
2116.8 0.85946524
2119.95 0.85481310
2123.1 0.84430408
2126.25 0.86376238
2129.4 0.86005223
2132.55 0.86557657
2135.7 0.85693806
2138.85 0.85902691
2142.0 0.85895008
2145.15 0.87804037
2148.3 0.88262445
2151.45 0.89698613
2154.6 0.92549872
2157.75 0.96253777
2160.9 0.91652483
2164.05 0.88108760
2167.2 0.88553071
2170.35 0.87134504
2173.5 0.83898413
2176.65 0.84780961
2179.8 0.84967917
2182.95 0.82552081
2186.1 0.81938404
2189.25 0.80064791
2192.4 0.78879070
2195.55 0.80942470
2198.7 0.80660915
2201.85 0.79466641
2205.0 0.80969012
2208.15 0.78887188
2211.3 0.77567780
2214.45 0.77484602
2217.6 0.76130438
2220.75 0.74819648
2223.9 0.73329163
2227.05 0.74203223
2230.2 0.73974484
2233.35 0.71789366
2236.5 0.72373682
2239.65 0.73491669
2242.8 0.73932743
2245.95 0.72488791
2249.1 0.73767310
2252.25 0.75555205
2255.4 0.74089450
2258.55 0.75652593
2261.7 0.73437089
2264.85 0.73563433
2268.0 0.72428095
2271.15 0.73315054
2274.3 0.73699123
2277.45 0.72203791
2280.6 0.74157292
2283.75 0.72862548
2286.9 0.72170448
2290.05 0.72758079
2293.2 0.71137655
2296.35 0.71871674
2299.5 0.71254712
2302.65 0.71682566
2305.8 0.72109747
2308.95 0.71098262
2312.1 0.70444041
2315.25 0.70202416
2318.4 0.69835144
2321.55 0.69367963
2324.7 0.69370818
2327.85 0.70296353
2331.0 0.70150405
2334.15 0.70040107
2337.3 0.68656796
2340.45 0.68873894
2343.6 0.71726722
2346.75 0.80800939
2349.9 0.83890319
2353.05 0.70858711
2356.2 0.68309504
2359.35 0.68257880
2362.5 0.67409414
2365.65 0.69790977
2368.8 0.67802674
2371.95 0.66278392
2375.1 0.66701156
2378.25 0.65911275
2381.4 0.65008283
2384.55 0.64292210
2387.7 0.63464785
2390.85 0.59986365
2394.0 0.60928106
2397.15 0.59755480
2400.3 0.62333649
2403.45 0.62152809
2406.6 0.61456299
2409.75 0.60814899
2412.9 0.60336292
2416.05 0.61848938
2419.2 0.60556138
2422.35 0.61539227
2425.5 0.62445951
2428.65 0.63446611
2431.8 0.65938061
2434.95 0.70938528
2438.1 0.73862141
2441.25 0.66352618
2444.4 0.61978048
2447.55 0.64169157
2450.7 0.64653194
2453.85 0.61253089
2457.0 0.59916085
2460.15 0.59977227
2463.3 0.58897740
2466.45 0.58523685
2469.6 0.57412183
2472.75 0.55725735
2475.9 0.53860545
2479.05 0.53462279
2482.2 0.55065572
2485.35 0.56684262
2488.5 0.56823164
2491.65 0.57434058
2494.8 0.58825141
2497.95 0.58849347
2501.1 0.58462322
2504.25 0.56491971
2507.4 0.56706411
2510.55 0.56387943
2513.7 0.54026598
2516.85 0.54693943
2520.0 0.52839226
2523.15 0.52820748
2526.3 0.51885515
2529.45 0.52994418
2532.6 0.53647238
2535.75 0.52649629
2538.9 0.50976121
2542.05 0.50901783
2545.2 0.50646228
2548.35 0.50030500
2551.5 0.51532024
2554.65 0.50429803
2557.8 0.51705652
2560.95 0.52713794
2564.1 0.55905682
2567.25 0.55023450
2570.4 0.54679561
2573.55 0.57074392
2576.7 0.57852000
2579.85 0.59848219
2583.0 0.63617373
2586.15 0.61733460
2589.3 0.58627015
2592.45 0.58313376
2595.6 0.55686688
2598.75 0.54275566
2601.9 0.53691876
2605.05 0.52774829
2608.2 0.50996166
2611.35 0.49017340
2614.5 0.48430285
2617.65 0.48640248
2620.8 0.49968925
2623.95 0.49551111
2627.1 0.49212855
2630.25 0.50280029
2633.4 0.48528114
2636.55 0.47898665
2639.7 0.48763946
2642.85 0.47631460
2646.0 0.47101703
2649.15 0.47011608
2652.3 0.46921775
2655.45 0.47119695
2658.6 0.47492290
2661.75 0.47258377
2664.9 0.47065809
2668.05 0.49679390
2671.2 0.49362895
2674.35 0.50097293
2677.5 0.49187118
2680.65 0.47985479
2683.8 0.47201061
2686.95 0.49299648
2690.1 0.49252123
2693.25 0.48883510
2696.4 0.51125604
2699.55 0.49751639
2702.7 0.51343399
2705.85 0.54120058
2709.0 0.53167999
2712.15 0.54238850
2715.3 0.55215460
2718.45 0.57457262
2721.6 0.61081380
2724.75 0.61736470
2727.9 0.65133953
2731.05 0.70478600
2734.2 0.73068303
2737.35 0.73357826
2740.5 0.68191099
2743.65 0.66954225
2746.8 0.66264296
2749.95 0.63030708
2753.1 0.60161227
2756.25 0.55080765
2759.4 0.53916317
2762.55 0.51755846
2765.7 0.50696445
2768.85 0.51967067
2772.0 0.50535691
2775.15 0.49662128
2778.3 0.49698892
2781.45 0.48524061
2784.6 0.48168543
2787.75 0.47904655
2790.9 0.44935158
2794.05 0.46460199
2797.2 0.46209198
2800.35 0.47373977
2803.5 0.46334344
2806.65 0.46119174
2809.8 0.48183259
2812.95 0.48866430
2816.1 0.50696886
2819.25 0.49949104
2822.4 0.49555114
2825.55 0.47683033
2828.7 0.50294685
2831.85 0.50392854
2835.0 0.50689304
2838.15 0.50311840
2841.3 0.52191067
2844.45 0.54398835
2847.6 0.53992695
2850.75 0.51764464
2853.9 0.50526571
2857.05 0.49288544
2860.2 0.49617815
2863.35 0.53254485
2866.5 0.51792675
2869.65 0.51146239
2872.8 0.53113252
2875.95 0.52652228
2879.1 0.48746309
2882.25 0.51358891
2885.4 0.53384322
2888.55 0.51073420
2891.7 0.50084323
2894.85 0.50860125
2898.0 0.48946667
2901.15 0.47792903
2904.3 0.47934335
2907.45 0.49446440
2910.6 0.51225054
2913.75 0.51178300
2916.9 0.50140017
2920.05 0.50747621
2923.2 0.49219298
2926.35 0.50020856
2929.5 0.48492205
2932.65 0.51016891
2935.8 0.48000768
2938.95 0.49542055
2942.1 0.47462702
2945.25 0.47889876
2948.4 0.48244640
2951.55 0.49816114
2954.7 0.45419973
2957.85 0.45306495
2961.0 0.42580789
2964.15 0.42027980
2967.3 0.41425294
2970.45 0.42422733
2973.6 0.42268604
2976.75 0.42127010
2979.9 0.41356260
2983.05 0.41967782
2986.2 0.42383826
2989.35 0.41478565
2992.5 0.40072337
2995.65 0.40414271
2998.8 0.40563598
3001.95 0.40336871
3005.1 0.40949771
3008.25 0.41454339
3011.4 0.42185950
3014.55 0.42010653
3017.7 0.41664386
3020.85 0.42459288
3024.0 0.43661323
3027.15 0.43673128
3030.3 0.44057679
3033.45 0.45690131
3036.6 0.48365185
3039.75 0.48572996
3042.9 0.52187878
3046.05 0.52649653
3049.2 0.54390073
3052.35 0.58431929
3055.5 0.60814732
3058.65 0.68014383
3061.8 0.74160957
3064.95 0.71790874
3068.1 0.66940171
3071.25 0.62140661
3074.4 0.58761764
3077.55 0.55820447
3080.7 0.52116185
3083.85 0.51168019
3087.0 0.50642848
3090.15 0.48862672
3093.3 0.46121889
3096.45 0.47481170
3099.6 0.45916346
3102.75 0.45196360
3105.9 0.44417602
3109.05 0.43207130
3112.2 0.42720893
3115.35 0.43816605
3118.5 0.43810540
3121.65 0.51678210
3124.8 0.56472403
3127.95 0.47188628
3131.1 0.41895470
3134.25 0.40772414
3137.4 0.40416259
3140.55 0.39408770
3143.7 0.41957137
3146.85 0.45821738
3150.0 0.55665660
3153.15 0.78396934
3156.3 0.78188187
3159.45 0.52560019
3162.6 0.44231895
3165.75 0.41568828
3168.9 0.40413186
3172.05 0.39446479
3175.2 0.38675523
3178.35 0.38687229
3181.5 0.38400099
3184.65 0.38441068
3187.8 0.38375422
3190.95 0.37735826
3194.1 0.37303081
3197.25 0.37289375
3200.4 0.35850796
3203.55 0.35101330
3206.7 0.36631083
3209.85 0.36289167
3213.0 0.36727351
3216.15 0.35234645
3219.3 0.35510066
3222.45 0.35002375
3225.6 0.36211726
3228.7502 0.35563418
3231.9002 0.34635645
3235.0502 0.35417712
3238.2002 0.35185036
3241.3502 0.36244780
3244.5002 0.36420763
3247.6502 0.37867603
3250.8002 0.38673681
3253.9502 0.38116616
3257.1002 0.37002701
3260.2502 0.38618010
3263.4002 0.37008262
3266.5502 0.36079049
3269.7002 0.36139518
3272.8502 0.38166440
3276.0002 0.37441045
3279.15 0.35457972
3282.3 0.35911706
3285.45 0.36230588
3288.6 0.36827359
3291.75 0.36218640
3294.9 0.36550930
3298.05 0.36396062
3301.2 0.36585072
3304.35 0.35238799
3307.5 0.35824728
3310.65 0.36976153
3313.8 0.35187885
3316.95 0.36170766
3320.1 0.36305436
3323.25 0.36027935
3326.4 0.36068255
3329.55 0.36316937
3332.7 0.36068717
3335.85 0.37444010
3339.0 0.35733831
3342.15 0.34971285
3345.3 0.38229823
3348.45 0.35674766
3351.6 0.37322569
3354.75 0.36368164
3357.9 0.35274071
3361.05 0.34763637
3364.2 0.34357715
3367.35 0.35375795
3370.5 0.33515781
3373.65 0.33801240
3376.8 0.34134534
3379.95 0.33753908
3383.1 0.32158643
3386.25 0.32737526
3389.4 0.33516076
3392.55 0.33434185
3395.7 0.32406795
3398.85 0.32515186
3402.0 0.32230929
3405.15 0.31596482
3408.3 0.32216331
3411.45 0.32860437
3414.6 0.32628205
3417.75 0.31820935
3420.9 0.31347725
3424.05 0.30869573
3427.2 0.31929672
3430.35 0.30775166
3433.5 0.32843858
3436.65 0.30947456
3439.8 0.31077719
3442.95 0.30587667
3446.1 0.30541068
3449.25 0.30494577
3452.4 0.30448192
3455.55 0.31134480
3458.7 0.31259179
3461.85 0.31966960
3465.0 0.31176254
3468.15 0.31258544
3471.3 0.30172157
3474.45 0.30126518
3477.6 0.30973661
3480.75 0.31879237
3483.9 0.31329826
3487.05 0.30555072
3490.2 0.31746775
3493.35 0.32244769
3496.5 0.30617127
3499.65 0.30953681
3502.8 0.29720554
3505.95 0.29675964
3509.1 0.30263096
3512.25 0.29754746
3515.4 0.32518199
3518.55 0.31034502
3521.7 0.30179015
3524.85 0.33684230
3528.0 0.33226892
3531.15 0.31717417
3534.3 0.31129241
3537.45 0.29710773
3540.6 0.29661828
3543.75 0.29148814
3546.9 0.30094561
3550.05 0.29062355
3553.2 0.29195720
3556.35 0.28976291
3559.5 0.29204473
3562.65 0.28890613
3565.8 0.29043540
3568.95 0.28929403
3572.1 0.28762826
3575.25 0.29756784
3578.4 0.29309282
3581.55 0.28635922
3584.7 0.28593805
3587.85 0.28551790
3591.0 0.28509867
3594.15 0.28468034
3597.3 0.28426307
3600.45 0.28384662
3603.6 0.28962454
3606.75 0.28301662
3609.9 0.28342336
3613.05 0.28219035
3616.2 0.28340563
3619.35 0.28146231
3622.5 0.28095776
3625.65 0.28362858
3628.8 0.28753027
3631.95 0.28884986
3635.1 0.28610682
3638.25 0.28556898
3641.4 0.28469625
3644.55 0.28071970
3647.7 0.28298476
3650.85 0.28108606
3654.0 0.28049570
3657.15 0.28669238
3660.3 0.29920205
3663.45 0.28447503
3666.6 0.29429197
3669.75 0.28855440
3672.9 0.29742733
3676.05 0.29040894
3679.2 0.29978293
3682.35 0.29495057
3685.5 0.29624662
3688.65 0.30481407
3691.8 0.29737568
3694.95 0.30300987
3698.1 0.31295723
3701.25 0.33690342
3704.4 0.32914725
3707.55 0.32274705
3710.7 0.32445300
3713.85 0.29581055
3717.0 0.29081115
3720.15 0.30430844
3723.3 0.29888201
3726.45 0.28843722
3729.6 0.28996193
3732.75 0.29151651
3735.9 0.29185787
3739.05 0.28667900
3742.2 0.29229730
3745.35 0.29826692
3748.5 0.27987820
3751.65 0.28283066
3754.8 0.28084862
3757.95 0.28982168
3761.1 0.27338240
3764.25 0.27628073
3767.4 0.27549729
3770.55 0.27447948
3773.7 0.27642190
3776.85 0.27584326
3780.0 0.27513915
3783.15 0.27760270
3786.3 0.27308664
3789.45 0.27078432
3792.6 0.26600710
3795.75 0.26576418
3798.9 0.26140678
3802.05 0.26646030
3805.2 0.26701236
3808.35 0.27006286
3811.5 0.27222675
3814.65 0.26183236
3817.8 0.26743650
3820.95 0.27544484
3824.1 0.27221024
3827.25 0.27490139
3830.4 0.27989373
3833.55 0.27528691
3836.7 0.27730653
3839.85 0.27180389
3843.0 0.28544393
3846.15 0.26244441
3849.3 0.25370014
3852.45 0.25752872
3855.6 0.25407213
3858.75 0.25543007
3861.9 0.25577047
3865.05 0.26077935
3868.2 0.26558661
3871.35 0.25351256
3874.5 0.26062515
3877.65 0.26766014
3880.8 0.25778437
3883.95 0.25346953
3887.1 0.24955602
3890.25 0.24921545
3893.4 0.25025728
3896.55 0.26501617
3899.7 0.25248295
3902.85 0.25395826
3906.0 0.24752325
3909.15 0.24813113
3912.3 0.24790442
3915.45 0.25192243
3918.6 0.24936724
3921.75 0.25504068
3924.9 0.25588313
3928.05 0.25006229
3931.2 0.24832965
3934.35 0.24794477
3937.5 0.25508314
3940.65 0.25347775
3943.8 0.24811503
3946.95 0.24630190
3950.1 0.24439304
3953.25 0.24320242
3956.4 0.24520521
3959.55 0.24733625
3962.7 0.25549555
3965.85 0.25899515
3969.0 0.26388332
3972.15 0.27226064
3975.3 0.26136413
3978.45 0.24854583
3981.6 0.24934720
3984.75 0.24676199
3987.9 0.24290425
3991.05 0.24668339
3994.2 0.25401378
3997.35 0.25667650
4000.5 0.24867928
4003.65 0.25060791
4006.8 0.25434738
4009.95 0.25893122
4013.1 0.26284972
4016.25 0.24988919
4019.4 0.25235459
4022.55 0.25702861
4025.7 0.25778750
4028.85 0.25229782
4032.0 0.25184068
4035.15 0.25557083
4038.3 0.25532764
4041.45 0.25253603
4044.6 0.25872880
4047.75 0.25607049
4050.9 0.25967631
4054.05 0.26588193
4057.2 0.26215860
4060.35 0.26978081
4063.5 0.26544937
4066.65 0.28346580
4069.8 0.28555056
4072.95 0.29301330
4076.1 0.30124706
4079.25 0.30001190
4082.4 0.30612677
4085.55 0.32328346
4088.7 0.32506093
4091.85 0.33920529
4095.0 0.35485587
4098.15 0.37661403
4101.3 0.40180805
4104.45 0.43221074
4107.6 0.47409496
4110.75 0.52641267
4113.9 0.59044582
4117.05 0.66589314
4120.2 0.78067428
4123.35 0.91718745
4126.5 1.0891262
4129.65 1.2625006
4132.8 1.4849935
4135.95 1.5260087
4139.1 1.3049276
4142.25 1.0860394
4145.4 0.98801082
4148.55 0.93051875
4151.7 0.80576307
4154.85 0.67971587
4158.0 0.61231041
4161.15 0.55847412
4164.3 0.50925398
4167.45 0.47174463
4170.6 0.44879216
4173.75 0.42017081
4176.9 0.39117980
4180.05 0.36709103
4183.2 0.34289607
4186.35 0.32220864
4189.5 0.31565362
4192.65 0.30914858
4195.8 0.29358393
4198.95 0.29166964
4202.1 0.28617916
4205.25 0.28648415
4208.4 0.29151112
4211.55 0.29067442
4214.7 0.28460214
4217.85 0.27535349
4221.0 0.28908449
4224.15 0.29649186
4227.3 0.30250904
4230.45 0.33310983
4233.6 0.33136222
4236.75 0.30889174
4239.9 0.31197926
4243.05 0.31572413
4246.2 0.30663043
4249.35 0.28296292
4252.5 0.25992647
4255.65 0.25735602
4258.8 0.25082013
4261.95 0.24319141
4265.1 0.24165279
4268.25 0.23489912
4271.4 0.22453621
4274.55 0.22327334
4277.7 0.22435328
4280.85 0.22394368
4284.0 0.21348995
4287.15 0.21147756
4290.3 0.21121539
4293.45 0.21796255
4296.6 0.22652741
4299.75 0.21753909
4302.9 0.21435967
4306.05 0.21371624
4309.2 0.20964953
4312.35 0.20939046
4315.5 0.20913191
4318.65 0.22323397
4321.8 0.21471329
4324.95 0.21622847
4328.1 0.20810267
4331.25 0.20784660
4334.4 0.21161364
4337.55 0.21837571
4340.7 0.21665251
4343.85 0.21153475
4347.0 0.21364753
4350.15 0.21381867
4353.3 0.21220872
4356.45 0.20581634
4359.6 0.20556478
4362.75 0.20531374
4365.9 0.20696260
4369.05 0.20481309
4372.2 0.20456351
4375.35 0.20431444
4378.5 0.20912516
4381.65 0.20381773
4384.8 0.20357007
4387.95 0.20332292
4391.1 0.20610139
4394.25 0.20283005
4397.4 0.20258436
4400.55 0.20233913
4403.7 0.20209438
4406.85 0.20753177
4410.0 0.20281701
4413.15 0.21397769
4416.3 0.20264217
4419.45 0.20261811
4422.6 0.20063590
4425.75 0.20039447
4428.9 0.21467887
4432.05 0.22272767
4435.2 0.21497746
4438.35 0.23094095
4441.5 0.21351558
4444.65 0.24023099
4447.8 0.22612001
4450.95 0.20892110
4454.1 0.23249447
4457.25 0.21656400
4460.4 0.21118984
4463.55 0.21293382
4466.7 0.20618635
4469.85 0.20325533
4473.0 0.19682881
4476.15 0.19659476
4479.3 0.19939971
4482.45 0.20685680
4485.6 0.19589533
4488.75 0.19566312
4491.9 0.19543135
4495.05 0.19520003
4498.2 0.21466154
4501.35 0.19937941
4504.5 0.19450867
4507.65 0.19427915
4510.8 0.19753823
4513.95 0.19618517
4517.1 0.19359307
4520.25 0.19336537
4523.4 0.19883363
4526.55 0.20498185
4529.7 0.21631607
4532.85 0.19245854
4536.0 0.21290548
4539.15 0.19256260
4542.3 0.20161252
4545.45 0.19155872
4548.6 0.20450424
4551.75 0.19910876
4554.9 0.19868410
4558.05 0.20260948
4561.2 0.21203543
4564.35 0.20198254
4567.5 0.19000067
4570.65 0.20278178
4573.8 0.22447164
4576.95 0.18933931
4580.1 0.18911971
4583.25 0.18944348
4586.4 0.18868174
4589.55 0.18846340
4592.7 0.18824546
4595.85 0.20665440
4599.0 0.20128284
4602.15 0.18759419
4605.3 0.18737794
4608.45 0.19740504
4611.6 0.21122500
4614.75 0.18673161
4617.9 0.18827519
4621.05 0.23010398
4624.2 0.19785973
4627.35 0.19612926
4630.5 0.18566264
4633.65 0.21094698
4636.8 0.22542623
4639.95 0.21531419
4643.1 0.23679990
4646.25 0.23179935
4649.4 0.24426097
4652.55 0.21227992
4655.7 0.22023883
4658.85 0.27120689
4662.0 0.24321617
4665.15 0.23337761
4668.3 0.21121301
4671.45 0.20408095
4674.6 0.25223407
4677.75 0.24056444
4680.9 0.23269959
4684.05 0.21671504
4687.2 0.19388370
4690.35 0.21908256
4693.5 0.18148747
4696.65 0.18128285
4699.8 0.18107860
4702.95 0.18087481
4706.1 0.18067139
4709.25 0.18046831
4712.4 0.18026569
4715.55 0.18006337
4718.7 0.17986149
4721.85 0.17965995
4725.0 0.17945884
4728.15 0.17925808
4731.3 0.17905772
4734.45 0.17885773
4737.6 0.17865814
4740.75 0.17845894
4743.9 0.17826007
4747.05 0.17806162
4750.2 0.17786352
4753.35 0.17766581
4756.5 0.17746848
4759.65 0.17727150
4762.8 0.17707494
4765.95 0.17687872
4769.1 0.17668284
4772.25 0.17648736
4775.4 0.17629227
4778.55 0.17609757
4781.7 0.17590317
4784.85 0.17570917
4788.0 0.17551558
4791.15 0.17532231
4794.3 0.17512943
4797.45 0.17493689
4800.6 0.17474473
4803.75 0.17455292
4806.9 0.17436150
4810.05 0.17417046
4813.2 0.17397977
4816.35 0.17378938
4819.5 0.17359939
4822.65 0.17340977
4825.8 0.17322050
4828.95 0.17303160
4832.1 0.17284305
4835.25 0.17265487
4838.4 0.17246702
4841.55 0.17227955
4844.7 0.17209245
4847.85 0.17190570
4851.0 0.17171924
4854.15 0.17153317
4857.3 0.17134750
4860.45 0.17116211
4863.6 0.17097713
4866.75 0.17079246
4869.9 0.17060810
4873.05 0.17042419
4876.2 0.17024064
4879.35 0.17005733
4882.5 0.16987438
4885.65 0.16969186
4888.8 0.16950963
4891.95 0.16932769
4895.1 0.16914615
4898.25 0.16896509
4901.4 0.16878414
4904.55 0.16860366
4907.7 0.16842352
4910.85 0.16824372
4914.0 0.16806425
4917.15 0.16788507
4920.3 0.16770624
4923.45 0.16752787
4926.6 0.16734970
4929.75 0.16717190
4932.9 0.16699442
4936.05 0.16681729
4939.2 0.16664053
4942.35 0.16646406
4945.5 0.16628793
4948.65 0.16611221
4951.8 0.16593678
4954.95 0.16576169
4958.1 0.16558689
4961.25 0.16541246
4964.4 0.16523834
4967.55 0.16506451
4970.7 0.16489105
4973.85 0.16471797
4977.0 0.16454510
4980.15 0.16437265
4983.3 0.16420053
4986.45 0.16402869
4989.6 0.16385721
4992.75 0.16368602
4995.9 0.16351512
4999.05 0.16334467
5002.2 0.16317442
5005.35 0.16300455
5008.5 0.16283497
5011.65 0.16266575
5014.8 0.16249682
5017.95 0.16232826
5021.1 0.16216001
5024.25 0.16199207
5027.4 0.16182438
5030.55 0.16165708
5033.7 0.16149008
5036.85 0.16132338
5040.0 0.16115701
5043.15 0.16099098
5046.3 0.16082521
5049.45 0.16065982
5052.6 0.16049474
5055.75 0.16032995
5058.9 0.16016538
5062.05 0.16000126
5065.2 0.15983735
5068.35 0.15967390
5071.5 0.15951063
5074.65 0.15934768
5077.8 0.15918507
5080.95 0.15902273
5084.1 0.15886080
5087.25 0.15869910
5090.4 0.15853766
5093.55 0.15837660
5096.7 0.15821587
5099.85 0.15805541
5103.0 0.15789521
5106.15 0.15773536
5109.3 0.15757583
5112.45 0.15741655
5115.6 0.15725759
5118.75 0.15709902
5121.9 0.15694065
5125.05 0.15678255
5128.2 0.15662485
5131.35 0.15646738
5134.5 0.15631028
5137.65 0.15615344
5140.8 0.15599686
5143.95 0.15584067
5147.1 0.15568469
5150.25 0.15552907
5153.4 0.15537369
5156.55 0.15521863
5159.7 0.15506388
5162.85 0.15490940
5166.0 0.15475528
5169.15 0.15460135
5172.3 0.15444779
5175.45 0.15429451
5178.6 0.15414150
5181.75 0.15398879
5184.9 0.15383644
5188.05 0.15368430
5191.2 0.15353246
5194.35 0.15338095
5197.5 0.15322967
5200.65 0.15307875
5203.8 0.15292805
5206.95 0.15277764
5210.1 0.15262756
5213.25 0.15247777
5216.4 0.15232819
5219.55 0.15217900
5222.7 0.15203007
5225.85 0.15188137
5229.0 0.15173300
5232.15 0.15158489
5235.3 0.15143710
5238.45 0.15128954
5241.6 0.15114236
5244.75 0.15099539
5247.9 0.15084864
5251.05 0.15070230
5254.2 0.15055621
5257.35 0.15041032
5260.5 0.15026478
5263.65 0.15011950
5266.8 0.14997451
5269.95 0.14982979
5273.1 0.14968534
5276.25 0.14954114
5279.4 0.14939725
5282.55 0.14925365
5285.7 0.14911035
5288.85 0.14896733
5292.0 0.14882450
5295.15 0.14868201
5298.3 0.14853981
5301.45 0.14839786
5304.6 0.14825615
5307.75 0.14811473
5310.9 0.14797366
5314.05 0.14783274
5317.2 0.14769213
5320.35 0.14755182
5323.5 0.14741179
5326.65 0.14727204
5329.8 0.14713250
5332.95 0.14699323
5336.1 0.14685433
5339.25 0.14671560
5342.4 0.14657715
5345.55 0.14643902
5348.7 0.14630114
5351.85 0.14616346
5355.0 0.14602610
5358.15 0.14588900
5361.3 0.14575216
5364.45 0.14561564
5367.6 0.14547931
5370.75 0.14534329
5373.9 0.14520752
5377.05 0.14507201
5380.2 0.14493677
5383.35 0.14480183
5386.5 0.14466707
5389.65 0.14453264
5392.8 0.14439844
5395.95 0.14426449
5399.1 0.14413083
5402.25 0.14399745
5405.4 0.14386426
5408.55 0.14373137
5411.7 0.14359877
5414.85 0.14346635
5418.0 0.14333427
5421.15 0.14320242
5424.3 0.14307080
5427.45 0.14293948
5430.6 0.14280836
5433.75 0.14267758
5436.9 0.14254698
5440.05 0.14241667
5443.2 0.14228661
5446.35 0.14215678
5449.5 0.14202724
5452.65 0.14189795
5455.8 0.14176889
5458.95 0.14164010
5462.1 0.14151154
5465.25 0.14138326
5468.4 0.14125520
5471.55 0.14112745
5474.7 0.14099993
5477.85 0.14087261
5481.0 0.14074560
5484.15 0.14061880
5487.3 0.14049231
5490.45 0.14036600
5493.6 0.14024000
5496.75 0.14011417
5499.9 0.13998866
5503.05 0.13986337
5506.2 0.13973835
5509.35 0.13961355
5512.5 0.13948900
5515.65 0.13936467
5518.8 0.13924067
5521.95 0.13911685
5525.1 0.13899329
5528.25 0.13886991
5531.4 0.13874687
5534.55 0.13862409
5537.7 0.13850148
5540.85 0.13837910
5544.0 0.13825700
5547.15 0.13813516
5550.3 0.13801356
5553.45 0.13789214
5556.6 0.13777104
5559.75 0.13765010
5562.9 0.13752948
5566.05 0.13740905
5569.2 0.13728888
5572.35 0.13716896
5575.5 0.13704929
5578.65 0.13692981
5581.8 0.13681063
5584.95 0.13669164
5588.1 0.13657293
5591.25 0.13645443
5594.4 0.13633616
5597.55 0.13621810
5600.7 0.13610035
5603.85 0.13598280
5607.0 0.13586544
5610.15 0.13574834
5613.3 0.13563152
5616.45 0.13551489
5619.6 0.13539855
5622.75 0.13528238
5625.9 0.13516648
5629.05 0.13505079
5632.2 0.13493535
5635.35 0.13482015
5638.5 0.13470517
5641.65 0.13459039
5644.8 0.13447587
5647.95 0.13436157
5651.1 0.13424756
5654.25 0.13413371
5657.4 0.13402011
5660.55 0.13390677
5663.7 0.13379365
5666.85 0.13368073
5670.0 0.13356806
5673.15 0.13345559
5676.3 0.13334338
5679.45 0.13323137
5682.6 0.13311960
5685.75 0.13300808
5688.9 0.13289678
5692.05 0.13278566
5695.2 0.13267484
5698.35 0.13256419
5701.5 0.13245378
5704.65 0.13234361
5707.8 0.13223365
5710.95 0.13212392
5714.1 0.13201439
5717.25 0.13190514
5720.4 0.13179605
5723.55 0.13168727
5726.7 0.13157865
5729.85 0.13147025
5733.0 0.13136202
5736.15 0.13125409
5739.3 0.13114640
5742.45 0.13103886
5745.6 0.13093162
5748.75 0.13082455
5751.9 0.13071771
5755.05 0.13061111
5758.2 0.13050467
5761.35 0.13039847
5764.5 0.13029253
5767.65 0.13018678
5770.8 0.13008121
5773.95 0.12997594
5777.1 0.12987088
5780.25 0.12976600
5783.4 0.12966128
5786.55 0.12955688
5789.7 0.12945268
5792.85 0.12934864
5796.0 0.12924482
5799.15 0.12914124
5802.3 0.12903795
5805.45 0.12893474
5808.6 0.12883180
5811.75 0.12872913
5814.9 0.12862660
5818.05 0.12852433
5821.2 0.12842223
5824.35 0.12832040
5827.5 0.12821874
5830.65 0.12811732
5833.8 0.12801607
5836.95 0.12791510
5840.1 0.12781426
5843.25 0.12771372
5846.4 0.12761331
5849.55 0.12751313
5852.7 0.12741317
5855.85 0.12731344
5859.0 0.12721390
5862.15 0.12711458
5865.3 0.12701544
5868.45 0.12691654
5871.6 0.12681785
5874.75 0.12671937
5877.9 0.12662104
5881.05 0.12652299
5884.2 0.12642512
5887.35 0.12632748
5890.5 0.12623005
5893.65 0.12613277
5896.8 0.12603575
5899.95 0.12593891
5903.1 0.12584230
5906.25 0.12574586
5909.4 0.12564965
5912.55 0.12555365
5915.7 0.12545782
5918.85 0.12536220
5922.0 0.12526679
5925.15 0.12517165
5928.3 0.12507661
5931.45 0.12498183
5934.6 0.12488724
5937.75 0.12479287
5940.9 0.12469870
5944.05 0.12460469
5947.2 0.12451095
5950.35 0.12441733
5953.5 0.12432394
5956.65 0.12423082
5959.8 0.12413785
5962.95 0.12404507
5966.1 0.12395244
5969.25 0.12386009
5972.4 0.12376794
5975.55 0.12367593
5978.7 0.12358414
5981.85 0.12349262
5985.0 0.12340122
5988.15 0.12331006
5991.3 0.12321908
5994.45 0.12312827
5997.6 0.12303767
