300.0 0.0
340.0 0.0000000
343.4 0.0000000
346.8 0.0000000
350.2 0.0000000
353.6 0.0000000
357.0 0.0000000
360.4 0.0000000
363.8 0.0000000
367.2 0.0000000
370.6 0.0000000
374.0 0.0000000
377.4 0.0000000
380.8 0.0000000
384.2 0.0000000
387.6 0.0000000
391.0 0.0000000
394.4 0.0000000
397.8 0.0000000
401.2 0.0000000
404.6 0.0000000
408.0 0.0000000
411.4 0.0000000
414.8 0.0000000
418.2 0.0000000
421.6 0.0000000
425.0 0.0000000
428.4 0.0000000
431.8 0.0000000
435.2 0.0000000
438.6 0.0000000
442.0 0.0000000
445.4 0.0000000
448.8 0.0000000
452.2 0.0000000
455.6 0.0000000
459.0 0.0000000
462.4 0.0000000
465.8 0.0000000
469.2 0.0000000
472.6 0.0000000
476.0 0.0000000
479.4 0.0000000
482.8 0.0000000
486.2 0.0000000
489.6 0.0000000
493.0 0.0000000
496.4 0.0000000
499.8 0.0000000
503.2 0.0000000
506.6 0.0000000
510.0 0.0000000
513.4 0.0000000
516.8 0.0000000
520.2 0.0000000
523.6 0.0000000
527.0 0.0000000
530.4 0.0000000
533.8 0.0000000
537.2 0.0000000
540.6 0.0000000
544.0 0.0000000
547.4 0.0000000
550.8 0.0000000
554.2 0.0000000
557.6 0.0000000
561.0 0.0000000
564.4 0.0000000
567.8 0.0000000
571.2 0.0000000
574.6 0.0000000
578.0 0.0000000
581.4 0.0000000
584.8 0.0000000
588.2 0.0000000
591.6 0.0000000
595.0 0.0000000
598.4 0.0000000
601.8 0.0000000
605.2 0.0000000
608.6 0.0000000
612.0 0.0000000
615.4 0.0000000
618.8 0.0000000
622.2 1.89807471E-02
625.6 1.81513708E-02
629.0 1.73317045E-02
632.4 1.64565239E-02
635.8 1.55124571E-02
639.2 1.45593071E-02
642.6 1.36490511E-02
646.0 1.27787599E-02
649.4 1.19405948E-02
652.8 1.11350501E-02
656.2 1.03614479E-02
659.6 9.63679329E-03
663.0 2.17646249E-02
666.4 2.07630862E-02
669.8 1.95761453E-02
673.2 1.82991810E-02
676.6 1.70529168E-02
680.0 1.74302068E-02
683.4 1.69872902E-02
686.8 1.57557409E-02
690.2 1.57116205E-02
693.6 1.59670264E-02
697.0 1.64520554E-02
700.4 8.44647288E-02
703.8 8.56397524E-02
707.2 7.22886473E-02
710.6 6.00374602E-02
714.0 5.61522953E-02
717.4 5.44511490E-02
720.8 5.43963164E-02
724.2 5.50576970E-02
727.6 5.34238741E-02
731.0 4.80431281E-02
734.4 4.82749417E-02
737.8 4.29844223E-02
741.2 3.89300510E-02
744.6 3.58422510E-02
748.0 3.43820378E-02
751.4 3.47451903E-02
754.8 3.31690870E-02
758.2 3.36783454E-02
761.6 3.45172100E-02
765.0 3.33933309E-02
768.4 2.96249110E-02
771.8 2.85413284E-02
775.2 2.58963127E-02
778.6 2.59696338E-02
782.0 2.56306678E-02
785.4 2.45966054E-02
788.8 2.40993854E-02
792.2 2.40410566E-02
795.6 2.37868614E-02
799.0 2.42032968E-02
802.4 2.37061977E-02
805.8 2.35167705E-02
809.2 2.37007588E-02
812.6 2.46531833E-02
816.0 2.62972396E-02
819.4 2.94375978E-02
822.8 3.41033898E-02
826.2 4.31316830E-02
829.6 0.92150337
833.0 0.74862510
836.4 0.70131993
839.8 0.70408142
843.2 0.66241181
846.6 0.53257132
850.0 0.46178070
853.4 0.43610674
856.8 0.41908532
860.2 0.39350009
863.6 0.36079016
867.0 0.33939826
870.4 0.33291215
873.8 0.33513081
877.2 0.34190714
880.6 0.34557915
884.0 0.37315637
887.4 0.38047600
890.8 0.36551470
894.2 0.33434325
897.6 0.33777946
901.0 0.33596933
904.4 0.34529769
907.8 0.35252979
911.2 0.34949332
914.6 0.33814615
918.0 0.33485174
921.4 0.34671792
924.8 0.34578574
928.2 0.35279047
931.6 0.34944555
935.0 0.35885099
938.4 0.38067037
941.8 0.40339786
945.2 0.43448931
948.6 0.44400331
952.0 0.45182127
955.4 0.41224071
958.8 0.38618219
962.2 0.36701307
965.6 0.35928744
969.0 0.35884172
972.4 0.34373119
975.8 0.34046209
979.2 0.33950388
982.6 0.33804089
986.0 0.34517831
989.4 0.34292105
992.8 0.33664843
996.2 0.34780082
999.6 0.34282109
1003.0 0.34920922
1006.4 0.35861981
1009.8 0.36498457
1013.2 0.37495467
1016.6 0.37548772
1020.0 0.38849977
1023.4 0.39822868
1026.8 0.40905958
1030.2 0.42570114
1033.6 0.45869049
1037.0 0.50265294
1040.4 0.55314350
1043.8 0.61720252
1047.2 0.69678313
1050.6 0.74484879
1054.0 0.67781293
1057.4 0.57645625
1060.8 0.49938968
1064.2 0.45949599
1067.6 0.43985781
1071.0 0.42896658
1074.4 0.40962717
1077.8 0.40909809
1081.2 0.39768010
1084.6 0.40639037
1088.0 0.40834633
1091.4 0.40776563
1094.8 0.41306296
1098.2 0.40872213
1101.6 0.41571277
1105.0 0.42229730
1108.4 0.42378995
1111.8 0.43371391
1115.2 0.41774273
1118.6 0.41566232
1122.0 0.41100848
1125.4 0.41849256
1128.8 0.42112881
1132.2 0.41586953
1135.6 0.39553088
1139.0 0.38345167
1142.4 0.37874016
1145.8 0.37242791
1149.2 0.37370738
1152.6 0.37336585
1156.0 0.37331727
1159.4 0.37987286
1162.8 0.37934670
1166.2 0.38610572
1169.6 0.38857302
1173.0 0.38853717
1176.4 0.38473502
1179.8 0.39027303
1183.2 0.39268735
1186.6 0.40400860
1190.0 0.39819124
1193.4 0.39244795
1196.8 0.37582490
1200.2 0.38213062
1203.6 0.38454673
1207.0 0.38009951
1210.4 0.39364427
1213.8 0.39808595
1217.2 0.38830498
1220.6 0.38236424
1224.0 0.38354707
1227.4 0.38422677
1230.8 0.38472837
1234.2 0.39030856
1237.6 0.38415986
1241.0 0.38361618
1244.4 0.38920105
1247.8 0.38943869
1251.2 0.39977723
1254.6 0.39874688
1258.0 0.42526326
1261.4 0.42453840
1264.8 0.42960310
1268.2 0.42383224
1271.6 0.42549148
1275.0 0.43014497
1278.4 0.45004958
1281.8 0.48507783
1285.2 0.51707870
1288.6 0.54340196
1292.0 0.55405921
1295.4 0.58414942
1298.8 0.55960816
1302.2 0.51253283
1305.6 0.46959993
1309.0 0.44125998
1312.4 0.42834589
1315.8 0.41514209
1319.2 0.40272817
1322.6 0.39332825
1326.0 0.39108661
1329.4 0.37736797
1332.8 0.37240851
1336.2 0.37042964
1339.6 0.37499210
1343.0 0.37754574
1346.4 0.36978233
1349.8 0.37223378
1353.2 0.37513885
1356.6 0.37921426
1360.0 0.37073591
1363.4 0.37570137
1366.8 0.38541096
1370.2 0.36544192
1373.6 0.37602311
1377.0 0.37935206
1380.4 0.37760711
1383.8 0.38174507
1387.2 0.37659785
1390.6 0.37249684
1394.0 0.38375232
1397.4 0.40021545
1400.8 0.39321604
1404.2 0.40404221
1407.6 0.40158421
1411.0 0.40360296
1414.4 0.40226346
1417.8 0.40837955
1421.2 0.40814534
1424.6 0.40805188
1428.0 0.39594156
1431.4 0.39042413
1434.8 0.39640510
1438.2 0.40297517
1441.6 0.38682628
1445.0 0.40643317
1448.4 0.39319286
1451.8 0.40349841
1455.2 0.40071219
1458.6 0.40977785
1462.0 0.39129221
1465.4 0.39795598
1468.8 0.39844641
1472.2 0.40628764
1475.6 0.38701406
1479.0 0.39238811
1482.4 0.40070501
1485.8 0.38371047
1489.2 0.39166719
1492.6 0.38062209
1496.0 0.37078902
1499.4 0.37109125
1502.8 0.37138888
1506.2 0.37451288
1509.6 0.37747118
1513.0 0.37871268
1516.4 0.37409222
1519.8 0.37280768
1523.2 0.37307760
1526.6 0.37334353
1530.0 0.37865674
1533.4 0.37862673
1536.8 0.38480124
1540.2 0.38771859
1543.6 0.38815787
1547.0 0.39157513
1550.4 0.39577687
1553.8 0.40353730
1557.2 0.41319326
1560.6 0.41057682
1564.0 0.42203385
1567.4 0.42748803
1570.8 0.43168929
1574.2 0.43469322
1577.6 0.43839499
1581.0 0.44451538
1584.4 0.44738409
1587.8 0.44194177
1591.2 0.43863523
1594.6 0.42938936
1598.0 0.42887977
1601.4 0.42115033
1604.8 0.42784807
1608.2 0.42312768
1611.6 0.42093158
1615.0 0.42262763
1618.4 0.42053878
1621.8 0.42204463
1625.2 0.42348725
1628.6 0.42886144
1632.0 0.43942985
1635.4 0.43321171
1638.8 0.44931811
1642.2 0.46094471
1645.6 0.47514084
1649.0 0.47426721
1652.4 0.46131617
1655.8 0.45951292
1659.2 0.46147966
1662.6 0.45148554
1666.0 0.44355553
1669.4 0.44151673
1672.8 0.44026509
1676.2 0.44917247
1679.6 0.45879939
1683.0 0.46110204
1686.4 0.45859933
1689.8 0.46024874
1693.2 0.45784482
1696.6 0.46065220
1700.0 0.45645046
1703.4 0.45503673
1706.8 0.45604989
1710.2 0.45443115
1713.6 0.44917235
1717.0 0.44315577
1720.4 0.44777265
1723.8 0.44973803
1727.2 0.45041722
1730.6 0.44653863
1734.0 0.44354308
1737.4 0.44285136
1740.8 0.44111830
1744.2 0.43987522
1747.6 0.43657115
1751.0 0.43114328
1754.4 0.43378672
1757.8 0.43428504
1761.2 0.42993745
1764.6 0.41913313
1768.0 0.43036041
1771.4 0.43272492
1774.8 0.43054882
1778.2 0.43098566
1781.6 0.43514520
1785.0 0.42755005
1788.4 0.42814118
1791.8 0.42021680
1795.2 0.41406268
1798.6 0.39828891
1802.0 0.39685866
1805.4 0.39659730
1808.8 0.39311451
1812.2 0.40420857
1815.6 0.41051295
1819.0 0.41181338
1822.4 0.40339035
1825.8 0.40792152
1829.2 0.41012117
1832.6 0.41605720
1836.0 0.41653472
1839.4 0.42660585
1842.8 0.43943650
1846.2 0.44373861
1849.6 0.43848383
1853.0 0.45236114
1856.4 0.45884454
1859.8 0.45885432
1863.2 0.46167567
1866.6 0.48083434
1870.0 0.49312010
1873.4 0.49105197
1876.8 0.50088537
1880.2 0.48996320
1883.6 0.50271028
1887.0 0.52043867
1890.4 0.56435388
1893.8 0.61581498
1897.2 0.69563836
1900.6 0.77717721
1904.0 0.80276883
1907.4 0.76269013
1910.8 0.67616177
1914.2 0.60212582
1917.6 0.55627739
1921.0 0.53382498
1924.4 0.51620156
1927.8 0.50264263
1931.2 0.49204496
1934.6 0.48187771
1938.0 0.47890368
1941.4 0.46963832
1944.8 0.46164820
1948.2 0.45243654
1951.6 0.44739243
1955.0 0.44641519
1958.4 0.43400577
1961.8 0.43520945
1965.2 0.42474905
1968.6 0.42233106
1972.0 0.42221442
1975.4 0.40513256
1978.8 0.41154703
1982.2 0.41161683
1985.6 0.41799992
1989.0 0.42982098
1992.4 0.43420646
1995.8 0.43605173
1999.2 0.43605998
2002.6 0.43945512
2006.0 0.43381959
2009.4 0.43525341
2012.8 0.44138941
2016.2 0.43523684
2019.6 0.43707311
2023.0 0.42958176
2026.4 0.43252838
2029.8 0.42245239
2033.2 0.41569212
2036.6 0.40857971
2040.0 0.40521351
2043.4 0.39582863
2046.8 0.39215285
2050.2 0.38174075
2053.6 0.37468255
2057.0 0.37347859
2060.4 0.37732792
2063.8 0.37271771
2067.2 0.38100001
2070.6 0.38331276
2074.0 0.38484272
2077.4 0.38511494
2080.8 0.38576236
2084.2 0.39373606
2087.6 0.38997948
2091.0 0.39800468
2094.4 0.39789093
2097.8 0.39664331
2101.2 0.39264446
2104.6 0.39696431
2108.0 0.39448231
2111.4 0.40320909
2114.8 0.41376171
2118.2 0.41519952
2121.6 0.43214861
2125.0 0.43598971
2128.4 0.43614960
2131.8 0.43051222
2135.2 0.43043655
2138.6 0.41490743
2142.0 0.42443752
2145.4 0.42058998
2148.8 0.42012420
2152.2 0.42570764
2155.6 0.43726739
2159.0 0.43802503
2162.4 0.44384265
2165.8 0.44694787
2169.2 0.45075360
2172.6 0.44666106
2176.0 0.44915652
2179.4 0.44279942
2182.8 0.44812536
2186.2 0.44291571
2189.6 0.43007576
2193.0 0.43056449
2196.4 0.43616799
2199.8 0.42498004
2203.2 0.42462879
2206.6 0.42524952
2210.0 0.42529657
2213.4 0.43235078
2216.8 0.43074712
2220.2 0.42373821
2223.6 0.42319784
2227.0 0.43201011
2230.4 0.43148622
2233.8 0.42882928
2237.2 0.43697765
2240.6 0.42490062
2244.0 0.41991499
2247.4 0.41455936
2250.8 0.41083181
2254.2 0.40800765
2257.6 0.39985660
2261.0 0.39853004
2264.4 0.40348753
2267.8 0.40733430
2271.2 0.41283458
2274.6 0.42598814
2278.0 0.41175681
2281.4 0.40627977
2284.8 0.40402207
2288.2 0.40235353
2291.6 0.39791846
2295.0 0.40761080
2298.4 0.40637901
2301.8 0.40951052
2305.2 0.40593815
2308.6 0.40744293
2312.0 0.40792069
2315.4 0.41751134
2318.8 0.42021796
2322.2 0.42758921
2325.6 0.44173053
2329.0 0.45997983
2332.4 0.43853357
2335.8 0.42209819
2339.2 0.42474872
2342.6 0.41845745
2346.0 0.40340930
2349.4 0.40814993
2352.8 0.40954703
2356.2 0.39838445
2359.6 0.39590076
2363.0 0.38731381
2366.4 0.38203627
2369.8 0.39249873
2373.2 0.39160007
2376.6 0.38626114
2380.0 0.39403048
2383.4 0.38435322
2386.8 0.37836984
2390.2 0.37840822
2393.6 0.37223035
2397.0 0.36624867
2400.4 0.35937041
2403.8 0.36407629
2407.2 0.36337391
2410.6 0.35304731
2414.0 0.35633022
2417.4 0.36224926
2420.8 0.36483997
2424.2 0.35812184
2427.6 0.36485237
2431.0 0.37411880
2434.4 0.36727536
2437.8 0.37544662
2441.2 0.36486065
2444.6 0.36589712
2448.0 0.36065242
2451.4 0.36547524
2454.8 0.36779711
2458.2 0.36073312
2461.6 0.37090158
2465.0 0.36482629
2468.4 0.36175752
2471.8 0.36510137
2475.2 0.35735935
2478.6 0.36143899
2482.0 0.35872412
2485.4 0.36126819
2488.8 0.36381245
2492.2 0.35909453
2495.6 0.35617089
2499.0 0.35532799
2502.4 0.35384580
2505.8 0.35185128
2509.2 0.35223830
2512.6 0.35731429
2516.0 0.35694751
2519.4 0.35676020
2522.8 0.35008004
2526.2 0.35155299
2529.6 0.36649579
2533.0 0.41328955
2536.4 0.42953512
2539.8 0.36318475
2543.2 0.35047844
2546.6 0.35057276
2550.0 0.34656873
2553.4 0.35917896
2556.8 0.34930068
2560.2 0.34179395
2563.6 0.34432167
2567.0 0.34058702
2570.4 0.33625853
2573.8 0.33288783
2577.2 0.32893157
2580.6 0.31121317
2584.0 0.31641313
2587.4 0.31063053
2590.8 0.32435301
2594.2 0.32373074
2597.6 0.32041705
2601.0 0.31738368
2604.4 0.31519321
2607.8 0.32341000
2611.2 0.31695759
2614.6 0.32241488
2618.0 0.32748145
2621.4 0.33304968
2624.8 0.34646052
2628.2 0.37309170
2631.6 0.38883910
2635.0 0.34963864
2638.4 0.32689741
2641.8 0.33877468
2645.2 0.34165278
2648.6 0.32398999
2652.0 0.31721598
2655.4 0.31783679
2658.8 0.31240791
2662.2 0.31071302
2665.6 0.30509496
2669.0 0.29640767
2672.4 0.28675115
2675.8 0.28489318
2679.2 0.29370663
2682.6 0.30261743
2686.0 0.30363610
2689.4 0.30718037
2692.8 0.31490618
2696.2 0.31532139
2699.6 0.31353086
2703.0 0.30323696
2706.4 0.30466190
2709.8 0.30322269
2713.2 0.29078448
2716.6 0.29463875
2720.0 0.28490067
2723.4 0.28505373
2726.8 0.28025433
2730.2 0.28649637
2733.6 0.29028100
2737.0 0.28513303
2740.4 0.27631140
2743.8 0.27614948
2747.2 0.27500230
2750.6 0.27189478
2754.0 0.28029761
2757.4 0.27453926
2760.8 0.28172734
2764.2 0.28746691
2767.6 0.30513468
2771.0 0.30057636
2774.4 0.29895252
2777.8 0.31231111
2781.2 0.31683442
2784.6 0.32804427
2788.0 0.34899798
2791.4 0.33894813
2794.8 0.32216221
2798.2 0.32070711
2801.6 0.30651674
2805.0 0.29899806
2808.4 0.29602829
2811.8 0.29121304
2815.2 0.28163093
2818.6 0.27092567
2822.0 0.26790068
2825.4 0.26928267
2828.8 0.27686483
2832.2 0.27477372
2835.6 0.27311978
2839.0 0.27926874
2842.4 0.26975644
2845.8 0.26647237
2849.2 0.27150437
2852.6 0.26541194
2856.0 0.26267010
2859.4 0.26237708
2862.8 0.26208457
2866.2 0.26339924
2869.6 0.26569226
2873.0 0.26459303
2876.4 0.26372248
2879.8 0.27858600
2883.2 0.27702850
2886.6 0.28136992
2890.0 0.27647367
2893.4 0.26992968
2896.8 0.26572335
2900.2 0.27775240
2903.6 0.27769938
2907.0 0.27583325
2910.4 0.28870666
2913.8 0.28116342
2917.2 0.29038113
2920.6 0.30631849
2924.0 0.30115905
2927.4 0.30745777
2930.8 0.31323081
2934.2 0.32619470
2937.6 0.34703079
2941.0 0.35101640
2944.4 0.37061125
2947.8 0.40132225
2951.2 0.41637921
2954.6 0.41834018
2958.0 0.38916451
2961.4 0.38238874
2964.8 0.37872809
2968.2 0.36051238
2971.6 0.34435302
2975.0 0.31550449
2978.4 0.30906051
2981.8 0.29689273
2985.2 0.29102734
2988.6 0.29853812
2992.0 0.29052559
2995.4 0.28570989
2998.8 0.28612757
3002.2 0.27956474
3005.6 0.27771559
3009.0 0.27639183
3012.4 0.25944412
3015.8 0.26844040
3019.2 0.26717985
3022.6 0.27410874
3026.0 0.26828289
3029.4 0.26722544
3032.8 0.27938172
3036.2 0.28354186
3039.6 0.29436895
3043.0 0.29022956
3046.4 0.28814101
3049.8 0.27744848
3053.2 0.29284763
3056.6 0.29362229
3060.0 0.29555345
3063.4 0.29355463
3066.8 0.30472863
3070.2 0.31783682
3073.6 0.31567961
3077.0 0.30285826
3080.4 0.29581690
3083.8 0.28876457
3087.2 0.29089054
3090.6 0.31242192
3094.0 0.30405092
3097.4 0.30045798
3100.8 0.31222251
3104.2 0.30971956
3107.6 0.28693500
3111.0 0.30251482
3114.4 0.31465411
3117.8 0.30123296
3121.2 0.29559463
3124.6 0.30037147
3128.0 0.28926128
3131.4 0.28262839
3134.8 0.28365055
3138.2 0.29278970
3141.6 0.30351943
3145.0 0.30343974
3148.4 0.29747668
3151.8 0.30127662
3155.2 0.29239222
3158.6 0.29734552
3162.0 0.28844401
3165.4 0.30365628
3168.8 0.28588700
3172.2 0.29525524
3175.6 0.28304327
3179.0 0.28577232
3182.4 0.28807196
3185.8 0.29764366
3189.2 0.27154878
3192.6 0.27104104
3196.0 0.25489494
3199.4 0.25174358
3202.8 0.24828881
3206.2 0.25442585
3209.6 0.25365943
3213.0 0.25296682
3216.4 0.24849260
3219.8 0.25232303
3223.2 0.25498170
3226.6 0.24968934
3230.0 0.24137247
3233.4 0.24358131
3236.8 0.24463092
3240.2 0.24341205
3243.6 0.24726111
3247.0 0.25045982
3250.4 0.25503463
3253.8 0.25412852
3257.2 0.25218600
3260.6 0.25715211
3264.0 0.26459104
3267.4 0.26482129
3270.8 0.26731285
3274.2 0.27738297
3277.6 0.29379794
3281.0 0.29523566
3284.4 0.31739563
3287.8 0.32039344
3291.2 0.33117995
3294.6 0.35600024
3298.0 0.37073529
3301.4 0.41486847
3304.8 0.45262545
3308.2 0.43841594
3311.6 0.40903160
3315.0 0.37992525
3318.4 0.35947520
3321.8 0.34167919
3325.2 0.31918943
3328.6 0.31356284
3332.0 0.31052291
3335.4 0.29977936
3338.8 0.28312621
3342.2 0.29163679
3345.6 0.28218606
3349.0 0.27791923
3352.4 0.27328545
3355.8 0.26598832
3359.2 0.26314351
3362.6 0.27004480
3366.0 0.27015924
3369.4 0.31885430
3372.8 0.34862953
3376.2 0.29147944
3379.6 0.25892836
3383.0 0.25212765
3386.4 0.25006402
3389.8 0.24396552
3393.2 0.25988510
3396.6 0.28397918
3400.0 0.34517655
3403.4 0.48639759
3406.8 0.48536828
3410.2 0.32645491
3413.6 0.27487805
3417.0 0.25846916
3420.4 0.25142008
3423.8 0.24553895
3427.2 0.24087030
3430.6 0.24107327
3434.0 0.23941295
3437.4 0.23979720
3440.8 0.23951611
3444.2 0.23565021
3447.6 0.23307225
3451.0 0.23311082
3454.4 0.22423688
3457.8 0.21966565
3461.2 0.22936031
3464.6 0.22733957
3468.0 0.23020598
3471.4 0.22096595
3474.8 0.22281015
3478.2 0.21973969
3481.6 0.22745070
3485.0 0.22349516
3488.4 0.21777800
3491.8 0.22281110
3495.2 0.22146213
3498.6 0.22825046
3502.0 0.22947717
3505.4 0.23871626
3508.8 0.24392308
3512.2 0.24053295
3515.6 0.23362325
3519.0 0.24394637
3522.4 0.23389697
3525.8 0.22814026
3529.2 0.22863868
3532.6 0.24158452
3536.0 0.23711282
3539.4 0.22466743
3542.8 0.22765699
3546.2 0.22979392
3549.6 0.23369615
3553.0 0.22994846
3556.4 0.23217404
3559.8 0.23130555
3563.2 0.23262243
3566.6 0.22417356
3570.0 0.22801389
3573.4 0.23545872
3576.8 0.22418188
3580.2 0.23055729
3583.6 0.23152946
3587.0 0.22987241
3590.4 0.23024230
3593.8 0.23194298
3597.2 0.23047000
3600.6 0.23937416
3604.0 0.22855212
3607.4 0.22378330
3610.8 0.24475315
3614.2 0.22850551
3617.6 0.23917520
3621.0 0.23317105
3624.4 0.22626485
3627.8 0.22309741
3631.2 0.22059768
3634.6 0.22724266
3638.0 0.21539697
3641.4 0.21733473
3644.8 0.21958169
3648.2 0.21723589
3651.6 0.20706666
3655.0 0.21089332
3658.4 0.21601020
3661.8 0.21558349
3665.2 0.20905672
3668.6 0.20985396
3672.0 0.20811635
3675.4 0.20411466
3678.8 0.20821558
3682.2 0.21247691
3685.6 0.21107294
3689.0 0.20594570
3692.4 0.20297657
3695.8 0.19997250
3699.2 0.20693471
3702.6 0.19954376
3706.0 0.21305437
3709.4 0.20084421
3712.8 0.20178145
3716.2 0.19868991
3719.6 0.19847718
3723.0 0.19826479
3726.4 0.19805264
3729.8 0.20260799
3733.2 0.20351100
3736.6 0.20821247
3740.0 0.20315331
3743.4 0.20378068
3746.8 0.19678614
3750.2 0.19657604
3753.6 0.20219356
3757.0 0.20819747
3760.4 0.20470002
3763.8 0.19972630
3767.2 0.20760757
3770.6 0.21095708
3774.0 0.20039651
3777.4 0.20268825
3780.8 0.19469880
3784.2 0.19449168
3787.6 0.19842620
3791.0 0.19517802
3794.4 0.21339776
3797.8 0.20374946
3801.2 0.19821873
3804.6 0.22133693
3808.0 0.21842596
3811.4 0.20859273
3814.8 0.20481251
3818.2 0.19556361
3821.6 0.19532499
3825.0 0.19202876
3828.4 0.19834372
3831.8 0.19162229
3835.2 0.19258338
3838.6 0.19121699
3842.0 0.19280432
3845.4 0.19081278
3848.8 0.19190368
3852.2 0.19122991
3855.6 0.19020864
3859.0 0.19686413
3862.4 0.19398467
3865.8 0.18960717
3869.2 0.18940717
3872.6 0.18920754
3876.0 0.18900812
3879.4 0.18880902
3882.8 0.18861024
3886.2 0.18841167
3889.6 0.19232608
3893.0 0.18801542
3896.4 0.18836291
3899.8 0.18762027
3903.2 0.18850534
3906.6 0.18728916
3910.0 0.18702960
3913.4 0.18888430
3916.8 0.19156037
3920.2 0.19251749
3923.6 0.19076636
3927.0 0.19048458
3930.4 0.18997896
3933.8 0.18740074
3937.2 0.18898861
3940.6 0.18779583
3944.0 0.18747634
3947.4 0.19169451
3950.8 0.20013870
3954.2 0.19036335
3957.6 0.19701080
3961.0 0.19324636
3964.4 0.19926737
3967.8 0.19464207
3971.2 0.20100401
3974.6 0.19784170
3978.0 0.19878905
3981.4 0.20461817
3984.8 0.19970292
3988.2 0.20356601
3991.6 0.21033072
3995.0 0.22651246
3998.4 0.22138357
4001.8 0.21716298
4005.2 0.21839529
4008.6 0.19919240
4012.0 0.19590144
4015.4 0.20507257
4018.8 0.20149304
4022.2 0.19452617
4025.6 0.19562931
4029.0 0.19675325
4032.4 0.19705874
4035.8 0.19363570
4039.2 0.19750558
4042.6 0.20161565
4046.0 0.18925728
4049.4 0.19132604
4052.8 0.19005691
4056.2 0.19620301
4059.6 0.18514353
4063.0 0.18717654
4066.4 0.18671566
4069.8 0.18609537
4073.2 0.18748225
4076.6 0.18715948
4080.0 0.18675113
4083.4 0.18849318
4086.8 0.18549547
4090.2 0.18399961
4093.6 0.18082015
4097.0 0.18072161
4100.4 0.17782392
4103.8 0.18132815
4107.2 0.18177046
4110.6 0.18391435
4114.0 0.18545566
4117.4 0.17843947
4120.8 0.18232502
4124.2 0.18785292
4127.6 0.18571424
4131.0 0.18761815
4134.4 0.19109441
4137.8 0.18801692
4141.2 0.18946451
4144.6 0.18577167
4148.0 0.19516431
4151.4 0.17950331
4154.8 0.17358454
4158.2 0.17626700
4161.6 0.17396306
4165.0 0.17495504
4168.4 0.17525037
4171.8 0.17874572
4175.2 0.18210515
4178.6 0.17388771
4182.0 0.17882936
4185.4 0.18372108
4188.8 0.17700455
4192.2 0.17410284
4195.6 0.17147473
4199.0 0.17130055
4202.4 0.17207669
4205.8 0.18228833
4209.2 0.17372790
4212.6 0.17480366
4216.0 0.17043337
4219.4 0.17091098
4222.8 0.17081380
4226.2 0.17364213
4229.6 0.17194009
4233.0 0.17591234
4236.4 0.17655392
4239.8 0.17259674
4243.2 0.17145939
4246.6 0.17125204
4250.0 0.17624241
4253.4 0.17519274
4256.8 0.17154448
4260.2 0.17034855
4263.6 0.16908552
4267.0 0.16831857
4270.4 0.16976188
4273.8 0.17129487
4277.2 0.17700507
4280.6 0.17948973
4284.0 0.18293855
4287.4 0.18880925
4290.8 0.18131311
4294.2 0.17247821
4297.6 0.17309189
4301.0 0.17135413
4304.4 0.16873115
4307.8 0.17141297
4311.2 0.17656492
4314.6 0.17847459
4318.0 0.17297079
4321.4 0.17436951
4324.8 0.17702945
4328.2 0.18027887
4331.6 0.18306692
4335.0 0.17409709
4338.4 0.17587200
4341.8 0.17918769
4345.2 0.17977509
4348.6 0.17600372
4352.0 0.17574167
4355.4 0.17840229
4358.8 0.17829001
4362.2 0.17639749
4365.6 0.18078125
4369.0 0.17898123
4372.4 0.18155965
4375.8 0.18595789
4379.2 0.18341236
4382.6 0.18880518
4386.0 0.18583295
4389.4 0.19850875
4392.8 0.20003207
4396.2 0.20532486
4399.6 0.21116124
4403.0 0.21036182
4406.4 0.21471705
4409.8 0.22682206
4413.2 0.22814079
4416.6 0.23814249
4420.0 0.24920811
4423.4 0.26457107
4426.8 0.28235787
4430.2 0.30381697
4433.6 0.33336255
4437.0 0.37026492
4440.4 0.41543290
4443.8 0.46866193
4447.2 0.54961574
4450.6 0.64592367
4454.0 0.76724672
4457.4 0.88965541
4460.8 1.0467622
4464.2 1.0760031
4467.6 0.92039812
4471.0 0.76624477
4474.4 0.69729406
4477.8 0.65691847
4481.2 0.56901759
4484.6 0.48015058
4488.0 0.43266642
4491.4 0.39474428
4494.8 0.36006287
4498.2 0.33364278
4501.6 0.31750506
4505.0 0.29734573
4508.4 0.27691248
4511.8 0.25993803
4515.2 0.24287814
4518.6 0.22829305
4522.0 0.22371528
4525.4 0.21917009
4528.8 0.20819741
4532.2 0.20690121
4535.6 0.20306653
4539.0 0.20334302
4542.4 0.20697215
4545.8 0.20643891
4549.2 0.20218579
4552.6 0.19567284
4556.0 0.20549066
4559.4 0.21081777
4562.8 0.21515909
4566.2 0.23699294
4569.6 0.23581833
4573.0 0.21989085
4576.4 0.22215326
4579.8 0.22488508
4583.2 0.21847098
4586.6 0.20166638
4590.0 0.18530189
4593.4 0.18352227
4596.8 0.17891291
4600.2 0.17352109
4603.6 0.17247269
4607.0 0.16770044
4610.4 0.16034791
4613.8 0.15949155
4617.2 0.16030866
4620.6 0.16006151
4624.0 0.15263315
4627.4 0.15123726
4630.8 0.15109254
4634.2 0.15596320
4637.6 0.16213749
4641.0 0.15574796
4644.4 0.15351483
4647.8 0.15309702
4651.2 0.15022595
4654.6 0.15008231
4658.0 0.14993890
4661.4 0.16009417
4664.8 0.15402639
4668.2 0.15515648
4671.6 0.14936724
4675.0 0.14922483
4678.4 0.15197147
4681.8 0.15687104
4685.2 0.15567614
4688.6 0.15204066
4692.0 0.15360148
4695.4 0.15376678
4698.8 0.15265085
4702.2 0.14809312
4705.6 0.14795257
4709.0 0.14781222
4712.4 0.14903992
4715.8 0.14753217
4719.2 0.14739242
4722.6 0.14725292
4726.0 0.15076092
4729.4 0.14697447
4732.8 0.14683557
4736.2 0.14669685
4739.6 0.14874156
4743.0 0.14642002
4746.4 0.14628191
4749.8 0.14614402
4753.2 0.14600630
4756.6 0.14997469
4760.0 0.14660664
4763.4 0.15471539
4766.8 0.14655828
4770.2 0.14657977
4773.6 0.14518429
4777.0 0.14504799
4780.4 0.15542829
4783.8 0.16129823
4787.2 0.15572660
4790.6 0.16733435
4794.0 0.15474901
4797.4 0.17415713
4800.8 0.16397023
4804.2 0.15153810
4807.6 0.16868080
4811.0 0.15716380
4814.4 0.15330356
4817.8 0.15460975
4821.2 0.14974931
4824.6 0.14765882
4828.0 0.14302716
4831.4 0.14289401
4834.8 0.14497016
4838.2 0.15043049
4841.6 0.14249571
4845.0 0.14236335
4848.4 0.14223121
4851.8 0.14209923
4855.2 0.15630654
4858.6 0.14521587
4862.0 0.14170444
4865.4 0.14157325
4868.8 0.14398478
4872.2 0.14303480
4875.6 0.14118072
4879.0 0.14105037
4882.4 0.14507583
4885.8 0.14959952
4889.2 0.15791121
4892.6 0.14053048
4896.0 0.15549958
4899.4 0.14067705
4902.8 0.14732537
4906.2 0.14001371
4909.6 0.14951313
4913.0 0.14560480
4916.4 0.14533040
4919.8 0.14823851
4923.2 0.15517348
4926.6 0.14785312
4930.0 0.13911669
4933.4 0.14851157
4936.8 0.16443717
4940.2 0.13873509
4943.6 0.13860826
4947.0 0.13887966
4950.4 0.13835515
4953.8 0.13822889
4957.2 0.13810278
4960.6 0.15164518
4964.0 0.14773950
4967.4 0.13772570
4970.8 0.13760038
4974.2 0.14499894
4977.6 0.15518764
4981.0 0.13722548
4984.4 0.13839325
4987.8 0.16918068
4991.2 0.14550862
4994.6 0.14427069
4998.0 0.13660437
5001.4 0.15524498
5004.8 0.16594063
5008.2 0.15853485
5011.6 0.17439634
5015.0 0.17075428
5018.4 0.17997697
5021.8 0.15644982
5025.2 0.16235402
5028.6 0.19997369
5032.0 0.17937729
5035.4 0.17216182
5038.8 0.15584788
5042.2 0.15062085
5045.6 0.18620381
5049.0 0.17763081
5052.4 0.17186381
5055.8 0.16009566
5059.2 0.14326283
5062.6 0.16192037
5066.0 0.13416575
5069.4 0.13404572
5072.8 0.13392586
5076.2 0.13380621
5079.6 0.13368674
5083.0 0.13356741
5086.4 0.13344830
5089.8 0.13332932
5093.2 0.13321055
5096.6 0.13309196
5100.0 0.13297357
5103.4 0.13285531
5106.8 0.13273726
5110.2 0.13261937
5113.6 0.13250169
5117.0 0.13238417
5120.4 0.13226680
5123.8 0.13214964
5127.2 0.13203263
5130.6 0.13191584
5134.0 0.13179919
5137.4 0.13168271
5140.8 0.13156646
5144.2 0.13145034
5147.6 0.13133438
5151.0 0.13121860
5154.4 0.13110304
5157.8 0.13098763
5161.2 0.13087235
5164.6 0.13075730
5168.0 0.13064244
5171.4 0.13052772
5174.8 0.13041316
5178.2 0.13029879
5181.6 0.13018459
5185.0 0.13007058
5188.4 0.12995675
5191.8 0.12984310
5195.2 0.12972961
5198.6 0.12961625
5202.0 0.12950310
5205.4 0.12939012
5208.8 0.12927730
5212.2 0.12916468
5215.6 0.12905219
5219.0 0.12893993
5222.4 0.12882780
5225.8 0.12871584
5229.2 0.12860408
5232.6 0.12849249
5236.0 0.12838101
5239.4 0.12826976
5242.8 0.12815869
5246.2 0.12804773
5249.6 0.12793702
5253.0 0.12782638
5256.4 0.12771593
5259.8 0.12760574
5263.2 0.12749578
5266.6 0.12738578
5270.0 0.12727599
5273.4 0.12716646
5276.8 0.12705712
5280.2 0.12694775
5283.6 0.12683862
5287.0 0.12672998
5290.4 0.12662102
5293.8 0.12651254
5297.2 0.12640429
5300.6 0.12629601
5304.0 0.12618798
5307.4 0.12608008
5310.8 0.12597223
5314.2 0.12586485
5317.6 0.12575740
5321.0 0.12565017
5324.4 0.12554295
5327.8 0.12543613
5331.2 0.12532938
5334.6 0.12522277
5338.0 0.12511638
5341.4 0.12501024
5344.8 0.12490427
5348.2 0.12479834
5351.6 0.12469256
5355.0 0.12458701
5358.4 0.12448168
5361.8 0.12437631
5365.2 0.12427120
5368.6 0.12416648
5372.0 0.12406154
5375.4 0.12395704
5378.8 0.12385271
5382.2 0.12374841
5385.6 0.12364431
5389.0 0.12354040
5392.4 0.12343647
5395.8 0.12333302
5399.2 0.12322950
5402.6 0.12312621
5406.0 0.12302311
5409.4 0.12292022
5412.8 0.12281732
5416.2 0.12271485
5419.6 0.12261239
5423.0 0.12251012
5426.4 0.12240782
5429.8 0.12230594
5433.2 0.12220407
5436.6 0.12210238
5440.0 0.12200089
5443.4 0.12189962
5446.8 0.12179833
5450.2 0.12169746
5453.6 0.12159659
5457.0 0.12149591
5460.4 0.12139519
5463.8 0.12129492
5467.2 0.12119460
5470.6 0.12109476
5474.0 0.12099484
5477.4 0.12089495
5480.8 0.12079544
5484.2 0.12069593
5487.6 0.12059684
5491.0 0.12049773
5494.4 0.12039860
5497.8 0.12029988
5501.2 0.12020138
5504.6 0.12010286
5508.0 0.12000450
5511.4 0.11990637
5514.8 0.11980844
5518.2 0.11971049
5521.6 0.11961274
5525.0 0.11951540
5528.4 0.11941801
5531.8 0.11932063
5535.2 0.11922367
5538.6 0.11912668
5542.0 0.11903008
5545.4 0.11893349
5548.8 0.11883688
5552.2 0.11874069
5555.6 0.11864465
5559.0 0.11854865
5562.4 0.11845279
5565.8 0.11835714
5569.2 0.11826168
5572.6 0.11816622
5576.0 0.11807117
5579.4 0.11797606
5582.8 0.11788119
5586.2 0.11778649
5589.6 0.11769196
5593.0 0.11759746
5596.4 0.11750335
5599.8 0.11740921
5603.2 0.11731523
5606.6 0.11722148
5610.0 0.11712772
5613.4 0.11703434
5616.8 0.11694093
5620.2 0.11684771
5623.6 0.11675470
5627.0 0.11666188
5630.4 0.11656900
5633.8 0.11647655
5637.2 0.11638411
5640.6 0.11629181
5644.0 0.11619972
5647.4 0.11610762
5650.8 0.11601590
5654.2 0.11592416
5657.6 0.11583282
5661.0 0.11574145
5664.4 0.11565005
5667.8 0.11555907
5671.2 0.11546828
5674.6 0.11537743
5678.0 0.11528680
5681.4 0.11519635
5684.8 0.11510608
5688.2 0.11501598
5691.6 0.11492588
5695.0 0.11483596
5698.4 0.11474624
5701.8 0.11465668
5705.2 0.11456732
5708.6 0.11447816
5712.0 0.11438894
5715.4 0.11430012
5718.8 0.11421129
5722.2 0.11412264
5725.6 0.11403416
5729.0 0.11394569
5732.4 0.11385759
5735.8 0.11376944
5739.2 0.11368149
5742.6 0.11359373
5746.0 0.11350617
5749.4 0.11341876
5752.8 0.11333134
5756.2 0.11324409
5759.6 0.11315724
5763.0 0.11307034
5766.4 0.11298346
5769.8 0.11289695
5773.2 0.11281060
5776.6 0.11272421
5780.0 0.11263805
5783.4 0.11255205
5786.8 0.11246619
5790.2 0.11238056
5793.6 0.11229490
5797.0 0.11220960
5800.4 0.11212430
5803.8 0.11203916
5807.2 0.11195420
5810.6 0.11186944
5814.0 0.11178463
5817.4 0.11170020
5820.8 0.11161575
5824.2 0.11153148
5827.6 0.11144739
5831.0 0.11136347
5834.4 0.11127970
5837.8 0.11119594
5841.2 0.11111254
5844.6 0.11102911
5848.0 0.11094589
5851.4 0.11086283
5854.8 0.11077975
5858.2 0.11069704
5861.6 0.11061428
5865.0 0.11053193
5868.4 0.11044952
5871.8 0.11036731
5875.2 0.11028525
5878.6 0.11020318
5882.0 0.11012149
5885.4 0.11003978
5888.8 0.10995824
5892.2 0.10987685
5895.6 0.10979564
5899.0 0.10971460
5902.4 0.10963354
5905.8 0.10955286
5909.2 0.10947216
5912.6 0.10939159
5916.0 0.10931123
5919.4 0.10923102
5922.8 0.10915101
5926.2 0.10907095
5929.6 0.10899127
5933.0 0.10891153
5936.4 0.10883201
5939.8 0.10875264
5943.2 0.10867344
5946.6 0.10859440
5950.0 0.10851534
5953.4 0.10843646
5956.8 0.10835792
5960.2 0.10827937
5963.6 0.10820100
5967.0 0.10812256
5970.4 0.10804453
5973.8 0.10796668
5977.2 0.10788877
5980.6 0.10781100
5984.0 0.10773344
5987.4 0.10765606
5990.8 0.10757881
5994.2 0.10750155
5997.6 0.10742465
