300.0 0.0
430.0 0.0000000
434.3 0.0000000
438.6 0.0000000
442.9 0.0000000
447.2 0.0000000
451.5 0.0000000
455.8 0.0000000
460.1 0.0000000
464.4 0.0000000
468.7 0.0000000
473.0 0.0000000
477.3 0.0000000
481.6 0.0000000
485.9 0.0000000
490.2 0.0000000
494.5 0.0000000
498.8 0.0000000
503.1 0.0000000
507.4 0.0000000
511.7 0.0000000
516.0 0.0000000
520.3 0.0000000
524.6 0.0000000
528.9 0.0000000
533.2 0.0000000
537.5 0.0000000
541.8 0.0000000
546.1 0.0000000
550.4 0.0000000
554.70005 0.0000000
559.00005 0.0000000
563.30005 0.0000000
567.60005 0.0000000
571.90005 0.0000000
576.20005 0.0000000
580.50005 0.0000000
584.80005 0.0000000
589.10005 0.0000000
593.40005 0.0000000
597.70005 0.0000000
602.00005 0.0000000
606.30005 0.0000000
610.60005 0.0000000
614.90005 0.0000000
619.20005 0.0000000
623.50005 0.0000000
627.80005 0.0000000
632.10005 0.0000000
636.40005 0.0000000
640.70005 0.0000000
645.00005 0.0000000
649.30005 0.0000000
653.60005 0.0000000
657.90005 0.0000000
662.20005 0.0000000
666.50005 0.0000000
670.80005 0.0000000
675.10005 0.0000000
679.40005 0.0000000
683.70005 0.0000000
688.00005 0.0000000
692.30005 0.0000000
696.60005 0.0000000
700.90005 0.0000000
705.20005 0.0000000
709.50005 0.0000000
713.80005 0.0000000
718.10005 0.0000000
722.40005 0.0000000
726.70005 0.0000000
731.00005 0.0000000
735.30005 0.0000000
739.60005 0.0000000
743.90005 0.0000000
748.20005 0.0000000
752.50005 0.0000000
756.80005 0.0000000
761.10005 0.0000000
765.40005 0.0000000
769.70005 0.0000000
774.00005 0.0000000
778.30005 0.0000000
782.60005 0.0000000
786.90005 2.11389233E-05
791.20005 1.45553904E-05
795.50005 9.64428182E-06
799.80005 6.22519428E-06
804.10005 3.96921496E-06
808.40005 2.49636946E-06
812.70005 1.54413465E-06
817.00005 9.38842390E-07
821.3 5.60849628E-07
825.6 3.29017098E-07
829.9 1.89415459E-07
834.2 1.06981261E-07
838.5 1.04352948E-05
842.8 6.92910771E-06
847.1 4.53800703E-06
851.4 2.92851382E-06
855.7 1.86180398E-06
860.0 1.27873932E-06
864.3 8.25782593E-07
868.6 5.00694853E-07
872.9 3.21724599E-07
877.2 2.07558443E-07
881.5 1.33753076E-07
885.8 1.51887885E-03
890.1 1.26314210E-03
894.4 8.68902833E-04
898.7 5.83986577E-04
903.0 4.38778749E-04
907.3 3.39385151E-04
911.6 2.68372707E-04
915.9 2.13352469E-04
920.2 1.61354052E-04
924.5 1.12148678E-04
928.8 8.63728928E-05
933.1 5.84487425E-05
937.4 3.98659649E-05
941.7 2.73971564E-05
946.0 1.94358927E-05
950.3 1.43823199E-05
954.6 9.95831761E-06
958.9 7.26004009E-06
963.2 5.28645660E-06
967.5 3.59647538E-06
971.8 2.21909022E-06
976.1 1.47001219E-06
980.4 9.07058848E-07
984.7 6.11418216E-07
989.0 3.99142692E-07
993.3 2.50194915E-07
997.6 1.59376626E-07
1001.9 1.03745037E-07
1006.2 6.71478659E-08
1010.5 4.41871855E-08
1014.8 2.60544244E-08
1019.1 1.62044316E-08
1023.4 1.24715687E-08
1027.7 1.19952199E-08
1032.0 1.30189441E-08
1036.3 1.53112811E-08
1040.6 1.98699155E-08
1044.9 2.86473920E-08
1049.2 1.5637443
1053.5 1.2683116
1057.8 1.1862520
1062.1 1.1890160
1066.4 1.1168677
1070.7 0.89653355
1075.0 0.77614802
1079.3 0.73185730
1083.6 0.70221037
1087.9 0.65833056
1092.2 0.60269099
1096.5 0.56610268
1100.8 0.55445206
1105.1001 0.55731905
1109.4001 0.56775075
1113.7001 0.57300758
1118.0001 0.61783606
1122.3001 0.62904620
1126.6001 0.60344720
1130.9001 0.55120015
1135.2001 0.55607808
1139.5001 0.55232412
1143.8001 0.56686980
1148.1001 0.57794356
1152.4001 0.57218099
1156.7001 0.55284941
1161.0001 0.54672348
1165.3001 0.56533915
1169.6001 0.56306779
1173.9001 0.57371265
1178.2001 0.56752616
1182.5001 0.58204186
1186.8001 0.61663085
1191.1001 0.65260470
1195.4001 0.70200497
1199.7001 0.71646601
1204.0001 0.72816163
1208.3001 0.66354078
1212.6001 0.62082368
1216.9001 0.58927840
1221.2001 0.57616591
1225.5001 0.57474947
1229.8001 0.54988021
1234.1001 0.54399532
1238.4001 0.54181558
1242.7001 0.53884023
1247.0001 0.54956800
1251.3001 0.54533428
1255.6001 0.53473580
1259.9001 0.55181110
1264.2001 0.54328543
1268.5001 0.55277681
1272.8001 0.56702912
1277.1001 0.57644206
1281.4001 0.59152514
1285.7001 0.59170645
1290.0001 0.61153418
1294.3001 0.62615931
1298.6001 0.64248705
1302.9001 0.66789907
1307.2001 0.71888155
1311.5001 0.78693694
1315.8001 0.86506093
1320.1001 0.96422112
1324.4001 1.0874000
1328.7001 1.1611956
1333.0001 1.0555910
1337.3001 0.89681602
1341.6001 0.77612287
1345.9001 0.71339357
1350.2001 0.68221158
1354.5001 0.66464889
1358.8001 0.63404816
1363.1001 0.63259840
1367.4001 0.61433363
1371.7001 0.62717134
1376.0001 0.62957358
1380.3001 0.62806666
1384.6001 0.63561082
1388.9001 0.62832683
1393.2001 0.63846278
1397.5001 0.64795935
1401.8001 0.64963573
1406.1001 0.66422409
1410.4001 0.63916737
1414.7001 0.63539398
1419.0001 0.62770015
1423.3001 0.63854367
1427.6001 0.64198011
1431.9001 0.63338757
1436.2001 0.60186779
1440.5001 0.58296400
1444.8001 0.57528758
1449.1001 0.56519794
1453.4001 0.56663972
1457.7001 0.56562561
1462.0001 0.56505907
1466.3001 0.57448316
1470.6001 0.57319295
1474.9001 0.58290571
1479.2001 0.58613038
1483.5001 0.58557934
1487.8001 0.57935995
1492.1001 0.58720660
1496.4001 0.59034634
1500.7001 0.60686225
1505.0001 0.59763068
1509.3001 0.58852738
1513.6001 0.56313914
1517.9001 0.57212281
1522.2001 0.57527530
1526.5001 0.56816590
1530.8001 0.58794200
1535.1001 0.59410381
1539.4001 0.57904869
1543.7001 0.56974143
1548.0001 0.57105708
1552.3001 0.57162416
1556.6001 0.57192743
1560.9001 0.57977605
1565.2001 0.57020569
1569.5001 0.56896508
1573.8001 0.57681072
1578.1001 0.57672781
1582.4001 0.59159458
1586.7001 0.58962965
1591.0001 0.62837261
1595.3001 0.62683839
1599.6001 0.63385028
1603.9001 0.62487876
1608.2001 0.62686896
1612.5001 0.63326645
1616.8001 0.66209322
1621.1001 0.71311402
1625.4001 0.75961685
1629.7001 0.79772127
1634.0001 0.81279224
1638.3001 0.85633206
1642.6 0.81978297
1646.9 0.75029933
1651.2 0.68697411
1655.5 0.64507151
1659.8 0.62576389
1664.1 0.60606116
1668.4 0.58753961
1672.7 0.57343888
1677.0 0.56978774
1681.3 0.54919273
1685.6 0.54137874
1689.9 0.53791302
1694.2 0.54394579
1698.5 0.54705757
1702.8 0.53523171
1707.1 0.53820336
1711.4 0.54182619
1715.7 0.54713249
1720.0 0.53433663
1724.3 0.54092598
1728.6 0.55432743
1732.9 0.52506173
1737.2 0.53970754
1741.5 0.54392731
1745.8 0.54087317
1750.1 0.54624546
1754.4 0.53833640
1758.7 0.53193939
1763.0 0.54746526
1767.3 0.57038468
1771.6 0.55985522
1775.9 0.57470405
1780.2 0.57064885
1784.5 0.57295948
1788.8 0.57050520
1793.1 0.57862151
1797.4 0.57773578
1801.7 0.57705283
1806.0 0.55939585
1810.3 0.55108041
1814.6 0.55899739
1818.9 0.56773174
1823.2 0.54447395
1827.5 0.57154244
1831.8 0.55241495
1836.1 0.56637490
1840.4 0.56195188
1844.7 0.57414478
1849.0 0.54775012
1853.3 0.55657864
1857.6 0.55676740
1861.9 0.56722003
1866.2 0.53983480
1870.5 0.54684955
1874.8 0.55795175
1879.1 0.53382295
1883.4 0.54442030
1887.7 0.52861142
1892.0 0.51451337
1896.3 0.51449311
1900.6 0.51446837
1904.9 0.51835734
1909.2 0.52201217
1913.5 0.52329046
1917.8 0.51647544
1922.1 0.51427519
1926.4 0.51422280
1930.7 0.51416659
1935.0 0.52105772
1939.3 0.52059263
1943.6 0.52865380
1947.9 0.53223252
1952.2 0.53240818
1956.5 0.53666663
1960.8 0.54199433
1965.1 0.55218494
1969.4 0.56495279
1973.7 0.56093568
1978.0 0.57613879
1982.3 0.58313161
1986.6 0.58840775
1990.9 0.59204662
1995.2 0.59663147
1999.5 0.60450006
2003.8 0.60794002
2008.1 0.60009116
2012.4 0.59515387
2016.7 0.58217323
2021.0 0.58104938
2025.3 0.57015461
2029.6 0.57879490
2033.9 0.57198870
2038.2 0.56860417
2042.5 0.57047993
2046.8 0.56724900
2051.1 0.56886971
2055.4 0.57040429
2059.7 0.57723022
2064.0 0.59103388
2068.3 0.58225787
2072.6 0.60347992
2076.9 0.61866093
2081.2 0.63726884
2085.5 0.63565433
2089.8 0.61786813
2094.1 0.61502838
2098.4 0.61723673
2102.7 0.60345674
2107.0 0.59245390
2111.3 0.58933103
2115.6 0.58726382
2119.9 0.59874290
2124.2 0.61116636
2128.5 0.61382478
2132.8 0.61008847
2137.1 0.61187851
2141.4 0.60828257
2145.7 0.61161178
2150.0 0.60563833
2154.3 0.60337067
2158.6 0.60432345
2162.9 0.60179108
2167.2 0.59444594
2171.5 0.58610934
2175.8 0.59183931
2180.1 0.59406108
2184.4 0.59458357
2188.7 0.58909404
2193.0 0.58477670
2197.3 0.58350176
2201.6 0.58085817
2205.9002 0.57886416
2210.2002 0.57416338
2214.5002 0.56667817
2218.8002 0.56980526
2223.1002 0.57011408
2227.4002 0.56406575
2231.7002 0.54956013
2236.0002 0.56394327
2240.3002 0.56670350
2244.6002 0.56351870
2248.9002 0.56375670
2253.2002 0.56886226
2257.5002 0.55860525
2261.8002 0.55905086
2266.1002 0.54838425
2270.4002 0.54003978
2274.7002 0.51916713
2279.0002 0.51700538
2283.3002 0.51636910
2287.6002 0.51154280
2291.9002 0.52568036
2296.2002 0.53357726
2300.5002 0.53496581
2304.8002 0.52372998
2309.1002 0.52931702
2313.4002 0.53187490
2317.7002 0.53927404
2322.0002 0.53959489
2326.3002 0.55233741
2330.6002 0.56863797
2334.9002 0.57389164
2339.2002 0.56678736
2343.5002 0.58440870
2347.8002 0.59246498
2352.1002 0.59215957
2356.4002 0.59548163
2360.7002 0.61986244
2365.0002 0.63536310
2369.3002 0.63236380
2373.6002 0.64468729
2377.9002 0.63029867
2382.2002 0.64635879
2386.5002 0.66880471
2390.8002 0.72486305
2395.1002 0.79055166
2399.4002 0.89256543
2403.7002 0.99667567
2408.0002 1.0289695
2412.3002 0.97710025
2416.6002 0.86580771
2420.9002 0.77061725
2425.2002 0.71158141
2429.5002 0.68251842
2433.8002 0.65965670
2438.1002 0.64201045
2442.4002 0.62816298
2446.7002 0.61487973
2451.0002 0.61078429
2455.3002 0.59867430
2459.6002 0.58820164
2463.9002 0.57618445
2468.2002 0.56948495
2472.5002 0.56796688
2476.8002 0.55191308
2481.1002 0.55317879
2485.4002 0.53962547
2489.7002 0.53629857
2494.0002 0.53589648
2498.3002 0.51397276
2502.6002 0.52186501
2506.9002 0.52170926
2511.2002 0.52955228
2515.5002 0.54427493
2519.8002 0.54957366
2524.1002 0.55165452
2528.4002 0.55141139
2532.7002 0.55545002
2537.0002 0.54807663
2541.3002 0.54963803
2545.6002 0.55713403
2549.9002 0.54912001
2554.2002 0.55118871
2558.5002 0.54149866
2562.8002 0.54496962
2567.1002 0.53203744
2571.4002 0.52329135
2575.7002 0.51411051
2580.0002 0.50965047
2584.3002 0.49762839
2588.6002 0.49279186
2592.9002 0.47949871
2597.2002 0.47042876
2601.5002 0.46871442
2605.8002 0.47334144
2610.1002 0.46735725
2614.4002 0.47753811
2618.7002 0.48023215
2623.0002 0.48194420
2627.3002 0.48208085
2631.6002 0.48268759
2635.9002 0.49245772
2640.2002 0.48755467
2644.5002 0.49738023
2648.8002 0.49703127
2653.1002 0.49526733
2657.4002 0.49007174
2661.7002 0.49525943
2666.0002 0.49196106
2670.3002 0.50263870
2674.6002 0.51558340
2678.9002 0.51716506
2683.2002 0.53805870
2687.5002 0.54262233
2691.8002 0.54260325
2696.1002 0.53537542
2700.4002 0.53506768
2704.7002 0.51555848
2709.0002 0.52719146
2713.3002 0.52220613
2717.6002 0.52142251
2721.9002 0.52814490
2726.2002 0.54227418
2730.5002 0.54300213
2734.8002 0.55000031
2739.1002 0.55363381
2743.4002 0.55813265
2747.7002 0.55285251
2752.0002 0.55572826
2756.3002 0.54765356
2760.6002 0.55402982
2764.9002 0.54738122
2769.2002 0.53131211
2773.5002 0.53171533
2777.8002 0.53843290
2782.1002 0.52442545
2786.4002 0.52379662
2790.7002 0.52436721
2795.0002 0.52423084
2799.3002 0.53272921
2803.6002 0.53055793
2807.9002 0.52173346
2812.2002 0.52087754
2816.5002 0.53152990
2820.8002 0.53069252
2825.1002 0.52723372
2829.4002 0.53705800
2833.7002 0.52202708
2838.0002 0.51571685
2842.3002 0.50895745
2846.6002 0.50420129
2850.9002 0.50055748
2855.2002 0.49038377
2859.5002 0.48858452
2863.8002 0.49448836
2868.1002 0.49902761
2872.4002 0.50558931
2876.7002 0.52151656
2881.0002 0.50391871
2885.3002 0.49704382
2889.6002 0.49411115
2893.9002 0.49190140
2898.2002 0.48631245
2902.5002 0.49798772
2906.8002 0.49631363
2911.1002 0.49996841
2915.4002 0.49543929
2919.7002 0.49710804
2924.0002 0.49752358
2928.3002 0.50905025
2932.6002 0.51217884
2936.9002 0.52098978
2941.2002 0.53804135
2945.5002 0.56008404
2949.8002 0.53379422
2954.1002 0.51361966
2958.4002 0.51667547
2962.7002 0.50885618
2967.0002 0.49039727
2971.3002 0.49599889
2975.6002 0.49753553
2979.9002 0.48381862
2984.2002 0.48064747
2988.5002 0.47007155
2992.8002 0.46351790
2997.1002 0.47606012
3001.4002 0.47481912
3005.7002 0.46819708
3010.0002 0.47746360
3014.3002 0.46559051
3018.6002 0.45819867
3022.9002 0.45810166
3027.2002 0.45048207
3031.5002 0.44310498
3035.8002 0.43464848
3040.1002 0.44020385
3044.4002 0.43921918
3048.7002 0.42660588
3053.0002 0.43044084
3057.3002 0.43745732
3061.6002 0.44045168
3065.9002 0.43221003
3070.2002 0.44019961
3074.5002 0.45124340
3078.8002 0.44285583
3083.1002 0.45257276
3087.4002 0.43968058
3091.7002 0.44079819
3096.0002 0.43435061
3100.3002 0.44002837
3104.6002 0.44269308
3108.9002 0.43406266
3113.2002 0.44616696
3117.5002 0.43873036
3121.8002 0.43491268
3126.1002 0.43880492
3130.4002 0.42937523
3134.7002 0.43415126
3139.0002 0.43076599
3143.3002 0.43369597
3147.6002 0.43662500
3151.9002 0.43083951
3156.2002 0.42720994
3160.5002 0.42607772
3164.8002 0.42417988
3169.1002 0.42166972
3173.4002 0.42201447
3177.7002 0.42797565
3182.0002 0.42741650
3186.3002 0.42707273
3190.6002 0.41895914
3194.9002 0.42060509
3199.2002 0.43836129
3203.5002 0.49419418
3207.8002 0.51347840
3212.1002 0.43404207
3216.4002 0.41874209
3220.7002 0.41874027
3225.0002 0.41384497
3229.3002 0.42878652
3233.6002 0.41688097
3237.9002 0.40781173
3242.2002 0.41071710
3246.5002 0.40615320
3250.8002 0.40088406
3255.1002 0.39675954
3259.4002 0.39193991
3263.7002 0.37072894
3268.0002 0.37682354
3272.3002 0.36983934
3276.6002 0.38607576
3280.9 0.38523388
3285.2 0.38119087
3289.5 0.37748358
3293.8 0.37478077
3298.1 0.38445112
3302.4 0.37668332
3306.7 0.38307011
3311.0 0.38898963
3315.3 0.39550215
3319.6 0.41132241
3323.9 0.44282627
3328.2 0.46139956
3332.5 0.41477868
3336.8 0.38770241
3341.1 0.40168753
3345.4 0.40499812
3349.7 0.38396415
3354.0 0.37584201
3358.3 0.37648365
3362.6 0.36996084
3366.9 0.36786240
3371.2 0.36112159
3375.5 0.35075226
3379.8 0.33924177
3384.1 0.33696091
3388.4 0.34730002
3392.7 0.35774937
3397.0 0.35886627
3401.3 0.36296695
3405.6 0.37200576
3409.9 0.37240627
3414.2 0.37020236
3418.5 0.35796183
3422.8 0.35955766
3427.1 0.35777354
3431.4 0.34301591
3435.7 0.34747988
3440.0 0.33591565
3444.3 0.33601665
3448.6 0.33028132
3452.9 0.33755824
3457.2 0.34193715
3461.5 0.33579451
3465.8 0.32532960
3470.1 0.32506329
3474.4 0.32363778
3478.7 0.31990665
3483.0 0.32971710
3487.3 0.32286918
3491.6 0.33124658
3495.9 0.33791772
3500.2 0.35860422
3504.5 0.35316664
3508.8 0.35117882
3513.1 0.36678800
3517.4 0.37201634
3521.7 0.38509169
3526.0 0.40959719
3530.3 0.39771307
3534.6 0.37793243
3538.9 0.37614143
3543.2 0.35941824
3547.5 0.35052419
3551.8 0.34696576
3556.1 0.34124666
3560.4 0.32994553
3564.7 0.31733409
3569.0 0.31372228
3573.3 0.31527176
3577.6 0.32407811
3581.9 0.32156053
3586.2 0.31955576
3590.5 0.32667947
3594.8 0.31548417
3599.1 0.31157640
3603.4 0.31739205
3607.7 0.31020355
3612.0 0.30693346
3616.3 0.30652580
3620.6 0.30611899
3624.9 0.30758935
3629.2 0.31020162
3633.5 0.30885303
3637.8 0.30777219
3642.1 0.32505023
3646.4 0.32316533
3650.7 0.32816133
3655.0 0.32238376
3659.3 0.31468767
3663.6 0.30971980
3667.9 0.32367370
3672.2 0.32354519
3676.5 0.32130501
3680.8 0.33623165
3685.1 0.32737973
3689.4 0.33804360
3693.7 0.35652438
3698.0 0.35044816
3702.3 0.35770538
3706.6 0.36434838
3710.9 0.37935141
3715.2 0.40350190
3719.5 0.40805423
3723.8 0.43074709
3728.1 0.46634820
3732.4 0.48374861
3736.7 0.48593044
3741.0 0.45195141
3745.3 0.44399482
3749.6 0.43965778
3753.9 0.41842929
3758.2 0.39959556
3762.5 0.36604747
3766.8 0.35850123
3771.1 0.34431994
3775.4 0.33745208
3779.7 0.34609395
3784.0 0.33673999
3788.3 0.33109450
3792.6 0.33151481
3796.9 0.32384884
3801.2 0.32164523
3805.5 0.32005101
3809.8 0.30036899
3814.1 0.31072536
3818.4 0.30920771
3822.7 0.31716657
3827.0 0.31036708
3831.3 0.30908561
3835.6 0.32308552
3839.9 0.32783508
3844.2 0.34028995
3848.5 0.33544236
3852.8 0.33296657
3857.1 0.32055122
3861.4 0.33828014
3865.7 0.33911243
3870.0 0.34127998
3874.3 0.33890966
3878.6 0.35174564
3882.9 0.36680928
3887.2 0.36425328
3891.5 0.34939557
3895.8 0.34121031
3900.1 0.33301550
3904.4 0.33540672
3908.7 0.36016822
3913.0 0.35045496
3917.3 0.34625158
3921.6 0.35974482
3925.9 0.35679722
3930.2 0.33049056
3934.5 0.34837347
3938.8 0.36228874
3943.1 0.34677446
3947.4 0.34022376
3951.7 0.34566098
3956.0 0.33281717
3960.3 0.32512861
3964.6 0.32624742
3968.9 0.33670038
3973.2 0.34897855
3977.5 0.34882641
3981.8 0.34191227
3986.1 0.34622002
3990.4 0.33595237
3994.7 0.34158489
3999.0 0.33130220
4003.3 0.34871507
4007.6 0.32825306
4011.9 0.33895186
4016.2 0.32487735
4020.5 0.32795411
4024.8 0.33053732
4029.1 0.34146234
4033.4 0.31147340
4037.7 0.31083876
4042.0 0.29227290
4046.3 0.28861111
4050.6 0.28460294
4054.9 0.29158911
4059.2 0.29066241
4063.5 0.28982073
4067.8 0.28464761
4072.1 0.28898764
4076.4 0.29198462
4080.7 0.28587732
4085.0 0.27630979
4089.3 0.27879274
4093.6 0.27994844
4097.9 0.27850828
4102.2 0.28286636
4106.5 0.28647932
4110.8 0.29166487
4115.1 0.29058176
4119.4 0.28831419
4123.7 0.29394463
4128.0 0.30239943
4132.3 0.30261415
4136.6 0.30541262
4140.9 0.31686759
4145.2 0.33556592
4149.5 0.33715460
4153.8 0.36240366
4158.1 0.36576891
4162.4 0.37802356
4166.7 0.40629077
4171.0 0.42304111
4175.3 0.47332692
4179.6 0.51632369
4183.9 0.50003654
4188.2 0.46644974
4192.5 0.43319044
4196.8 0.40980992
4201.1 0.38946205
4205.4 0.36377117
4209.7 0.35730383
4214.0 0.35378560
4218.3 0.34149304
4222.6 0.32247341
4226.9 0.33211622
4231.2 0.32130492
4235.5 0.31639859
4239.8 0.31107619
4244.1 0.30272433
4248.4 0.29944155
4252.7 0.30724862
4257.0 0.30733275
4261.3 0.36267394
4265.6 0.39648199
4269.9 0.33143809
4274.2 0.29438090
4278.5 0.28660655
4282.8 0.28421861
4287.1 0.27724621
4291.4 0.29529396
4295.7 0.32262337
4300.0 0.39209107
4304.3 0.55242515
4308.6 0.55117565
4312.9 0.37066236
4317.2 0.31205574
4321.5 0.29338491
4325.8 0.28534228
4330.1 0.27862737
4334.4 0.27329022
4338.7 0.27348110
4343.0 0.27155861
4347.3 0.27195546
4351.6 0.27159783
4355.9 0.26717600
4360.2 0.26421550
4364.5 0.26422167
4368.8 0.25412741
4373.1 0.24891163
4377.4 0.25986034
4381.7 0.25753459
4386.0 0.26074505
4390.3 0.25024414
4394.6 0.25229734
4398.9 0.24878579
4403.2 0.25748020
4407.5004 0.25296721
4411.8004 0.24646193
4416.1004 0.25212300
4420.4004 0.25056195
4424.7004 0.25820658
4429.0004 0.25955859
4433.3004 0.26997167
4437.6004 0.27582246
4441.9004 0.27195174
4446.2004 0.26410341
4450.5004 0.27573583
4454.8004 0.26434091
4459.1004 0.25779992
4463.4004 0.25832820
4467.7004 0.27291816
4472.0004 0.26783037
4476.3004 0.25373855
4480.6004 0.25708041
4484.9004 0.25945881
4489.2004 0.26382947
4493.5004 0.25956389
4497.8004 0.26204118
4502.1004 0.26102629
4506.4004 0.26247758
4510.7004 0.25291085
4515.0004 0.25720954
4519.3004 0.26557264
4523.6004 0.25282025
4527.9004 0.25997597
4532.2004 0.26103798
4536.5004 0.25913584
4540.8004 0.25951898
4545.1004 0.26140189
4549.4004 0.25970805
4553.7004 0.26970685
4558.0004 0.25748014
4562.3004 0.25207517
4566.6004 0.27566060
4570.9004 0.25732809
4575.2004 0.26930904
4579.5004 0.26251477
4583.8004 0.25470689
4588.1004 0.25110924
4592.4004 0.24826409
4596.7004 0.25570992
4601.0004 0.24234957
4605.3004 0.24449879
4609.6004 0.24699543
4613.9004 0.24432594
4618.2004 0.23285925
4622.5004 0.23713280
4626.8004 0.24285589
4631.1004 0.24234585
4635.4004 0.23497954
4639.7004 0.23584621
4644.0004 0.23386434
4648.3004 0.22933908
4652.6004 0.23391783
4656.9004 0.23867570
4661.2004 0.23706934
4665.5004 0.23128214
4669.8004 0.22791974
4674.1004 0.22451897
4678.4004 0.23230736
4682.7004 0.22398284
4687.0004 0.23911902
4691.3004 0.22538768
4695.6004 0.22641194
4699.9004 0.22291602
4704.2004 0.22265047
4708.5004 0.22238533
4712.8004 0.22212060
4717.1004 0.22720224
4721.4004 0.22818749
4725.7004 0.23343104
4730.0004 0.22773193
4734.3004 0.22840795
4738.6004 0.22054185
4742.9004 0.22028020
4747.2004 0.22654825
4751.5004 0.23324776
4755.8004 0.22930241
4760.1004 0.22370452
4764.4004 0.23250461
4768.7004 0.23622806
4773.0004 0.22437613
4777.3004 0.22691555
4781.6004 0.21794567
4785.9004 0.21768844
4790.2004 0.22206640
4794.5004 0.21840589
4798.8004 0.23876625
4803.1004 0.22794461
4807.4004 0.22173154
4811.7004 0.24756351
4816.0004 0.24427950
4820.3004 0.23325565
4824.6004 0.22900224
4828.9004 0.21863598
4833.2004 0.21834429
4837.5004 0.21463515
4841.8004 0.22166836
4846.1004 0.21413220
4850.4004 0.21518181
4854.7004 0.21363097
4859.0004 0.21538006
4863.3004 0.21313134
4867.6004 0.21432573
4871.9004 0.21354930
4876.2004 0.21238506
4880.5004 0.21979196
4884.8004 0.21655297
4889.1004 0.21164264
4893.4004 0.21139590
4897.7004 0.21114966
4902.0004 0.21090379
4906.3004 0.21065837
4910.6004 0.21041335
4914.9004 0.21016869
4919.2004 0.21451160
4923.5004 0.20968069
4927.8004 0.21004520
4932.1004 0.20919427
4936.4004 0.21015817
4940.7004 0.20877957
4945.0004 0.20846759
4949.3004 0.21051204
4953.6004 0.21347144
4957.9004 0.21451487
4962.2004 0.21254073
4966.5004 0.21220396
4970.8004 0.21161793
4975.1004 0.20872371
4979.4004 0.21046972
4983.7004 0.20911901
4988.0004 0.20874096
4992.3004 0.21341489
4996.6004 0.22279222
5000.9004 0.21188796
5005.2004 0.21926381
5009.5004 0.21505144
5013.8004 0.22172846
5018.1004 0.21655899
5022.4004 0.22361383
5026.7004 0.22007273
5031.0004 0.22110337
5035.3004 0.22756305
5039.6004 0.22207348
5043.9004 0.22634575
5048.2004 0.23384315
5052.5004 0.25180769
5056.8004 0.24608061
5061.1004 0.24136420
5065.4004 0.24270883
5069.7004 0.22134535
5074.0004 0.21766597
5078.3004 0.22783266
5082.6004 0.22383294
5086.9004 0.21607156
5091.2004 0.21727470
5095.5004 0.21850073
5099.8004 0.21881774
5104.1004 0.21499494
5108.4004 0.21926945
5112.7004 0.22380982
5117.0004 0.21006982
5121.3004 0.21234469
5125.6004 0.21091492
5129.9004 0.21771368
5134.2004 0.20542112
5138.5004 0.20765603
5142.8004 0.20712404
5147.1004 0.20641539
5151.4004 0.20793301
5155.7004 0.20755440
5160.0004 0.20708105
5164.3004 0.20899205
5168.6004 0.20564802
5172.9004 0.20396954
5177.2004 0.20042530
5181.5004 0.20029642
5185.8004 0.19706552
5190.1004 0.20092925
5194.4004 0.20139968
5198.7004 0.20375523
5203.0004 0.20544283
5207.3004 0.19765125
5211.6004 0.20193554
5215.9004 0.20803788
5220.2004 0.20564952
5224.5004 0.20773774
5228.8004 0.21156640
5233.1004 0.20813921
5237.4004 0.20972161
5241.7004 0.20561424
5246.0004 0.21598943
5250.3004 0.19863835
5254.6004 0.19207034
5258.9004 0.19501990
5263.2004 0.19245256
5267.5004 0.19353163
5271.8004 0.19383998
5276.1004 0.19768740
5280.4004 0.20138384
5284.7004 0.19227836
5289.0004 0.19772404
5293.3004 0.20311356
5297.6004 0.19566976
5301.9004 0.19244407
5306.2004 0.18952140
5310.5004 0.18931124
5314.8004 0.19015130
5319.1004 0.20141686
5323.4004 0.19194034
5327.7004 0.19311099
5332.0004 0.18826562
5336.3004 0.18877582
5340.6004 0.18865108
5344.9004 0.19175716
5349.2004 0.18986012
5353.5004 0.19422860
5357.8004 0.19491915
5362.1004 0.19053295
5366.4004 0.18926017
5370.7004 0.18901412
5375.0004 0.19450440
5379.3004 0.19332846
5383.6004 0.18928538
5387.9004 0.18794882
5392.2004 0.18653846
5396.5004 0.18567564
5400.8004 0.18725097
5405.1004 0.18892495
5409.4004 0.19520538
5413.7004 0.19792780
5418.0004 0.20171292
5422.3004 0.20816754
5426.6004 0.19988507
5430.9004 0.19012836
5435.2004 0.19078788
5439.5004 0.18885575
5443.8004 0.18594846
5448.1004 0.18888728
5452.4004 0.19454730
5456.7004 0.19663416
5461.0004 0.19055365
5465.3004 0.19207774
5469.6004 0.19499075
5473.9004 0.19855249
5478.2004 0.20160560
5482.5004 0.19171073
5486.8004 0.19364841
5491.1004 0.19728212
5495.4004 0.19791171
5499.7004 0.19374314
5504.0004 0.19343798
5508.3004 0.19634959
5512.6004 0.19620915
5516.9004 0.19410974
5521.2004 0.19891661
5525.5004 0.19691919
5529.8004 0.19973898
5534.1004 0.20456019
5538.4004 0.20174281
5542.7004 0.20765695
5547.0004 0.20437062
5551.3004 0.21829240
5555.6004 0.21994896
5559.9004 0.22574966
5564.2004 0.23214707
5568.5004 0.23124871
5572.8004 0.23601657
5577.1004 0.24930146
5581.4004 0.25072989
5585.7004 0.26170000
5590.0004 0.27383739
5594.3004 0.29069448
5598.6004 0.31021175
5602.9004 0.33376005
5607.2004 0.36618716
5611.5004 0.40668947
5615.8004 0.45626310
5620.1004 0.51468122
5624.4004 0.60353434
5628.7004 0.70923209
5633.0004 0.84237707
5637.3004 0.97669232
5641.6004 1.1490752
5645.9004 1.1810777
5650.2004 1.0101951
5654.5004 0.84093350
5658.8004 0.76519978
5663.1004 0.72083378
5667.4004 0.62432992
5671.7004 0.52678186
5676.0004 0.47464779
5680.3004 0.43301117
5684.6004 0.39493591
5688.9004 0.36592758
5693.2004 0.34820035
5697.5004 0.32606599
5701.8004 0.30363482
5706.1004 0.28499958
5710.4004 0.26627368
5714.7004 0.25026372
5719.0004 0.24522589
5723.3004 0.24022466
5727.6004 0.22817980
5731.9004 0.22674127
5736.2004 0.22252131
5740.5004 0.22280672
5744.8004 0.22676539
5749.1004 0.22616339
5753.4004 0.22148652
5757.7004 0.21433508
5762.0004 0.22507168
5766.3004 0.23088837
5770.6004 0.23562463
5774.9004 0.25951511
5779.2004 0.25820878
5783.5004 0.24075034
5787.8004 0.24320854
5792.1004 0.24618027
5796.4004 0.23914033
5800.7004 0.22072884
5805.0004 0.20280191
5809.3004 0.20083879
5813.6004 0.19577952
5817.9004 0.18986481
5822.2004 0.18870325
5826.5004 0.18346791
5830.8004 0.17541072
5835.1004 0.17446066
5839.4004 0.17534110
5843.7004 0.17505752
5848.0004 0.16692056
5852.3004 0.16538151
5856.6004 0.16521077
5860.9004 0.17052369
5865.2004 0.17726110
5869.5004 0.17026278
5873.8004 0.16780894
5878.1004 0.16733970
5882.4004 0.16418923
5886.7004 0.16401999
5891.0004 0.16385105
5895.3004 0.17493558
5899.6004 0.16829278
5903.9004 0.16951497
5908.2004 0.16317789
5912.5004 0.16301025
5916.8004 0.16599838
5921.1004 0.17133756
5925.4004 0.17001992
5929.7004 0.16603729
5934.0004 0.16772948
5938.3004 0.16789767
5942.6004 0.16666700
5946.9004 0.16167898
5951.2004 0.16151376
5955.5004 0.16134880
5959.8004 0.16267709
5964.1004 0.16101968
5968.4004 0.16085552
5972.7004 0.16069165
5977.0004 0.16450791
5981.3004 0.16036464
5985.6004 0.16020153
5989.9004 0.16003869
5994.2004 0.16225770
5998.5004 0.15971375
