300.0 0.0
355.0 0.0000000
358.55 0.0000000
362.1 0.0000000
365.65 0.0000000
369.2 0.0000000
372.75 0.0000000
376.3 0.0000000
379.85 0.0000000
383.4 0.0000000
386.95 0.0000000
390.5 0.0000000
394.05 0.0000000
397.6 0.0000000
401.15 0.0000000
404.7 0.0000000
408.25 0.0000000
411.8 0.0000000
415.35 0.0000000
418.9 0.0000000
422.45 0.0000000
426.0 0.0000000
429.55 0.0000000
433.1 0.0000000
436.65 0.0000000
440.2 0.0000000
443.75 0.0000000
447.3 0.0000000
450.85 0.0000000
454.4 0.0000000
457.95 0.0000000
461.5 0.0000000
465.05 0.0000000
468.6 0.0000000
472.15 0.0000000
475.7 0.0000000
479.25 0.0000000
482.8 0.0000000
486.35 0.0000000
489.9 0.0000000
493.45 0.0000000
497.0 0.0000000
500.55 0.0000000
504.1 0.0000000
507.65 0.0000000
511.2 0.0000000
514.75 0.0000000
518.3 0.0000000
521.85 0.0000000
525.4 0.0000000
528.95 0.0000000
532.5 0.0000000
536.05 0.0000000
539.6 0.0000000
543.15 0.0000000
546.7 0.0000000
550.25 0.0000000
553.8 0.0000000
557.35 0.0000000
560.9 0.0000000
564.45 0.0000000
568.0 0.0000000
571.55 0.0000000
575.1 0.0000000
578.65 0.0000000
582.2 0.0000000
585.75 0.0000000
589.3 0.0000000
592.85 0.0000000
596.4 0.0000000
599.95 0.0000000
603.5 0.0000000
607.05 0.0000000
610.6 0.0000000
614.15 0.0000000
617.7 0.0000000
621.25 0.0000000
624.8 0.0000000
628.35 0.0000000
631.9 0.0000000
635.45 0.0000000
639.0 0.0000000
642.55 0.0000000
646.1 0.0000000
649.65 0.10985793
653.2 0.10116397
656.75 9.29462463E-02
660.3 8.54021534E-02
663.85 7.82483593E-02
667.4 7.09590241E-02
670.95 6.34629577E-02
674.5 5.62721081E-02
678.05 4.97701392E-02
681.6 4.39129807E-02
685.15 3.86007875E-02
688.7 3.37973796E-02
692.25 0.10067657
695.8 9.17396918E-02
699.35 8.33709538E-02
702.9 7.55653307E-02
706.45 6.82985038E-02
710.0 6.75107166E-02
713.55 6.35825396E-02
717.1 5.69502339E-02
720.65 5.48024662E-02
724.2 5.37067242E-02
727.75 5.33238575E-02
731.3 0.50458640
734.85 0.50417507
738.4 0.41939476
741.95 0.34325007
745.5 0.31637228
749.05 0.30233020
752.6 0.29762194
756.15 0.29682139
759.7 0.28377801
763.25 0.25142854
766.8 0.24889922
770.35 0.21835035
773.9 0.19482192
777.45 0.17664102
781.0 0.16722488
784.55 0.16727474
788.1 0.15701492
791.65 0.15419395
795.2 0.15012446
798.75 0.13659789
802.3 0.11379596
805.85 0.10311912
809.4 8.78358558E-02
812.95 8.25283527E-02
816.5 7.58283362E-02
820.05 6.75587654E-02
823.6 6.18170537E-02
827.15 5.83945066E-02
830.7 5.54297529E-02
834.25 5.44179231E-02
837.8 5.13233580E-02
841.35 4.88019995E-02
844.9 4.70990129E-02
848.45 4.68695238E-02
852.0 4.77796383E-02
855.55 5.10605946E-02
859.1 5.64133935E-02
862.65 6.79678395E-02
866.2 5.8659406
869.75 4.7383819
873.3 4.4139657
876.85 4.4065599
880.4 4.1227379
883.95 3.2963901
887.5 2.8426049
891.05 2.6699944
894.6 2.5519917
898.15 2.3833733
901.7 2.1736755
905.25 2.0340390
908.8 1.9847236
912.35 1.9875951
915.9 2.0173523
919.45 2.0285807
923.0 2.1793611
926.55 2.2109070
930.1 2.1133690
933.65 1.9235404
937.2 1.9337118
940.75 1.9139477
944.3 1.9575253
947.85 1.9888841
951.4 1.9623177
954.95 1.8895695
958.5 1.8623259
962.05 1.9192922
965.6 1.9052182
969.15 1.9348108
972.7 1.9076638
976.25 1.9500881
979.8 2.0592809
983.35 2.1724098
986.9 2.3293939
990.45 2.3698385
994.0 2.4009359
997.55 2.1810203
1001.1 2.0342684
1004.65 1.9249442
1008.2 1.8763382
1011.75 1.8660244
1015.3 1.7798809
1018.85 1.7555399
1022.4 1.7432846
1025.95 1.7285694
1029.5 1.7577865
1033.05 1.7391393
1036.6 1.7003785
1040.15 1.7496051
1043.7 1.7176287
1047.25 1.7426505
1050.8 1.7825141
1054.35 1.8070012
1057.9 1.8490946
1061.45 1.8445172
1065.0 1.9010584
1068.55 1.9411790
1072.1 1.9863635
1075.65 2.0593307
1079.2 2.2105527
1082.75 2.4133434
1086.3 2.6458712
1089.85 2.9413629
1093.4 3.3084040
1096.95 3.5236971
1100.5 3.1949203
1104.05 2.7073579
1107.6 2.3369944
1111.15 2.1426342
1114.7 2.0437880
1118.25 1.9861600
1121.8 1.8899738
1125.35 1.8809605
1128.9 1.8221339
1132.45 1.8556370
1136.0 1.8581934
1139.55 1.8492399
1143.1 1.8669337
1146.65 1.8411078
1150.2 1.8663415
1153.75 1.8896066
1157.3 1.8900263
1160.85 1.9279358
1164.4 1.8508811
1167.95 1.8356889
1171.5 1.8092800
1175.05 1.8363174
1178.6 1.8419931
1182.15 1.8132210
1185.7 1.7191062
1189.25 1.6613814
1192.8 1.6358528
1196.35 1.6036021
1199.9 1.6041516
1203.45 1.5977730
1207.0 1.5926964
1210.55 1.6157525
1214.1 1.6086515
1217.65 1.6324064
1221.2 1.6379411
1224.75 1.6329335
1228.3 1.6121862
1231.85 1.6305979
1235.4 1.6359004
1238.95 1.6781814
1242.5 1.6492469
1246.05 1.6207958
1249.6 1.5477147
1253.15 1.5692167
1256.7 1.5746793
1260.25 1.5520995
1263.8 1.6029162
1267.35 1.6165006
1270.9 1.5724262
1274.45 1.5441124
1278.0 1.5446550
1281.55 1.5431840
1285.1 1.5410180
1288.65 1.5591599
1292.2 1.5304894
1295.75 1.5242532
1299.3 1.5423459
1302.85 1.5392191
1306.4 1.5759388
1309.95 1.5677764
1313.5 1.6676911
1317.05 1.6605500
1320.6 1.6760428
1324.15 1.6493019
1327.7 1.6515496
1331.25 1.6653874
1334.8 1.7380649
1338.35 1.8686492
1341.9 1.9869612
1345.45 2.0829360
1349.0 2.1185460
1352.55 2.2281160
1356.1 2.1292961
1359.65 1.9454341
1363.2 1.7781610
1366.75 1.6668289
1370.3 1.6141731
1373.85 1.5606862
1377.4 1.5104276
1380.95 1.4716926
1384.5 1.4598676
1388.05 1.4032142
1391.6 1.3794475
1395.15 1.3668712
1398.7 1.3784442
1402.25 1.3825835
1405.8 1.3490592
1409.35 1.3529220
1412.9 1.3584073
1416.45 1.3680819
1420.0 1.3325715
1423.55 1.3454744
1427.1 1.3752192
1430.65 1.2992429
1434.2 1.3320440
1437.75 1.3390194
1441.3 1.3281082
1444.85 1.3379005
1448.4 1.3152046
1451.95 1.2963163
1455.5 1.3308240
1459.05 1.3830968
1462.6 1.3542130
1466.15 1.3867171
1469.7 1.3735666
1473.25 1.3757768
1476.8 1.3665702
1480.35 1.3826777
1483.9 1.3772578
1487.45 1.3723533
1491.0 1.3272101
1494.55 1.3043993
1498.1 1.3200374
1501.65 1.3375350
1505.2 1.2797639
1508.75 1.3402841
1512.3 1.2924539
1515.85 1.3220859
1519.4 1.3087766
1522.95 1.3341473
1526.5 1.2699472
1530.05 1.2875241
1533.6 1.2850894
1537.15 1.3063101
1540.7 1.2404979
1544.25 1.2538565
1547.8 1.2765158
1551.35 1.2186563
1554.9 1.2401583
1558.45 1.2015529
1562.0 1.1670008
1565.55 1.1644660
1569.1 1.1619384
1572.65 1.1682485
1576.2 1.1740123
1579.75 1.1744248
1583.3 1.1567175
1586.85 1.1494031
1590.4 1.1469164
1593.95 1.1444370
1597.5 1.1574074
1601.05 1.1540238
1604.6 1.1695224
1608.15 1.1750692
1611.7 1.1731014
1615.25 1.1801254
1618.8 1.1894755
1622.35 1.2094461
1625.9 1.2349783
1629.45 1.2237971
1633.0 1.2545176
1636.55 1.2672812
1640.1 1.2762802
1643.65 1.2817055
1647.2 1.2891616
1650.75 1.3036783
1654.3 1.3086127
1657.85 1.2892811
1661.4 1.2762733
1664.95 1.2461050
1668.5 1.2413855
1672.05 1.2158540
1675.6 1.2320045
1679.15 1.2152830
1682.7 1.2058866
1686.25 1.2076646
1689.8 1.1986516
1693.35 1.1999100
1696.9 1.2009883
1700.45 1.2131906
1704.0 1.2399940
1707.55 1.2194202
1711.1 1.2616379
1714.65 1.2911072
1718.2 1.3276192
1721.75 1.3219523
1725.3 1.2827400
1728.85 1.2746435
1732.4 1.2770262
1735.95 1.2463835
1739.5 1.2215773
1743.05 1.2130808
1746.6 1.2067878
1750.15 1.2283109
1753.7 1.2517023
1757.25 1.2550551
1760.8 1.2453493
1764.35 1.2469436
1767.9 1.2375791
1771.45 1.2423178
1775.0 1.2281815
1778.55 1.2215989
1782.1 1.2215527
1785.65 1.2144783
1789.2 1.1977351
1792.75 1.1790556
1796.3 1.1886921
1799.85 1.1912692
1803.4 1.1904405
1806.95 1.1776023
1810.5 1.1671472
1814.05 1.1627934
1817.6 1.1557335
1821.15 1.1499916
1824.7 1.1389029
1828.25 1.1223381
1831.8 1.1268135
1835.35 1.1257164
1838.9 1.1120926
1842.45 1.0818652
1846.0 1.1085186
1849.55 1.1122845
1853.1 1.1043917
1856.65 1.1032251
1860.2 1.1115769
1863.75 1.0899340
1867.3 1.0892113
1870.85 1.0668756
1874.4 1.0491196
1877.95 1.0071161
1881.5 1.0014818
1885.05 0.99881870
1888.6 0.98807335
1892.15 1.0139397
1895.7 1.0277164
1899.25 1.0289400
1902.8 1.0059172
1906.35 1.0152285
1909.9 1.0187149
1913.45 1.0314560
1917.0 1.0306457
1920.55 1.0535337
1924.1 1.0831411
1927.65 1.0916582
1931.2 1.0766797
1934.75 1.1086514
1938.3 1.1224203
1941.85 1.1203361
1945.4 1.1251146
1948.95 1.1696203
1952.5 1.1972785
1956.05 1.1900517
1959.6 1.2116463
1963.15 1.1830512
1966.7 1.2116110
1970.25 1.2520560
1973.8 1.3552431
1977.35 1.4761492
1980.9 1.6644901
1984.45 1.8562577
1988.0 1.9139587
1991.55 1.8151675
1995.1 1.6063814
1998.65 1.4279649
2002.2 1.3169138
2005.75 1.2615463
2009.3 1.2177687
2012.85 1.1837196
2016.4 1.1567544
2019.95 1.1308978
2023.5 1.1219850
2027.05 1.0983942
2030.6 1.0778637
2034.15 1.0545597
2037.7 1.0410372
2041.25 1.0370101
2044.8 1.0064882
2048.35 1.0075892
2051.9 0.98173082
2055.45 0.97451979
2059.0 0.97263634
2062.55 0.93174553
2066.1 0.94494176
2069.65 0.94355428
2073.2 0.95662212
2076.75 0.98207611
2080.3 0.99048954
2083.85 0.99309307
2087.4 0.99151510
2090.95 0.99763340
2094.5 0.98326755
2098.05 0.98494768
2101.6 0.99725008
2105.15 0.98179597
2108.7 0.98438710
2112.25 0.96599782
2115.8 0.97110516
2119.35 0.94700646
2122.9 0.93040651
2126.45 0.91307336
2130.0 0.90415651
2133.55 0.88186055
2137.1 0.87233633
2140.65 0.84788036
2144.2 0.83094037
2147.75 0.82701755
2151.3 0.83428282
2154.85 0.82285130
2158.4 0.83987695
2161.95 0.84371543
2165.5 0.84582466
2169.05 0.84516871
2172.6 0.84534061
2176.15 0.86154538
2179.7 0.85207409
2183.25 0.86833906
2186.8 0.86682791
2190.35 0.86285627
2193.9 0.85292351
2197.45 0.86106509
2201.0 0.85445404
2204.55 0.87210733
2208.1 0.89365631
2211.65 0.89548838
2215.2 0.93072391
2218.75 0.93767267
2222.3 0.93669796
2225.85 0.92329568
2229.4 0.92184407
2232.95 0.88734961
2236.5 0.90647274
2240.05 0.89701480
2243.6 0.89478719
2247.15 0.90543449
2250.7 0.92874944
2254.25 0.92909026
2257.8 0.94015121
2261.35 0.94544667
2264.9 0.95221061
2268.45 0.94229585
2272.0 0.94629049
2275.55 0.93165070
2279.1 0.94160146
2282.65 0.92941970
2286.2 0.90128314
2289.75 0.90111786
2293.3 0.91164541
2296.85 0.88709825
2300.4 0.88520914
2303.95 0.88534951
2307.5 0.88429952
2311.05 0.89780509
2314.6 0.89332348
2318.15 0.87766004
2321.7 0.87541908
2325.25 0.89250785
2328.8 0.89029294
2332.35 0.88369006
2335.9 0.89934421
2339.45 0.87338752
2343.0 0.86205733
2346.55 0.84999871
2350.1 0.84130514
2353.65 0.83448386
2357.2 0.81679994
2360.75 0.81308526
2364.3 0.82218742
2367.85 0.82900774
2371.4 0.83917451
2374.95 0.86485738
2378.5 0.83494842
2382.05 0.82284540
2385.6 0.81728482
2389.15 0.81293088
2392.7 0.80300558
2396.25 0.82158226
2399.8 0.81812298
2403.35 0.82344794
2406.9 0.81529886
2410.45 0.81735510
2414.0 0.81735075
2417.55 0.83558643
2421.1 0.84001929
2424.65 0.85375869
2428.2 0.88097024
2431.75 0.91630316
2435.3 0.87257242
2438.85 0.83890355
2442.4 0.84320313
2445.95 0.82976335
2449.5 0.79901183
2453.05 0.80748242
2456.6 0.80932862
2460.15 0.78638095
2463.7 0.78059804
2467.25 0.76280993
2470.8 0.75157326
2474.35 0.77129513
2477.9 0.76867330
2481.45 0.75735223
2485.0 0.77173150
2488.55 0.75194854
2492.1 0.73942995
2495.65 0.73869485
2499.2 0.72584164
2502.75 0.71339989
2506.3 0.69924241
2509.85 0.70763195
2513.4 0.70550501
2516.95 0.68471783
2520.5 0.69034386
2524.05 0.70106149
2527.6 0.70532268
2531.15 0.69159979
2534.7 0.70385122
2538.25 0.72096479
2541.8 0.70703149
2545.35 0.72200269
2548.9 0.70091099
2552.45 0.70216930
2556.0 0.69138378
2559.55 0.69990236
2563.1 0.70362091
2566.65 0.68939549
2570.2 0.70809937
2573.75 0.69578725
2577.3 0.68922853
2580.85 0.69489104
2584.4 0.67946422
2587.95 0.68652487
2591.5 0.68068063
2595.05 0.68481714
2598.6 0.68894762
2602.15 0.67933238
2605.7 0.67312938
2609.25 0.67086828
2612.8 0.66740590
2616.35 0.66298795
2619.9 0.66306198
2623.45 0.67195570
2627.0 0.67060757
2630.55 0.66960001
2634.1 0.65642101
2637.65 0.65854239
2641.2 0.68586743
2644.75 0.77269053
2648.3 0.80228931
2651.85 0.67770737
2655.4 0.65337092
2658.95 0.65292174
2662.5 0.64484966
2666.05 0.66767746
2669.6 0.64869964
2673.15 0.63415897
2676.7 0.63824695
2680.25 0.63073117
2683.8 0.62213171
2687.35 0.61531991
2690.9 0.60744131
2694.45 0.57418638
2698.0 0.58323932
2701.55 0.57205200
2705.1 0.59677261
2708.65 0.59508044
2712.2 0.58845013
2715.75 0.58234674
2719.3 0.57780129
2722.85 0.59232533
2726.4 0.57998174
2729.95 0.58943546
2733.5 0.59815872
2737.05 0.60778290
2740.6 0.63169003
2744.15 0.67963815
2747.7 0.70769334
2751.25 0.63578290
2754.8 0.59390384
2758.35 0.61493891
2761.9 0.61961651
2765.45 0.58706778
2769.0 0.57428950
2772.55 0.57491142
2776.1 0.56459910
2779.65 0.56104821
2783.2 0.55042660
2786.75 0.53429127
2790.3 0.51643986
2793.85 0.51265258
2797.4 0.52805895
2800.95 0.54361480
2804.5 0.54498011
2808.05 0.55087245
2811.6 0.56424904
2815.15 0.56451535
2818.7 0.56083661
2822.25 0.54196733
2825.8 0.54405719
2829.35 0.54103410
2832.9 0.51840824
2836.45 0.52484286
2840.0 0.50707507
2843.55 0.50692767
2847.1 0.49798152
2850.65 0.50865430
2854.2 0.51495045
2857.75 0.50540411
2861.3 0.48936799
2864.85 0.48868284
2868.4 0.48625761
2871.95 0.48037374
2875.5 0.49481934
2879.05 0.48426357
2882.6 0.49654362
2886.15 0.50625408
2889.7 0.53693902
2893.25 0.52849591
2896.8 0.52522272
2900.35 0.54825723
2903.9 0.55575830
2907.45 0.57496756
2911.0 0.61121243
2914.55 0.59314579
2918.1 0.56333005
2921.65 0.56034768
2925.2 0.53513694
2928.75 0.52160525
2932.3 0.51602435
2935.85 0.50723875
2939.4 0.49017033
2942.95 0.47117594
2946.5 0.46555838
2950.05 0.46760231
2953.6 0.48040169
2957.15 0.47641072
2960.7 0.47318414
2964.25 0.48347124
2967.8 0.46665075
2971.35 0.46062273
2974.9 0.46896887
2978.45 0.45810217
2982.0 0.45303130
2985.55 0.45218882
2989.1 0.45134872
2992.65 0.45327660
2996.2 0.45688492
2999.75 0.45465860
3003.3 0.45282978
3006.85 0.47800061
3010.4 0.47498024
3013.95 0.48207191
3017.5 0.47333816
3021.05 0.46179852
3024.6 0.45427305
3028.15 0.47449479
3031.7 0.47406176
3035.25 0.47053799
3038.8 0.49214491
3042.35 0.47894338
3045.9 0.49429193
3049.45 0.52104986
3053.0 0.51190966
3056.55 0.52224642
3060.1 0.53167671
3063.65 0.55329114
3067.2 0.58821952
3070.75 0.59455794
3074.3 0.62730896
3077.85 0.67881745
3081.4 0.70379531
3084.95 0.70661896
3088.5 0.65688306
3092.05 0.64500016
3095.6 0.63838518
3099.15 0.60726285
3102.7 0.57964557
3106.25 0.53072190
3109.8 0.51952738
3113.35 0.49873373
3116.9 0.48854876
3120.45 0.50081766
3124.0 0.48704669
3127.55 0.47865066
3131.1 0.47902802
3134.65 0.46772671
3138.2 0.46432203
3141.75 0.46180031
3145.3 0.43319502
3148.85 0.44791836
3152.4 0.44551957
3155.95 0.45677122
3159.5 0.44676828
3163.05 0.44471446
3166.6 0.46463966
3170.15 0.47124964
3173.7 0.48892471
3177.25 0.48173547
3180.8 0.47795784
3184.35 0.45992300
3187.9 0.48513591
3191.45 0.48610529
3195.0 0.48898736
3198.55 0.48536831
3202.1 0.50352067
3205.65 0.52484435
3209.2 0.52094966
3212.75 0.49947327
3216.3 0.48755100
3219.85 0.47562632
3223.4 0.47882533
3226.95 0.51394331
3230.5 0.49985826
3234.05 0.49364161
3237.6 0.51264924
3241.15 0.50822204
3244.7 0.47054142
3248.25 0.49578232
3251.8 0.51535726
3255.35 0.49307021
3258.9 0.48354265
3262.45 0.49105427
3266.0 0.47260058
3269.55 0.46148074
3273.1 0.46286657
3276.65 0.47748867
3280.2 0.49468574
3283.75 0.49425566
3287.3 0.48424932
3290.85 0.49013871
3294.4 0.47539809
3297.95 0.48316097
3301.5 0.46841547
3305.05 0.49282405
3308.6 0.46370801
3312.15 0.47861788
3315.7 0.45854908
3319.25 0.46269569
3322.8 0.46614304
3326.35 0.48134699
3329.9 0.43888789
3333.45 0.43780977
3337.0 0.41148770
3340.55 0.40616250
3344.1 0.40035477
3347.65 0.41001162
3351.2 0.40853894
3354.75 0.40718725
3358.3 0.39975390
3361.85 0.40568170
3365.4 0.40972024
3368.95 0.40098566
3372.5 0.38740706
3376.05 0.39072874
3379.6 0.39218846
3383.15 0.39001223
3386.7 0.39595434
3390.25 0.40084937
3393.8 0.40794030
3397.35 0.40626153
3400.9 0.40292916
3404.45 0.41063303
3408.0 0.42227507
3411.55 0.42240611
3415.1 0.42614251
3418.65 0.44194975
3422.2 0.46784347
3425.75 0.46987230
3429.3 0.50486088
3432.85 0.50934815
3436.4 0.52620620
3439.95 0.56533200
3443.5 0.58840871
3447.05 0.65809423
3450.6 0.71759522
3454.15 0.69468892
3457.7 0.64777601
3461.25 0.60135466
3464.8 0.56867802
3468.35 0.54023367
3471.9 0.50440305
3475.45 0.49524525
3479.0 0.49018100
3482.55 0.47296843
3486.1 0.44645596
3489.65 0.45963117
3493.2 0.44450009
3496.75 0.43754676
3500.3 0.43002385
3503.85 0.41832057
3507.4 0.41362855
3510.95 0.42425328
3514.5 0.42421046
3518.05 0.50041056
3521.6 0.54685408
3525.15 0.45697108
3528.7 0.40572760
3532.25 0.39486626
3535.8 0.39143151
3539.35 0.38168806
3542.9 0.40638489
3546.45 0.44383264
3550.0 0.53920132
3553.55 0.75941396
3557.1 0.75741947
3560.65 0.50917459
3564.2 0.42851153
3567.75 0.40272680
3571.3 0.39154488
3574.85 0.38219267
3578.4 0.37473655
3581.95 0.37486342
3585.5 0.37209460
3589.05 0.37250495
3592.6 0.37188208
3596.15 0.36569706
3599.7 0.36151621
3603.25 0.36139622
3606.8 0.34746629
3610.35 0.34021449
3613.9 0.35505393
3617.45 0.35175228
3621.0 0.35601208
3624.55 0.34155470
3628.1 0.34423661
3631.65 0.33932686
3635.2 0.35106304
3638.75 0.34478983
3642.3 0.33580667
3645.85 0.34340104
3649.4 0.34115684
3652.95 0.35144433
3656.5 0.35316291
3660.05 0.36720514
3663.6 0.37503460
3667.15 0.36964515
3670.7 0.35885495
3674.25 0.37453309
3677.8 0.35893330
3681.35 0.34993297
3684.9 0.35053134
3688.45 0.37020373
3692.0 0.36317986
3695.55 0.34395552
3699.1 0.34836864
3702.65 0.35147381
3706.2 0.35727501
3709.75 0.35138136
3713.3 0.35461691
3716.85 0.35312611
3720.4 0.35497174
3723.95 0.34192064
3727.5 0.34761739
3731.05 0.35880178
3734.6 0.34146035
3738.15 0.35100970
3741.7 0.35232812
3745.25 0.34964648
3748.8 0.35004923
3752.35 0.35247421
3755.9 0.35007650
3759.45 0.36343661
3763.0 0.34684861
3766.55 0.33945796
3770.1 0.37109977
3773.65 0.34630877
3777.2 0.36231628
3780.75 0.35306251
3784.3 0.34245199
3787.85 0.33750731
3791.4 0.33357698
3794.95 0.34347236
3798.5 0.32542333
3802.05 0.32820541
3805.6 0.33145210
3809.15 0.32776648
3812.7 0.31228554
3816.25 0.31791693
3819.8 0.32548770
3823.35 0.32470256
3826.9 0.31473473
3830.45 0.31579721
3834.0 0.31304616
3837.55 0.30689356
3841.1 0.31292379
3844.65 0.31918997
3848.2 0.31694397
3851.75 0.30911180
3855.3 0.30452436
3858.85 0.29988861
3862.4 0.31019661
3865.95 0.29898971
3869.5 0.31909740
3873.05 0.30068189
3876.6 0.30195665
3880.15 0.29720423
3883.7 0.29676041
3887.25 0.29631761
3890.8 0.29587579
3894.35 0.30255380
3897.9 0.30377471
3901.45 0.31066218
3905.0 0.30298695
3908.55 0.30379575
3912.1 0.29324609
3915.65 0.29281121
3919.2 0.30105385
3922.75 0.30986491
3926.3 0.30453366
3929.85 0.29701161
3933.4 0.30860469
3936.95 0.31345481
3940.5 0.29764104
3944.05 0.30092165
3947.6 0.28894198
3951.15 0.28851688
3954.7 0.29423371
3958.25 0.28929964
3961.8 0.31617731
3965.35 0.30175993
3968.9 0.29345018
3972.45 0.32754311
3976.0 0.32310525
3979.55 0.30843565
3983.1 0.30272463
3986.65 0.28893861
3990.2 0.28847083
3993.75 0.28348967
3997.3 0.29269597
4000.85 0.28266487
4004.4 0.28397003
4007.95 0.28184375
4011.5 0.28407121
4015.05 0.28102621
4018.6 0.28252169
4022.15 0.28141931
4025.7 0.27980670
4029.25 0.28948408
4032.8 0.28513858
4036.35 0.27859551
4039.9 0.27819347
4043.45 0.27779242
4047.0 0.27739218
4050.55 0.27699283
4054.1 0.27659443
4057.65 0.27619684
4061.2 0.28182673
4064.75 0.27540430
4068.3 0.27580765
4071.85 0.27461526
4075.4 0.27580544
4078.95 0.27392170
4082.5 0.27343807
4086.05 0.27604491
4089.6 0.27984983
4093.15 0.28114179
4096.7 0.27847943
4100.25 0.27796340
4103.8 0.27712137
4107.35 0.27325794
4110.9 0.27547014
4114.45 0.27362919
4118.0 0.27306175
4121.55 0.27910161
4125.1 0.29128784
4128.65 0.27695769
4132.2 0.28652284
4135.75 0.28094414
4139.3 0.28959069
4142.85 0.28276467
4146.4 0.29189959
4149.95 0.28720182
4153.5 0.28847134
4157.05 0.29682168
4160.6 0.28958586
4164.15 0.29508016
4167.7 0.30477509
4171.25 0.32810375
4174.8 0.32055846
4178.35 0.31433341
4181.9 0.31600302
4185.45 0.28811395
4189.0 0.28325191
4192.55 0.29640594
4196.1 0.29112786
4199.65 0.28096125
4203.2 0.28245363
4206.75 0.28397521
4210.3 0.28431493
4213.85 0.27927703
4217.4 0.28475749
4220.95 0.29058045
4224.5 0.27267247
4228.05 0.27555585
4231.6 0.27363169
4235.15 0.28238124
4238.7 0.26637068
4242.25 0.26920140
4245.8 0.26844475
4249.35 0.26745963
4252.9 0.26935908
4256.45 0.26880190
4260.0 0.26812240
4263.55 0.27052981
4267.1 0.26613539
4270.65 0.26389816
4274.2 0.25924882
4277.75 0.25901845
4281.3 0.25477791
4284.85 0.25970960
4288.4 0.26025406
4291.95 0.26323378
4295.5 0.26534939
4299.05 0.25522378
4302.6 0.26069281
4306.15 0.26850569
4309.7 0.26535901
4313.25 0.26798889
4316.8 0.27286229
4320.35 0.26837763
4323.9 0.27035308
4327.45 0.26499474
4331.0 0.27829972
4334.55 0.25588199
4338.1 0.24736224
4341.65 0.25110117
4345.2 0.24773672
4348.75 0.24906670
4352.3 0.24940452
4355.85 0.25429472
4359.4 0.25898856
4362.95 0.24722028
4366.5 0.25416231
4370.05 0.26102898
4373.6 0.25140375
4377.15 0.24720150
4380.7 0.24339044
4384.25 0.24306394
4387.8 0.24408574
4391.35 0.25848666
4394.9 0.24626797
4398.45 0.24771266
4402.0 0.24144150
4405.55 0.24204001
4409.1 0.24182446
4412.65 0.24574953
4416.2 0.24326254
4419.75 0.24880281
4423.3 0.24963032
4426.85 0.24395731
4430.4 0.24227248
4433.95 0.24190249
4437.5 0.24887256
4441.05 0.24731186
4444.6 0.24208505
4448.15 0.24032141
4451.7 0.23846430
4455.25 0.23730788
4458.8 0.23926750
4462.35 0.24135238
4465.9 0.24931984
4469.45 0.25274050
4473.0 0.25751635
4476.55 0.26569748
4480.1 0.25506932
4483.65 0.24256510
4487.2 0.24335259
4490.75 0.24083488
4494.3 0.23707502
4497.85 0.24076879
4501.4 0.24792884
4504.95 0.25053328
4508.5 0.24273279
4512.05 0.24462067
4515.6 0.24827623
4519.15 0.25275618
4522.7 0.25658682
4526.25 0.24394041
4529.8 0.24635248
4533.35 0.25092074
4536.9 0.25166702
4540.45 0.24631302
4544.0 0.24587202
4547.55 0.24951915
4551.1 0.24928708
4554.65 0.24656682
4558.2 0.25261861
4561.75 0.25002843
4565.3 0.25355458
4568.85 0.25961944
4572.4 0.25598928
4575.95 0.26343769
4579.5 0.25921360
4583.05 0.27681267
4586.6 0.27885437
4590.15 0.28614816
4593.7 0.29419520
4597.25 0.29299513
4600.8 0.29897326
4604.35 0.31573564
4607.9 0.31747827
4611.45 0.33129960
4615.0 0.34659263
4618.55 0.36785182
4622.1 0.39246783
4625.65 0.42217255
4629.2 0.46309358
4632.75 0.51420790
4636.3 0.57676840
4639.85 0.65048140
4643.4 0.76262170
4646.95 0.89599645
4650.5 1.0639846
4654.05 1.2333820
4657.6 1.4507730
4661.15 1.4908735
4664.7 1.2749087
4668.25 1.0610774
4671.8 0.96532154
4675.35 0.90916812
4678.9 0.78729087
4682.45 0.66414684
4686.0 0.59829736
4689.55 0.54570413
4693.1 0.49761942
4696.65 0.46097633
4700.2 0.43855655
4703.75 0.41059619
4707.3 0.38227347
4710.85 0.35874033
4714.4 0.33510244
4717.95 0.31489146
4721.5 0.30849141
4725.05 0.30214000
4728.6 0.28693387
4732.15 0.28506857
4735.7 0.27970788
4739.25 0.28001148
4742.8 0.28493047
4746.35 0.28411826
4749.9 0.27818835
4753.45 0.26915342
4757.0 0.28258079
4760.55 0.28982717
4764.1 0.29571486
4767.65 0.32563469
4771.2 0.32393259
4774.75 0.30197179
4778.3 0.30499601
4781.85 0.30866304
4785.4 0.29977849
4788.95 0.27664518
4792.5 0.25412798
4796.05 0.25161970
4799.6 0.24523419
4803.15 0.23777990
4806.7 0.23628004
4810.25 0.22968091
4813.8 0.21955240
4817.35 0.21832171
4820.9 0.21938187
4824.45 0.21898548
4828.0 0.20876718
4831.55 0.20680320
4835.1 0.20655072
4838.65 0.21315290
4842.2 0.22153291
4845.75 0.21274677
4849.3 0.20964134
4852.85 0.20901597
4856.4 0.20504254
4859.95 0.20479298
4863.5 0.20454390
4867.05 0.21834067
4870.6 0.21001065
4874.15 0.21149658
4877.7 0.20355238
4881.25 0.20330566
4884.8 0.20699424
4888.35 0.21361262
4891.9 0.21193090
4895.45 0.20692848
4899.0 0.20899908
4902.55 0.20917033
4906.1 0.20759918
4909.65 0.20134935
4913.2 0.20110691
4916.75 0.20086494
4920.3 0.20248176
4923.85 0.20038244
4927.4 0.20014188
4930.95 0.19990180
4934.5 0.20461233
4938.05 0.19942302
4941.6 0.19918430
4945.15 0.19894606
4948.7 0.20166834
4952.25 0.19847089
4955.8 0.19823404
4959.35 0.19799761
4962.9 0.19776164
4966.45 0.20308608
4970.0 0.19847584
4973.55 0.20940135
4977.1 0.19831181
4980.65 0.19829173
4984.2 0.19635534
4987.75 0.19612251
4991.3 0.21010610
4994.85 0.21798731
4998.4 0.21040574
5001.95 0.22603372
5005.5 0.20898229
5009.05 0.23513460
5012.6 0.22132684
5016.15 0.20449606
5019.7 0.22757410
5023.25 0.21198447
5026.8 0.20672752
5030.35 0.20843829
5033.9 0.20183675
5037.45 0.19897100
5041.0 0.19268326
5044.55 0.19245745
5048.1 0.19520673
5051.65 0.20251049
5055.2 0.19178264
5058.75 0.19155858
5062.3 0.19133493
5065.85 0.19111171
5069.4 0.21016921
5072.95 0.19521022
5076.5 0.19044457
5080.05 0.19022307
5083.6 0.19341740
5087.15 0.19209582
5090.7 0.18956095
5094.25 0.18934117
5097.8 0.19469891
5101.35 0.20072266
5104.9 0.21182494
5108.45 0.18846589
5112.0 0.20849213
5115.55 0.18857409
5119.1 0.19743986
5122.65 0.18759726
5126.2 0.20027840
5129.75 0.19499767
5133.3 0.19458498
5136.85 0.19843267
5140.4 0.20766774
5143.95 0.19782521
5147.5 0.18609302
5151.05 0.19861452
5154.6 0.21986225
5158.15 0.18545440
5161.7 0.18524235
5165.25 0.18556252
5168.8 0.18481940
5172.35 0.18460856
5175.9 0.18439807
5179.45 0.20243405
5183.0 0.19717540
5186.55 0.18376908
5190.1 0.18356021
5193.65 0.19338614
5197.2 0.20692809
5200.75 0.18293591
5204.3 0.18445109
5207.85 0.22543390
5211.4 0.19384719
5214.95 0.19215490
5218.5 0.18190327
5222.05 0.20667897
5225.6 0.22086880
5229.15 0.21096453
5232.7 0.23201990
5236.25 0.22712390
5239.8 0.23933797
5243.35 0.20800480
5246.9 0.21580683
5250.45 0.26575342
5254.0 0.23832932
5257.55 0.22869202
5261.1 0.20697568
5264.65 0.19998987
5268.2 0.24718158
5271.75 0.23574938
5275.3 0.22804552
5278.85 0.21238397
5282.4 0.19001189
5285.95 0.21471089
5289.5 0.17786874
5293.05 0.17767096
5296.6 0.17747355
5300.15 0.17727655
5303.7 0.17707992
5307.25 0.17688361
5310.8 0.17668775
5314.35 0.17649215
5317.9 0.17629698
5321.45 0.17610215
5325.0 0.17590772
5328.55 0.17571361
5332.1 0.17551990
5335.65 0.17532654
5339.2 0.17513359
5342.75 0.17494096
5346.3 0.17474867
5349.85 0.17455676
5353.4 0.17436521
5356.95 0.17417404
5360.5 0.17398320
5364.05 0.17379272
5367.6 0.17360264
5371.15 0.17341287
5374.7 0.17322344
5378.25 0.17303438
5381.8 0.17284569
5385.35 0.17265739
5388.9 0.17246936
5392.45 0.17228171
5396.0 0.17209448
5399.55 0.17190753
5403.1 0.17172095
5406.65 0.17153470
5410.2 0.17134881
5413.75 0.17116328
5417.3 0.17097808
5420.85 0.17079328
5424.4 0.17060880
5427.95 0.17042461
5431.5 0.17024080
5435.05 0.17005736
5438.6 0.16987422
5442.15 0.16969146
5445.7 0.16950902
5449.25 0.16932695
5452.8 0.16914518
5456.35 0.16896379
5459.9 0.16878274
5463.45 0.16860200
5467.0 0.16842160
5470.55 0.16824153
5474.1 0.16806184
5477.65 0.16788243
5481.2 0.16770342
5484.75 0.16752470
5488.3 0.16734627
5491.85 0.16716826
5495.4 0.16699064
5498.95 0.16681319
5502.5 0.16663612
5506.05 0.16645946
5509.6 0.16628307
5513.15 0.16610694
5516.7 0.16593121
5520.25 0.16575594
5523.8 0.16558078
5527.35 0.16540606
5530.9 0.16523169
5534.45 0.16505761
5538.0 0.16488387
5541.55 0.16471040
5545.1 0.16453727
5548.65 0.16436456
5552.2 0.16419207
5555.75 0.16401991
5559.3 0.16384806
5562.85 0.16367656
5566.4 0.16350541
5569.95 0.16333455
5573.5 0.16316399
5577.05 0.16299382
5580.6 0.16282396
5584.15 0.16265440
5587.7 0.16248511
5591.25 0.16231619
5594.8 0.16214757
5598.35 0.16197921
5601.9 0.16181123
5605.45 0.16164361
5609.0 0.16147617
5612.55 0.16130914
5616.1 0.16114244
5619.65 0.16097601
5623.2 0.16080990
5626.75 0.16064408
5630.3 0.16047853
5633.85 0.16031343
5637.4 0.16014852
5640.95 0.15998396
5644.5 0.15981969
5648.05 0.15965576
5651.6 0.15949211
5655.15 0.15932883
5658.7 0.15916583
5662.25 0.15900312
5665.8 0.15884064
5669.35 0.15867856
5672.9 0.15851676
5676.45 0.15835525
5680.0 0.15819404
5683.55 0.15803318
5687.1 0.15787254
5690.65 0.15771230
5694.2 0.15755233
5697.75 0.15739265
5701.3 0.15723318
5704.85 0.15707414
5708.4 0.15691529
5711.95 0.15675692
5715.5 0.15659869
5719.05 0.15644075
5722.6 0.15628317
5726.15 0.15612583
5729.7 0.15596890
5733.25 0.15581217
5736.8 0.15565570
5740.35 0.15549962
5743.9 0.15534382
5747.45 0.15518829
5751.0 0.15503301
5754.55 0.15487808
5758.1 0.15472345
5761.65 0.15456904
5765.2 0.15441495
5768.75 0.15426125
5772.3 0.15410773
5775.85 0.15395445
5779.4 0.15380158
5782.95 0.15364891
5786.5 0.15349661
5790.05 0.15334457
5793.6 0.15319274
5797.15 0.15304132
5800.7 0.15289012
5804.25 0.15273923
5807.8 0.15258856
5811.35 0.15243822
5814.9 0.15228818
5818.45 0.15213838
5822.0 0.15198895
5825.55 0.15183970
5829.1 0.15169080
5832.65 0.15154216
5836.2 0.15139379
5839.75 0.15124571
5843.3 0.15109797
5846.85 0.15095045
5850.4 0.15080318
5853.95 0.15065624
5857.5 0.15050952
5861.05 0.15036318
5864.6 0.15021701
5868.15 0.15007113
5871.7 0.14992557
5875.25 0.14978030
5878.8 0.14963521
5882.35 0.14949052
5885.9 0.14934605
5889.45 0.14920183
5893.0 0.14905792
5896.55 0.14891425
5900.1 0.14877090
5903.65 0.14862776
5907.2 0.14848500
5910.75 0.14834242
5914.3 0.14820006
5917.85 0.14805809
5921.4 0.14791638
5924.95 0.14777486
5928.5 0.14763366
5932.05 0.14749271
5935.6 0.14735204
5939.15 0.14721164
5942.7 0.14707148
5946.25 0.14693159
5949.8 0.14679199
5953.35 0.14665267
5956.9 0.14651363
5960.45 0.14637485
5964.0 0.14623626
5967.55 0.14609803
5971.1 0.14596003
5974.65 0.14582229
5978.2 0.14568479
5981.75 0.14554755
5985.3 0.14541066
5988.85 0.14527391
5992.4 0.14513746
5995.95 0.14500129
5999.5 0.14486542
