300.0 0.0
305.0 0.0000000
308.05 0.0000000
311.1 0.0000000
314.15 0.0000000
317.2 0.0000000
320.25 0.0000000
323.3 0.0000000
326.35 0.0000000
329.4 0.0000000
332.45 0.0000000
335.5 0.0000000
338.55 0.0000000
341.6 0.0000000
344.65 0.0000000
347.7 0.0000000
350.75 0.0000000
353.8 0.0000000
356.85 0.0000000
359.9 0.0000000
362.95 0.0000000
366.0 0.0000000
369.05 0.0000000
372.1 0.0000000
375.15 0.0000000
378.2 0.0000000
381.25 0.0000000
384.3 0.0000000
387.35 0.0000000
390.4 0.0000000
393.45 0.0000000
396.5 0.0000000
399.55 0.0000000
402.6 0.0000000
405.65 0.0000000
408.7 0.0000000
411.75 0.0000000
414.8 0.0000000
417.85 0.0000000
420.9 0.0000000
423.95 0.0000000
427.0 0.0000000
430.05 0.0000000
433.1 0.0000000
436.15 0.0000000
439.2 0.0000000
442.25 0.0000000
445.3 0.0000000
448.35 0.0000000
451.4 0.0000000
454.45 0.0000000
457.5 0.0000000
460.55 0.0000000
463.6 0.0000000
466.65 0.0000000
469.7 0.0000000
472.75 0.0000000
475.8 0.0000000
478.85 0.0000000
481.9 0.0000000
484.95 0.0000000
488.0 0.0000000
491.05 0.0000000
494.1 0.0000000
497.15 0.0000000
500.2 0.0000000
503.25 0.0000000
506.3 0.0000000
509.35 0.0000000
512.4 0.0000000
515.45 0.0000000
518.5 0.0000000
521.55 0.0000000
524.6 0.0000000
527.65 0.0000000
530.7 0.0000000
533.75 0.0000000
536.8 0.0000000
539.85 0.0000000
542.9 0.0000000
545.95 0.0000000
549.0 0.0000000
552.05 0.0000000
555.1 0.0000000
558.15 1.0628377
561.2 1.0234226
564.25 0.98476565
567.3 0.94684708
570.35 0.90975475
573.4 0.87357795
576.45 0.83837914
579.5 0.80412316
582.55 0.77074051
585.6 0.73819339
588.65 0.70651579
591.7 0.67571437
594.75 1.0399561
597.8 1.0037665
600.85 0.96832591
603.9 0.93360943
606.95 0.89959782
610.0 0.95017165
613.05 0.95835584
616.1 0.92145771
619.15 0.95420367
622.2 1.0087440
625.25 1.0832852
628.3 2.6366303
631.35 2.6775308
634.4 2.2643874
637.45 1.8847466
640.5 1.7671932
643.55 1.7184628
646.6 1.7220540
649.65 1.7489203
652.7 1.7033434
655.75 1.5379400
658.8 1.5520622
661.85 1.3883650
664.9 1.2636274
667.95 1.1694496
671.0 1.1279407
674.05 1.1464357
677.1 1.1011598
680.15 1.1252723
683.2 1.1611072
686.25 1.1313010
689.3 1.0110600
692.35 0.98148757
695.4 0.89770502
698.45 0.90805197
701.5 0.90070003
704.55 0.86853600
707.6 0.86247987
710.65 0.88678622
713.7 0.91880643
716.75 0.98740059
719.8 1.0225624
722.85 1.0711749
725.9 1.1424037
728.95 1.2604213
732.0 1.4296154
735.05 1.7056566
738.1 2.1112037
741.15 2.8602655
744.2 11.361186
747.25 9.1586628
750.3 8.5144186
753.35 8.4831200
756.4 7.9209580
759.45 6.3208370
762.5 5.4400449
765.55 5.0997906
768.6 4.8650270
771.65 4.5348830
774.7 4.1280475
777.75 3.8555939
780.8 3.7550697
783.85 3.7535300
786.9 3.8027151
789.95 3.8168781
793.0 4.0931458
796.05 4.1449041
799.1 3.9549711
802.15 3.5933316
805.2 3.6059506
808.25 3.5628543
811.3 3.6376371
814.35 3.6895337
817.4 3.6340201
820.45 3.4933403
823.5 3.4371595
826.55 3.5363650
829.6 3.5045857
832.65 3.5531251
835.7 3.4975171
838.75 3.5694742
841.8 3.7632308
844.85 3.9635792
847.9 4.2432079
850.95 4.3100300
854.0 4.3597035
857.05 3.9541728
860.1 3.6823769
863.15 3.4791000
866.2 3.3860464
869.25 3.3623021
872.3 3.2022285
875.35 3.1536863
878.4 3.1269913
881.45 3.0959947
884.5 3.1436810
887.55 3.1057763
890.6 3.0321369
893.65 3.1154075
896.7 3.0540762
899.75 3.0941436
902.8 3.1604342
905.85 3.1993361
908.9 3.2692800
911.95 3.2566488
915.0 3.3518367
918.05 3.4178734
921.1 3.4926569
924.15 3.6160438
927.2 3.8763475
930.25 4.2262845
933.3 4.6273212
936.35 5.1372962
939.4 5.7707620
942.45 6.1382585
945.5 5.5583038
948.55 4.7039952
951.6 4.0552835
954.65 3.7132776
957.7 3.5374820
960.75 3.4334066
963.8 3.2630410
966.85 3.2434368
969.9 3.1381106
972.95 3.1918788
976.0 3.1923690
979.05 3.1731241
982.1 3.1996150
985.15 3.1515632
988.2 3.1909418
991.25 3.2268829
994.3 3.2237909
997.35 3.2845931
1000.4 3.1496372
1003.45 3.1201613
1006.5 3.0717268
1009.55 3.1140554
1012.6 3.1201191
1015.65 3.0679004
1018.7 2.9053838
1021.75 2.8046787
1024.8 2.7585051
1027.85 2.7011244
1030.9 2.6990728
1033.95 2.6853945
1037.0 2.6739461
1040.05 2.7097151
1043.1 2.6948993
1046.15 2.7317643
1049.2 2.7381063
1052.25 2.7268414
1055.3 2.6893578
1058.35 2.7172205
1061.4 2.7232146
1064.45 2.7907012
1067.5 2.7397573
1070.55 2.6897328
1073.6 2.5658338
1076.65 2.5988410
1079.7 2.6052554
1082.75 2.5653212
1085.8 2.6466656
1088.85 2.6664455
1091.9 2.5911818
1094.95 2.5420232
1098.0 2.5404317
1101.05 2.5355451
1104.1 2.5295374
1107.15 2.5568538
1110.2 2.5074353
1113.25 2.4948413
1116.3 2.5220630
1119.35 2.5145788
1122.4 2.5721543
1125.45 2.5564454
1128.5 2.7168448
1131.55 2.7027144
1134.6 2.7254255
1137.65 2.6794913
1140.7 2.6807046
1143.75 2.7007208
1146.8 2.8160436
1149.85 3.0249081
1152.9 3.2135627
1155.95 3.3658004
1159.0 3.4203229
1162.05 3.5940621
1165.1 3.4316633
1168.15 3.1326187
1171.2 2.8607934
1174.25 2.6793694
1177.3 2.5925066
1180.35 2.5044665
1183.4 2.4217613
1186.45 2.3576651
1189.5 2.3367574
1192.55 2.2429705
1195.6 2.2019486
1198.65 2.1788905
1201.7 2.1943505
1204.75 2.1979640
1207.8 2.1417837
1210.85 2.1450427
1213.9 2.1508741
1216.95 2.1633258
1220.0 2.1044002
1223.05 2.1219945
1226.1 2.1660812
1229.15 2.0437622
1232.2 2.0926595
1235.25 2.1009216
1238.3 2.0811455
1241.35 2.0938320
1244.4 2.0557160
1247.45 2.0236497
1250.5 2.0749259
1253.55 2.1537483
1256.6 2.1061659
1259.65 2.1540692
1262.7 2.1310327
1265.75 2.1318660
1268.8 2.1150382
1271.85 2.1373920
1274.9 2.1264651
1277.95 2.1163676
1281.0 2.0443246
1284.05 2.0068195
1287.1 2.0284972
1290.15 2.0529869
1293.2 1.9620330
1296.25 2.0524428
1299.3 1.9769235
1302.35 2.0199354
1305.4 1.9973249
1308.45 2.0337381
1311.5 1.9336916
1314.55 1.9582574
1317.6 1.9523746
1320.65 1.9824109
1323.7 1.8804580
1326.75 1.8986193
1329.8 1.9308165
1332.85 1.8412945
1335.9 1.8717529
1338.95 1.8115324
1342.0 1.7575525
1345.05 1.7518640
1348.1 1.7462052
1351.15 1.7538329
1354.2 1.7606320
1357.25 1.7594073
1360.3 1.7310760
1363.35 1.7183467
1366.4 1.7128602
1369.45 1.7074022
1372.5 1.7249897
1375.55 1.7181978
1378.6 1.7395108
1381.65 1.7460008
1384.7 1.7413296
1387.75 1.7500075
1390.8 1.7621217
1393.85 1.7899361
1396.9 1.8259250
1399.95 1.8076220
1403.0 1.8511924
1406.05 1.8682120
1409.1 1.8796624
1412.15 1.8858383
1415.2 1.8949945
1418.25 1.9145088
1421.3 1.9199340
1424.35 1.8897867
1427.4 1.8689636
1430.45 1.8230804
1433.5 1.8144852
1436.55 1.7755210
1439.6 1.7974470
1442.65 1.7714236
1445.7 1.7561220
1448.75 1.7571117
1451.8 1.7424186
1454.85 1.7426763
1457.9 1.7426766
1460.95 1.7588104
1464.0 1.7960697
1467.05 1.7647060
1470.1 1.8241928
1473.15 1.8651642
1476.2 1.9162354
1479.25 1.9063963
1482.3 1.8482471
1485.35 1.8349977
1488.4 1.8368503
1491.45 1.7912430
1494.5 1.7540991
1497.55 1.7404233
1500.6 1.7299346
1503.65 1.7593099
1506.7 1.7913145
1509.75 1.7946180
1512.8 1.7792640
1515.85 1.7800723
1518.9 1.7652522
1521.95 1.7705618
1525.0 1.7489893
1528.05 1.7382041
1531.1 1.7367352
1534.15 1.7252885
1537.2 1.7001411
1540.25 1.6722918
1543.3 1.6846209
1546.35 1.6869389
1549.4 1.6844382
1552.45 1.6649671
1555.5 1.6488966
1558.55 1.6414692
1561.6 1.6302398
1564.65 1.6208906
1567.7 1.6040293
1570.75 1.5794915
1573.8 1.5845824
1576.85 1.5818402
1579.9 1.5615163
1582.95 1.5179316
1586.0 1.5541637
1589.05 1.5582815
1592.1 1.5460749
1595.15 1.5432999
1598.2 1.5538379
1601.25 1.5224667
1604.3 1.5203463
1607.35 1.4880865
1610.4 1.4622599
1613.45 1.4027030
1616.5 1.3938532
1619.55 1.3891523
1622.6 1.3732284
1625.65 1.4081773
1628.7 1.4263014
1631.75 1.4269937
1634.8 1.3940862
1637.85 1.4060081
1640.9 1.4098545
1643.95 1.4264984
1647.0 1.4243942
1650.05 1.4550248
1653.1 1.4948914
1656.15 1.5056190
1659.2 1.4839517
1662.25 1.5269830
1665.3 1.5449053
1668.35 1.5410017
1671.4 1.5465392
1674.45 1.6066442
1677.5 1.6435457
1680.55 1.6325451
1683.6 1.6610752
1686.65 1.6208103
1689.7 1.6588534
1692.75 1.7131127
1695.8 1.8530955
1698.85 2.0171130
1701.9 2.2730126
1704.95 2.5332639
1708.0 2.6103425
1711.05 2.4740331
1714.1 2.1880753
1717.15 1.9438241
1720.2 1.7915288
1723.25 1.7151321
1726.3 1.6545817
1729.35 1.6073196
1732.4 1.5697321
1735.45 1.5336983
1738.5 1.5206759
1741.55 1.4877912
1744.6 1.4590918
1747.65 1.4266779
1750.7 1.4075319
1753.75 1.4012415
1756.8 1.3591824
1759.85 1.3598547
1762.9 1.3241659
1765.95 1.3136591
1769.0 1.3103439
1772.05 1.2545151
1775.1 1.2715353
1778.15 1.2689255
1781.2 1.2857491
1784.25 1.3191936
1787.3 1.3297251
1790.35 1.3324513
1793.4 1.3295698
1796.45 1.3370079
1799.5 1.3170034
1802.55 1.3185037
1805.6 1.3342164
1808.65 1.3127991
1811.7 1.3155237
1814.75 1.2902253
1817.8 1.2963231
1820.85 1.2634509
1823.9 1.2406158
1826.95 1.2168311
1830.0 1.2042848
1833.05 1.1739439
1836.1 1.1606309
1839.15 1.1274782
1842.2 1.1043528
1845.25 1.0985452
1848.3 1.1075994
1851.35 1.0918365
1854.4 1.1138314
1857.45 1.1183259
1860.5 1.1205266
1863.55 1.1190648
1866.6 1.1187023
1869.65 1.1395483
1872.7 1.1264303
1875.75 1.1473336
1878.8 1.1447417
1881.85 1.1389059
1884.9 1.1252145
1887.95 1.1353704
1891.0 1.1260760
1894.05 1.1487538
1897.1 1.1765391
1900.15 1.1783527
1903.2 1.2240988
1906.25 1.2326168
1909.3 1.2307169
1912.35 1.2125007
1915.4 1.2099903
1918.45 1.1641344
1921.5 1.1886334
1924.55 1.1756508
1927.6 1.1721542
1930.65 1.1855204
1933.7 1.2154535
1936.75 1.2153074
1939.8 1.2291790
1942.85 1.2355043
1945.9 1.2437435
1948.95 1.2302015
1952.0 1.2348253
1955.05 1.2151411
1958.1 1.2275357
1961.15 1.2110801
1964.2 1.1738621
1967.25 1.1730939
1970.3 1.1862416
1973.35 1.1537607
1976.4 1.1507672
1979.45 1.1504145
1982.5 1.1485178
1985.55 1.1655204
1988.6 1.1591690
1991.65 1.1383219
1994.7 1.1348964
1997.75 1.1565230
2000.8 1.1531291
2003.85 1.1440588
2006.9 1.1638000
2009.95 1.1297022
2013.0 1.1145474
2016.05 1.0984662
2019.1 1.0867467
2022.15 1.0774570
2025.2 1.0541574
2028.25 1.0489005
2031.3 1.0601766
2034.35 1.0685025
2037.4 1.0811338
2040.45 1.1137371
2043.5 1.0747545
2046.55 1.0587174
2049.6 1.0511092
2052.65 1.0450604
2055.7 1.0318584
2058.75 1.0552789
2061.8 1.0503881
2064.85 1.0567760
2067.9 1.0458755
2070.95 1.0480711
2074.0 1.0476249
2077.05 1.0705496
2080.1 1.0757790
2083.15 1.0929195
2086.2 1.1272857
2089.25 1.1720123
2092.3 1.1156174
2095.35 1.0721295
2098.4 1.0771828
2101.45 1.0595802
2104.5 1.0198958
2107.55 1.0302895
2110.6 1.0322272
2113.65 1.0025549
2116.7 0.99478185
2119.75 0.97172314
2122.8 0.95702595
2125.85 0.98174793
2128.9 0.97802198
2131.95 0.96323562
2135.0 0.98113608
2138.05 0.95560873
2141.1 0.93933100
2144.15 0.93802989
2147.2 0.92134881
2150.25 0.90520352
2153.3 0.88689572
2156.35 0.89718962
2159.4 0.89414811
2162.45 0.86746919
2165.5 0.87426168
2168.55 0.88749576
2171.6 0.89255017
2174.65 0.87485254
2177.7 0.89001322
2180.75 0.91130900
2183.8 0.89336091
2186.85 0.91193533
2189.9 0.88496411
2192.95 0.88622254
2196.0 0.87228537
2199.05 0.88270563
2202.1 0.88706768
2205.15 0.86881316
2208.2 0.89205694
2211.25 0.87622541
2214.3 0.86764860
2217.35 0.87445873
2220.4 0.85473478
2223.45 0.86330420
2226.5 0.85564649
2229.55 0.86053634
2232.6 0.86541617
2235.65 0.85303277
2238.7 0.84494251
2241.75 0.84180486
2244.8 0.83716303
2247.85 0.83132768
2250.9 0.83112723
2253.95 0.84197932
2257.0 0.83999568
2260.05 0.83844048
2263.1 0.82165194
2266.15 0.82402104
2269.2 0.85791487
2272.25 0.96618348
2275.3 1.0028486
2278.35 0.84683222
2281.4 0.81614327
2284.45 0.81530356
2287.5 0.80494994
2290.55 0.83316213
2293.6 0.80920666
2296.65 0.79080123
2299.7 0.79563117
2302.75 0.78599811
2305.8 0.77502227
2308.85 0.76628053
2311.9 0.75621754
2314.95 0.71458036
2318.0 0.72560656
2321.05 0.71145386
2324.1 0.74195421
2327.15 0.73960739
2330.2 0.73112774
2333.25 0.72330827
2336.3 0.71742922
2339.35 0.73522443
2342.4 0.71966994
2345.45 0.73116475
2348.5 0.74174672
2351.55 0.75343925
2354.6 0.78282523
2357.65 0.84197646
2360.7 0.87645400
2363.75 0.78714550
2366.8 0.73506361
2369.85 0.76085830
2372.9 0.76640439
2375.95 0.72591716
2379.0 0.70989430
2382.05 0.71044147
2385.1 0.69748098
2388.15 0.69287932
2391.2 0.67955160
2394.25 0.65942723
2397.3 0.63719875
2400.35 0.63233161
2403.4 0.65113521
2406.45 0.67011213
2409.5 0.67159063
2412.55 0.67864567
2415.6 0.69491464
2418.65 0.69503260
2421.7 0.69029534
2424.75 0.66687018
2427.8 0.66924101
2430.85 0.66532344
2433.9 0.63730997
2436.95 0.64502871
2440.0 0.62300748
2443.05 0.62264228
2446.1 0.61147374
2449.15 0.62439543
2452.2 0.63193887
2455.25 0.62004238
2458.3 0.60019386
2461.35 0.59917915
2464.4 0.59603256
2467.45 0.58865017
2470.5 0.60617673
2473.55 0.59307468
2476.6 0.60793954
2479.65 0.61965126
2482.7 0.65702182
2485.75 0.64650613
2488.8 0.64231950
2491.85 0.67029959
2494.9 0.67927867
2497.95 0.70255923
2501.0 0.74663746
2504.05 0.72436464
2507.1 0.68776065
2510.15 0.68392855
2513.2 0.65297616
2516.25 0.63628834
2519.3 0.62930620
2522.35 0.61842126
2525.4 0.59744710
2528.45 0.57413799
2531.5 0.56713772
2534.55 0.56947207
2537.6 0.58490038
2540.65 0.57988375
2543.7 0.57580048
2546.75 0.58815938
2549.8 0.56754351
2552.85 0.56006151
2555.9 0.57005668
2558.95 0.55669862
2562.0 0.55038959
2565.05 0.54921985
2568.1 0.54805386
2571.15 0.55024904
2574.2 0.55448300
2577.25 0.55163556
2580.3 0.54927236
2583.35 0.57965213
2586.4 0.57583880
2589.45 0.58428401
2592.5 0.57354927
2595.55 0.55942124
2598.6 0.55016243
2601.65 0.57450449
2604.7 0.57383227
2607.75 0.56942070
2610.8 0.59541559
2613.85 0.57929575
2616.9 0.59770775
2619.95 0.62990385
2623.0 0.61869723
2626.05 0.63103068
2629.1 0.64226317
2632.15 0.66820502
2635.2 0.71020937
2638.25 0.71768242
2641.3 0.75702655
2644.35 0.81898201
2647.4 0.84890622
2650.45 0.85210073
2653.5 0.79192901
2656.55 0.77741110
2659.6 0.76924878
2662.65 0.73156697
2665.7 0.69812548
2668.75 0.63904554
2671.8 0.62541360
2674.85 0.60023600
2677.9 0.58783549
2680.95 0.60245198
2684.0 0.58574492
2687.05 0.57550883
2690.1 0.57582420
2693.15 0.56210458
2696.2 0.55787945
2699.25 0.55471730
2702.3 0.52023268
2705.35 0.53778654
2708.4 0.53477985
2711.45 0.54815620
2714.5 0.53602576
2717.55 0.53343624
2720.6 0.55720592
2723.65 0.56500053
2726.7 0.58605510
2729.75 0.57730317
2732.8 0.57264316
2735.85 0.55090785
2738.9 0.58097422
2741.95 0.58200091
2745.0 0.58531690
2748.05 0.58085155
2751.1 0.60243702
2754.15 0.62780631
2757.2 0.62300557
2760.25 0.59718609
2763.3 0.58279926
2766.35 0.56841636
2769.4 0.57211030
2772.45 0.61393178
2775.5 0.59697235
2778.55 0.58941573
2781.6 0.61197436
2784.65 0.60655415
2787.7 0.56145799
2790.75 0.59144449
2793.8 0.61466032
2796.85 0.58794886
2799.9 0.57646084
2802.95 0.58528727
2806.0 0.56316876
2809.05 0.54979753
2812.1 0.55132818
2815.15 0.56862092
2818.2 0.58897209
2821.25 0.58833241
2824.3 0.57629681
2827.35 0.58317971
2830.4 0.56551915
2833.45 0.57463014
2836.5 0.55697376
2839.55 0.58587164
2842.6 0.55114073
2845.65 0.56874084
2848.7 0.54477733
2851.75 0.54958725
2854.8 0.55356491
2857.85 0.57149971
2860.9 0.52097869
2863.95 0.51958978
2867.0 0.48824862
2870.05 0.48182929
2873.1 0.47484058
2876.15 0.48619294
2879.2 0.48434603
2882.25 0.48264357
2885.3 0.47373483
2888.35 0.48066056
2891.4 0.48534563
2894.45 0.47490138
2897.5 0.45872581
2900.55 0.46256444
2903.6 0.46419787
2906.65 0.46152821
2909.7 0.46846485
2912.75 0.47416028
2915.8 0.48245057
2918.85 0.48036835
2921.9 0.47633234
2924.95 0.48534223
2928.0 0.49900246
2931.05 0.49905762
2934.1 0.50337166
2937.15 0.52193981
2940.2 0.55241048
2943.25 0.55469620
2946.3 0.59588343
2949.35 0.60106117
2952.4 0.62083256
2955.45 0.66686344
2958.5 0.69394875
2961.55 0.77598178
2964.6 0.84597659
2967.65 0.81881291
2970.7 0.76336956
2973.75 0.70852727
2976.8 0.66989756
2979.85 0.63626778
2982.9 0.59395343
2985.95 0.58305782
2989.0 0.57698518
2992.05 0.55661809
2995.1 0.52531636
2998.15 0.54071593
3001.2 0.52281630
3004.25 0.51454037
3007.3 0.50559807
3010.35 0.49174526
3013.4 0.48613814
3016.45 0.49853179
3019.5 0.49838808
3022.55 0.58780259
3025.6 0.64223725
3028.65 0.53657681
3031.7 0.47631806
3034.75 0.46348107
3037.8 0.45936453
3040.85 0.44784740
3043.9 0.47673717
3046.95 0.52057207
3050.0 0.63231426
3053.05 0.89039177
3056.1 0.88789117
3059.15 0.59677529
3062.2 0.50214326
3065.25 0.47184232
3068.3 0.45865831
3071.35 0.44762221
3074.4 0.43881050
3077.45 0.43888012
3080.5 0.43556029
3083.55 0.43596250
3086.6 0.43515578
3089.65 0.42784208
3092.7 0.42287546
3095.75 0.42266005
3098.8 0.40629670
3101.85 0.39774671
3104.9 0.41502234
3107.95 0.41109058
3111.0 0.41599593
3114.05 0.39903265
3117.1 0.40209553
3120.15 0.39629135
3123.2 0.40992630
3126.25 0.40253124
3129.3 0.39197564
3132.35 0.40077084
3135.4 0.39808297
3138.45 0.41001633
3141.5 0.41195044
3144.55 0.42825657
3147.6 0.43731281
3150.65 0.43095466
3153.7 0.41830340
3156.75 0.43650448
3159.8 0.41825241
3162.85 0.40769547
3165.9 0.40832353
3168.95 0.43116647
3172.0 0.42291465
3175.05 0.40046099
3178.1 0.40553099
3181.15 0.40907714
3184.2 0.41575962
3187.25 0.40883300
3190.3 0.41252887
3193.35 0.41072637
3196.4 0.41280460
3199.45 0.39756143
3202.5 0.40411845
3205.55 0.41705203
3208.6 0.39683002
3211.65 0.40786090
3214.7 0.40932581
3217.75 0.40614396
3220.8 0.40654546
3223.85 0.40929523
3226.9 0.40644491
3229.95 0.42188784
3233.0 0.40256688
3236.05 0.39392540
3239.1 0.43057486
3242.15 0.40174609
3245.2 0.42024863
3248.25 0.40944964
3251.3 0.39708108
3254.35 0.39128515
3257.4 0.38666704
3260.45 0.39807406
3263.5 0.37709600
3266.55 0.38025966
3269.6 0.38396063
3272.65 0.37963134
3275.7 0.36164382
3278.75 0.36810750
3281.8 0.37681445
3284.85 0.37584674
3287.9 0.36425200
3290.95 0.36542475
3294.0 0.36218509
3297.05 0.35501161
3300.1 0.36193132
3303.15 0.36912182
3306.2 0.36646798
3309.25 0.35735700
3312.3 0.35199952
3315.35 0.34658793
3318.4 0.35844630
3321.45 0.34544346
3324.5 0.36861911
3327.55 0.34729281
3330.6 0.34871227
3333.65 0.34317198
3336.7 0.34260774
3339.75 0.34204492
3342.8 0.34148350
3345.85 0.34913844
3348.9 0.35049474
3351.95 0.35838783
3355.0 0.34948125
3358.05 0.35036194
3361.1 0.33814493
3364.15 0.33759332
3367.2 0.34704509
3370.25 0.35714939
3373.3 0.35095274
3376.35 0.34223372
3379.4 0.35553962
3382.45 0.36107436
3385.5 0.34280798
3388.55 0.34653574
3391.6 0.33269161
3394.65 0.33215377
3397.7 0.33868599
3400.75 0.33295819
3403.8 0.36383927
3406.85 0.34719837
3409.9 0.33758864
3412.95 0.37675530
3416.0 0.37159726
3419.05 0.35467514
3422.1 0.34805810
3425.15 0.33216015
3428.2 0.33157513
3431.25 0.32580328
3434.3 0.33633590
3437.35 0.32476315
3440.4 0.32621655
3443.45 0.32372820
3446.5 0.32624066
3449.55 0.32269821
3452.6 0.32436991
3455.65 0.32305896
3458.7 0.32116279
3461.75 0.33222410
3464.8 0.32719141
3467.85 0.31963885
3470.9 0.31913328
3473.95 0.31862903
3477.0 0.31812596
3480.05 0.31762409
3483.1 0.31712353
3486.15 0.31662413
3489.2 0.32303375
3492.25 0.31562898
3495.3 0.31604800
3498.35 0.31463867
3501.4 0.31595927
3504.45 0.31375858
3507.5 0.31316212
3510.55 0.31610480
3513.6 0.32041860
3516.65 0.32185435
3519.7 0.31876352
3522.75 0.31813005
3525.8 0.31712371
3528.85 0.31266075
3531.9 0.31514975
3534.95 0.31300184
3538.0 0.31231114
3541.05 0.31917670
3544.1 0.33306846
3547.15 0.31664091
3550.2 0.32753322
3553.25 0.32111365
3556.3 0.33095282
3559.35 0.32310936
3562.4 0.33350384
3565.45 0.32809350
3568.5 0.32950071
3571.55 0.33899441
3574.6 0.33068743
3577.65 0.33691770
3580.7 0.34794202
3583.75 0.37452632
3586.8 0.36586609
3589.85 0.35871485
3592.9 0.36057374
3595.95 0.32870874
3599.0 0.32312012
3602.05 0.33808225
3605.1 0.33201957
3608.15 0.32038403
3611.2 0.32204473
3614.25 0.32373834
3617.3 0.32408446
3620.35 0.31830150
3623.4 0.32450667
3626.45 0.33110061
3629.5 0.31065625
3632.55 0.31390181
3635.6 0.31167069
3638.65 0.32159621
3641.7 0.30332422
3644.75 0.30650932
3647.8 0.30560967
3650.85 0.30445024
3653.9 0.30657429
3656.95 0.30590212
3660.0 0.30509108
3663.05 0.30779234
3666.1 0.30275527
3669.15 0.30017322
3672.2 0.29484847
3675.25 0.29455030
3678.3 0.28969255
3681.35 0.29526398
3684.4 0.29584679
3687.45 0.29919755
3690.5 0.30156550
3693.55 0.29002267
3696.6 0.29620147
3699.65 0.30504161
3702.7 0.30143031
3705.75 0.30438098
3708.8 0.30987883
3711.85 0.30474916
3714.9 0.30695546
3717.95 0.30083567
3721.0 0.31590238
3724.05 0.29042098
3727.1 0.28071782
3730.15 0.28492701
3733.2 0.28107595
3736.25 0.28255144
3739.3 0.28290120
3742.35 0.28841412
3745.4 0.29370311
3748.45 0.28032446
3751.5 0.28816220
3754.55 0.29591271
3757.6 0.28496784
3760.65 0.28017178
3763.7 0.27582026
3766.75 0.27541819
3769.8 0.27654383
3772.85 0.29282576
3775.9 0.27895156
3778.95 0.28055552
3782.0 0.27342132
3785.05 0.27406752
3788.1 0.27379194
3791.15 0.27820393
3794.2 0.27535692
3797.25 0.28159592
3800.3 0.28250021
3803.35 0.27604872
3806.4 0.27411103
3809.45 0.27366132
3812.5 0.28151453
3815.55 0.27971742
3818.6 0.27377480
3821.65 0.27174962
3824.7 0.26961920
3827.75 0.26828155
3830.8 0.27046657
3833.85 0.27279267
3836.9 0.28176650
3839.95 0.28560039
3843.0 0.29096475
3846.05 0.30017507
3849.1 0.28813574
3852.15 0.27398011
3855.2 0.27483913
3858.25 0.27196556
3861.3 0.26769015
3864.35 0.27183095
3867.4 0.27988395
3870.45 0.28279302
3873.5 0.27395806
3876.55 0.27605855
3879.6 0.28015330
3882.65 0.28517732
3885.7 0.28946778
3888.75 0.27517083
3891.8 0.27786154
3894.85 0.28298342
3897.9 0.28379437
3900.95 0.27772689
3904.0 0.27719975
3907.05 0.28128129
3910.1 0.28098947
3913.15 0.27789342
3916.2 0.28468361
3919.25 0.28173456
3922.3 0.28567734
3925.35 0.29247940
3928.4 0.28835905
3931.45 0.29671782
3934.5 0.29192913
3937.55 0.31171638
3940.6 0.31398234
3943.65 0.32216096
3946.7 0.33118585
3949.75 0.32980019
3952.8 0.33649391
3955.85 0.35532275
3958.9 0.35724649
3961.95 0.37276015
3965.0 0.38992637
3968.05 0.41380045
3971.1 0.44144538
3974.15 0.47480777
3977.2 0.52077675
3980.25 0.57819813
3983.3 0.64847690
3986.35 0.73127908
3989.4 0.85726035
3992.45 1.0070829
3995.5 1.1957757
3998.55 1.3860137
4001.6 1.6301401
4004.65 1.6750275
4007.7 1.4322405
4010.75 1.1918998
4013.8 1.0842278
4016.85 1.0210540
4019.9 0.88408858
4022.95 0.74572849
4026.0 0.67172247
4029.05 0.61261314
4032.1 0.55857652
4035.15 0.51739281
4038.2 0.49217984
4041.25 0.46075457
4044.3 0.42892906
4047.35 0.40248358
4050.4 0.37592596
4053.45 0.35321763
4056.5 0.34600428
4059.55 0.33884689
4062.6 0.32176155
4065.65 0.31963825
4068.7 0.31359655
4071.75 0.31390601
4074.8 0.31938899
4077.85 0.31844729
4080.9 0.31177035
4083.95 0.30161524
4087.0 0.31663105
4090.05 0.32471892
4093.1 0.33128315
4096.15 0.36476624
4099.2 0.36282435
4102.25 0.33819416
4105.3 0.34154809
4108.35 0.34562120
4111.4 0.33564043
4114.45 0.30970991
4117.5 0.28447407
4120.55 0.28163922
4123.6 0.27446559
4126.65 0.26609731
4129.7 0.26439354
4132.75 0.25698474
4135.8 0.24562874
4138.85 0.24422866
4141.9 0.24539131
4144.95 0.24492472
4148.0 0.23347394
4151.05 0.23125570
4154.1 0.23095155
4157.15 0.23831122
4160.2 0.24765703
4163.25 0.23781246
4166.3 0.23431918
4169.35 0.23359834
4172.4 0.22913617
4175.45 0.22883593
4178.5 0.22853631
4181.55 0.24392869
4184.6 0.23460066
4187.65 0.23623867
4190.7 0.22734405
4193.75 0.22704752
4196.8 0.23114550
4199.85 0.23851411
4202.9 0.23661457
4205.95 0.23100831
4209.0 0.23329845
4212.05 0.23346822
4215.1 0.23169339
4218.15 0.22469766
4221.2 0.22440664
4224.25 0.22411625
4227.3 0.22589973
4230.35 0.22353731
4233.4 0.22324872
4236.45 0.22296077
4239.5 0.22819403
4242.55 0.22238658
4245.6 0.22210038
4248.65 0.22181480
4251.7 0.22482981
4254.75 0.22124533
4257.8 0.22096151
4260.85 0.22067827
4263.9 0.22039559
4266.95 0.22630928
4270.0 0.22115219
4273.05 0.23330523
4276.1 0.22093019
4279.15 0.22088829
4282.2 0.21871188
4285.25 0.21843328
4288.3 0.23398702
4291.35 0.24274264
4294.4 0.23427950
4297.45 0.25165862
4300.5 0.23265375
4303.55 0.26174545
4306.6 0.24635352
4309.65 0.22759973
4312.7 0.25326306
4315.75 0.23589312
4318.8 0.23002331
4321.85 0.23190676
4324.9 0.22454253
4327.95 0.22133526
4331.0 0.21432231
4334.05 0.21405269
4337.1 0.21709180
4340.15 0.22519505
4343.2 0.21324722
4346.25 0.21297987
4349.3 0.21271302
4352.35 0.21244672
4355.4 0.23361181
4358.45 0.21696581
4361.5 0.21165106
4364.55 0.21138696
4367.6 0.21491846
4370.65 0.21343191
4373.7 0.21059772
4376.75 0.21033581
4379.8 0.21626942
4382.85 0.22294179
4385.9 0.23525329
4388.95 0.20929314
4392.0 0.23151308
4395.05 0.20937826
4398.1 0.21920384
4401.15 0.20825893
4404.2 0.22231825
4407.25 0.21643840
4410.3 0.21596242
4413.35 0.22021459
4416.4 0.23044431
4419.45 0.21950416
4422.5 0.20646925
4425.55 0.22034365
4428.6 0.24389590
4431.65 0.20570996
4434.7 0.20545790
4437.75 0.20579617
4440.8 0.20495526
4443.85 0.20470473
4446.9 0.20445468
4449.95 0.22443414
4453.0 0.21858622
4456.05 0.20370759
4459.1 0.20345958
4462.15 0.21433339
4465.2 0.22932364
4468.25 0.20271847
4471.3 0.20438103
4474.35 0.24977197
4477.4 0.21475787
4480.45 0.21286595
4483.5 0.20149325
4486.55 0.22891884
4489.6 0.24461603
4492.65 0.23362829
4495.7 0.25692514
4498.75 0.25148362
4501.8 0.26498663
4504.85 0.23027739
4507.9 0.23889594
4510.95 0.29416305
4514.0 0.26378644
4517.05 0.25309980
4520.1 0.22904770
4523.15 0.22129951
4526.2 0.27349821
4529.25 0.26082844
4532.3 0.25228530
4535.35 0.23494069
4538.4 0.21017611
4541.45 0.23747770
4544.5 0.19671372
4547.55 0.19647971
4550.6 0.19624618
4553.65 0.19601317
4556.7 0.19578062
4559.75 0.19554846
4562.8 0.19531687
4565.85 0.19508563
4568.9 0.19485490
4571.95 0.19462463
4575.0 0.19439484
4578.05 0.19416550
4581.1 0.19393659
4584.15 0.19370817
4587.2 0.19348021
4590.25 0.19325270
4593.3 0.19302562
4596.35 0.19279902
4599.4 0.19257283
4602.45 0.19234712
4605.5 0.19212188
4608.55 0.19189705
4611.6 0.19167271
4614.65 0.19144879
4617.7 0.19122529
4620.75 0.19100225
4623.8 0.19077967
4626.85 0.19055755
4629.9 0.19033581
4632.95 0.19011454
4636.0 0.18989377
4639.05 0.18967338
4642.1 0.18945344
4645.15 0.18923393
4648.2 0.18901484
4651.25 0.18879621
4654.3 0.18857801
4657.35 0.18836029
4660.4 0.18814297
4663.45 0.18792601
4666.5 0.18770954
4669.55 0.18749352
4672.6 0.18727788
4675.65 0.18706270
4678.7 0.18684794
4681.75 0.18663362
4684.8 0.18641970
4687.85 0.18620624
4690.9 0.18599318
4693.95 0.18578056
4697.0 0.18556829
4700.05 0.18535650
4703.1 0.18514515
4706.15 0.18493418
4709.2 0.18472366
4712.25 0.18451352
4715.3 0.18430378
4718.35 0.18409450
4721.4 0.18388568
4724.45 0.18367717
4727.5 0.18346910
4730.55 0.18326151
4733.6 0.18305425
4736.65 0.18284740
4739.7 0.18264100
4742.75 0.18243507
4745.8 0.18222943
4748.85 0.18202424
4751.9 0.18181945
4754.95 0.18161511
4758.0 0.18141115
4761.05 0.18120752
4764.1 0.18100438
4767.15 0.18080164
4770.2 0.18059926
4773.25 0.18039727
4776.3 0.18019573
4779.35 0.17999452
4782.4 0.17979380
4785.45 0.17959343
4788.5 0.17939343
4791.55 0.17919387
4794.6 0.17899467
4797.65 0.17879592
4800.7 0.17859749
4803.75 0.17839950
4806.8 0.17820187
4809.85 0.17800462
4812.9 0.17780782
4815.95 0.17761137
4819.0 0.17741528
4822.05 0.17721961
4825.1 0.17702432
4828.15 0.17682943
4831.2 0.17663492
4834.25 0.17644076
4837.3 0.17624700
4840.35 0.17605369
4843.4 0.17586067
4846.45 0.17566808
4849.5 0.17547582
4852.55 0.17528397
4855.6 0.17509252
4858.65 0.17490143
4861.7 0.17471074
4864.75 0.17452042
4867.8 0.17433044
4870.85 0.17414084
4873.9 0.17395166
4876.95 0.17376281
4880.0 0.17357433
4883.05 0.17338626
4886.1 0.17319854
4889.15 0.17301118
4892.2 0.17282423
4895.25 0.17263763
4898.3 0.17245135
4901.35 0.17226548
4904.4 0.17207995
4907.45 0.17189486
4910.5 0.17171006
4913.55 0.17152566
4916.6 0.17134160
4919.65 0.17115790
4922.7 0.17097460
4925.75 0.17079164
4928.8 0.17060904
4931.85 0.17042680
4934.9 0.17024493
4937.95 0.17006345
4941.0 0.16988224
4944.05 0.16970144
4947.1 0.16952100
4950.15 0.16934092
4953.2 0.16916120
4956.25 0.16898184
4959.3 0.16880278
4962.35 0.16862410
4965.4 0.16844580
4968.45 0.16826783
4971.5 0.16809019
4974.55 0.16791295
4977.6 0.16773605
4980.65 0.16755952
4983.7 0.16738325
4986.75 0.16720743
4989.8 0.16703188
4992.85 0.16685672
4995.9 0.16668189
4998.95 0.16650742
5002.0 0.16633330
5005.05 0.16615948
5008.1 0.16598606
5011.15 0.16581295
5014.2 0.16564016
5017.25 0.16546778
5020.3 0.16529574
5023.35 0.16512398
5026.4 0.16495256
5029.45 0.16478154
5032.5 0.16461083
5035.55 0.16444045
5038.6 0.16427039
5041.65 0.16410066
5044.7 0.16393133
5047.75 0.16376229
5050.8 0.16359356
5053.85 0.16342521
5056.9 0.16325720
5059.95 0.16308947
5063.0 0.16292211
5066.05 0.16275512
5069.1 0.16258842
5072.15 0.16242202
5075.2 0.16225600
5078.25 0.16209029
5081.3 0.16192487
5084.35 0.16175985
5087.4 0.16159512
5090.45 0.16143070
5093.5 0.16126665
5096.55 0.16110289
5099.6 0.16093948
5102.65 0.16077636
5105.7 0.16061358
5108.75 0.16045113
5111.8 0.16028902
5114.85 0.16012721
5117.9 0.15996574
5120.95 0.15980458
5124.0 0.15964372
5127.05 0.15948321
5130.1 0.15932302
5133.15 0.15916313
5136.2 0.15900356
5139.25 0.15884432
5142.3 0.15868542
5145.35 0.15852676
5148.4 0.15836847
5151.45 0.15821049
5154.5 0.15805286
5157.55 0.15789549
5160.6 0.15773845
5163.65 0.15758170
5166.7 0.15742531
5169.75 0.15726919
5172.8 0.15711342
5175.85 0.15695795
5178.9 0.15680280
5181.95 0.15664789
5185.0 0.15649338
5188.05 0.15633912
5191.1 0.15618517
5194.15 0.15603158
5197.2 0.15587826
5200.25 0.15572524
5203.3 0.15557255
5206.35 0.15542015
5209.4 0.15526804
5212.45 0.15511629
5215.5 0.15496479
5218.55 0.15481362
5221.6 0.15466273
5224.65 0.15451215
5227.7 0.15436187
5230.75 0.15421192
5233.8 0.15406221
5236.85 0.15391286
5239.9 0.15376379
5242.95 0.15361500
5246.0 0.15346654
5249.05 0.15331838
5252.1 0.15317051
5255.15 0.15302293
5258.2 0.15287563
5261.25 0.15272865
5264.3 0.15258195
5267.35 0.15243554
5270.4 0.15228944
5273.45 0.15214364
5276.5 0.15199813
5279.55 0.15185292
5282.6 0.15170799
5285.65 0.15156336
5288.7 0.15141900
5291.75 0.15127493
5294.8 0.15113117
5297.85 0.15098771
5300.9 0.15084454
5303.95 0.15070161
5307.0 0.15055902
5310.05 0.15041669
5313.1 0.15027468
5316.15 0.15013294
5319.2 0.14999148
5322.25 0.14985029
5325.3 0.14970945
5328.35 0.14956884
5331.4 0.14942853
5334.45 0.14928849
5337.5 0.14914876
5340.55 0.14900929
5343.6 0.14887011
5346.65 0.14873123
5349.7 0.14859261
5352.75 0.14845425
5355.8 0.14831622
5358.85 0.14817846
5361.9 0.14804100
5364.95 0.14790374
5368.0 0.14776680
5371.05 0.14763018
5374.1 0.14749379
5377.15 0.14735769
5380.2 0.14722186
5383.25 0.14708631
5386.3 0.14695106
5389.35 0.14681606
5392.4 0.14668134
5395.45 0.14654690
5398.5 0.14641275
5401.55 0.14627886
5404.6 0.14614524
5407.65 0.14601189
5410.7 0.14587885
5413.75 0.14574604
5416.8 0.14561349
5419.85 0.14548123
5422.9 0.14534926
5425.95 0.14521757
5429.0 0.14508608
5432.05 0.14495492
5435.1 0.14482403
5438.15 0.14469336
5441.2 0.14456303
5444.25 0.14443292
5447.3 0.14430307
5450.35 0.14417350
5453.4 0.14404422
5456.45 0.14391519
5459.5 0.14378642
5462.55 0.14365791
5465.6 0.14352967
5468.65 0.14340168
5471.7 0.14327399
5474.75 0.14314653
5477.8 0.14301933
5480.85 0.14289244
5483.9 0.14276578
5486.95 0.14263941
5490.0 0.14251325
5493.05 0.14238738
5496.1 0.14226179
5499.15 0.14213641
5502.2 0.14201131
5505.25 0.14188649
5508.3 0.14176191
5511.35 0.14163761
5514.4 0.14151356
5517.45 0.14138973
5520.5 0.14126621
5523.55 0.14114293
5526.6 0.14101988
5529.65 0.14089711
5532.7 0.14077461
5535.75 0.14065236
5538.8 0.14053032
5541.85 0.14040859
5544.9 0.14028710
5547.95 0.14016585
5551.0 0.14004484
5554.05 0.13992411
5557.1 0.13980363
5560.15 0.13968338
5563.2 0.13956341
5566.25 0.13944368
5569.3 0.13932422
5572.35 0.13920499
5575.4 0.13908596
5578.45 0.13896725
5581.5 0.13884878
5584.55 0.13873056
5587.6 0.13861254
5590.65 0.13849482
5593.7 0.13837737
5596.75 0.13826011
5599.8 0.13814309
5602.85 0.13802637
5605.9 0.13790986
5608.95 0.13779360
5612.0 0.13767758
5615.05 0.13756183
5618.1 0.13744631
5621.15 0.13733102
5624.2 0.13721599
5627.25 0.13710123
5630.3 0.13698667
5633.35 0.13687237
5636.4 0.13675830
5639.45 0.13664450
5642.5 0.13653092
5645.55 0.13641761
5648.6 0.13630447
5651.65 0.13619165
5654.7 0.13607903
5657.75 0.13596666
5660.8 0.13585451
5663.85 0.13574259
5666.9 0.13563095
5669.95 0.13551953
5673.0 0.13540834
5676.05 0.13529740
5679.1 0.13518669
5682.15 0.13507621
5685.2 0.13496602
5688.25 0.13485603
5691.3 0.13474622
5694.35 0.13463672
5697.4 0.13452742
5700.45 0.13441837
5703.5 0.13430955
5706.55 0.13420096
5709.6 0.13409260
5712.65 0.13398448
5715.7 0.13387661
5718.75 0.13376895
5721.8 0.13366152
5724.85 0.13355432
5727.9 0.13344738
5730.95 0.13334061
5734.0 0.13323413
5737.05 0.13312788
5740.1 0.13302179
5743.15 0.13291600
5746.2 0.13281043
5749.25 0.13270506
5752.3 0.13259995
5755.35 0.13249505
5758.4 0.13239039
5761.45 0.13228595
5764.5 0.13218173
5767.55 0.13207775
5770.6 0.13197400
5773.65 0.13187046
5776.7 0.13176712
5779.75 0.13166405
5782.8 0.13156120
5785.85 0.13145855
5788.9 0.13135614
5791.95 0.13125399
5795.0 0.13115200
5798.05 0.13105029
5801.1 0.13094878
5804.15 0.13084747
5807.2 0.13074641
5810.25 0.13064556
5813.3 0.13054493
5816.35 0.13044453
5819.4 0.13034435
5822.45 0.13024442
5825.5 0.13014466
5828.55 0.13004512
5831.6 0.12994581
5834.65 0.12984672
5837.7 0.12974785
5840.75 0.12964921
5843.8 0.12955078
5846.85 0.12945262
5849.9 0.12935460
5852.95 0.12925681
5856.0 0.12915926
5859.05 0.12906192
5862.1 0.12896478
5865.15 0.12886789
5868.2 0.12877117
5871.25 0.12867472
5874.3 0.12857844
5877.35 0.12848239
5880.4 0.12838654
5883.45 0.12829094
5886.5 0.12819555
5889.55 0.12810037
5892.6 0.12800536
5895.65 0.12791061
5898.7 0.12781605
5901.75 0.12772171
5904.8 0.12762758
5907.85 0.12753366
5910.9 0.12743995
5913.95 0.12734646
5917.0 0.12725317
5920.05 0.12716010
5923.1 0.12706722
5926.15 0.12697458
5929.2 0.12688211
5932.25 0.12678988
5935.3 0.12669785
5938.35 0.12660605
5941.4 0.12651443
5944.45 0.12642303
5947.5 0.12633182
5950.55 0.12624083
5953.6 0.12615004
5956.65 0.12605946
5959.7 0.12596913
5962.75 0.12587896
5965.8 0.12578900
5968.85 0.12569922
5971.9 0.12560968
5974.95 0.12552033
5978.0 0.12543118
5981.05 0.12534226
5984.1 0.12525351
5987.15 0.12516499
5990.2 0.12507667
5993.25 0.12498852
5996.3 0.12490062
5999.35 0.12481289
