300.0 0.0
335.0 0.0000000
338.35 0.0000000
341.7 0.0000000
345.05 0.0000000
348.4 0.0000000
351.75 0.0000000
355.1 0.0000000
358.45 0.0000000
361.8 0.0000000
365.15 0.0000000
368.5 0.0000000
371.85 0.0000000
375.2 0.0000000
378.55 0.0000000
381.9 0.0000000
385.25 0.0000000
388.6 0.0000000
391.95 0.0000000
395.3 0.0000000
398.65 0.0000000
402.0 0.0000000
405.35 0.0000000
408.7 0.0000000
412.05 0.0000000
415.4 0.0000000
418.75 0.0000000
422.1 0.0000000
425.45 0.0000000
428.8 0.0000000
432.15 0.0000000
435.5 0.0000000
438.85 0.0000000
442.2 0.0000000
445.55 0.0000000
448.9 0.0000000
452.25 0.0000000
455.6 0.0000000
458.95 0.0000000
462.3 0.0000000
465.65 0.0000000
469.0 0.0000000
472.35 0.0000000
475.7 0.0000000
479.05 0.0000000
482.4 0.0000000
485.75 0.0000000
489.1 0.0000000
492.45 0.0000000
495.8 0.0000000
499.15 0.0000000
502.5 0.0000000
505.85 0.0000000
509.2 0.0000000
512.55 0.0000000
515.9 0.0000000
519.25 0.0000000
522.6 0.0000000
525.95 0.0000000
529.3 0.0000000
532.65 0.0000000
536.0 0.0000000
539.35 0.0000000
542.7 0.0000000
546.05 0.0000000
549.4 0.0000000
552.75 0.0000000
556.1 0.0000000
559.45 0.0000000
562.8 0.0000000
566.15 0.0000000
569.5 0.0000000
572.85 0.0000000
576.2 0.0000000
579.55 0.0000000
582.9 0.0000000
586.25 0.0000000
589.6 0.0000000
592.95 0.0000000
596.3 0.0000000
599.65 0.0000000
603.0 0.0000000
606.35 0.0000000
609.7 0.0000000
613.05 4.25624326E-02
616.4 4.06846963E-02
619.75 3.88464443E-02
623.1 3.70540060E-02
626.45 3.53555530E-02
629.8 3.36529203E-02
633.15 3.18328775E-02
636.5 2.99124867E-02
639.85 2.80092508E-02
643.2 2.62081809E-02
646.55 2.44859066E-02
649.9 2.28344016E-02
653.25 4.70664762E-02
656.6 4.50961366E-02
659.95 4.32512388E-02
663.3 4.14459594E-02
666.65 3.94323058E-02
670.0 4.06787097E-02
673.35 3.97779383E-02
676.7 3.70023735E-02
680.05 3.70943248E-02
683.4 3.79072390E-02
686.75 3.92866023E-02
690.1 0.16975369
693.45 0.17207445
696.8 0.14522798
700.15 0.12060665
703.5 0.11279963
706.85 0.10938479
710.2 0.10928307
713.55 0.11062544
716.9 0.10736120
720.25 9.65698585E-02
723.6 9.70639810E-02
726.95 8.64551738E-02
730.3 7.83290267E-02
733.65 7.21433610E-02
737.0 6.92316741E-02
740.35 6.99948967E-02
743.7 6.68582395E-02
747.05 6.79311678E-02
750.4 6.96758628E-02
753.75 6.74613416E-02
757.1 5.98958544E-02
760.45 5.77479526E-02
763.8 5.24436608E-02
767.15 5.26575148E-02
770.5 5.18384054E-02
773.85 4.95977923E-02
777.2 4.88439947E-02
780.55 4.98692691E-02
783.9 5.14788330E-02
787.25 5.48670031E-02
790.6 5.56282476E-02
793.95 5.60630262E-02
797.3 5.68513945E-02
800.65 5.93641847E-02
804.0 6.38273284E-02
807.35 7.21294284E-02
810.7 8.43836814E-02
814.05 0.10780559
817.4 1.5637443
820.75 1.2683116
824.1 1.1862520
827.45 1.1890160
830.8 1.1168677
834.15 0.89653355
837.5 0.77614802
840.85 0.73185730
844.2 0.70221037
847.55 0.65833056
850.9 0.60269099
854.25 0.56610268
857.6 0.55445206
860.95 0.55731905
864.3 0.56775075
867.65 0.57300758
871.0 0.61783606
874.35 0.62904620
877.7 0.60344720
881.05 0.55120015
884.4 0.55607808
887.75 0.55232412
891.1 0.56686980
894.45 0.57794356
897.8 0.57218099
901.15 0.55284941
904.5 0.54672348
907.85 0.56533915
911.2 0.56306779
914.55 0.57371265
917.9 0.56752616
921.25 0.58204186
924.6 0.61663085
927.95 0.65260470
931.3 0.70200497
934.65 0.71646601
938.0 0.72816163
941.35 0.66354078
944.7 0.62082368
948.05 0.58927840
951.4 0.57616591
954.75 0.57474947
958.1 0.54988021
961.45 0.54399532
964.8 0.54181558
968.15 0.53884023
971.5 0.54956800
974.85 0.54533428
978.2 0.53473580
981.55 0.55181110
984.9 0.54328543
988.25 0.55277681
991.6 0.56702912
994.95 0.57644206
998.3 0.59152514
1001.65 0.59170645
1005.0 0.61153418
1008.35 0.62615931
1011.7 0.64248705
1015.05 0.66789907
1018.4 0.71888155
1021.75 0.78693694
1025.1 0.86506093
1028.45 0.96422112
1031.8 1.0874000
1035.15 1.1611956
1038.5 1.0555910
1041.85 0.89681602
1045.2 0.77612287
1048.55 0.71339357
1051.9 0.68221158
1055.25 0.66464889
1058.6 0.63404816
1061.95 0.63259840
1065.3 0.61433363
1068.65 0.62717134
1072.0 0.62957358
1075.35 0.62806666
1078.7 0.63561082
1082.05 0.62832683
1085.4 0.63846278
1088.75 0.64795935
1092.1 0.64963573
1095.45 0.66422409
1098.8 0.63916737
1102.15 0.63539398
1105.5 0.62770015
1108.85 0.63854367
1112.2 0.64198011
1115.55 0.63338757
1118.9 0.60186779
1122.25 0.58296400
1125.6 0.57528758
1128.95 0.56519794
1132.3 0.56663972
1135.65 0.56562561
1139.0 0.56505907
1142.35 0.57448316
1145.7 0.57319295
1149.05 0.58290571
1152.4 0.58613038
1155.75 0.58557934
1159.1 0.57935995
1162.45 0.58720660
1165.8 0.59034634
1169.15 0.60686225
1172.5 0.59763068
1175.85 0.58852738
1179.2 0.56313914
1182.55 0.57212281
1185.9 0.57527530
1189.25 0.56816590
1192.6 0.58794200
1195.95 0.59410381
1199.3 0.57904869
1202.65 0.56974143
1206.0 0.57105708
1209.35 0.57162416
1212.7 0.57192743
1216.05 0.57977605
1219.4 0.57020569
1222.75 0.56896508
1226.1 0.57681072
1229.45 0.57672781
1232.8 0.59159458
1236.15 0.58962965
1239.5 0.62837261
1242.85 0.62683839
1246.2 0.63385028
1249.55 0.62487876
1252.9 0.62686896
1256.25 0.63326645
1259.6 0.66209322
1262.95 0.71311402
1266.3 0.75961685
1269.65 0.79772127
1273.0 0.81279224
1276.35 0.85633206
1279.7 0.81978297
1283.05 0.75029933
1286.4 0.68697411
1289.75 0.64507151
1293.1 0.62576389
1296.45 0.60606116
1299.8 0.58753961
1303.15 0.57343888
1306.5 0.56978774
1309.85 0.54919273
1313.2 0.54137874
1316.55 0.53791302
1319.9 0.54394579
1323.25 0.54705757
1326.6 0.53523171
1329.95 0.53820336
1333.3 0.54182619
1336.65 0.54713249
1340.0 0.53433663
1343.35 0.54092598
1346.7 0.55432743
1350.05 0.52506173
1353.4 0.53970754
1356.75 0.54392731
1360.1 0.54087317
1363.45 0.54624546
1366.8 0.53833640
1370.15 0.53193939
1373.5 0.54746526
1376.85 0.57038468
1380.2 0.55985522
1383.55 0.57470405
1386.9 0.57064885
1390.25 0.57295948
1393.6 0.57050520
1396.95 0.57862151
1400.3 0.57773578
1403.65 0.57705283
1407.0 0.55939585
1410.35 0.55108041
1413.7 0.55899739
1417.05 0.56773174
1420.4 0.54447395
1423.75 0.57154244
1427.1 0.55241495
1430.45 0.56637490
1433.8 0.56195188
1437.15 0.57414478
1440.5 0.54775012
1443.85 0.55657864
1447.2 0.55676740
1450.55 0.56722003
1453.9 0.53983480
1457.25 0.54684955
1460.6 0.55795175
1463.95 0.53382295
1467.3 0.54442030
1470.65 0.52861142
1474.0 0.51451337
1477.35 0.51449311
1480.7 0.51446837
1484.05 0.51835734
1487.4 0.52201217
1490.75 0.52329046
1494.1 0.51647544
1497.45 0.51427519
1500.8 0.51422280
1504.15 0.51416659
1507.5 0.52105772
1510.85 0.52059263
1514.2 0.52865380
1517.55 0.53223252
1520.9 0.53240818
1524.25 0.53666663
1527.6 0.54199433
1530.95 0.55218494
1534.3 0.56495279
1537.65 0.56093568
1541.0 0.57613879
1544.35 0.58313161
1547.7 0.58840775
1551.05 0.59204662
1554.4 0.59663147
1557.75 0.60450006
1561.1 0.60794002
1564.45 0.60009116
1567.8 0.59515387
1571.15 0.58217323
1574.5 0.58104938
1577.85 0.57015461
1581.2 0.57879490
1584.55 0.57198870
1587.9 0.56860417
1591.25 0.57047993
1594.6 0.56724900
1597.95 0.56886971
1601.3 0.57040429
1604.65 0.57723022
1608.0 0.59103388
1611.35 0.58225787
1614.7 0.60347992
1618.05 0.61866093
1621.4 0.63726884
1624.75 0.63565433
1628.1 0.61786813
1631.45 0.61502838
1634.8 0.61723673
1638.15 0.60345674
1641.5 0.59245390
1644.85 0.58933103
1648.2 0.58726382
1651.55 0.59874290
1654.9 0.61116636
1658.25 0.61382478
1661.6 0.61008847
1664.95 0.61187851
1668.3 0.60828257
1671.65 0.61161178
1675.0 0.60563833
1678.35 0.60337067
1681.7 0.60432345
1685.05 0.60179108
1688.4 0.59444594
1691.75 0.58610934
1695.1 0.59183931
1698.45 0.59406108
1701.8 0.59458357
1705.15 0.58909404
1708.5 0.58477670
1711.85 0.58350176
1715.2 0.58085817
1718.55 0.57886416
1721.9 0.57416338
1725.25 0.56667817
1728.6 0.56980526
1731.95 0.57011408
1735.3 0.56406575
1738.65 0.54956013
1742.0 0.56394327
1745.35 0.56670350
1748.7 0.56351870
1752.05 0.56375670
1755.4 0.56886226
1758.75 0.55860525
1762.1 0.55905086
1765.45 0.54838425
1768.8 0.54003978
1772.15 0.51916713
1775.5 0.51700538
1778.85 0.51636910
1782.2 0.51154280
1785.55 0.52568036
1788.9 0.53357726
1792.25 0.53496581
1795.6 0.52372998
1798.95 0.52931702
1802.3 0.53187490
1805.65 0.53927404
1809.0 0.53959489
1812.35 0.55233741
1815.7 0.56863797
1819.05 0.57389164
1822.4 0.56678736
1825.75 0.58440870
1829.1 0.59246498
1832.45 0.59215957
1835.8 0.59548163
1839.15 0.61986244
1842.5 0.63536310
1845.85 0.63236380
1849.2 0.64468729
1852.55 0.63029867
1855.9 0.64635879
1859.25 0.66880471
1862.6 0.72486305
1865.95 0.79055166
1869.3 0.89256543
1872.65 0.99667567
1876.0 1.0289695
1879.35 0.97710025
1882.7 0.86580771
1886.05 0.77061725
1889.4 0.71158141
1892.75 0.68251842
1896.1 0.65965670
1899.45 0.64201045
1902.8 0.62816298
1906.15 0.61487973
1909.5 0.61078429
1912.85 0.59867430
1916.2 0.58820164
1919.55 0.57618445
1922.9 0.56948495
1926.25 0.56796688
1929.6 0.55191308
1932.95 0.55317879
1936.3 0.53962547
1939.65 0.53629857
1943.0 0.53589648
1946.35 0.51397276
1949.7 0.52186501
1953.05 0.52170926
1956.4 0.52955228
1959.75 0.54427493
1963.1 0.54957366
1966.45 0.55165452
1969.8 0.55141139
1973.15 0.55545002
1976.5 0.54807663
1979.85 0.54963803
1983.2 0.55713403
1986.55 0.54912001
1989.9 0.55118871
1993.25 0.54149866
1996.6 0.54496962
1999.95 0.53203744
2003.3 0.52329135
2006.65 0.51411051
2010.0 0.50965047
2013.35 0.49762839
2016.7 0.49279186
2020.05 0.47949871
2023.4 0.47042876
2026.75 0.46871442
2030.1 0.47334144
2033.45 0.46735725
2036.8 0.47753811
2040.15 0.48023215
2043.5 0.48194420
2046.85 0.48208085
2050.2 0.48268759
2053.55 0.49245772
2056.9 0.48755467
2060.25 0.49738023
2063.6 0.49703127
2066.95 0.49526733
2070.3 0.49007174
2073.65 0.49525943
2077.0 0.49196106
2080.35 0.50263870
2083.7 0.51558340
2087.05 0.51716506
2090.4 0.53805870
2093.75 0.54262233
2097.1 0.54260325
2100.45 0.53537542
2103.8 0.53506768
2107.15 0.51555848
2110.5 0.52719146
2113.85 0.52220613
2117.2 0.52142251
2120.55 0.52814490
2123.9 0.54227418
2127.25 0.54300213
2130.6 0.55000031
2133.95 0.55363381
2137.3 0.55813265
2140.65 0.55285251
2144.0 0.55572826
2147.35 0.54765356
2150.7 0.55402982
2154.05 0.54738122
2157.4 0.53131211
2160.75 0.53171533
2164.1 0.53843290
2167.45 0.52442545
2170.8 0.52379662
2174.15 0.52436721
2177.5 0.52423084
2180.85 0.53272921
2184.2 0.53055793
2187.55 0.52173346
2190.9 0.52087754
2194.25 0.53152990
2197.6 0.53069252
2200.95 0.52723372
2204.3 0.53705800
2207.65 0.52202708
2211.0 0.51571685
2214.35 0.50895745
2217.7 0.50420129
2221.05 0.50055748
2224.4 0.49038377
2227.75 0.48858452
2231.1 0.49448836
2234.45 0.49902761
2237.8 0.50558931
2241.15 0.52151656
2244.5 0.50391871
2247.85 0.49704382
2251.2 0.49411115
2254.55 0.49190140
2257.9 0.48631245
2261.25 0.49798772
2264.6 0.49631363
2267.95 0.49996841
2271.3 0.49543929
2274.65 0.49710804
2278.0 0.49752358
2281.35 0.50905025
2284.7 0.51217884
2288.05 0.52098978
2291.4 0.53804135
2294.75 0.56008404
2298.1 0.53379422
2301.45 0.51361966
2304.8 0.51667547
2308.15 0.50885618
2311.5 0.49039727
2314.85 0.49599889
2318.2 0.49753553
2321.55 0.48381862
2324.9 0.48064747
2328.25 0.47007155
2331.6 0.46351790
2334.95 0.47606012
2338.3 0.47481912
2341.65 0.46819708
2345.0 0.47746360
2348.35 0.46559051
2351.7 0.45819867
2355.05 0.45810166
2358.4 0.45048207
2361.75 0.44310498
2365.1 0.43464848
2368.45 0.44020385
2371.8 0.43921918
2375.15 0.42660588
2378.5 0.43044084
2381.85 0.43745732
2385.2 0.44045168
2388.55 0.43221003
2391.9 0.44019961
2395.25 0.45124340
2398.6 0.44285583
2401.95 0.45257276
2405.3 0.43968058
2408.65 0.44079819
2412.0 0.43435061
2415.35 0.44002837
2418.7 0.44269308
2422.05 0.43406266
2425.4 0.44616696
2428.75 0.43873036
2432.1 0.43491268
2435.45 0.43880492
2438.8 0.42937523
2442.15 0.43415126
2445.5 0.43076599
2448.85 0.43369597
2452.2 0.43662500
2455.55 0.43083951
2458.9 0.42720994
2462.25 0.42607772
2465.6 0.42417988
2468.95 0.42166972
2472.3 0.42201447
2475.65 0.42797565
2479.0 0.42741650
2482.35 0.42707273
2485.7 0.41895914
2489.05 0.42060509
2492.4 0.43836129
2495.75 0.49419418
2499.1 0.51347840
2502.45 0.43404207
2505.8 0.41874209
2509.15 0.41874027
2512.5 0.41384497
2515.85 0.42878652
2519.2 0.41688097
2522.55 0.40781173
2525.9 0.41071710
2529.25 0.40615320
2532.6 0.40088406
2535.95 0.39675954
2539.3 0.39193991
2542.65 0.37072894
2546.0 0.37682354
2549.35 0.36983934
2552.7 0.38607576
2556.05 0.38523388
2559.4 0.38119087
2562.75 0.37748358
2566.1 0.37478077
2569.45 0.38445112
2572.8 0.37668332
2576.15 0.38307011
2579.5 0.38898963
2582.85 0.39550215
2586.2 0.41132241
2589.55 0.44282627
2592.9 0.46139956
2596.25 0.41477868
2599.6 0.38770241
2602.95 0.40168753
2606.3 0.40499812
2609.65 0.38396415
2613.0 0.37584201
2616.35 0.37648365
2619.7 0.36996084
2623.05 0.36786240
2626.4 0.36112159
2629.75 0.35075226
2633.1 0.33924177
2636.45 0.33696091
2639.8 0.34730002
2643.15 0.35774937
2646.5 0.35886627
2649.85 0.36296695
2653.2 0.37200576
2656.55 0.37240627
2659.9 0.37020236
2663.25 0.35796183
2666.6 0.35955766
2669.95 0.35777354
2673.3 0.34301591
2676.65 0.34747988
2680.0 0.33591565
2683.35 0.33601665
2686.7 0.33028132
2690.05 0.33755824
2693.4 0.34193715
2696.75 0.33579451
2700.1 0.32532960
2703.45 0.32506329
2706.8 0.32363778
2710.15 0.31990665
2713.5 0.32971710
2716.85 0.32286918
2720.2 0.33124658
2723.55 0.33791772
2726.9 0.35860422
2730.25 0.35316664
2733.6 0.35117882
2736.95 0.36678800
2740.3 0.37201634
2743.65 0.38509169
2747.0 0.40959719
2750.35 0.39771307
2753.7 0.37793243
2757.05 0.37614143
2760.4 0.35941824
2763.75 0.35052419
2767.1 0.34696576
2770.45 0.34124666
2773.8 0.32994553
2777.15 0.31733409
2780.5 0.31372228
2783.85 0.31527176
2787.2 0.32407811
2790.55 0.32156053
2793.9 0.31955576
2797.25 0.32667947
2800.6 0.31548417
2803.95 0.31157640
2807.3 0.31739205
2810.65 0.31020355
2814.0 0.30693346
2817.35 0.30652580
2820.7 0.30611899
2824.05 0.30758935
2827.4 0.31020162
2830.75 0.30885303
2834.1 0.30777219
2837.45 0.32505023
2840.8 0.32316533
2844.15 0.32816133
2847.5 0.32238376
2850.85 0.31468767
2854.2 0.30971980
2857.55 0.32367370
2860.9 0.32354519
2864.25 0.32130501
2867.6 0.33623165
2870.95 0.32737973
2874.3 0.33804360
2877.65 0.35652438
2881.0 0.35044816
2884.35 0.35770538
2887.7 0.36434838
2891.05 0.37935141
2894.4 0.40350190
2897.75 0.40805423
2901.1 0.43074709
2904.45 0.46634820
2907.8 0.48374861
2911.15 0.48593044
2914.5 0.45195141
2917.85 0.44399482
2921.2 0.43965778
2924.55 0.41842929
2927.9 0.39959556
2931.25 0.36604747
2934.6 0.35850123
2937.95 0.34431994
2941.3 0.33745208
2944.65 0.34609395
2948.0 0.33673999
2951.35 0.33109450
2954.7 0.33151481
2958.05 0.32384884
2961.4 0.32164523
2964.75 0.32005101
2968.1 0.30036899
2971.45 0.31072536
2974.8 0.30920771
2978.15 0.31716657
2981.5 0.31036708
2984.85 0.30908561
2988.2 0.32308552
2991.55 0.32783508
2994.9 0.34028995
2998.25 0.33544236
3001.6 0.33296657
3004.95 0.32055122
3008.3 0.33828014
3011.65 0.33911243
3015.0 0.34127998
3018.35 0.33890966
3021.7 0.35174564
3025.05 0.36680928
3028.4 0.36425328
3031.75 0.34939557
3035.1 0.34121031
3038.45 0.33301550
3041.8 0.33540672
3045.15 0.36016822
3048.5 0.35045496
3051.85 0.34625158
3055.2 0.35974482
3058.55 0.35679722
3061.9 0.33049056
3065.25 0.34837347
3068.6 0.36228874
3071.95 0.34677446
3075.3 0.34022376
3078.65 0.34566098
3082.0 0.33281717
3085.35 0.32512861
3088.7 0.32624742
3092.05 0.33670038
3095.4 0.34897855
3098.75 0.34882641
3102.1 0.34191227
3105.45 0.34622002
3108.8 0.33595237
3112.15 0.34158489
3115.5 0.33130220
3118.85 0.34871507
3122.2 0.32825306
3125.55 0.33895186
3128.9 0.32487735
3132.25 0.32795411
3135.6 0.33053732
3138.95 0.34146234
3142.3 0.31147340
3145.65 0.31083876
3149.0 0.29227290
3152.35 0.28861111
3155.7 0.28460294
3159.05 0.29158911
3162.4 0.29066241
3165.75 0.28982073
3169.1 0.28464761
3172.45 0.28898764
3175.8 0.29198462
3179.15 0.28587732
3182.5 0.27630979
3185.85 0.27879274
3189.2 0.27994844
3192.55 0.27850828
3195.9 0.28286636
3199.25 0.28647932
3202.6 0.29166487
3205.95 0.29058176
3209.3 0.28831419
3212.65 0.29394463
3216.0 0.30239943
3219.35 0.30261415
3222.7 0.30541262
3226.05 0.31686759
3229.4 0.33556592
3232.75 0.33715460
3236.1 0.36240366
3239.45 0.36576891
3242.8 0.37802356
3246.15 0.40629077
3249.5 0.42304111
3252.85 0.47332692
3256.2 0.51632369
3259.55 0.50003654
3262.9 0.46644974
3266.25 0.43319044
3269.6 0.40980992
3272.95 0.38946205
3276.3 0.36377117
3279.65 0.35730383
3283.0 0.35378560
3286.35 0.34149304
3289.7 0.32247341
3293.05 0.33211622
3296.4 0.32130492
3299.75 0.31639859
3303.1 0.31107619
3306.45 0.30272433
3309.8 0.29944155
3313.15 0.30724862
3316.5 0.30733275
3319.85 0.36267394
3323.2 0.39648199
3326.55 0.33143809
3329.9 0.29438090
3333.25 0.28660655
3336.6 0.28421861
3339.95 0.27724621
3343.3 0.29529396
3346.65 0.32262337
3350.0 0.39209107
3353.35 0.55242515
3356.7 0.55117565
3360.05 0.37066236
3363.4 0.31205574
3366.75 0.29338491
3370.1 0.28534228
3373.45 0.27862737
3376.8 0.27329022
3380.15 0.27348110
3383.5 0.27155861
3386.85 0.27195546
3390.2 0.27159783
3393.55 0.26717600
3396.9 0.26421550
3400.25 0.26422167
3403.6 0.25412741
3406.95 0.24891163
3410.3 0.25986034
3413.65 0.25753459
3417.0 0.26074505
3420.35 0.25024414
3423.7 0.25229734
3427.05 0.24878579
3430.4 0.25748020
3433.75 0.25296721
3437.1 0.24646193
3440.45 0.25212300
3443.8 0.25056195
3447.15 0.25820658
3450.5 0.25955859
3453.85 0.26997167
3457.2 0.27582246
3460.55 0.27195174
3463.9 0.26410341
3467.25 0.27573583
3470.6 0.26434091
3473.95 0.25779992
3477.3 0.25832820
3480.65 0.27291816
3484.0 0.26783037
3487.35 0.25373855
3490.7 0.25708041
3494.05 0.25945881
3497.4 0.26382947
3500.75 0.25956389
3504.1 0.26204118
3507.45 0.26102629
3510.8 0.26247758
3514.15 0.25291085
3517.5 0.25720954
3520.85 0.26557264
3524.2 0.25282025
3527.55 0.25997597
3530.9 0.26103798
3534.25 0.25913584
3537.6 0.25951898
3540.95 0.26140189
3544.3 0.25970805
3547.65 0.26970685
3551.0 0.25748014
3554.35 0.25207517
3557.7 0.27566060
3561.05 0.25732809
3564.4 0.26930904
3567.75 0.26251477
3571.1 0.25470689
3574.45 0.25110924
3577.8 0.24826409
3581.15 0.25570992
3584.5 0.24234957
3587.85 0.24449879
3591.2 0.24699543
3594.55 0.24432594
3597.9 0.23285925
3601.25 0.23713280
3604.6 0.24285589
3607.95 0.24234585
3611.3 0.23497954
3614.65 0.23584621
3618.0 0.23386434
3621.35 0.22933908
3624.7 0.23391783
3628.05 0.23867570
3631.4 0.23706934
3634.75 0.23128214
3638.1 0.22791974
3641.45 0.22451897
3644.8 0.23230736
3648.15 0.22398284
3651.5 0.23911902
3654.85 0.22538768
3658.2 0.22641194
3661.55 0.22291602
3664.9 0.22265047
3668.25 0.22238533
3671.6 0.22212060
3674.95 0.22720224
3678.3 0.22818749
3681.65 0.23343104
3685.0 0.22773193
3688.35 0.22840795
3691.7 0.22054185
3695.05 0.22028020
3698.4 0.22654825
3701.75 0.23324776
3705.1 0.22930241
3708.45 0.22370452
3711.8 0.23250461
3715.15 0.23622806
3718.5 0.22437613
3721.85 0.22691555
3725.2 0.21794567
3728.55 0.21768844
3731.9 0.22206640
3735.25 0.21840589
3738.6 0.23876625
3741.95 0.22794461
3745.3 0.22173154
3748.65 0.24756351
3752.0 0.24427950
3755.35 0.23325565
3758.7 0.22900224
3762.05 0.21863598
3765.4 0.21834429
3768.75 0.21463515
3772.1 0.22166836
3775.45 0.21413220
3778.8 0.21518181
3782.15 0.21363097
3785.5 0.21538006
3788.85 0.21313134
3792.2 0.21432573
3795.55 0.21354930
3798.9 0.21238506
3802.25 0.21979196
3805.6 0.21655297
3808.95 0.21164264
3812.3 0.21139590
3815.65 0.21114966
3819.0 0.21090379
3822.35 0.21065837
3825.7 0.21041335
3829.05 0.21016869
3832.4 0.21451160
3835.75 0.20968069
3839.1 0.21004520
3842.45 0.20919427
3845.8 0.21015817
3849.15 0.20877957
3852.5 0.20846759
3855.85 0.21051204
3859.2 0.21347144
3862.55 0.21451487
3865.9 0.21254073
3869.25 0.21220396
3872.6 0.21161793
3875.95 0.20872371
3879.3 0.21046972
3882.65 0.20911901
3886.0 0.20874096
3889.35 0.21341489
3892.7 0.22279222
3896.05 0.21188796
3899.4 0.21926381
3902.75 0.21505144
3906.1 0.22172846
3909.45 0.21655899
3912.8 0.22361383
3916.15 0.22007273
3919.5 0.22110337
3922.85 0.22756305
3926.2 0.22207348
3929.55 0.22634575
3932.9 0.23384315
3936.25 0.25180769
3939.6 0.24608061
3942.95 0.24136420
3946.3 0.24270883
3949.65 0.22134535
3953.0 0.21766597
3956.35 0.22783266
3959.7 0.22383294
3963.05 0.21607156
3966.4 0.21727470
3969.75 0.21850073
3973.1 0.21881774
3976.45 0.21499494
3979.8 0.21926945
3983.15 0.22380982
3986.5 0.21006982
3989.85 0.21234469
3993.2 0.21091492
3996.55 0.21771368
3999.9 0.20542112
4003.25 0.20765603
4006.6 0.20712404
4009.95 0.20641539
4013.3 0.20793301
4016.65 0.20755440
4020.0 0.20708105
4023.35 0.20899205
4026.7 0.20564802
4030.05 0.20396954
4033.4 0.20042530
4036.75 0.20029642
4040.1 0.19706552
4043.45 0.20092925
4046.8 0.20139968
4050.15 0.20375523
4053.5 0.20544283
4056.85 0.19765125
4060.2 0.20193554
4063.55 0.20803788
4066.9 0.20564952
4070.25 0.20773774
4073.6 0.21156640
4076.95 0.20813921
4080.3 0.20972161
4083.65 0.20561424
4087.0 0.21598943
4090.35 0.19863835
4093.7 0.19207034
4097.05 0.19501990
4100.4 0.19245256
4103.75 0.19353163
4107.1 0.19383998
4110.45 0.19768740
4113.8 0.20138384
4117.15 0.19227836
4120.5 0.19772404
4123.85 0.20311356
4127.2 0.19566976
4130.55 0.19244407
4133.9 0.18952140
4137.25 0.18931124
4140.6 0.19015130
4143.95 0.20141686
4147.3 0.19194034
4150.65 0.19311099
4154.0 0.18826562
4157.35 0.18877582
4160.7 0.18865108
4164.05 0.19175716
4167.4 0.18986012
4170.75 0.19422860
4174.1 0.19491915
4177.45 0.19053295
4180.8 0.18926017
4184.15 0.18901412
4187.5 0.19450440
4190.85 0.19332846
4194.2 0.18928538
4197.55 0.18794882
4200.9 0.18653846
4204.25 0.18567564
4207.6 0.18725097
4210.95 0.18892495
4214.3 0.19520538
4217.65 0.19792780
4221.0 0.20171292
4224.35 0.20816754
4227.7 0.19988507
4231.05 0.19012836
4234.4 0.19078788
4237.75 0.18885575
4241.1 0.18594846
4244.45 0.18888728
4247.8 0.19454730
4251.15 0.19663416
4254.5 0.19055365
4257.85 0.19207774
4261.2 0.19499075
4264.55 0.19855249
4267.9 0.20160560
4271.25 0.19171073
4274.6 0.19364841
4277.95 0.19728212
4281.3 0.19791171
4284.65 0.19374314
4288.0 0.19343798
4291.35 0.19634959
4294.7 0.19620915
4298.05 0.19410974
4301.4 0.19891661
4304.75 0.19691919
4308.1 0.19973898
4311.45 0.20456019
4314.8 0.20174281
4318.15 0.20765695
4321.5 0.20437062
4324.85 0.21829240
4328.2 0.21994896
4331.55 0.22574966
4334.9 0.23214707
4338.25 0.23124871
4341.6 0.23601657
4344.95 0.24930146
4348.3 0.25072989
4351.65 0.26170000
4355.0 0.27383739
4358.35 0.29069448
4361.7 0.31021175
4365.05 0.33376005
4368.4 0.36618716
4371.75 0.40668947
4375.1 0.45626310
4378.45 0.51468122
4381.8 0.60353434
4385.15 0.70923209
4388.5 0.84237707
4391.85 0.97669232
4395.2 1.1490752
4398.55 1.1810777
4401.9 1.0101951
4405.25 0.84093350
4408.6 0.76519978
4411.95 0.72083378
4415.3 0.62432992
4418.65 0.52678186
4422.0 0.47464779
4425.35 0.43301117
4428.7 0.39493591
4432.05 0.36592758
4435.4 0.34820035
4438.75 0.32606599
4442.1 0.30363482
4445.45 0.28499958
4448.8 0.26627368
4452.15 0.25026372
4455.5 0.24522589
4458.85 0.24022466
4462.2 0.22817980
4465.55 0.22674127
4468.9 0.22252131
4472.25 0.22280672
4475.6 0.22676539
4478.95 0.22616339
4482.3 0.22148652
4485.65 0.21433508
4489.0 0.22507168
4492.35 0.23088837
4495.7 0.23562463
4499.05 0.25951511
4502.4 0.25820878
4505.75 0.24075034
4509.1 0.24320854
4512.45 0.24618027
4515.8 0.23914033
4519.15 0.22072884
4522.5 0.20280191
4525.85 0.20083879
4529.2 0.19577952
4532.55 0.18986481
4535.9 0.18870325
4539.25 0.18346791
4542.6 0.17541072
4545.95 0.17446066
4549.3 0.17534110
4552.65 0.17505752
4556.0 0.16692056
4559.35 0.16538151
4562.7 0.16521077
4566.05 0.17052369
4569.4 0.17726110
4572.75 0.17026278
4576.1 0.16780894
4579.45 0.16733970
4582.8 0.16418923
4586.15 0.16401999
4589.5 0.16385105
4592.85 0.17493558
4596.2 0.16829278
4599.55 0.16951497
4602.9 0.16317789
4606.25 0.16301025
4609.6 0.16599838
4612.95 0.17133756
4616.3 0.17001992
4619.65 0.16603729
4623.0 0.16772948
4626.35 0.16789767
4629.7 0.16666700
4633.05 0.16167898
4636.4 0.16151376
4639.75 0.16134880
4643.1 0.16267709
4646.45 0.16101968
4649.8 0.16085552
4653.15 0.16069165
4656.5 0.16450791
4659.85 0.16036464
4663.2 0.16020153
4666.55 0.16003869
4669.9 0.16225770
4673.25 0.15971375
4676.6 0.15955168
4679.95 0.15938987
4683.3 0.15922831
4686.65 0.16354443
4690.0 0.15986027
4693.35 0.16869006
4696.7 0.15978484
4700.05 0.15979698
4703.4 0.15826443
4706.75 0.15810472
4710.1 0.16940746
4713.45 0.17579298
4716.8 0.16970874
4720.15 0.18234590
4723.5 0.16861971
4726.85 0.18975417
4730.2 0.17864248
4733.55 0.16508640
4736.9 0.18374895
4740.25 0.17119125
4743.6 0.16697486
4746.95 0.16838586
4750.3 0.16308106
4753.65 0.16079336
4757.0 0.15573896
4760.35 0.15558323
4763.7 0.15783291
4767.05 0.16376643
4770.4 0.15511760
4773.75 0.15496293
4777.1 0.15480846
4780.45 0.15465426
4783.8 0.17010525
4787.15 0.15802474
4790.5 0.15419309
4793.85 0.15403989
4797.2 0.15665317
4800.55 0.15560907
4803.9 0.15358163
4807.25 0.15342945
4810.6 0.15779757
4813.95 0.16270700
4817.3 0.17173542
4820.65 0.15282285
4824.0 0.16909000
4827.35 0.15296178
4830.7 0.16017997
4834.05 0.15222020
4837.4 0.16253695
4840.75 0.15827766
4844.1 0.15796888
4847.45 0.16111924
4850.8 0.16864562
4854.15 0.16067910
4857.5 0.15117483
4860.85 0.16137339
4864.2 0.17866647
4867.55 0.15073040
4870.9 0.15058275
4874.25 0.15086769
4877.6 0.15028808
4880.95 0.15014115
4884.3 0.14999440
4887.65 0.16469215
4891.0 0.16044000
4894.35 0.14955567
4897.7 0.14940989
4901.05 0.15743323
4904.4 0.16848478
4907.75 0.14897393
4911.1 0.15023200
4914.45 0.18364128
4917.8 0.15793571
4921.15 0.15658203
4924.5 0.14825201
4927.85 0.16847125
4931.2 0.18006660
4934.55 0.17201944
4937.9 0.18921801
4941.25 0.18525465
4944.6 0.19524811
4947.95 0.16971391
4951.3 0.17610756
4954.65 0.21690036
4958.0 0.19454829
4961.35 0.18671082
4964.7 0.16900757
4968.05 0.16332890
4971.4 0.20190138
4974.75 0.19259357
4978.1 0.18632913
4981.45 0.17355965
4984.8 0.15530148
4988.15 0.17551592
4991.5 0.14542185
4994.85 0.14528272
4998.2 0.14514379
5001.55 0.14500515
5004.9 0.14486670
5008.25 0.14472847
5011.6 0.14459048
5014.95 0.14445268
5018.3 0.14431512
5021.65 0.14417778
5025.0 0.14404069
5028.35 0.14390378
5031.7 0.14376712
5035.05 0.14363067
5038.4 0.14349446
5041.75 0.14335847
5045.1 0.14322264
5048.45 0.14308709
5051.8 0.14295173
5055.15 0.14281663
5058.5 0.14268172
5061.85 0.14254703
5065.2 0.14241259
5068.55 0.14227833
5071.9 0.14214428
5075.25 0.14201044
5078.6 0.14187685
5081.95 0.14174350
5085.3 0.14161028
5088.65 0.14147733
5092.0 0.14134465
5095.35 0.14121211
5098.7 0.14107980
5102.05 0.14094770
5105.4 0.14081582
5108.75 0.14068417
5112.1 0.14055274
5115.45 0.14042154
5118.8 0.14029054
5122.15 0.14015970
5125.5 0.14002910
5128.85 0.13989875
5132.2 0.13976856
5135.55 0.13963862
5138.9 0.13950887
5142.25 0.13937937
5145.6 0.13925004
5148.95 0.13912092
5152.3 0.13899206
5155.65 0.13886338
5159.0 0.13873489
5162.35 0.13860662
5165.7 0.13847861
5169.05 0.13835073
5172.4 0.13822313
5175.75 0.13809565
5179.1 0.13796841
5182.45 0.13784145
5185.8 0.13771477
5189.15 0.13758807
5192.5 0.13746166
5195.85 0.13733552
5199.2 0.13720958
5202.55 0.13708369
5205.9 0.13695809
5209.25 0.13683295
5212.6 0.13670762
5215.95 0.13658275
5219.3 0.13645811
5222.65 0.13633357
5226.0 0.13620925
5229.35 0.13608512
5232.7 0.13596110
5236.05 0.13583754
5239.4 0.13571396
5242.75 0.13559067
5246.1 0.13546744
5249.45 0.13534458
5252.8 0.13522187
5256.15 0.13509935
5259.5 0.13497704
5262.85 0.13485503
5266.2 0.13473323
5269.55 0.13461153
5272.9 0.13449000
5276.25 0.13436873
5279.6 0.13424771
5282.95 0.13412672
5286.3 0.13400601
5289.65 0.13388568
5293.0 0.13376522
5296.35 0.13364521
5299.7 0.13352542
5303.05 0.13340570
5306.4 0.13328621
5309.75 0.13316692
5313.1 0.13304770
5316.45 0.13292892
5319.8 0.13281016
5323.15 0.13269167
5326.5 0.13257337
5329.85 0.13245532
5333.2 0.13233733
5336.55 0.13221976
5339.9 0.13210225
5343.25 0.13198495
5346.6 0.13186771
5349.95 0.13175085
5353.3 0.13163410
5356.65 0.13151753
5360.0 0.13140120
5363.35 0.13128512
5366.7 0.13116907
5370.05 0.13105343
5373.4 0.13093787
5376.75 0.13082251
5380.1 0.13070717
5383.45 0.13059227
5386.8 0.13047738
5390.15 0.13036297
5393.5 0.13024856
5396.85 0.13013421
5400.2 0.13002025
5403.55 0.12990634
5406.9 0.12979287
5410.25 0.12967941
5413.6 0.12956598
5416.95 0.12945300
5420.3 0.12934022
5423.65 0.12922750
5427.0 0.12911496
5430.35 0.12900268
5433.7 0.12889062
5437.05 0.12877861
5440.4 0.12866682
5443.75 0.12855543
5447.1 0.12844406
5450.45 0.12833273
5453.8 0.12822184
5457.15 0.12811096
5460.5 0.12800048
5463.85 0.12789007
5467.2 0.12777968
5470.55 0.12766972
5473.9 0.12755992
5477.25 0.12745023
5480.6 0.12734069
5483.95 0.12723139
5487.3 0.12712233
5490.65 0.12701331
5494.0 0.12690468
5497.35 0.12679605
5500.7 0.12668769
5504.05 0.12657952
5507.4 0.12647156
5510.75 0.12636368
5514.1 0.12625618
5517.45 0.12614870
5520.8 0.12604143
5524.15 0.12593439
5527.5 0.12582739
5530.85 0.12572078
5534.2 0.12561420
5537.55 0.12550782
5540.9 0.12540166
5544.25 0.12529574
5547.6 0.12518981
5550.95 0.12508431
5554.3 0.12497886
5557.65 0.12487357
5561.0 0.12476853
5564.35 0.12466354
5567.7 0.12455891
5571.05 0.12445430
5574.4 0.12435011
5577.75 0.12424593
5581.1 0.12414178
5584.45 0.12403806
5587.8 0.12393451
5591.15 0.12383100
5594.5 0.12372770
5597.85 0.12362462
5601.2 0.12352173
5604.55 0.12341905
5607.9 0.12331641
5611.25 0.12321398
5614.6 0.12311176
5617.95 0.12300975
5621.3 0.12290796
5624.65 0.12280636
5628.0 0.12270477
5631.35 0.12260358
5634.7 0.12250244
5638.05 0.12240149
5641.4 0.12230072
5644.75 0.12220003
5648.1 0.12209971
5651.45 0.12199938
5654.8 0.12189928
5658.15 0.12179938
5661.5 0.12169971
5664.85 0.12160020
5668.2 0.12150075
5671.55 0.12140150
5674.9 0.12130263
5678.25 0.12120376
5681.6 0.12110495
5684.95 0.12100652
5688.3 0.12090828
5691.65 0.12081003
5695.0 0.12071203
5698.35 0.12061421
5701.7 0.12051658
5705.05 0.12041919
5708.4 0.12032181
5711.75 0.12022479
5715.1 0.12012782
5718.45 0.12003104
5721.8 0.11993443
5725.15 0.11983807
5728.5 0.11974171
5731.85 0.11964571
5735.2 0.11954975
5738.55 0.11945400
5741.9 0.11935841
5745.25 0.11926307
5748.6 0.11916786
5751.95 0.11907274
5755.3 0.11897794
5758.65 0.11888318
5762.0 0.11878864
5765.35 0.11869428
5768.7 0.11859997
5772.05 0.11850598
5775.4 0.11841205
5778.75 0.11831847
5782.1 0.11822490
5785.45 0.11813154
5788.8 0.11803837
5792.15 0.11794524
5795.5 0.11785246
5798.85 0.11775971
5802.2 0.11766716
5805.55 0.11757479
5808.9 0.11748261
5812.25 0.11739062
5815.6 0.11729866
5818.95 0.11720707
5822.3 0.11711551
5825.65 0.11702411
5829.0 0.11693293
5832.35 0.11684191
5835.7 0.11675111
5839.05 0.11666033
5842.4 0.11656989
5845.75 0.11647947
5849.1 0.11638929
5852.45 0.11629926
5855.8 0.11620943
5859.15 0.11611976
5862.5 0.11603015
5865.85 0.11594070
5869.2 0.11585162
5872.55 0.11576257
5875.9 0.11567369
5879.25 0.11558483
5882.6 0.11549634
5885.95 0.11540806
5889.3 0.11531978
5892.65 0.11523165
5896.0 0.11514373
5899.35 0.11505602
5902.7 0.11496848
5906.05 0.11488094
5909.4 0.11479378
5912.75 0.11470661
5916.1 0.11461966
5919.45 0.11453288
5922.8 0.11444628
5926.15 0.11435986
5929.5 0.11427365
5932.85 0.11418745
5936.2 0.11410158
5939.55 0.11401574
5942.9 0.11393011
5946.25 0.11384464
5949.6 0.11375933
5952.95 0.11367406
5956.3 0.11358915
5959.65 0.11350425
5963.0 0.11341952
5966.35 0.11333498
5969.7 0.11325063
5973.05 0.11316641
5976.4 0.11308245
5979.75 0.11299847
5983.1 0.11291483
5986.45 0.11283121
5989.8 0.11274779
5993.15 0.11266453
5996.5 0.11258145
5999.85 0.11249840
