300.0 0.0
350.0 0.0000000
353.5 0.0000000
357.0 0.0000000
360.5 0.0000000
364.0 0.0000000
367.5 0.0000000
371.0 0.0000000
374.5 0.0000000
378.0 0.0000000
381.5 0.0000000
385.0 0.0000000
388.5 0.0000000
392.0 0.0000000
395.5 0.0000000
399.0 0.0000000
402.5 0.0000000
406.0 0.0000000
409.5 0.0000000
413.0 0.0000000
416.5 0.0000000
420.0 0.0000000
423.5 0.0000000
427.0 0.0000000
430.5 0.0000000
434.0 0.0000000
437.5 0.0000000
441.0 0.0000000
444.5 0.0000000
448.0 0.0000000
451.5 0.0000000
455.0 0.0000000
458.5 0.0000000
462.0 0.0000000
465.5 0.0000000
469.0 0.0000000
472.5 0.0000000
476.0 0.0000000
479.5 0.0000000
483.0 0.0000000
486.5 0.0000000
490.0 0.0000000
493.5 0.0000000
497.0 0.0000000
500.5 0.0000000
504.0 0.0000000
507.5 0.0000000
511.0 0.0000000
514.5 0.0000000
518.0 0.0000000
521.5 0.0000000
525.0 0.0000000
528.5 0.0000000
532.0 0.0000000
535.5 0.0000000
539.0 0.0000000
542.5 0.0000000
546.0 0.0000000
549.5 0.0000000
553.0 0.0000000
556.5 0.0000000
560.0 0.0000000
563.5 0.0000000
567.0 0.0000000
570.5 0.0000000
574.0 0.0000000
577.5 0.0000000
581.0 0.0000000
584.5 0.0000000
588.0 0.0000000
591.5 0.0000000
595.0 0.0000000
598.5 0.0000000
602.0 0.0000000
605.5 0.0000000
609.0 0.0000000
612.5 0.0000000
616.0 0.0000000
619.5 0.0000000
623.0 0.0000000
626.5 0.0000000
630.0 0.0000000
633.5 0.0000000
637.0 0.0000000
640.5 9.70627218E-02
644.0 9.00639892E-02
647.5 8.34171101E-02
651.0 7.71072507E-02
654.5 7.11228549E-02
658.0 6.54831305E-02
661.5 6.03094287E-02
665.0 5.52564077E-02
668.5 5.00161313E-02
672.0 4.47136536E-02
675.5 3.97121012E-02
679.0 3.52166966E-02
682.5 9.39545333E-02
686.0 8.64108205E-02
689.5 7.92806894E-02
693.0 7.25670457E-02
696.5 6.62539601E-02
700.0 6.61715716E-02
703.5 6.29854277E-02
707.0 5.70294634E-02
710.5 5.54900728E-02
714.0 5.49990237E-02
717.5 5.52438051E-02
721.0 0.41746992
724.5 0.41858602
728.0 0.34941787
731.5 0.28697991
735.0 0.26543003
738.5 0.25453407
742.0 0.25145832
745.5 0.25169933
749.0 0.24153458
752.5 0.21480463
756.0 0.21344350
759.5 0.18793269
763.0 0.16830286
766.5 0.15320802
770.0 0.14531766
773.5 0.14520128
777.0 0.13702498
780.5 0.13772966
784.0 0.14027630
787.5 0.13419038
791.0 0.11600980
794.5 0.10692503
798.0 9.17811841E-02
801.5 8.68209526E-02
805.0 8.06884617E-02
808.5 7.27675855E-02
812.0 6.74163923E-02
815.5 6.44990951E-02
819.0 6.20273910E-02
822.5 6.17111847E-02
826.0 5.90032376E-02
829.5 5.69027849E-02
833.0 5.57207316E-02
836.5 5.62817641E-02
840.0 5.82579300E-02
843.5 6.32422864E-02
847.0 7.10034817E-02
850.5 8.69635269E-02
854.0 4.5030141
857.5 3.6404009
861.0 3.3938963
864.5 3.3909180
868.0 3.1750381
871.5 2.5406461
875.0 2.1926138
878.5 2.0610740
882.0 1.9715004
885.5 1.8426483
889.0 1.6818014
892.5 1.5749488
896.0 1.5379167
899.5 1.5412855
903.0 1.5655141
906.5 1.5753821
910.0 1.6937059
913.5 1.7194633
917.0 1.6447809
920.5 1.4981073
924.0 1.5070949
927.5 1.4927354
931.0 1.5277860
934.5 1.5533334
938.0 1.5336356
941.5 1.4777865
945.0 1.4574649
948.5 1.5030544
952.0 1.4930277
955.5 1.5172238
959.0 1.4969202
962.5 1.5312080
966.0 1.6179965
969.5 1.7079825
973.0 1.8325776
976.5 1.8655809
980.0 1.8912547
983.5 1.7191005
987.0 1.6044279
990.5 1.5191427
994.0 1.4816936
997.5 1.4744484
1001.0 1.4072341
1004.5 1.3888252
1008.0 1.3799549
1011.5 1.3691199
1015.0 1.3930836
1018.5 1.3791137
1022.0 1.3491627
1025.5 1.3890252
1029.0 1.3644230
1032.5 1.3850906
1036.0 1.4175795
1039.5 1.4378643
1043.0 1.4721835
1046.5 1.4693573
1050.0 1.5152369
1053.5 1.5480659
1057.0 1.5849658
1060.5 1.6440803
1064.0 1.7657621
1067.5 1.9287826
1071.0 2.1157496
1074.5 2.3532832
1078.0 2.6483335
1081.5 2.8221490
1085.0 2.5601604
1088.5 2.1705871
1092.0 1.8746156
1095.5 1.7195873
1099.0 1.6410904
1102.5 1.5956215
1106.0 1.5191095
1109.5 1.5126183
1113.0 1.4660375
1116.5 1.4937283
1120.0 1.4965183
1123.5 1.4900327
1127.0 1.5050169
1130.5 1.4849113
1134.0 1.5059829
1137.5 1.5254806
1141.0 1.5265403
1144.5 1.5578908
1148.0 1.4963244
1151.5 1.4847314
1155.0 1.4640472
1158.5 1.4866076
1162.0 1.4918828
1165.5 1.4692458
1169.0 1.3936136
1172.5 1.3474225
1176.0 1.3273100
1179.5 1.3017194
1183.0 1.3027400
1186.5 1.2981291
1190.0 1.2945690
1193.5 1.3138790
1197.0 1.3086687
1200.5 1.3285635
1204.0 1.3336365
1207.5 1.3301235
1211.0 1.3137777
1214.5 1.3293389
1218.0 1.3342183
1221.5 1.3692702
1225.0 1.3462172
1228.5 1.3235368
1232.0 1.2643749
1235.5 1.2824609
1239.0 1.2874454
1242.5 1.2694941
1246.0 1.3115824
1249.5 1.3232235
1253.0 1.2876542
1256.5 1.2649657
1260.0 1.2659050
1263.5 1.2651917
1267.0 1.2639048
1270.5 1.2792770
1274.0 1.2562340
1277.5 1.2515922
1281.0 1.2669283
1284.5 1.2648369
1288.0 1.2954968
1291.5 1.2892679
1295.0 1.3719426
1298.5 1.3665725
1302.0 1.3798295
1305.5 1.3583112
1309.0 1.3606569
1312.5 1.3725542
1316.0 1.4329684
1319.5 1.5411823
1323.0 1.6393453
1326.5 1.7191390
1330.0 1.7491467
1333.5 1.8402578
1337.0 1.7592543
1340.5 1.6079042
1344.0 1.4701612
1347.5 1.3785876
1351.0 1.3354946
1354.5 1.2916825
1358.0 1.2505106
1361.5 1.2188524
1365.0 1.2094653
1368.5 1.1631726
1372.0 1.1441010
1375.5 1.1342911
1379.0 1.1445177
1382.5 1.1485759
1386.0 1.1213294
1389.5 1.1251425
1393.0 1.1303059
1396.5 1.1389593
1400.0 1.1099807
1403.5 1.1213157
1407.0 1.1467026
1410.5 1.0839128
1414.0 1.1118507
1417.5 1.1182468
1421.0 1.1097007
1424.5 1.1184502
1428.0 1.1000322
1431.5 1.0847788
1435.0 1.1142119
1438.5 1.1585523
1442.0 1.1349186
1445.5 1.1627307
1449.0 1.1522682
1452.5 1.1546839
1456.0 1.1475127
1459.5 1.1615976
1463.0 1.1575989
1466.5 1.1540267
1470.0 1.1165947
1473.5 1.0979220
1477.0 1.1116062
1480.5 1.1268672
1484.0 1.0786967
1487.5 1.1302309
1491.0 1.0903982
1494.5 1.1159084
1498.0 1.1051780
1501.5 1.1271126
1505.0 1.0733590
1508.5 1.0887034
1512.0 1.0871298
1515.5 1.1055728
1519.0 1.0503379
1522.5 1.0621158
1526.0 1.0817834
1529.5 1.0332000
1533.0 1.0518857
1536.5 1.0195808
1540.0 0.99068642
1543.5 0.98895681
1547.0 0.98722970
1550.5 0.99301094
1554.0 0.99833024
1557.5 0.99909937
1561.0 0.98444581
1564.5 0.97862661
1568.0 0.97691250
1571.5 0.97520131
1575.0 0.98665696
1578.5 0.98417294
1582.0 0.99779445
1585.5 1.0029310
1589.0 1.0016533
1592.5 1.0080531
1596.0 1.0164437
1599.5 1.0339180
1603.0 1.0561604
1606.5 1.0470083
1610.0 1.0737095
1613.5 1.0850548
1617.0 1.0931820
1620.5 1.0982515
1624.0 1.1050631
1627.5 1.1179324
1631.0 1.1225897
1634.5 1.1064239
1638.0 1.0956725
1641.5 1.0701734
1645.0 1.0665174
1648.5 1.0449697
1652.0 1.0592409
1655.5 1.0452483
1659.0 1.0375456
1662.5 1.0394536
1666.0 1.0320699
1669.5 1.0335263
1673.0 1.0348266
1676.5 1.0457143
1680.0 1.0691981
1683.5 1.0518305
1687.0 1.0886302
1690.5 1.1144494
1694.0 1.1463661
1697.5 1.1418705
1701.0 1.1083834
1704.5 1.1017677
1708.0 1.1042061
1711.5 1.0780790
1715.0 1.0569823
1718.5 1.0499864
1722.0 1.0448920
1725.5 1.0638852
1729.0 1.0845079
1732.5 1.0877751
1736.0 1.0797209
1739.5 1.0814601
1743.0 1.0736914
1746.5 1.0781553
1750.0 1.0662345
1753.5 1.0608640
1757.0 1.0611670
1760.5 1.0553607
1764.0 1.0411447
1767.5 1.0252342
1771.0 1.0339422
1774.5 1.0365115
1778.0 1.0361168
1781.5 1.0252644
1785.0 1.0164793
1788.5 1.0130024
1792.0 1.0071639
1795.5 1.0024693
1799.0 0.99310791
1802.5 0.97896290
1806.0 0.98316616
1809.5 0.98250669
1813.0 0.97090942
1816.5 0.94480377
1820.0 0.96837038
1823.5 0.97194993
1827.0 0.96533972
1830.5 0.96460539
1834.0 0.97219425
1837.5 0.95354497
1841.0 0.95319110
1844.5 0.93391639
1848.0 0.91863954
1851.5 0.88211477
1855.0 0.87743199
1858.5 0.87534928
1862.0 0.86617917
1865.5 0.88910711
1869.0 0.90144259
1872.5 0.90277028
1876.0 0.88281822
1879.5 0.89123905
1883.0 0.89454883
1886.5 0.90598810
1890.0 0.90552640
1893.5 0.92589045
1897.0 0.95217156
1900.5 0.95992064
1904.0 0.94700712
1907.5 0.97539234
1911.0 0.98777246
1914.5 0.98620325
1918.0 0.99067473
1921.5 1.0301369
1925.0 1.0547768
1928.5 1.0486873
1932.0 1.0679983
1935.5 1.0430669
1939.0 1.0685265
1942.5 1.1044825
1946.0 1.1958176
1949.5 1.3028375
1953.0 1.4694439
1956.5 1.6391600
1960.0 1.6905440
1963.5 1.6036929
1967.0 1.4195910
1970.5 1.2622396
1974.0 1.1643696
1977.5 1.1156949
1981.0 1.0772475
1984.5 1.0473877
1988.0 1.0237818
1991.5 1.0011444
1995.0 0.99349850
1998.5 0.97284734
2002.0 0.95489651
2005.5 0.93447834
2009.0 0.92271894
2012.5 0.91937137
2016.0 0.89252651
2019.5 0.89371681
2023.0 0.87098843
2026.5 0.86479634
2030.0 0.86332953
2033.5 0.82722920
2037.0 0.83914232
2040.5 0.83810657
2044.0 0.84991229
2047.5 0.87272972
2051.0 0.88041025
2054.5 0.88292819
2058.0 0.88172799
2061.5 0.88737214
2065.0 0.87479359
2068.5 0.87648779
2072.0 0.88763654
2075.5 0.87407851
2079.0 0.87658250
2082.5 0.86040002
2086.0 0.86514217
2089.5 0.84386075
2093.0 0.82925272
2096.5 0.81398398
2100.0 0.80621213
2103.5 0.78650409
2107.0 0.77817965
2110.5 0.75652826
2114.0 0.74157423
2117.5 0.73823297
2121.0 0.74487871
2124.5 0.73483008
2128.0 0.75019497
2131.5 0.75378430
2135.0 0.75582916
2138.5 0.75540304
2142.0 0.75571597
2145.5 0.77036458
2149.0 0.76205540
2152.5 0.77676415
2156.0 0.77557361
2159.5 0.77218026
2163.0 0.76344895
2166.5 0.77089518
2170.0 0.76513332
2173.5 0.78110087
2177.0 0.80056429
2180.5 0.80236834
2184.0 0.83410865
2187.5 0.84050548
2191.0 0.83980054
2194.5 0.82795042
2198.0 0.82681382
2201.5 0.79603356
2205.0 0.81334996
2208.5 0.80502260
2212.0 0.80318159
2215.5 0.81289834
2219.0 0.83399343
2222.5 0.83446217
2226.0 0.84456050
2229.5 0.84948194
2233.0 0.85572439
2236.5 0.84697711
2240.0 0.85073066
2243.5 0.83772922
2247.0 0.84683806
2250.5 0.83604079
2254.0 0.81088442
2257.5 0.81088841
2261.0 0.82051605
2264.5 0.79857218
2268.0 0.79702002
2271.5 0.79729474
2275.0 0.79649675
2278.5 0.80881089
2282.0 0.80492157
2285.5 0.79095322
2289.0 0.78907800
2292.5 0.80462807
2296.0 0.80277699
2299.5 0.79696757
2303.0 0.81123185
2306.5 0.78796005
2310.0 0.77787745
2313.5 0.76713347
2317.0 0.75942278
2320.5 0.75339919
2324.0 0.73756409
2327.5 0.73433936
2331.0 0.74269056
2334.5 0.74898267
2338.0 0.75830060
2341.5 0.78164440
2345.0 0.75474423
2348.5 0.74393249
2352.0 0.73903275
2355.5 0.73522198
2359.0 0.72637004
2362.5 0.74330074
2366.0 0.74029726
2369.5 0.74524218
2373.0 0.73799181
2376.5 0.73997796
2380.0 0.74009848
2383.5 0.75673753
2387.0 0.76087922
2390.5 0.77345306
2394.0 0.79823750
2397.5 0.83038974
2401.0 0.79088980
2404.5 0.76049775
2408.0 0.76452088
2411.5 0.75245827
2415.0 0.72468990
2418.5 0.73249155
2422.0 0.73428512
2425.5 0.71358037
2429.0 0.70844686
2432.5 0.69241410
2436.0 0.68232358
2439.5 0.70033985
2443.0 0.69807017
2446.5 0.68789804
2450.0 0.70106941
2453.5 0.68320543
2457.0 0.67193669
2460.5 0.67137384
2464.0 0.65979499
2467.5 0.64858627
2471.0 0.63581365
2474.5 0.64354175
2478.0 0.64170629
2481.5 0.62289476
2485.0 0.62810904
2488.5 0.63795793
2492.0 0.64193332
2495.5 0.62953931
2499.0 0.64078838
2502.5 0.65646780
2506.0 0.64387786
2509.5 0.65761048
2513.0 0.63849539
2516.5 0.63973689
2520.0 0.63000423
2523.5 0.63786113
2527.0 0.64134473
2530.5 0.62847096
2534.0 0.64561683
2537.5 0.63448405
2541.0 0.62859517
2544.5 0.63385171
2548.0 0.61987007
2551.5 0.62640208
2555.0 0.62115926
2558.5 0.62502408
2562.0 0.62888420
2565.5 0.62019598
2569.0 0.61462063
2572.5 0.61264312
2576.0 0.60956782
2579.5 0.60561830
2583.0 0.60577142
2586.5 0.61398298
2590.0 0.61283708
2593.5 0.61200178
2597.0 0.60004014
2600.5 0.60206294
2604.0 0.62713152
2607.5 0.70661688
2611.0 0.73378569
2614.5 0.61992639
2618.0 0.59774667
2621.5 0.59741741
2625.0 0.59011185
2628.5 0.61108494
2632.0 0.59379613
2635.5 0.58056444
2639.0 0.58438569
2642.5 0.57758170
2646.0 0.56978327
2649.5 0.56361979
2653.0 0.55647719
2656.5 0.52608222
2660.0 0.53444749
2663.5 0.52426523
2667.0 0.54699284
2670.5 0.54551345
2674.0 0.53950596
2677.5 0.53397995
2681.0 0.52988088
2684.5 0.54327095
2688.0 0.53201854
2691.5 0.54076010
2695.0 0.54883367
2698.5 0.55773586
2702.0 0.57974857
2705.5 0.62383378
2709.0 0.64966804
2712.5 0.58372778
2716.0 0.54534656
2719.5 0.56473309
2723.0 0.56910056
2726.5 0.53927308
2730.0 0.52760124
2733.5 0.52823836
2737.0 0.51882786
2740.5 0.51562887
2744.0 0.50592977
2747.5 0.49115950
2751.0 0.47480759
2754.5 0.47138351
2758.0 0.48560914
2761.5 0.49997562
2765.0 0.50129235
2768.5 0.50677395
2772.0 0.51914251
2775.5 0.51945031
2779.0 0.51612741
2782.5 0.49882221
2786.0 0.50080580
2789.5 0.49808255
2793.0 0.47730982
2796.5 0.48329169
2800.0 0.46698600
2803.5 0.46690547
2807.0 0.45871967
2810.5 0.46860611
2814.0 0.47446221
2817.5 0.46572098
2821.0 0.45099652
2824.5 0.45041752
2828.0 0.44823420
2831.5 0.44286165
2835.0 0.45623186
2838.5 0.44655070
2842.0 0.45792696
2845.5 0.46693563
2849.0 0.49529400
2852.5 0.48756132
2856.0 0.48459673
2859.5 0.50590676
2863.0 0.51288640
2866.5 0.53067362
2870.0 0.56418973
2873.5 0.54757440
2877.0 0.52010757
2880.5 0.51741177
2884.0 0.49418777
2887.5 0.48174495
2891.0 0.47664332
2894.5 0.46857986
2898.0 0.45286223
2901.5 0.43536130
2905.0 0.43021780
2908.5 0.43215379
2912.0 0.44403130
2915.5 0.44039035
2919.0 0.43745509
2922.5 0.44701374
2926.0 0.43150824
2929.5 0.42597997
2933.0 0.43374497
2936.5 0.42373976
2940.0 0.41909400
2943.5 0.41835913
2947.0 0.41762629
2950.5 0.41945454
2954.0 0.42283827
2957.5 0.42082229
2961.0 0.41917354
2964.5 0.44251999
2968.0 0.43976977
2971.5 0.44638228
2975.0 0.43834075
2978.5 0.42769879
2982.0 0.42077249
2985.5 0.43954828
2989.0 0.43919256
2992.5 0.43597263
2996.0 0.45603913
2999.5 0.44385147
3003.0 0.45812219
3006.5 0.48297119
3010.0 0.47454724
3013.5 0.48417851
3017.0 0.49297109
3020.5 0.51306373
3024.0 0.54550743
3027.5 0.55144089
3031.0 0.58187497
3034.5 0.62971562
3038.0 0.65295166
3041.5 0.65563643
3045.0 0.60954928
3048.5 0.59858167
3052.0 0.59250110
3055.5 0.56367117
3059.0 0.53808904
3062.5 0.49272099
3066.0 0.48237512
3069.5 0.46311352
3073.0 0.45369998
3076.5 0.46513876
3080.0 0.45239252
3083.5 0.44463670
3087.0 0.44503003
3090.5 0.43457249
3094.0 0.43145037
3097.5 0.42914814
3101.0 0.40260372
3104.5 0.41632688
3108.0 0.41413647
3111.5 0.42463565
3115.0 0.41537562
3118.5 0.41350499
3122.0 0.43207243
3125.5 0.43826008
3129.0 0.45474026
3132.5 0.44809541
3136.0 0.44462290
3139.5 0.42788547
3143.0 0.45138389
3146.5 0.45232752
3150.0 0.45505121
3153.5 0.45172480
3157.0 0.46866187
3160.5 0.48855394
3164.0 0.48497275
3167.5 0.46502179
3171.0 0.45396301
3174.5 0.44289991
3178.0 0.44591904
3181.5 0.47866675
3185.0 0.46559030
3188.5 0.45984104
3192.0 0.47758996
3195.5 0.47350779
3199.0 0.43843991
3202.5 0.46199983
3206.0 0.48028350
3209.5 0.45955387
3213.0 0.45071369
3216.5 0.45775560
3220.0 0.44059196
3223.5 0.43026289
3227.0 0.43159267
3230.5 0.44526565
3234.0 0.46134230
3237.5 0.46098119
3241.0 0.45168757
3244.5 0.45722046
3248.0 0.44350806
3251.5 0.45078889
3255.0 0.43706888
3258.5 0.45988333
3262.0 0.43275037
3265.5 0.44670287
3269.0 0.42800865
3272.5 0.43191570
3276.0 0.43517050
3279.5 0.44940218
3283.0 0.40979540
3286.5 0.40882307
3290.0 0.38427594
3293.5 0.37933460
3297.0 0.37394169
3300.5 0.38299334
3304.0 0.38164937
3307.5 0.38041815
3311.0 0.37350437
3314.5 0.37907416
3318.0 0.38287935
3321.5 0.37474772
3325.0 0.36208728
3328.5 0.36522171
3332.0 0.36661601
3335.5 0.36461136
3339.0 0.37019652
3342.5 0.37480345
3346.0 0.38146451
3349.5 0.37992534
3353.0 0.37683928
3356.5 0.38407516
3360.0 0.39499587
3363.5 0.39515001
3367.0 0.39867708
3370.5 0.41349843
3374.0 0.43775994
3377.5 0.43969312
3381.0 0.47247180
3384.5 0.47670877
3388.0 0.49252528
3391.5 0.52918833
3395.0 0.55083287
3398.5 0.61611634
3402.0 0.67187428
3405.5 0.65047807
3409.0 0.60659784
3412.5 0.56317103
3416.0 0.53261042
3419.5 0.50600910
3423.0 0.47248477
3426.5 0.46394211
3430.0 0.45923313
3433.5 0.44314116
3437.0 0.41833258
3440.5 0.43071061
3444.0 0.41656324
3447.5 0.41007802
3451.0 0.40305784
3454.5 0.39211807
3458.0 0.38774908
3461.5 0.39773899
3465.0 0.39772865
3468.5 0.46920693
3472.0 0.51279271
3475.5 0.42854008
3479.0 0.38051307
3482.5 0.37035415
3486.0 0.36715981
3489.5 0.35804695
3493.0 0.38124219
3496.5 0.41640362
3500.0 0.50591570
3503.5 0.71258646
3507.0 0.71076685
3510.5 0.47784722
3514.0 0.40217626
3517.5 0.37800363
3521.0 0.36753479
3524.5 0.35878199
3528.0 0.35180792
3531.5 0.35195240
3535.0 0.34937787
3538.5 0.34978822
3542.0 0.34922832
3545.5 0.34344456
3549.0 0.33954230
3552.5 0.33945373
3556.0 0.32639271
3559.5 0.31960332
3563.0 0.33356729
3566.5 0.33048871
3570.0 0.33451456
3573.5 0.32095268
3577.0 0.32349548
3580.5 0.31890383
3584.0 0.32995665
3587.5 0.32408315
3591.0 0.31566134
3594.5 0.32282248
3598.0 0.32073495
3601.5 0.33042940
3605.0 0.33206809
3608.5 0.34529528
3612.0 0.35268176
3615.5 0.34763733
3619.0 0.33751255
3622.5 0.35228229
3626.0 0.33763221
3629.5 0.32918835
3633.0 0.32977358
3636.5 0.34830454
3640.0 0.34171918
3643.5 0.32365260
3647.0 0.32782724
3650.5 0.33077145
3654.0 0.33625349
3657.5 0.33072865
3661.0 0.33379626
3664.5 0.33241507
3668.0 0.33417460
3671.5 0.32190949
3675.0 0.32729441
3678.5 0.33784720
3682.0 0.32153970
3685.5 0.33055362
3689.0 0.33181694
3692.5 0.32931295
3696.0 0.32971379
3699.5 0.33201957
3703.0 0.32978237
3706.5 0.34239021
3710.0 0.32678396
3713.5 0.31984150
3717.0 0.34967735
3720.5 0.32633844
3724.0 0.34144476
3727.5 0.33274537
3731.0 0.32276610
3734.5 0.31812593
3738.0 0.31444132
3741.5 0.32378963
3745.0 0.30679438
3748.5 0.30943680
3752.0 0.31251755
3755.5 0.30906197
3759.0 0.29448301
3762.5 0.29981217
3766.0 0.30697101
3769.5 0.30624971
3773.0 0.29686686
3776.5 0.29788759
3780.0 0.29531091
3783.5 0.28952482
3787.0 0.29523206
3790.5 0.30116260
3794.0 0.29906189
3797.5 0.29168954
3801.0 0.28737834
3804.5 0.28302094
3808.0 0.29276708
3811.5 0.28220710
3815.0 0.30120450
3818.5 0.28383884
3822.0 0.28505951
3825.5 0.28059003
3829.0 0.28018796
3832.5 0.27978680
3836.0 0.27938643
3839.5 0.28570947
3843.0 0.28687960
3846.5 0.29340154
3850.0 0.28616989
3853.5 0.28695089
3857.0 0.27700269
3860.5 0.27660835
3864.0 0.28441173
3867.5 0.29275304
3871.0 0.28773323
3874.5 0.28064266
3878.0 0.29161400
3881.5 0.29621446
3885.0 0.28128695
3888.5 0.28440392
3892.0 0.27309778
3895.5 0.27271190
3899.0 0.27813169
3902.5 0.27348354
3906.0 0.29890913
3909.5 0.28529564
3913.0 0.27745527
3916.5 0.30970776
3920.0 0.30552912
3923.5 0.29167423
3927.0 0.28628996
3930.5 0.27326798
3934.0 0.27284119
3937.5 0.26814514
3941.0 0.27686888
3944.5 0.26739535
3948.0 0.26864523
3951.5 0.26664874
3955.0 0.26877129
3958.5 0.26590526
3962.0 0.26733530
3965.5 0.26630712
3969.0 0.26479593
3972.5 0.27396944
3976.0 0.26987186
3979.5 0.26369381
3983.0 0.26332790
3986.5 0.26296285
3990.0 0.26259848
3993.5 0.26223496
3997.0 0.26187220
4000.5 0.26151016
4004.0 0.26685536
4007.5 0.26078838
4011.0 0.26118463
4014.5 0.26006967
4018.0 0.26121104
4021.5 0.25944108
4025.0 0.25899711
4028.5 0.26148042
4032.0 0.26509896
4035.5 0.26633719
4039.0 0.26382923
4042.5 0.26335454
4046.0 0.26257083
4049.5 0.25892419
4053.0 0.26103428
4056.5 0.25930366
4060.0 0.25877973
4063.5 0.26451775
4067.0 0.27608186
4070.5 0.26251373
4074.0 0.27159438
4077.5 0.26632041
4081.0 0.27453133
4084.5 0.26807439
4088.0 0.27674928
4091.5 0.27230960
4095.0 0.27352765
4098.5 0.28146014
4102.0 0.27461308
4105.5 0.27983788
4109.0 0.28904703
4112.5 0.31118795
4116.0 0.30404738
4119.5 0.29815838
4123.0 0.29975751
4126.5 0.27331626
4130.0 0.26871777
4133.5 0.28121129
4137.0 0.27621791
4140.5 0.26658559
4144.0 0.26801530
4147.5 0.26947278
4151.0 0.26980889
4154.5 0.26504144
4158.0 0.27025625
4161.5 0.27579662
4165.0 0.25881281
4168.5 0.26156282
4172.0 0.25974941
4175.5 0.26806852
4179.0 0.25288212
4182.5 0.25558230
4186.0 0.25487664
4189.5 0.25395396
4193.0 0.25577024
4196.5 0.25525382
4200.0 0.25462121
4203.5 0.25692010
4207.0 0.25275925
4210.5 0.25064680
4214.0 0.24624301
4217.5 0.24603631
4221.0 0.24202015
4224.5 0.24671699
4228.0 0.24724628
4231.5 0.25008926
4235.0 0.25211149
4238.5 0.24250284
4242.0 0.24771130
4245.5 0.25514749
4249.0 0.25216955
4252.5 0.25468099
4256.0 0.25932485
4259.5 0.25507498
4263.0 0.25696483
4266.5 0.25188392
4270.0 0.26454327
4273.5 0.24324526
4277.0 0.23515747
4280.5 0.23872328
4284.0 0.23553587
4287.5 0.23681158
4291.0 0.23714399
4294.5 0.24180521
4298.0 0.24628013
4301.5 0.23510039
4305.0 0.24171346
4308.5 0.24825543
4312.0 0.23911244
4315.5 0.23512661
4319.0 0.23151252
4322.5 0.23121272
4326.0 0.23219551
4329.5 0.24590629
4333.0 0.23429315
4336.5 0.23567851
4340.0 0.22972260
4343.5 0.23030271
4347.0 0.23010817
4350.5 0.23385383
4354.0 0.23149785
4357.5 0.23678102
4361.0 0.23757939
4364.5 0.23219085
4368.0 0.23059779
4371.5 0.23025610
4375.0 0.23690131
4378.5 0.23542638
4382.0 0.23046120
4385.5 0.22879256
4389.0 0.22703476
4392.5 0.22594397
4396.0 0.22781998
4399.5 0.22981539
4403.0 0.23741265
4406.5 0.24068066
4410.0 0.24523960
4413.5 0.25304195
4417.0 0.24293083
4420.5 0.23103194
4424.0 0.23179226
4427.5 0.22940429
4431.0 0.22583288
4434.5 0.22936158
4438.0 0.23619282
4441.5 0.23868448
4445.0 0.23126304
4448.5 0.23307191
4452.0 0.23656525
4455.5 0.24084437
4459.0 0.24450515
4462.5 0.23246431
4466.0 0.23477310
4469.5 0.23913702
4473.0 0.23985864
4476.5 0.23476598
4480.0 0.23435576
4483.5 0.23784231
4487.0 0.23763131
4490.5 0.23504834
4494.0 0.24082774
4497.5 0.23836865
4501.0 0.24174067
4504.5 0.24753352
4508.0 0.24408270
4511.5 0.25119537
4515.0 0.24717805
4518.5 0.26397115
4522.0 0.26592937
4525.5 0.27289665
4529.0 0.28058285
4532.5 0.27945006
4536.0 0.28516379
4539.5 0.30116457
4543.0 0.30283943
4546.5 0.31603667
4550.0 0.33063895
4553.5 0.35093418
4557.0 0.37443367
4560.5 0.40279016
4564.0 0.44185078
4567.5 0.49064070
4571.0 0.55035669
4574.5 0.62071973
4578.0 0.72775924
4581.5 0.85507202
4585.0 1.0154290
4588.5 1.1771442
4592.0 1.3846794
4595.5 1.4230113
4599.0 1.2169265
4602.5 1.0128613
4606.0 0.92149413
4609.5 0.86792535
4613.0 0.75160730
4616.5 0.63407034
4620.0 0.57122600
4623.5 0.52103347
4627.0 0.47514173
4630.5 0.44017154
4634.0 0.41878039
4637.5 0.39209658
4641.0 0.36506453
4644.5 0.34260443
4648.0 0.32004252
4651.5 0.30075184
4655.0 0.29465088
4658.5 0.28859586
4662.0 0.27408224
4665.5 0.27231127
4669.0 0.26720101
4672.5 0.26750156
4676.0 0.27221149
4679.5 0.27144620
4683.0 0.26579121
4686.5 0.25716901
4690.0 0.27000901
4693.5 0.27694380
4697.0 0.28258079
4700.5 0.31118387
4704.0 0.30956933
4707.5 0.28859347
4711.0 0.29149500
4714.5 0.29501110
4718.0 0.28653055
4721.5 0.26442975
4725.0 0.24291615
4728.5 0.24052776
4732.0 0.23443273
4735.5 0.22731550
4739.0 0.22589026
4742.5 0.21958970
4746.0 0.20991418
4749.5 0.20874546
4753.0 0.20976707
4756.5 0.20939602
4760.0 0.19963272
4763.5 0.19776216
4767.0 0.19752817
4770.5 0.20384964
4774.0 0.21187186
4777.5 0.20347653
4781.0 0.20051393
4784.5 0.19992328
4788.0 0.19613004
4791.5 0.19589862
4795.0 0.19566768
4798.5 0.20887350
4802.0 0.20091213
4805.5 0.20234118
4809.0 0.19474809
4812.5 0.19451924
4816.0 0.19805571
4819.5 0.20439582
4823.0 0.20279413
4826.5 0.19801466
4830.0 0.20000340
4833.5 0.20017461
4837.0 0.19867828
4840.5 0.19270407
4844.0 0.19247906
4847.5 0.19225447
4851.0 0.19380905
4854.5 0.19180660
4858.0 0.19158326
4861.5 0.19136038
4865.0 0.19587672
4868.5 0.19091582
4872.0 0.19069417
4875.5 0.19047293
4879.0 0.19308619
4882.5 0.19003165
4886.0 0.18981165
4889.5 0.18959205
4893.0 0.18937284
4896.5 0.19447836
4900.0 0.19007030
4903.5 0.20054023
4907.0 0.18992667
4910.5 0.18991418
4914.0 0.18806624
4917.5 0.18784989
4921.0 0.20125072
4924.5 0.20880711
4928.0 0.20155190
4931.5 0.21652985
4935.0 0.20020238
4938.5 0.22526383
4942.0 0.21204314
4945.5 0.19592516
4949.0 0.21804355
4952.5 0.20311384
4956.0 0.19808374
4959.5 0.19972992
4963.0 0.19341089
4966.5 0.19067135
4970.0 0.18465228
4973.5 0.18444222
4977.0 0.18708344
4980.5 0.19408992
4984.0 0.18381445
4987.5 0.18360600
4991.0 0.18339790
4994.5 0.18319020
4998.0 0.20146464
5001.5 0.18713157
5005.0 0.18256934
5008.5 0.18236320
5012.0 0.18543182
5015.5 0.18417102
5019.0 0.18174687
5022.5 0.18154228
5026.0 0.18668562
5029.5 0.19246793
5033.0 0.20312044
5036.5 0.18072733
5040.0 0.19993798
5043.5 0.18084320
5047.0 0.18935183
5050.5 0.17991842
5054.0 0.19208689
5057.5 0.18702836
5061.0 0.18663873
5064.5 0.19033560
5068.0 0.19920042
5071.5 0.18976545
5075.0 0.17851716
5078.5 0.19053519
5082.0 0.21092555
5085.5 0.17792210
5089.0 0.17772450
5092.5 0.17803749
5096.0 0.17733030
5099.5 0.17713378
5103.0 0.17693758
5106.5 0.19425018
5110.0 0.18921028
5113.5 0.17635123
5117.0 0.17615651
5120.5 0.18559213
5124.0 0.19859470
5127.5 0.17557441
5131.0 0.17703432
5134.5 0.21637619
5138.0 0.18606457
5141.5 0.18444613
5145.0 0.17461137
5148.5 0.19840023
5152.0 0.21202843
5155.5 0.20252708
5159.0 0.22274742
5162.5 0.21805403
5166.0 0.22978762
5169.5 0.19971107
5173.0 0.20720857
5176.5 0.25517324
5180.0 0.22884817
5183.5 0.21960121
5187.0 0.19875439
5190.5 0.19205207
5194.0 0.23737815
5197.5 0.22640644
5201.0 0.21901476
5204.5 0.20397979
5208.0 0.18249868
5211.5 0.20622750
5215.0 0.17084633
5218.5 0.17066166
5222.0 0.17047732
5225.5 0.17029338
5229.0 0.17010973
5232.5 0.16992640
5236.0 0.16974346
5239.5 0.16956079
5243.0 0.16937849
5246.5 0.16919650
5250.0 0.16901489
5253.5 0.16883355
5257.0 0.16865258
5260.5 0.16847195
5264.0 0.16829164
5267.5 0.16811167
5271.0 0.16793199
5274.5 0.16775268
5278.0 0.16757366
5281.5 0.16739500
5285.0 0.16721666
5288.5 0.16703862
5292.0 0.16686097
5295.5 0.16668358
5299.0 0.16650650
5302.5 0.16632976
5306.0 0.16615337
5309.5 0.16597731
5313.0 0.16580151
5316.5 0.16562608
5320.0 0.16545101
5323.5 0.16527618
5327.0 0.16510171
5330.5 0.16492754
5334.0 0.16475369
5337.5 0.16458017
5341.0 0.16440699
5344.5 0.16423412
5348.0 0.16406156
5351.5 0.16388926
5355.0 0.16371731
5358.5 0.16354570
5362.0 0.16337435
5365.5 0.16320336
5369.0 0.16303265
5372.5 0.16286230
5376.0 0.16269222
5379.5 0.16252246
5383.0 0.16235302
5386.5 0.16218390
5390.0 0.16201505
5393.5 0.16184652
5397.0 0.16167833
5400.5 0.16151039
5404.0 0.16134283
5407.5 0.16117550
5411.0 0.16100848
5414.5 0.16084184
5418.0 0.16067554
5421.5 0.16050941
5425.0 0.16034360
5428.5 0.16017817
5432.0 0.16001301
5435.5 0.15984808
5439.0 0.15968348
5442.5 0.15951937
5446.0 0.15935528
5449.5 0.15919167
5453.0 0.15902835
5456.5 0.15886530
5460.0 0.15870254
5463.5 0.15854003
5467.0 0.15837781
5470.5 0.15821606
5474.0 0.15805441
5477.5 0.15789312
5481.0 0.15773207
5484.5 0.15757139
5488.0 0.15741099
5491.5 0.15725088
5495.0 0.15709105
5498.5 0.15693159
5502.0 0.15677239
5505.5 0.15661347
5509.0 0.15645479
5512.5 0.15629645
5516.0 0.15613841
5519.5 0.15598057
5523.0 0.15582308
5526.5 0.15566596
5530.0 0.15550895
5533.5 0.15535237
5537.0 0.15519607
5540.5 0.15504001
5544.0 0.15488426
5547.5 0.15472877
5551.0 0.15457349
5554.5 0.15441868
5558.0 0.15426400
5561.5 0.15410967
5565.0 0.15395561
5568.5 0.15380186
5572.0 0.15364832
5575.5 0.15349518
5579.0 0.15334228
5582.5 0.15318963
5586.0 0.15303721
5589.5 0.15288515
5593.0 0.15273334
5596.5 0.15258178
5600.0 0.15243052
5603.5 0.15227960
5607.0 0.15212885
5610.5 0.15197849
5614.0 0.15182836
5617.5 0.15167852
5621.0 0.15152882
5624.5 0.15137956
5628.0 0.15123045
5631.5 0.15108182
5635.0 0.15093330
5638.5 0.15078503
5642.0 0.15063711
5645.5 0.15048939
5649.0 0.15034209
5652.5 0.15019496
5656.0 0.15004800
5659.5 0.14990146
5663.0 0.14975519
5666.5 0.14960915
5670.0 0.14946333
5673.5 0.14931785
5677.0 0.14917265
5680.5 0.14902762
5684.0 0.14888288
5687.5 0.14873855
5691.0 0.14859436
5694.5 0.14845037
5698.0 0.14830679
5701.5 0.14816336
5705.0 0.14802033
5708.5 0.14787748
5712.0 0.14773484
5715.5 0.14759259
5719.0 0.14745054
5722.5 0.14730875
5726.0 0.14716719
5729.5 0.14702594
5733.0 0.14688498
5736.5 0.14674418
5740.0 0.14660378
5743.5 0.14646350
5747.0 0.14632356
5750.5 0.14618386
5754.0 0.14604443
5757.5 0.14590524
5761.0 0.14576641
5764.5 0.14562772
5768.0 0.14548929
5771.5 0.14535119
5775.0 0.14521325
5778.5 0.14507566
5782.0 0.14493825
5785.5 0.14480111
5789.0 0.14466426
5792.5 0.14452767
5796.0 0.14439124
5799.5 0.14425521
5803.0 0.14411937
5806.5 0.14398374
5810.0 0.14384840
5813.5 0.14371328
5817.0 0.14357848
5820.5 0.14344384
5824.0 0.14330961
5827.5 0.14317551
5831.0 0.14304158
5834.5 0.14290805
5838.0 0.14277476
5841.5 0.14264163
5845.0 0.14250879
5848.5 0.14237621
5852.0 0.14224389
5855.5 0.14211181
5859.0 0.14197993
5862.5 0.14184830
5866.0 0.14171694
5869.5 0.14158586
5873.0 0.14145502
5876.5 0.14132446
5880.0 0.14119403
5883.5 0.14106397
5887.0 0.14093411
5890.5 0.14080448
5894.0 0.14067508
5897.5 0.14054590
5901.0 0.14041707
5904.5 0.14028835
5908.0 0.14015992
5911.5 0.14003174
5915.0 0.13990386
5918.5 0.13977619
5922.0 0.13964869
5925.5 0.13952145
5929.0 0.13939458
5932.5 0.13926782
5936.0 0.13914128
5939.5 0.13901506
5943.0 0.13888910
5946.5 0.13876326
5950.0 0.13863774
5953.5 0.13851242
5957.0 0.13838735
5960.5 0.13826258
5964.0 0.13813795
5967.5 0.13801363
5971.0 0.13788952
5974.5 0.13776563
5978.0 0.13764198
5981.5 0.13751863
5985.0 0.13739540
5988.5 0.13727251
5992.0 0.13714977
5995.5 0.13702729
5999.0 0.13690504
