300.0 0.0
320.0 0.0000000
323.2 0.0000000
326.4 0.0000000
329.6 0.0000000
332.8 0.0000000
336.0 0.0000000
339.2 0.0000000
342.4 0.0000000
345.6 0.0000000
348.8 0.0000000
352.0 0.0000000
355.2 0.0000000
358.4 0.0000000
361.6 0.0000000
364.8 0.0000000
368.0 0.0000000
371.2 0.0000000
374.4 0.0000000
377.6 0.0000000
380.8 0.0000000
384.0 0.0000000
387.2 0.0000000
390.4 0.0000000
393.6 0.0000000
396.8 0.0000000
400.0 0.0000000
403.2 0.0000000
406.4 0.0000000
409.6 0.0000000
412.8 0.0000000
416.0 0.0000000
419.2 0.0000000
422.4 0.0000000
425.6 0.0000000
428.8 0.0000000
432.0 0.0000000
435.2 0.0000000
438.4 0.0000000
441.6 0.0000000
444.8 0.0000000
448.0 0.0000000
451.2 0.0000000
454.4 0.0000000
457.6 0.0000000
460.8 0.0000000
464.0 0.0000000
467.2 0.0000000
470.4 0.0000000
473.6 0.0000000
476.8 0.0000000
480.0 0.0000000
483.2 0.0000000
486.4 0.0000000
489.6 0.0000000
492.8 0.0000000
496.0 0.0000000
499.2 0.0000000
502.4 0.0000000
505.6 0.0000000
508.8 0.0000000
512.0 0.0000000
515.2 0.0000000
518.4 0.0000000
521.6 0.0000000
524.8 0.0000000
528.0 0.0000000
531.2 0.0000000
534.4 0.0000000
537.6 0.0000000
540.8 0.0000000
544.0 0.0000000
547.2 0.0000000
550.4 0.0000000
553.6 0.0000000
556.8 0.0000000
560.0 0.0000000
563.2 0.0000000
566.4 0.0000000
569.6 0.0000000
572.8 0.0000000
576.0 0.0000000
579.2 0.0000000
582.4 0.0000000
585.6 5.38751297E-02
588.8 5.20331338E-02
592.0 5.02086282E-02
595.2 4.84036542E-02
598.4 4.66219187E-02
601.6 4.48657945E-02
604.8 4.31349501E-02
608.0 4.14311178E-02
611.2 3.97547036E-02
614.4 3.81086580E-02
617.6 3.64947133E-02
620.8 3.49128768E-02
624.0 5.99489100E-02
627.2 5.79960942E-02
630.4 5.60655370E-02
633.6 5.41570336E-02
636.8 5.22717945E-02
640.0 5.52941337E-02
643.2 5.58441542E-02
646.4 5.37524745E-02
649.6 5.57125546E-02
652.8 5.89349046E-02
656.0 6.33047149E-02
659.2 0.18978316
662.4 0.19354643
665.6 0.16435361
668.8 0.13733718
672.0 0.12925689
675.2 0.12614940
678.4 0.12685375
681.6 0.12926051
684.8 0.12628917
688.0 0.11437117
691.2 0.11575188
694.4 0.10382393
697.6 9.47371125E-02
700.8 8.78887028E-02
704.0 8.49600881E-02
707.2 8.65322426E-02
710.4 8.32720548E-02
713.6 8.52449834E-02
716.8 8.80988687E-02
720.0 8.59571844E-02
723.2 7.69166797E-02
726.4 7.47483596E-02
729.6 6.84297159E-02
732.8 6.92698136E-02
736.0 6.87483847E-02
739.2 6.63224980E-02
742.4 6.58809245E-02
745.6 6.77510351E-02
748.8 7.02024996E-02
752.0 7.54372701E-02
755.2 7.81038254E-02
758.4 8.17809105E-02
761.6 8.71676356E-02
764.8 9.60998237E-02
768.0 0.10890310
771.2 0.12980989
774.4 0.16048662
777.6 0.21708196
780.8 1.3700882
784.0 1.1116948
787.2 1.0401878
790.4 1.0430291
793.6 0.98012924
796.8 0.78708082
800.0 0.68165928
803.2 0.64301038
806.4 0.61720014
809.6 0.57885426
812.8 0.53013283
816.0 0.49813703
819.2 0.48806810
822.4 0.49077395
825.6 0.50014442
828.8 0.50496018
832.0 0.54466265
835.2 0.55474532
838.4 0.53236026
841.6 0.48644096
844.8 0.49091935
848.0 0.48777601
851.2 0.50079608
854.4 0.51075548
857.6 0.50583601
860.8 0.48891264
864.0 0.48365858
867.2 0.50029463
870.4 0.49845082
873.6 0.50804245
876.8 0.50272942
880.0 0.51575589
883.2 0.54658312
886.4 0.57865667
889.6 0.62265831
892.8 0.63568687
896.0 0.64626783
899.2 0.58909923
902.4 0.55134600
905.6 0.52349287
908.8 0.51200145
912.0 0.51089847
915.2 0.48894024
918.4 0.48385310
921.6 0.48205855
924.8 0.47955379
928.0 0.48924556
931.2 0.48561892
934.4 0.47631970
937.6 0.49167198
940.8 0.48421460
944.0 0.49281487
947.2 0.50566465
950.4 0.51420391
953.6 0.52780628
956.8 0.52811527
960.0 0.54596305
963.2 0.55917370
966.4 0.57391149
969.6 0.59677327
972.8 0.64249974
976.0 0.70351267
979.2 0.77356094
982.4 0.86246085
985.6 0.97289592
988.8 1.0391926
992.0 0.94492900
995.2 0.80300653
998.4 0.69511676
1001.6 0.63909787
1004.8 0.61131835
1008.0 0.59573084
1011.2 0.56844544
1014.4 0.56728715
1017.6 0.55104446
1020.8 0.56269813
1024.0 0.56499165
1027.2 0.56377649
1030.4 0.57068640
1033.6 0.56428206
1036.8 0.57352185
1040.0 0.58219099
1043.2 0.58383495
1046.4 0.59708583
1049.6 0.57469600
1052.8 0.57143587
1056.0 0.56464684
1059.2 0.57453287
1062.4 0.57775664
1065.6 0.57015300
1068.8 0.54190218
1072.0 0.52499962
1075.2 0.51820201
1078.4 0.50922650
1081.6 0.51063806
1084.8 0.50983590
1088.0 0.50943631
1091.2 0.51804495
1094.4 0.51699293
1097.6 0.52586621
1100.8 0.52888817
1104.0 0.52850300
1107.2 0.52300006
1110.4 0.53019458
1113.6 0.53314072
1116.8 0.54816997
1120.0 0.53994256
1123.2 0.53182715
1126.4 0.50898868
1129.6 0.51721358
1132.8 0.52016848
1136.0 0.51384330
1139.2 0.53183490
1142.4 0.53751546
1145.6 0.52399784
1148.8 0.51567686
1152.0 0.51696879
1155.2 0.51758271
1158.4 0.51795763
1161.6 0.52516681
1164.8 0.51659673
1168.0 0.51557094
1171.2 0.52277946
1174.4 0.52280277
1177.6 0.53638005
1180.8 0.53469831
1184.0 0.56993771
1187.2 0.56865108
1190.4 0.57511783
1193.6 0.56708127
1196.8 0.56899089
1200.0 0.57490164
1203.2 0.60117990
1206.4 0.64762276
1209.6 0.68997777
1212.8 0.72471738
1216.0 0.73853934
1219.2 0.77823830
1222.4 0.74515247
1225.6 0.68211299
1228.8 0.62465066
1232.0 0.58665061
1235.2 0.56918901
1238.4 0.55136156
1241.6 0.53460234
1244.8 0.52186012
1248.0 0.51862448
1251.2 0.50001705
1254.4 0.49303839
1257.6 0.49001619
1260.8 0.49564674
1264.0 0.49861711
1267.2 0.48796979
1270.4 0.49081036
1273.6 0.49424583
1276.8 0.49921840
1280.0 0.48767149
1283.2 0.49381474
1286.4 0.50618088
1289.6 0.47958145
1292.8 0.49308580
1296.0 0.49706852
1299.2 0.49440363
1302.4 0.49944109
1305.6 0.49233386
1308.8 0.48660576
1312.0 0.50093371
1315.2 0.52203459
1318.4 0.51252449
1321.6 0.52624720
1324.8 0.52266186
1328.0 0.52490604
1331.2 0.52278405
1334.4 0.53034920
1337.6 0.52966428
1340.8 0.52916425
1344.0 0.51309425
1347.2 0.50558639
1350.4 0.51297015
1353.6 0.52110702
1356.8 0.49987549
1360.0 0.52484804
1363.2 0.50740004
1366.4 0.52034158
1369.6 0.51639557
1372.8 0.52771956
1376.0 0.50357258
1379.2 0.51180393
1382.4 0.51209176
1385.6 0.52182156
1388.8 0.49673793
1392.0 0.50330335
1395.2 0.51363391
1398.4 0.49152866
1401.6 0.50139505
1404.8 0.48694047
1408.0 0.47405553
1411.2 0.47413811
1414.4 0.47421604
1417.6 0.47790176
1420.8 0.48137265
1424.0 0.48265257
1427.2 0.47646600
1430.4 0.47453457
1433.6 0.47458422
1436.8 0.47462982
1440.0 0.48108941
1443.2 0.48075771
1446.4 0.48830101
1449.6 0.49170566
1452.8 0.49196663
1456.0 0.49600059
1459.2 0.50102419
1462.4 0.51054531
1465.6 0.52245319
1468.8 0.51883996
1472.0 0.53300613
1475.2 0.53958011
1478.4 0.54456735
1481.6 0.54804045
1484.8 0.55239028
1488.0 0.55978203
1491.2 0.56307429
1494.4 0.55590957
1497.6 0.55143946
1500.8 0.53951311
1504.0 0.53857189
1507.2 0.52857149
1510.4 0.53668064
1513.6 0.53046703
1516.8 0.52742463
1520.0 0.52926075
1523.2 0.52635878
1526.4 0.52795768
1529.6 0.52947712
1532.8 0.53590900
1536.0 0.54882216
1539.2 0.54076874
1542.4 0.56057739
1545.6 0.57478005
1548.8 0.59217167
1552.0 0.59077418
1555.2 0.57434332
1558.4 0.57180214
1561.6 0.57395381
1564.8 0.56123608
1568.0 0.55109686
1571.2 0.54828489
1574.4 0.54645389
1577.6 0.55722874
1580.8 0.56888604
1584.0 0.57145572
1587.2 0.56807142
1590.4 0.56983232
1593.6 0.56657654
1596.8 0.56977081
1600.0 0.56429791
1603.2 0.56227630
1606.4 0.56325513
1609.6 0.56098503
1612.8 0.55422682
1616.0 0.54654151
1619.2 0.55197221
1622.4 0.55413204
1625.6 0.55470663
1628.8 0.54967153
1632.0 0.54572833
1635.2 0.54462314
1638.4 0.54223973
1641.6 0.54046166
1644.8 0.53615505
1648.0 0.52924621
1651.2 0.53224778
1654.4 0.53261703
1657.6 0.52704614
1660.8 0.51356971
1664.0 0.52708977
1667.2 0.52974874
1670.4 0.52684987
1673.6 0.52715033
1676.8 0.53200275
1680.0 0.52248698
1683.2 0.52298021
1686.4 0.51307642
1689.6 0.50534254
1692.8 0.48588100
1696.0 0.48392743
1699.2 0.48340106
1702.4 0.47895119
1705.6 0.49225786
1708.8 0.49972346
1712.0 0.50109458
1715.2 0.49063888
1718.4 0.49594221
1721.6 0.49840820
1724.8 0.50541180
1728.0 0.50578231
1731.2 0.51779759
1734.4 0.53315181
1737.6 0.53815114
1740.8 0.53156149
1744.0 0.54816180
1747.2 0.55579340
1750.4 0.55558145
1753.6 0.55877310
1756.8 0.58172846
1760.0 0.59635478
1763.2 0.59361804
1766.4 0.60526621
1769.6 0.59183502
1772.8 0.60699439
1776.0 0.62815505
1779.2 0.68089455
1782.4 0.74269468
1785.6 0.83864069
1788.8 0.93658108
1792.0 0.96705127
1795.2 0.91842008
1798.4 0.81391442
1801.6 0.72452080
1804.8 0.66910040
1808.0 0.64185286
1811.2 0.62043077
1814.4 0.60390878
1817.6 0.59095645
1820.8 0.57853121
1824.0 0.57474858
1827.2 0.56342202
1830.4 0.55363369
1833.6 0.54238862
1836.8 0.53614700
1840.0 0.53478229
1843.2 0.51972896
1846.4 0.52098322
1849.6 0.50827926
1852.8 0.50520563
1856.0 0.50488669
1859.2 0.48428869
1862.4 0.49178302
1865.6 0.49169374
1868.8 0.49914378
1872.0 0.51308072
1875.2 0.51813567
1878.4 0.52015752
1881.6 0.51998806
1884.8 0.52385652
1888.0 0.51696157
1891.2 0.51849324
1894.4 0.52562410
1897.6 0.51812178
1900.8 0.52013218
1904.0 0.51104540
1907.2 0.51437855
1910.4 0.50222820
1913.6 0.49402690
1916.8 0.48541319
1920.0 0.48125497
1923.2 0.46995434
1926.4 0.46543762
1929.6 0.45293167
1932.8 0.44441247
1936.0 0.44284087
1939.2 0.44726056
1942.4 0.44165355
1945.6 0.45132285
1948.8 0.45391726
1952.0 0.45558393
1955.2 0.45576134
1958.4 0.45638311
1961.6 0.46566969
1964.8 0.46108180
1968.0 0.47042289
1971.2 0.47014171
1974.4 0.46852177
1977.6 0.46365467
1980.8 0.46861091
1984.0 0.46553779
1987.2 0.47569057
1990.4 0.48799095
1993.6 0.48953763
1996.8 0.50936669
2000.0 0.51373875
2003.2 0.51377225
2006.4 0.50697929
2009.6 0.50673842
2012.8 0.48831066
2016.0 0.49937832
2019.2 0.49470490
2022.4 0.49401113
2025.6 0.50042915
2028.8 0.51386732
2032.0 0.51460725
2035.2 0.52129006
2038.4 0.52478474
2041.6 0.52910012
2044.8 0.52414507
2048.0 0.52692199
2051.2 0.51931542
2054.4 0.52541167
2057.6 0.51915574
2060.8 0.50396281
2064.0 0.50439286
2067.2 0.51081324
2070.4 0.49757087
2073.6 0.49702060
2076.8 0.49760830
2080.0 0.49752501
2083.2 0.50563711
2086.4 0.50362253
2089.6 0.49529156
2092.8 0.49452421
2096.0 0.50468361
2099.2 0.50393432
2102.4 0.50069529
2105.6 0.51007104
2108.8 0.49584004
2112.0 0.48989028
2115.2 0.48351261
2118.4 0.47903687
2121.6 0.47561717
2124.8 0.46599165
2128.0 0.46432284
2131.2 0.46997479
2134.4 0.47433063
2137.6 0.48060960
2140.8 0.49579307
2144.0 0.47910482
2147.2 0.47260928
2150.4 0.46986139
2153.6 0.46780029
2156.8 0.46252480
2160.0 0.47366950
2163.2 0.47211733
2166.4 0.47563431
2169.6 0.47136548
2172.8 0.47299305
2176.0 0.47342825
2179.2 0.48443726
2182.4 0.48745537
2185.6 0.49588224
2188.8 0.51215464
2192.0 0.53318089
2195.2 0.50819588
2198.4 0.48902902
2201.6 0.49197876
2204.8 0.48457292
2208.0 0.46703291
2211.2 0.47240606
2214.4 0.47390798
2217.6 0.46087962
2220.8 0.45789573
2224.0 0.44785631
2227.2 0.44164777
2230.4 0.45363432
2233.6 0.45248777
2236.8 0.44621253
2240.0 0.45507988
2243.2 0.44379839
2246.4 0.43678680
2249.6 0.43672851
2252.8 0.42949790
2256.0 0.42249736
2259.2 0.41446629
2262.4 0.41979617
2265.6 0.41888940
2268.8 0.40689126
2272.0 0.41058043
2275.2 0.41730505
2278.4 0.42019346
2281.6 0.41236222
2284.8 0.42001671
2288.0 0.43058664
2291.2 0.42261478
2294.4 0.43192008
2297.6 0.41964754
2300.8 0.42074564
2304.0 0.41462216
2307.2 0.42007324
2310.4 0.42264831
2313.6 0.41443920
2316.8 0.42602757
2320.0 0.41895732
2323.2 0.41534209
2326.4 0.41908970
2329.6 0.41011342
2332.8 0.41470528
2336.0 0.41150126
2339.2 0.41433007
2342.4 0.41715825
2345.6 0.41166013
2348.8 0.40822127
2352.0 0.40716833
2355.2 0.40538347
2358.4 0.40301305
2361.6 0.40337098
2364.8 0.40909755
2368.0 0.40859169
2371.2 0.40829161
2374.4 0.40056276
2377.6 0.40216437
2380.8 0.41917115
2384.0 0.47259250
2387.2 0.49106768
2390.4 0.41512677
2393.6 0.40052101
2396.8 0.40054667
2400.0 0.39589098
2403.2 0.41021219
2406.4 0.39884937
2409.6 0.39019877
2412.8 0.39300507
2416.0 0.38866410
2419.2 0.38364753
2422.4 0.37972572
2425.6 0.37513798
2428.8 0.35485983
2432.0 0.36071745
2435.2 0.35405511
2438.4 0.36962292
2441.6 0.36884111
2444.8 0.36499402
2448.0 0.36146784
2451.2 0.35890305
2454.4 0.36818767
2457.6 0.36077178
2460.8 0.36691248
2464.0 0.37260631
2467.2 0.37886885
2470.4 0.39404899
2473.6 0.42425692
2476.8 0.44207942
2480.0 0.39743596
2483.2 0.37151536
2486.4 0.38494083
2489.6 0.38813785
2492.8 0.36800262
2496.0 0.36024067
2499.2 0.36087820
2502.4 0.35464785
2505.6 0.35265815
2508.8 0.34621736
2512.0 0.33629677
2515.2 0.32528070
2518.4 0.32311353
2521.6 0.33304816
2524.8 0.34308967
2528.0 0.34418175
2531.2 0.34813580
2534.4 0.35682687
2537.6 0.35723260
2540.8 0.35513988
2544.0 0.34341800
2547.2 0.34496969
2550.4 0.34327850
2553.6 0.32913837
2556.8 0.33344153
2560.0 0.32236364
2563.2 0.32247961
2566.4 0.31699401
2569.6 0.32399723
2572.8 0.32821947
2576.0 0.32234213
2579.2 0.31231466
2582.4 0.31207716
2585.6 0.31072664
2588.8 0.30716214
2592.0 0.31660002
2595.2 0.31004238
2598.4 0.31810522
2601.6 0.32453024
2604.8 0.34441686
2608.0 0.33921373
2611.2 0.33732364
2614.4 0.35233700
2617.6 0.35737947
2620.8 0.36996123
2624.0 0.39352602
2627.2 0.38212961
2630.4 0.36314434
2633.6 0.36144358
2636.8 0.34539309
2640.0 0.33686474
2643.2 0.33346343
2646.4 0.32798502
2649.6 0.31714052
2652.8 0.30503526
2656.0 0.30157995
2659.2 0.30308601
2662.4 0.31156901
2665.6 0.30916536
2668.8 0.30725452
2672.0 0.31412098
2675.2 0.30337244
2678.4 0.29963079
2681.6 0.30523986
2684.8 0.29834256
2688.0 0.29521322
2691.2 0.29483682
2694.4 0.29446119
2697.6 0.29589126
2700.8 0.29841986
2704.0 0.29713818
2707.2 0.29611391
2710.4 0.31275389
2713.6 0.31095651
2716.8 0.31578025
2720.0 0.31023678
2723.2 0.30284646
2726.4 0.29808092
2729.6 0.31152651
2732.8 0.31141886
2736.0 0.30927855
2739.2 0.32366309
2742.4 0.31515816
2745.6 0.32544053
2748.8 0.34324980
2752.0 0.33741689
2755.2 0.34442171
2758.4 0.35083568
2761.6 0.36530069
2764.8 0.38857618
2768.0 0.39297983
2771.2 0.41485506
2774.4 0.44916514
2777.6 0.46594757
2780.8 0.46807232
2784.0 0.43536359
2787.2 0.42772013
2790.4 0.42356288
2793.6 0.40313134
2796.8 0.38500509
2800.0 0.35269916
2803.2 0.34544492
2806.4 0.33179629
2809.6 0.32519400
2812.8 0.33353814
2816.0 0.32453918
2819.2 0.31911358
2822.4 0.31953403
2825.6 0.31216007
2828.8 0.31005085
2832.0 0.30852881
2835.2 0.28956917
2838.4 0.29956737
2841.6 0.29811832
2844.8 0.30580616
2848.0 0.29926434
2851.2 0.29804271
2854.4 0.31155708
2857.6 0.31615198
2860.8 0.32817826
2864.0 0.32351834
2867.2 0.32114545
2870.4 0.30918515
2873.6 0.32630056
2876.8 0.32711846
2880.0 0.32922450
2883.2 0.32695287
2886.4 0.33935156
2889.6 0.35390058
2892.8 0.35145056
2896.0 0.33713037
2899.2 0.32924739
2902.4 0.32135448
2905.6 0.32367653
2908.8 0.34758773
2912.0 0.33822891
2915.2 0.33418715
2918.4 0.34722576
2921.6 0.34439611
2924.8 0.31901798
2928.0 0.33629504
2931.2 0.34974340
2934.4 0.33478111
2937.6 0.32847142
2940.8 0.33373550
2944.0 0.32134891
2947.2 0.31393903
2950.4 0.31503314
2953.6 0.32514095
2956.8 0.33701226
2960.0 0.33687994
2963.2 0.33021685
2966.4 0.33439171
2969.6 0.32448882
2972.8 0.32994333
2976.0 0.32002479
2979.2 0.33685935
2982.4 0.31710652
2985.6 0.32745597
2988.8 0.31387216
2992.0 0.31685814
2995.2 0.31936741
2998.4 0.32993719
3001.6 0.30097306
3004.8 0.30037248
3008.0 0.28244358
3011.2 0.27891663
3014.4 0.27505457
3017.6 0.28181803
3020.8 0.28093404
3024.0 0.28013214
3027.2 0.27514330
3030.4 0.27935001
3033.6 0.28225863
3036.8 0.27636608
3040.0 0.26712781
3043.2 0.26953933
3046.4 0.27066767
3049.6 0.26928622
3052.8 0.27351108
3056.0 0.27701575
3059.2 0.28204140
3062.4 0.28100538
3065.6 0.27882376
3068.8 0.28428021
3072.0 0.29246876
3075.2 0.29268819
3078.4 0.29540661
3081.6 0.30649847
3084.8 0.32459784
3088.0 0.32614747
3091.2 0.35058609
3094.4 0.35385552
3097.6 0.36572540
3100.8 0.39308846
3104.0 0.40931052
3107.2 0.45798212
3110.4 0.49960440
3113.6 0.48386353
3116.8 0.45138055
3120.0 0.41921195
3123.2 0.39660123
3126.4 0.37692371
3129.6 0.35207352
3132.8 0.34582734
3136.0 0.34243530
3139.2 0.33054972
3142.4 0.31215152
3145.6 0.32149789
3148.8 0.31104407
3152.0 0.30630606
3155.2 0.30116478
3158.4 0.29309011
3161.6 0.28992268
3164.8 0.29749277
3168.0 0.29758540
3171.2 0.35118449
3174.4 0.38393578
3177.6 0.32096213
3180.8 0.28508678
3184.0 0.27756816
3187.2 0.27526575
3190.4 0.26852289
3193.6 0.28601333
3196.8 0.31249532
3200.0 0.37979612
3203.2 0.53512216
3206.4 0.53393126
3209.6 0.35907871
3212.8 0.30231461
3216.0 0.28423694
3219.2 0.27645507
3222.4 0.26995909
3225.6 0.26479748
3228.8 0.26499200
3232.0 0.26313862
3235.2 0.26353264
3238.4 0.26319548
3241.6 0.25891966
3244.8 0.25605980
3248.0 0.25607485
3251.2 0.24630053
3254.4 0.24125394
3257.6 0.25187472
3260.8 0.24962921
3264.0 0.25275004
3267.2 0.24257961
3270.4 0.24457848
3273.6 0.24118277
3276.8 0.24962017
3280.0 0.24525350
3283.2 0.23895486
3286.4 0.24445197
3289.6 0.24294680
3292.8 0.25036776
3296.0 0.25168735
3299.2 0.26179367
3302.4 0.26747641
3305.6 0.26373181
3308.8 0.25612947
3312.0 0.26741979
3315.2 0.25637719
3318.4 0.25004178
3321.6 0.25056261
3324.8 0.26472294
3328.0 0.25979668
3331.2 0.24613585
3334.4 0.24938595
3337.6 0.25170156
3340.8 0.25595012
3344.0 0.25182036
3347.2 0.25423223
3350.4 0.25325599
3353.6 0.25467250
3356.8 0.24539840
3360.0 0.24957763
3363.2 0.25770104
3366.4 0.24533471
3369.6 0.25228685
3372.8 0.25332576
3376.0 0.25148803
3379.2 0.25186810
3382.4 0.25370371
3385.6 0.25206795
3388.8 0.26178110
3392.0 0.24992178
3395.2 0.24468337
3398.4 0.26758581
3401.6 0.24979833
3404.8 0.26143712
3408.0 0.25484964
3411.2 0.24727760
3414.4 0.24379268
3417.6 0.24103807
3420.8 0.24827510
3424.0 0.23531066
3427.2 0.23740497
3430.4 0.23983675
3433.6 0.23725212
3436.8 0.22612453
3440.0 0.23028170
3443.2 0.23584682
3446.4 0.23535886
3449.6 0.22821204
3452.8 0.22906092
3456.0 0.22714308
3459.2 0.22275482
3462.4 0.22720915
3465.6 0.23183770
3468.8 0.23028447
3472.0 0.22466984
3475.2 0.22141035
3478.4 0.21811338
3481.6 0.22568649
3484.8 0.21760586
3488.0 0.23231818
3491.2 0.21898405
3494.4 0.21998589
3497.6 0.21659572
3500.8 0.21634424
3504.0 0.21609315
3507.2 0.21584243
3510.4 0.22078705
3513.6 0.22175112
3516.8 0.22685358
3520.0 0.22132164
3523.2 0.22198527
3526.4 0.21434675
3529.6 0.21409883
3532.8 0.22019748
3536.0 0.22671589
3539.2 0.22288761
3542.4 0.21745273
3545.6 0.22601354
3548.8 0.22963978
3552.0 0.21812479
3555.2 0.22059990
3558.4 0.21188587
3561.6 0.21164195
3564.8 0.21590459
3568.0 0.21235183
3571.2 0.23215453
3574.4 0.22163898
3577.6 0.21560401
3580.8 0.24072903
3584.0 0.23754250
3587.2 0.22682916
3590.4 0.22269933
3593.6 0.21262446
3596.8 0.21234685
3600.0 0.20874551
3603.2 0.21559189
3606.4 0.20826821
3609.6 0.20929500
3612.8 0.20779245
3616.0 0.20949964
3619.2 0.20731816
3622.4 0.20848581
3625.6 0.20773639
3628.8 0.20660961
3632.0 0.21382107
3635.2 0.21067597
3638.4 0.20590460
3641.6 0.20567027
3644.8 0.20543641
3648.0 0.20520286
3651.2 0.20496972
3654.4 0.20473696
3657.6 0.20450455
3660.8 0.20873614
3664.0 0.20404087
3667.2 0.20440121
3670.4 0.20357867
3673.6 0.20452228
3676.8 0.20318618
3680.0 0.20288804
3683.2 0.20488337
3686.4 0.20776924
3689.6 0.20879044
3692.8 0.20687455
3696.0 0.20655231
3699.2 0.20598744
3702.4 0.20317563
3705.6 0.20488073
3708.8 0.20357133
3712.0 0.20320873
3715.2 0.20776431
3718.4 0.21689911
3721.6 0.20628874
3724.8 0.21347533
3728.0 0.20937972
3731.2 0.21588632
3734.4 0.21085861
3737.6 0.21773347
3740.8 0.21429108
3744.0 0.21530031
3747.2 0.22159623
3750.4 0.21625622
3753.6 0.22042231
3756.8 0.22772944
3760.0 0.24523066
3763.2 0.23965934
3766.4 0.23507211
3769.6 0.23638774
3772.8 0.21558622
3776.0 0.21200803
3779.2 0.22191612
3782.4 0.21802586
3785.6 0.21047121
3788.8 0.21164857
3792.0 0.21284829
3795.2 0.21316251
3798.4 0.20944381
3801.6 0.21361336
3804.8 0.21804212
3808.0 0.20466137
3811.2 0.20688289
3814.4 0.20549506
3817.6 0.21212444
3820.8 0.20015244
3824.0 0.20233512
3827.2 0.20182180
3830.4 0.20113628
3833.6 0.20262013
3836.8 0.20225625
3840.0 0.20179997
3843.2 0.20366728
3846.4 0.20041339
3849.6 0.19878252
3852.8 0.19533321
3856.0 0.19521239
3859.2 0.19206823
3862.4 0.19583878
3865.6 0.19630209
3868.8 0.19860286
3872.0 0.20025264
3875.2 0.19266260
3878.4 0.19684355
3881.6 0.20279689
3884.8 0.20047355
3888.0 0.20251410
3891.2 0.20625147
3894.4 0.20291524
3897.6 0.20446281
3900.8 0.20046324
3904.0 0.21058357
3907.2 0.19367139
3910.4 0.18727206
3913.6 0.19015247
3916.8 0.18765365
3920.0 0.18871029
3923.2 0.18901542
3926.4 0.19277164
3929.6 0.19638079
3932.8 0.18750592
3936.0 0.19282100
3939.2 0.19808151
3942.4 0.19082658
3945.6 0.18768513
3948.8 0.18483905
3952.0 0.18463838
3955.2 0.18546201
3958.4 0.19645432
3961.6 0.18721561
3964.8 0.18836181
3968.0 0.18363984
3971.2 0.18414174
3974.4 0.18402432
3977.6 0.18705849
3980.8 0.18521219
3984.0 0.18947807
3987.2 0.19015609
3990.4 0.18588130
3993.6 0.18464381
3996.8 0.18440793
4000.0 0.18976875
4003.2 0.18862569
4006.4 0.18468516
4009.6 0.18338522
4012.8 0.18201320
4016.0 0.18117538
4019.2 0.18271662
4022.4 0.18435420
4025.6 0.19048695
4028.8 0.19314791
4032.0 0.19684599
4035.2 0.20314942
4038.4 0.19507094
4041.6 0.18555333
4044.8 0.18620110
4048.0 0.18431951
4051.2 0.18148606
4054.4 0.18435840
4057.6 0.18988690
4060.8 0.19192798
4064.0 0.18599708
4067.2 0.18748884
4070.4 0.19033641
4073.6 0.19381738
4076.8 0.19680196
4080.0 0.18714692
4083.2 0.18904257
4086.4 0.19259404
4089.6 0.19321282
4092.8 0.18914732
4096.0 0.18885347
4099.2 0.19170022
4102.4 0.19156721
4105.6 0.18952155
4108.8 0.19421896
4112.0 0.19227281
4115.2 0.19503024
4118.4 0.19974203
4121.6 0.19699521
4124.8 0.20277449
4128.0 0.19956966
4131.2 0.21316890
4134.4 0.21479112
4137.6 0.22046046
4140.8 0.22671276
4144.0 0.22584020
4147.2 0.23050135
4150.4 0.24348092
4153.6 0.24488111
4156.8 0.25560069
4160.0 0.26746079
4163.2 0.28393126
4166.4 0.30300072
4169.6 0.32600838
4172.8 0.35768974
4176.0 0.39726046
4179.2 0.44569394
4182.4 0.50276917
4185.6 0.58957797
4188.8 0.69284576
4192.0 0.82293141
4195.2 0.95416570
4198.4 1.1225957
4201.6 1.1538842
4204.8 0.98695624
4208.0 0.82160503
4211.2 0.74762726
4214.4 0.70429438
4217.6 0.61001712
4220.8 0.51471573
4224.0 0.46378520
4227.2 0.42311001
4230.4 0.38591313
4233.6 0.35757470
4236.8 0.34025896
4240.0 0.31863576
4243.2 0.29672167
4246.4 0.27851629
4249.6 0.26022154
4252.8 0.24458036
4256.0 0.23966171
4259.2 0.23477860
4262.4 0.22301123
4265.6 0.22160965
4268.8 0.21748948
4272.0 0.21777275
4275.2 0.22164634
4278.4 0.22106227
4281.6 0.21649511
4284.8 0.20950896
4288.0 0.22000808
4291.2 0.22569831
4294.4 0.23033261
4297.6 0.25369143
4300.8 0.25241935
4304.0 0.23535693
4307.2 0.23776466
4310.4 0.24067450
4313.6 0.23379654
4316.8 0.21580064
4320.0 0.19827774
4323.2 0.19636220
4326.4 0.19141935
4329.6 0.18563995
4332.8 0.18450776
4336.0 0.17939223
4339.2 0.17151730
4342.4 0.17059156
4345.6 0.17145576
4348.8 0.17118169
4352.0 0.16322796
4355.2 0.16172603
4358.4 0.16156211
4361.6 0.16676083
4364.8 0.17335284
4368.0 0.16651192
4371.2 0.16411524
4374.4 0.16365938
4377.6 0.16058122
4380.8 0.16041869
4384.0 0.16025645
4387.2 0.17110096
4390.4 0.16460685
4393.6 0.16580532
4396.8 0.15960988
4400.0 0.15944888
4403.2 0.16237473
4406.4 0.16760042
4409.6 0.16631460
4412.8 0.16242175
4416.0 0.16408011
4419.2 0.16424763
4422.4 0.16304670
4425.6 0.15816991
4428.8 0.15801114
4432.0 0.15785266
4435.2 0.15915506
4438.4 0.15753639
4441.6 0.15737863
4444.8 0.15722114
4448.0 0.16095790
4451.2 0.15690686
4454.4 0.15675010
4457.6 0.15659356
4460.8 0.15876767
4464.0 0.15628123
4467.2 0.15612544
4470.4 0.15596990
4473.6 0.15581459
4476.8 0.16004102
4480.0 0.15643856
4483.2 0.16508229
4486.4 0.15637031
4489.6 0.15638493
4492.8 0.15488787
4496.0 0.15473427
4499.2 0.16579901
4502.4 0.17205153
4505.6 0.16609970
4508.8 0.17847125
4512.0 0.16503960
4515.2 0.18572862
4518.4 0.17485569
4521.6 0.16158980
4524.8 0.17986019
4528.0 0.16757114
4531.2 0.16344678
4534.4 0.16483082
4537.6 0.15964079
4540.8 0.15740405
4544.0 0.15245882
4547.2 0.15230900
4550.4 0.15451400
4553.6 0.16032550
4556.8 0.15186100
4560.0 0.15171218
4563.2 0.15156356
4566.4 0.15141515
4569.6 0.16654538
4572.8 0.15472031
4576.0 0.15097135
4579.2 0.15082391
4582.4 0.15338522
4585.6 0.15236551
4588.8 0.15038285
4592.0 0.15023638
4595.2 0.15451618
4598.4 0.15932623
4601.6 0.16816984
4604.8 0.14965248
4608.0 0.16558492
4611.2 0.14979351
4614.4 0.15686481
4617.6 0.14907226
4620.8 0.15917832
4624.0 0.15500961
4627.2 0.15470977
4630.4 0.15779775
4633.6 0.16517171
4636.8 0.15737191
4640.0 0.14806569
4643.2 0.15805709
4646.4 0.17499769
4649.6 0.14763768
4652.8 0.14749546
4656.0 0.14777699
4659.2 0.14721167
4662.4 0.14707014
4665.6 0.14692879
4668.8 0.16132878
4672.0 0.15716602
4675.2 0.14650616
4678.4 0.14636573
4681.6 0.15422809
4684.8 0.16505730
4688.0 0.14594571
4691.2 0.14718060
4694.4 0.17991419
4697.6 0.15473282
4700.8 0.15340905
4704.0 0.14525014
4707.2 0.16506262
4710.4 0.17642620
4713.6 0.16854441
4716.8 0.18539849
4720.0 0.18151802
4723.2 0.19131295
4726.4 0.16629602
4729.6 0.17256363
4732.8 0.21253891
4736.0 0.19063932
4739.2 0.18296219
4742.4 0.16561697
4745.6 0.16005474
4748.8 0.19785710
4752.0 0.18873867
4755.2 0.18260248
4758.4 0.17009106
4761.6 0.15220015
4764.8 0.17201360
4768.0 0.14252225
4771.2 0.14238811
4774.4 0.14225414
4777.6 0.14212047
4780.8 0.14198698
4784.0 0.14185368
4787.2 0.14172064
4790.4 0.14158773
4793.6 0.14145508
4796.8 0.14132263
4800.0 0.14119041
4803.2 0.14105837
4806.4 0.14092658
4809.6 0.14079496
4812.8 0.14066359
4816.0 0.14053242
4819.2 0.14040142
4822.4 0.14027067
4825.6 0.14014009
4828.8 0.14000976
4832.0 0.13987961
4835.2 0.13974968
4838.4 0.13961998
4841.6 0.13949046
4844.8 0.13936111
4848.0 0.13923199
4851.2 0.13910310
4854.4 0.13897443
4857.6 0.13884589
4860.8 0.13871764
4864.0 0.13858958
4867.2 0.13846169
4870.4 0.13833401
4873.6 0.13820653
4876.8 0.13807927
4880.0 0.13795221
4883.2 0.13782538
4886.4 0.13769875
4889.6 0.13757233
4892.8 0.13744603
4896.0 0.13732000
4899.2 0.13719417
4902.4 0.13706851
4905.6 0.13694309
4908.8 0.13681783
4912.0 0.13669282
4915.2 0.13656798
4918.4 0.13644335
4921.6 0.13631892
4924.8 0.13619471
4928.0 0.13607065
4931.2 0.13594683
4934.4 0.13582322
4937.6 0.13569975
4940.8 0.13557656
4944.0 0.13545348
4947.2 0.13533059
4950.4 0.13520801
4953.6 0.13508570
4956.8 0.13496335
4960.0 0.13484125
4963.2 0.13471945
4966.4 0.13459782
4969.6 0.13447626
4972.8 0.13435493
4976.0 0.13423412
4979.2 0.13411303
4982.4 0.13399243
4985.6 0.13387206
4988.8 0.13375176
4992.0 0.13363169
4995.2 0.13351178
4998.4 0.13339198
5001.6 0.13327263
5004.8 0.13315327
5008.0 0.13303414
5011.2 0.13291508
5014.4 0.13279641
5017.6 0.13267784
5020.8 0.13255946
5024.0 0.13244131
5027.2 0.13232343
5030.4 0.13220575
5033.6 0.13208815
5036.8 0.13197072
5040.0 0.13185357
5043.2 0.13173661
5046.4 0.13161971
5049.6 0.13150305
5052.8 0.13138679
5056.0 0.13127036
5059.2 0.13115440
5062.4 0.13103862
5065.6 0.13092290
5068.8 0.13080743
5072.0 0.13069215
5075.2 0.13057691
5078.4 0.13046214
5081.6 0.13034734
5084.8 0.13023280
5088.0 0.13011846
5091.2 0.13000436
5094.4 0.12989029
5097.6 0.12977664
5100.8 0.12966307
5104.0 0.12954967
5107.2 0.12943631
5110.4 0.12932336
5113.6 0.12921047
5116.8 0.12909777
5120.0 0.12898532
5123.2 0.12887308
5126.4 0.12876087
5129.6 0.12864907
5132.8 0.12853733
5136.0 0.12842579
5139.2 0.12831426
5142.4 0.12820317
5145.6 0.12809208
5148.8 0.12798145
5152.0 0.12787080
5155.2 0.12776022
5158.4 0.12765002
5161.6 0.12753986
5164.8 0.12743011
5168.0 0.12732039
5171.2 0.12721069
5174.4 0.12710141
5177.6 0.12699234
5180.8 0.12688334
5184.0 0.12677447
5187.2 0.12666589
5190.4 0.12655748
5193.6 0.12644912
5196.8 0.12634100
5200.0 0.12623326
5203.2 0.12612551
5206.4 0.12601782
5209.6 0.12591055
5212.8 0.12580329
5216.0 0.12569641
5219.2 0.12558958
5222.4 0.12548280
5225.6 0.12537640
5228.8 0.12527017
5232.0 0.12516403
5235.2 0.12505807
5238.4 0.12495233
5241.6 0.12484679
5244.8 0.12474130
5248.0 0.12463619
5251.2 0.12453109
5254.4 0.12442623
5257.6 0.12432155
5260.8 0.12421709
5264.0 0.12411270
5267.2 0.12400867
5270.4 0.12390465
5273.6 0.12380084
5276.8 0.12369726
5280.0 0.12359370
5283.2 0.12349052
5286.4 0.12338735
5289.6 0.12328440
5292.8 0.12318167
5296.0 0.12307914
5299.2 0.12297661
5302.4 0.12287450
5305.6 0.12277243
5308.8 0.12267051
5312.0 0.12256883
5315.2 0.12246720
5318.4 0.12236591
5321.6 0.12226465
5324.8 0.12216381
5328.0 0.12206295
5331.2 0.12196210
5334.4 0.12186169
5337.6 0.12176147
5340.8 0.12166124
5344.0 0.12156124
5347.2 0.12146143
5350.4 0.12136182
5353.6 0.12126241
5356.8 0.12116303
5360.0 0.12106384
5363.2 0.12096488
5366.4 0.12086609
5369.6 0.12076754
5372.8 0.12066916
5376.0 0.12057079
5379.2 0.12047280
5382.4 0.12037486
5385.6 0.12027711
5388.8 0.12017953
5392.0 0.12008201
5395.2 0.11998487
5398.4 0.11988770
5401.6 0.11979075
5404.8 0.11969401
5408.0 0.11959748
5411.2 0.11950113
5414.4 0.11940479
5417.6 0.11930864
5420.8 0.11921290
5424.0 0.11911713
5427.2 0.11902142
5430.4 0.11892609
5433.6 0.11883093
5436.8 0.11873576
5440.0 0.11864083
5443.2 0.11854608
5446.4 0.11845150
5449.6 0.11835717
5452.8 0.11826283
5456.0 0.11816885
5459.2 0.11807491
5462.4 0.11798114
5465.6 0.11788756
5468.8 0.11779421
5472.0 0.11770085
5475.2 0.11760787
5478.4 0.11751489
5481.6 0.11742210
5484.8 0.11732952
5488.0 0.11723713
5491.2 0.11714489
5494.4 0.11705270
5497.6 0.11696088
5500.8 0.11686906
5504.0 0.11677745
5507.2 0.11668604
5510.4 0.11659462
5513.6 0.11650357
5516.8 0.11641252
5520.0 0.11632185
5523.2 0.11623120
5526.4 0.11614072
5529.6 0.11605043
5532.8 0.11596017
5536.0 0.11587027
5539.2 0.11578038
5542.4 0.11569069
5545.6 0.11560116
5548.8 0.11551182
5552.0 0.11542268
5555.2 0.11533356
5558.4 0.11524479
5561.6 0.11515605
5564.8 0.11506744
5568.0 0.11497907
5571.2 0.11489086
5574.4 0.11480286
5577.6 0.11471486
5580.8 0.11462721
5584.0 0.11453956
5587.2 0.11445214
5590.4 0.11436487
5593.6 0.11427779
5596.8 0.11419088
5600.0 0.11410402
5603.2 0.11401731
5606.4 0.11393096
5609.6 0.11384462
5612.8 0.11375847
5616.0 0.11367231
5619.2 0.11358654
5622.4 0.11350096
5625.6 0.11341536
5628.8 0.11332992
5632.0 0.11324469
5635.2 0.11315966
5638.4 0.11307479
5641.6 0.11298991
5644.8 0.11290541
5648.0 0.11282089
5651.2 0.11273659
5654.4 0.11265244
5657.6 0.11256848
5660.8 0.11248469
5664.0 0.11240110
5667.2 0.11231751
5670.4 0.11223426
5673.6 0.11215103
5676.8 0.11206800
5680.0 0.11198511
5683.2 0.11190239
5686.4 0.11181970
5689.6 0.11173737
5692.8 0.11165505
5696.0 0.11157286
5699.2 0.11149089
5702.4 0.11140909
5705.6 0.11132743
5708.8 0.11124600
5712.0 0.11116455
5715.2 0.11108345
5718.4 0.11100235
5721.6 0.11092144
5724.8 0.11084070
5728.0 0.11076012
5731.2 0.11067957
5734.4 0.11059934
5737.6 0.11051913
5740.8 0.11043927
5744.0 0.11035939
5747.2 0.11027969
5750.4 0.11020019
5753.6 0.11012086
5756.8 0.11004154
5760.0 0.10996252
5763.2 0.10988353
5766.4 0.10980473
5769.6 0.10972606
5772.8 0.10964759
5776.0 0.10956930
5779.2 0.10949118
5782.4 0.10941305
5785.6 0.10933527
5788.8 0.10925747
5792.0 0.10917988
5795.2 0.10910244
5798.4 0.10902517
5801.6 0.10894807
5804.8 0.10887099
5808.0 0.10879423
5811.2 0.10871747
5814.4 0.10864107
5817.6 0.10856465
5820.8 0.10848841
5824.0 0.10841216
5827.2 0.10833625
5830.4 0.10826053
5833.6 0.10818478
5836.8 0.10810939
5840.0 0.10803399
5843.2 0.10795878
5846.4 0.10788372
5849.6 0.10780880
5852.8 0.10773392
5856.0 0.10765938
5859.2 0.10758483
5862.4 0.10751041
5865.6 0.10743637
5868.8 0.10736234
5872.0 0.10728844
5875.2 0.10721454
5878.4 0.10714100
5881.6 0.10706759
5884.8 0.10699420
5888.0 0.10692097
5891.2 0.10684793
5894.4 0.10677519
5897.6 0.10670230
5900.8 0.10662973
5904.0 0.10655735
5907.2 0.10648495
5910.4 0.10641287
5913.6 0.10634080
5916.8 0.10626891
5920.0 0.10619718
5923.2 0.10612561
5926.4 0.10605416
5929.6 0.10598292
5932.8 0.10591167
5936.0 0.10584076
5939.2 0.10576981
5942.4 0.10569904
5945.6 0.10562845
5948.8 0.10555802
5952.0 0.10548771
5955.2 0.10541760
5958.4 0.10534748
5961.6 0.10527769
5964.8 0.10520791
5968.0 0.10513829
5971.2 0.10506880
5974.4 0.10499950
5977.6 0.10493033
5980.8 0.10486135
5984.0 0.10479251
5987.2 0.10472368
5990.4 0.10465516
5993.6 0.10458665
5996.8 0.10451832
6000.0 0.10445011
