300.0 0.0
365.0 0.0000000
368.65 0.0000000
372.3 0.0000000
375.95 0.0000000
379.6 0.0000000
383.25 0.0000000
386.9 0.0000000
390.55 0.0000000
394.2 0.0000000
397.85 0.0000000
401.5 0.0000000
405.15 0.0000000
408.8 0.0000000
412.45 0.0000000
416.1 0.0000000
419.75 0.0000000
423.4 0.0000000
427.05 0.0000000
430.7 0.0000000
434.35 0.0000000
438.0 0.0000000
441.65 0.0000000
445.3 0.0000000
448.95 0.0000000
452.6 0.0000000
456.25 0.0000000
459.9 0.0000000
463.55 0.0000000
467.2 0.0000000
470.85 0.0000000
474.5 0.0000000
478.15 0.0000000
481.8 0.0000000
485.45 0.0000000
489.1 0.0000000
492.75 0.0000000
496.4 0.0000000
500.05 0.0000000
503.7 0.0000000
507.35 0.0000000
511.0 0.0000000
514.65 0.0000000
518.3 0.0000000
521.95 0.0000000
525.6 0.0000000
529.25 0.0000000
532.9 0.0000000
536.55 0.0000000
540.2 0.0000000
543.85 0.0000000
547.5 0.0000000
551.15 0.0000000
554.8 0.0000000
558.45 0.0000000
562.1 0.0000000
565.75 0.0000000
569.4 0.0000000
573.05 0.0000000
576.7 0.0000000
580.35 0.0000000
584.0 0.0000000
587.65 0.0000000
591.3 0.0000000
594.95 0.0000000
598.6 0.0000000
602.25 0.0000000
605.9 0.0000000
609.55 0.0000000
613.2 0.0000000
616.85 0.0000000
620.5 0.0000000
624.15 0.0000000
627.8 0.0000000
631.45 0.0000000
635.1 0.0000000
638.75 0.0000000
642.4 0.0000000
646.05 0.0000000
649.7 0.0000000
653.35 0.0000000
657.0 0.0000000
660.65 0.0000000
664.3 0.0000000
667.95 6.94240183E-02
671.6 6.17811009E-02
675.25 5.45483306E-02
678.9 4.80705872E-02
682.55 4.22272980E-02
686.2 3.69465165E-02
689.85 3.21900435E-02
693.5 2.79283896E-02
697.15 2.41245944E-02
700.8 2.07422730E-02
704.45 1.77520607E-02
708.1 1.51188979E-02
711.75 5.81647344E-02
715.4 5.20376340E-02
719.05 4.64048907E-02
722.7 4.12509516E-02
726.35 3.65482010E-02
730.0 3.53914425E-02
733.65 3.26342657E-02
737.3 2.86007803E-02
740.95 2.69110799E-02
744.6 2.57708039E-02
748.25 2.49870401E-02
751.9 0.39750844
755.55 0.39521837
759.2 0.32710105
762.85 0.26633415
766.5 0.24417980
770.15 0.23210770
773.8 0.22726777
777.45 0.22536506
781.1 0.21472776
784.75 0.19014652
788.4 0.18668774
792.05 0.15949628
795.7 0.13608804
799.35 0.11693212
803.0 0.10465181
806.65 9.87397581E-02
810.3 8.78089666E-02
813.95 8.28440711E-02
817.6 7.86907151E-02
821.25 7.03808889E-02
824.9 5.75667098E-02
828.55 5.09826764E-02
832.2 4.24144305E-02
835.85 3.88991013E-02
839.5 3.48611586E-02
843.15 3.02705057E-02
846.8 2.69759912E-02
850.45 2.47993711E-02
854.1 2.28876974E-02
857.75 2.18299162E-02
861.4 1.99871082E-02
865.05 1.84353199E-02
868.7 1.72451772E-02
872.35 1.66204218E-02
876.0 1.63944084E-02
879.65 1.69370901E-02
883.3 1.80737395E-02
886.95 2.10115910E-02
890.6 5.8659406
894.25 4.7383819
897.9 4.4139657
901.55 4.4065599
905.2 4.1227379
908.85 3.2963901
912.5 2.8426049
916.15 2.6699944
919.8 2.5519917
923.45 2.3833733
927.1 2.1736755
930.75 2.0340390
934.4 1.9847236
938.05 1.9875951
941.7 2.0173523
945.35 2.0285807
949.0 2.1793611
952.65 2.2109070
956.3 2.1133690
959.95 1.9235404
963.6 1.9337118
967.25 1.9139477
970.9 1.9575253
974.55 1.9888841
978.2 1.9623177
981.85 1.8895695
985.5 1.8623259
989.15 1.9192922
992.8 1.9052182
996.45 1.9348108
1000.1 1.9076638
1003.75 1.9500881
1007.4 2.0592809
1011.05 2.1724098
1014.7 2.3293939
1018.35 2.3698385
1022.0 2.4009359
1025.65 2.1810203
1029.3 2.0342684
1032.95 1.9249442
1036.6 1.8763382
1040.25 1.8660244
1043.9 1.7798809
1047.55 1.7555399
1051.2 1.7432846
1054.85 1.7285694
1058.5 1.7577865
1062.15 1.7391393
1065.8 1.7003785
1069.45 1.7496051
1073.1 1.7176287
1076.75 1.7426505
1080.4 1.7825141
1084.05 1.8070012
1087.7 1.8490946
1091.35 1.8445172
1095.0 1.9010584
1098.65 1.9411790
1102.3 1.9863635
1105.95 2.0593307
1109.6 2.2105527
1113.25 2.4133434
1116.9 2.6458712
1120.55 2.9413629
1124.2 3.3084040
1127.85 3.5236971
1131.5 3.1949203
1135.15 2.7073579
1138.8 2.3369944
1142.45 2.1426342
1146.1 2.0437880
1149.75 1.9861600
1153.4 1.8899738
1157.05 1.8809605
1160.7 1.8221339
1164.35 1.8556370
1168.0 1.8581934
1171.65 1.8492399
1175.3 1.8669337
1178.95 1.8411078
1182.6 1.8663415
1186.25 1.8896066
1189.9 1.8900263
1193.55 1.9279358
1197.2 1.8508811
1200.85 1.8356889
1204.5 1.8092800
1208.15 1.8363174
1211.8 1.8419931
1215.45 1.8132210
1219.1 1.7191062
1222.75 1.6613814
1226.4 1.6358528
1230.05 1.6036021
1233.7 1.6041516
1237.35 1.5977730
1241.0 1.5926964
1244.65 1.6157525
1248.3 1.6086515
1251.95 1.6324064
1255.6 1.6379411
1259.25 1.6329335
1262.9 1.6121862
1266.55 1.6305979
1270.2 1.6359004
1273.85 1.6781814
1277.5 1.6492469
1281.15 1.6207958
1284.8 1.5477147
1288.45 1.5692167
1292.1 1.5746793
1295.75 1.5520995
1299.4 1.6029162
1303.05 1.6165006
1306.7 1.5724262
1310.35 1.5441124
1314.0 1.5446550
1317.65 1.5431840
1321.3 1.5410180
1324.95 1.5591599
1328.6 1.5304894
1332.25 1.5242532
1335.9 1.5423459
1339.55 1.5392191
1343.2 1.5759388
1346.85 1.5677764
1350.5 1.6676911
1354.15 1.6605500
1357.8 1.6760428
1361.45 1.6493019
1365.1 1.6515496
1368.75 1.6653874
1372.4 1.7380649
1376.05 1.8686492
1379.7 1.9869612
1383.35 2.0829360
1387.0 2.1185460
1390.65 2.2281160
1394.3 2.1292961
1397.95 1.9454341
1401.6 1.7781610
1405.25 1.6668289
1408.9 1.6141731
1412.55 1.5606862
1416.2 1.5104276
1419.85 1.4716926
1423.5 1.4598676
1427.15 1.4032142
1430.8 1.3794475
1434.45 1.3668712
1438.1 1.3784442
1441.75 1.3825835
1445.4 1.3490592
1449.05 1.3529220
1452.7 1.3584073
1456.35 1.3680819
1460.0 1.3325715
1463.65 1.3454744
1467.3 1.3752192
1470.95 1.2992429
1474.6 1.3320440
1478.25 1.3390194
1481.9 1.3281082
1485.55 1.3379005
1489.2 1.3152046
1492.85 1.2963163
1496.5 1.3308240
1500.15 1.3830968
1503.8 1.3542130
1507.45 1.3867171
1511.1 1.3735666
1514.75 1.3757768
1518.4 1.3665702
1522.05 1.3826777
1525.7 1.3772578
1529.35 1.3723533
1533.0 1.3272101
1536.65 1.3043993
1540.3 1.3200374
1543.95 1.3375350
1547.6 1.2797639
1551.25 1.3402841
1554.9 1.2924539
1558.55 1.3220859
1562.2 1.3087766
1565.85 1.3341473
1569.5 1.2699472
1573.15 1.2875241
1576.8 1.2850894
1580.45 1.3063101
1584.1 1.2404979
1587.75 1.2538565
1591.4 1.2765158
1595.05 1.2186563
1598.7 1.2401583
1602.35 1.2015529
1606.0 1.1670008
1609.65 1.1644660
1613.3 1.1619384
1616.95 1.1682485
1620.6 1.1740123
1624.25 1.1744248
1627.9 1.1567175
1631.55 1.1494031
1635.2 1.1469164
1638.85 1.1444370
1642.5 1.1574074
1646.15 1.1540238
1649.8 1.1695224
1653.45 1.1750692
1657.1 1.1731014
1660.75 1.1801254
1664.4 1.1894755
1668.05 1.2094461
1671.7 1.2349783
1675.35 1.2237971
1679.0 1.2545176
1682.65 1.2672812
1686.3 1.2762802
1689.95 1.2817055
1693.6 1.2891616
1697.25 1.3036783
1700.9 1.3086127
1704.55 1.2892811
1708.2 1.2762733
1711.85 1.2461050
1715.5 1.2413855
1719.15 1.2158540
1722.8 1.2320045
1726.45 1.2152830
1730.1 1.2058866
1733.75 1.2076646
1737.4 1.1986516
1741.05 1.1999100
1744.7 1.2009883
1748.35 1.2131906
1752.0 1.2399940
1755.65 1.2194202
1759.3 1.2616379
1762.95 1.2911072
1766.6 1.3276192
1770.25 1.3219523
1773.9 1.2827400
1777.55 1.2746435
1781.2 1.2770262
1784.85 1.2463835
1788.5 1.2215773
1792.15 1.2130808
1795.8 1.2067878
1799.45 1.2283109
1803.1 1.2517023
1806.75 1.2550551
1810.4 1.2453493
1814.05 1.2469436
1817.7 1.2375791
1821.35 1.2423178
1825.0 1.2281815
1828.65 1.2215989
1832.3 1.2215527
1835.95 1.2144783
1839.6 1.1977351
1843.25 1.1790556
1846.9 1.1886921
1850.55 1.1912692
1854.2 1.1904405
1857.85 1.1776023
1861.5 1.1671472
1865.15 1.1627934
1868.8 1.1557335
1872.45 1.1499916
1876.1 1.1389029
1879.75 1.1223381
1883.4 1.1268135
1887.05 1.1257164
1890.7 1.1120926
1894.35 1.0818652
1898.0 1.1085186
1901.65 1.1122845
1905.3 1.1043917
1908.95 1.1032251
1912.6 1.1115769
1916.25 1.0899340
1919.9 1.0892113
1923.55 1.0668756
1927.2 1.0491196
1930.85 1.0071161
1934.5 1.0014818
1938.15 0.99881870
1941.8 0.98807335
1945.45 1.0139397
1949.1 1.0277164
1952.75 1.0289400
1956.4 1.0059172
1960.05 1.0152285
1963.7 1.0187149
1967.35 1.0314560
1971.0 1.0306457
1974.65 1.0535337
1978.3 1.0831411
1981.95 1.0916582
1985.6 1.0766797
1989.25 1.1086514
1992.9 1.1224203
1996.55 1.1203361
2000.2 1.1251146
2003.85 1.1696203
2007.5 1.1972785
2011.15 1.1900517
2014.8 1.2116463
2018.45 1.1830512
2022.1 1.2116110
2025.75 1.2520560
2029.4 1.3552431
2033.05 1.4761492
2036.7 1.6644901
2040.35 1.8562577
2044.0 1.9139587
2047.65 1.8151675
2051.3 1.6063814
2054.95 1.4279649
2058.6 1.3169138
2062.25 1.2615463
2065.9 1.2177687
2069.55 1.1837196
2073.2 1.1567544
2076.85 1.1308978
2080.5 1.1219850
2084.15 1.0983942
2087.8 1.0778637
2091.45 1.0545597
2095.1 1.0410372
2098.75 1.0370101
2102.4 1.0064882
2106.05 1.0075892
2109.7 0.98173082
2113.35 0.97451979
2117.0 0.97263634
2120.65 0.93174553
2124.3 0.94494176
2127.95 0.94355428
2131.6 0.95662212
2135.25 0.98207611
2138.9 0.99048954
2142.55 0.99309307
2146.2 0.99151510
2149.85 0.99763340
2153.5 0.98326755
2157.15 0.98494768
2160.8 0.99725008
2164.45 0.98179597
2168.1 0.98438710
2171.75 0.96599782
2175.4 0.97110516
2179.05 0.94700646
2182.7 0.93040651
2186.35 0.91307336
2190.0 0.90415651
2193.65 0.88186055
2197.3 0.87233633
2200.95 0.84788036
2204.6 0.83094037
2208.25 0.82701755
2211.9 0.83428282
2215.55 0.82285130
2219.2 0.83987695
2222.85 0.84371543
2226.5 0.84582466
2230.15 0.84516871
2233.8 0.84534061
2237.45 0.86154538
2241.1 0.85207409
2244.75 0.86833906
2248.4 0.86682791
2252.05 0.86285627
2255.7 0.85292351
2259.35 0.86106509
2263.0 0.85445404
2266.65 0.87210733
2270.3 0.89365631
2273.95 0.89548838
2277.6 0.93072391
2281.25 0.93767267
2284.9 0.93669796
2288.55 0.92329568
2292.2 0.92184407
2295.85 0.88734961
2299.5 0.90647274
2303.15 0.89701480
2306.8 0.89478719
2310.45 0.90543449
2314.1 0.92874944
2317.75 0.92909026
2321.4 0.94015121
2325.05 0.94544667
2328.7 0.95221061
2332.35 0.94229585
2336.0 0.94629049
2339.65 0.93165070
2343.3 0.94160146
2346.95 0.92941970
2350.6 0.90128314
2354.25 0.90111786
2357.9 0.91164541
2361.55 0.88709825
2365.2 0.88520914
2368.85 0.88534951
2372.5 0.88429952
2376.15 0.89780509
2379.8 0.89332348
2383.45 0.87766004
2387.1 0.87541908
2390.75 0.89250785
2394.4 0.89029294
2398.05 0.88369006
2401.7 0.89934421
2405.35 0.87338752
2409.0 0.86205733
2412.65 0.84999871
2416.3 0.84130514
2419.95 0.83448386
2423.6 0.81679994
2427.25 0.81308526
2430.9 0.82218742
2434.55 0.82900774
2438.2 0.83917451
2441.85 0.86485738
2445.5 0.83494842
2449.15 0.82284540
2452.8 0.81728482
2456.45 0.81293088
2460.1 0.80300558
2463.75 0.82158226
2467.4 0.81812298
2471.05 0.82344794
2474.7 0.81529886
2478.35 0.81735510
2482.0 0.81735075
2485.65 0.83558643
2489.3 0.84001929
2492.95 0.85375869
2496.6 0.88097024
2500.25 0.91630316
2503.9 0.87257242
2507.55 0.83890355
2511.2 0.84320313
2514.85 0.82976335
2518.5 0.79901183
2522.15 0.80748242
2525.8 0.80932862
2529.45 0.78638095
2533.1 0.78059804
2536.75 0.76280993
2540.4 0.75157326
2544.05 0.77129513
2547.7 0.76867330
2551.35 0.75735223
2555.0 0.77173150
2558.65 0.75194854
2562.3 0.73942995
2565.95 0.73869485
2569.6 0.72584164
2573.25 0.71339989
2576.9 0.69924241
2580.55 0.70763195
2584.2 0.70550501
2587.85 0.68471783
2591.5 0.69034386
2595.15 0.70106149
2598.8 0.70532268
2602.45 0.69159979
2606.1 0.70385122
2609.75 0.72096479
2613.4 0.70703149
2617.05 0.72200269
2620.7 0.70091099
2624.35 0.70216930
2628.0 0.69138378
2631.65 0.69990236
2635.3 0.70362091
2638.95 0.68939549
2642.6 0.70809937
2646.25 0.69578725
2649.9 0.68922853
2653.55 0.69489104
2657.2 0.67946422
2660.85 0.68652487
2664.5 0.68068063
2668.15 0.68481714
2671.8 0.68894762
2675.45 0.67933238
2679.1 0.67312938
2682.75 0.67086828
2686.4 0.66740590
2690.05 0.66298795
2693.7 0.66306198
2697.35 0.67195570
2701.0 0.67060757
2704.65 0.66960001
2708.3 0.65642101
2711.95 0.65854239
2715.6 0.68586743
2719.25 0.77269053
2722.9 0.80228931
2726.55 0.67770737
2730.2 0.65337092
2733.85 0.65292174
2737.5 0.64484966
2741.15 0.66767746
2744.8 0.64869964
2748.45 0.63415897
2752.1 0.63824695
2755.75 0.63073117
2759.4 0.62213171
2763.05 0.61531991
2766.7 0.60744131
2770.35 0.57418638
2774.0 0.58323932
2777.65 0.57205200
2781.3 0.59677261
2784.95 0.59508044
2788.6 0.58845013
2792.25 0.58234674
2795.9 0.57780129
2799.55 0.59232533
2803.2 0.57998174
2806.85 0.58943546
2810.5 0.59815872
2814.15 0.60778290
2817.8 0.63169003
2821.45 0.67963815
2825.1 0.70769334
2828.75 0.63578290
2832.4 0.59390384
2836.05 0.61493891
2839.7 0.61961651
2843.35 0.58706778
2847.0 0.57428950
2850.65 0.57491142
2854.3 0.56459910
2857.95 0.56104821
2861.6 0.55042660
2865.25 0.53429127
2868.9 0.51643986
2872.55 0.51265258
2876.2 0.52805895
2879.85 0.54361480
2883.5 0.54498011
2887.15 0.55087245
2890.8 0.56424904
2894.45 0.56451535
2898.1 0.56083661
2901.75 0.54196733
2905.4 0.54405719
2909.05 0.54103410
2912.7 0.51840824
2916.35 0.52484286
2920.0 0.50707507
2923.65 0.50692767
2927.3 0.49798152
2930.95 0.50865430
2934.6 0.51495045
2938.25 0.50540411
2941.9 0.48936799
2945.55 0.48868284
2949.2 0.48625761
2952.85 0.48037374
2956.5 0.49481934
2960.15 0.48426357
2963.8 0.49654362
2967.45 0.50625408
2971.1 0.53693902
2974.75 0.52849591
2978.4 0.52522272
2982.05 0.54825723
2985.7 0.55575830
2989.35 0.57496756
2993.0 0.61121243
2996.65 0.59314579
3000.3 0.56333005
3003.95 0.56034768
3007.6 0.53513694
3011.25 0.52160525
3014.9 0.51602435
3018.55 0.50723875
3022.2 0.49017033
3025.85 0.47117594
3029.5 0.46555838
3033.15 0.46760231
3036.8 0.48040169
3040.45 0.47641072
3044.1 0.47318414
3047.75 0.48347124
3051.4 0.46665075
3055.05 0.46062273
3058.7 0.46896887
3062.35 0.45810217
3066.0 0.45303130
3069.65 0.45218882
3073.3 0.45134872
3076.95 0.45327660
3080.6 0.45688492
3084.25 0.45465860
3087.9 0.45282978
3091.55 0.47800061
3095.2 0.47498024
3098.85 0.48207191
3102.5 0.47333816
3106.15 0.46179852
3109.8 0.45427305
3113.45 0.47449479
3117.1 0.47406176
3120.75 0.47053799
3124.4 0.49214491
3128.05 0.47894338
3131.7 0.49429193
3135.35 0.52104986
3139.0 0.51190966
3142.65 0.52224642
3146.3 0.53167671
3149.95 0.55329114
3153.6 0.58821952
3157.25 0.59455794
3160.9 0.62730896
3164.55 0.67881745
3168.2 0.70379531
3171.85 0.70661896
3175.5 0.65688306
3179.15 0.64500016
3182.8 0.63838518
3186.45 0.60726285
3190.1 0.57964557
3193.75 0.53072190
3197.4 0.51952738
3201.05 0.49873373
3204.7 0.48854876
3208.35 0.50081766
3212.0 0.48704669
3215.65 0.47865066
3219.3 0.47902802
3222.95 0.46772671
3226.6 0.46432203
3230.25 0.46180031
3233.9 0.43319502
3237.55 0.44791836
3241.2 0.44551957
3244.85 0.45677122
3248.5 0.44676828
3252.15 0.44471446
3255.8 0.46463966
3259.45 0.47124964
3263.1 0.48892471
3266.75 0.48173547
3270.4 0.47795784
3274.05 0.45992300
3277.7 0.48513591
3281.35 0.48610529
3285.0 0.48898736
3288.65 0.48536831
3292.3 0.50352067
3295.95 0.52484435
3299.6 0.52094966
3303.25 0.49947327
3306.9 0.48755100
3310.55 0.47562632
3314.2 0.47882533
3317.85 0.51394331
3321.5 0.49985826
3325.15 0.49364161
3328.8 0.51264924
3332.45 0.50822204
3336.1 0.47054142
3339.75 0.49578232
3343.4 0.51535726
3347.05 0.49307021
3350.7 0.48354265
3354.35 0.49105427
3358.0 0.47260058
3361.65 0.46148074
3365.3 0.46286657
3368.95 0.47748867
3372.6 0.49468574
3376.25 0.49425566
3379.9 0.48424932
3383.55 0.49013871
3387.2 0.47539809
3390.85 0.48316097
3394.5 0.46841547
3398.15 0.49282405
3401.8 0.46370801
3405.45 0.47861788
3409.1 0.45854908
3412.75 0.46269569
3416.4 0.46614304
3420.05 0.48134699
3423.7 0.43888789
3427.35 0.43780977
3431.0 0.41148770
3434.65 0.40616250
3438.3 0.40035477
3441.95 0.41001162
3445.6 0.40853894
3449.25 0.40718725
3452.9 0.39975390
3456.55 0.40568170
3460.2 0.40972024
3463.85 0.40098566
3467.5 0.38740706
3471.15 0.39072874
3474.8 0.39218846
3478.45 0.39001223
3482.1 0.39595434
3485.75 0.40084937
3489.4 0.40794030
3493.05 0.40626153
3496.7 0.40292916
3500.35 0.41063303
3504.0 0.42227507
3507.65 0.42240611
3511.3 0.42614251
3514.95 0.44194975
3518.6 0.46784347
3522.25 0.46987230
3525.9 0.50486088
3529.55 0.50934815
3533.2 0.52620620
3536.85 0.56533200
3540.5 0.58840871
3544.15 0.65809423
3547.8 0.71759522
3551.45 0.69468892
3555.1 0.64777601
3558.75 0.60135466
3562.4 0.56867802
3566.05 0.54023367
3569.7 0.50440305
3573.35 0.49524525
3577.0 0.49018100
3580.65 0.47296843
3584.3 0.44645596
3587.95 0.45963117
3591.6 0.44450009
3595.25 0.43754676
3598.9 0.43002385
3602.55 0.41832057
3606.2 0.41362855
3609.85 0.42425328
3613.5 0.42421046
3617.15 0.50041056
3620.8 0.54685408
3624.45 0.45697108
3628.1 0.40572760
3631.75 0.39486626
3635.4 0.39143151
3639.05 0.38168806
3642.7 0.40638489
3646.35 0.44383264
3650.0 0.53920132
3653.65 0.75941396
3657.3 0.75741947
3660.95 0.50917459
3664.6 0.42851153
3668.25 0.40272680
3671.9 0.39154488
3675.55 0.38219267
3679.2 0.37473655
3682.85 0.37486342
3686.5 0.37209460
3690.15 0.37250495
3693.8 0.37188208
3697.45 0.36569706
3701.1 0.36151621
3704.75 0.36139622
3708.4 0.34746629
3712.05 0.34021449
3715.7 0.35505393
3719.35 0.35175228
3723.0 0.35601208
3726.65 0.34155470
3730.3 0.34423661
3733.95 0.33932686
3737.6 0.35106304
3741.25 0.34478983
3744.9 0.33580667
3748.55 0.34340104
3752.2 0.34115684
3755.85 0.35144433
3759.5 0.35316291
3763.15 0.36720514
3766.8 0.37503460
3770.45 0.36964515
3774.1 0.35885495
3777.75 0.37453309
3781.4 0.35893330
3785.05 0.34993297
3788.7 0.35053134
3792.35 0.37020373
3796.0 0.36317986
3799.65 0.34395552
3803.3 0.34836864
3806.95 0.35147381
3810.6 0.35727501
3814.25 0.35138136
3817.9 0.35461691
3821.55 0.35312611
3825.2 0.35497174
3828.85 0.34192064
3832.5 0.34761739
3836.15 0.35880178
3839.8 0.34146035
3843.45 0.35100970
3847.1 0.35232812
3850.75 0.34964648
3854.4 0.35004923
3858.05 0.35247421
3861.7 0.35007650
3865.35 0.36343661
3869.0 0.34684861
3872.65 0.33945796
3876.3 0.37109977
3879.95 0.34630877
3883.6 0.36231628
3887.25 0.35306251
3890.9 0.34245199
3894.55 0.33750731
3898.2 0.33357698
3901.85 0.34347236
3905.5 0.32542333
3909.15 0.32820541
3912.8 0.33145210
3916.45 0.32776648
3920.1 0.31228554
3923.75 0.31791693
3927.4 0.32548770
3931.05 0.32470256
3934.7 0.31473473
3938.35 0.31579721
3942.0 0.31304616
3945.65 0.30689356
3949.3 0.31292379
3952.95 0.31918997
3956.6 0.31694397
3960.25 0.30911180
3963.9 0.30452436
3967.55 0.29988861
3971.2 0.31019661
3974.85 0.29898971
3978.5 0.31909740
3982.15 0.30068189
3985.8 0.30195665
3989.45 0.29720423
3993.1 0.29676041
3996.75 0.29631761
4000.4 0.29587579
4004.05 0.30255380
4007.7 0.30377471
4011.35 0.31066218
4015.0 0.30298695
4018.65 0.30379575
4022.3 0.29324609
4025.95 0.29281121
4029.6 0.30105385
4033.25 0.30986491
4036.9 0.30453366
4040.55 0.29701161
4044.2 0.30860469
4047.85 0.31345481
4051.5 0.29764104
4055.15 0.30092165
4058.8 0.28894198
4062.45 0.28851688
4066.1 0.29423371
4069.75 0.28929964
4073.4 0.31617731
4077.05 0.30175993
4080.7 0.29345018
4084.35 0.32754311
4088.0 0.32310525
4091.65 0.30843565
4095.3 0.30272463
4098.95 0.28893861
4102.6 0.28847083
4106.25 0.28348967
4109.9 0.29269597
4113.55 0.28266487
4117.2 0.28397003
4120.85 0.28184375
4124.5 0.28407121
4128.15 0.28102621
4131.8 0.28252169
4135.45 0.28141931
4139.1 0.27980670
4142.75 0.28948408
4146.4 0.28513858
4150.05 0.27859551
4153.7 0.27819347
4157.35 0.27779242
4161.0 0.27739218
4164.65 0.27699283
4168.3 0.27659443
4171.95 0.27619684
4175.6 0.28182673
4179.25 0.27540430
4182.9 0.27580765
4186.55 0.27461526
4190.2 0.27580544
4193.85 0.27392170
4197.5 0.27343807
4201.15 0.27604491
4204.8 0.27984983
4208.45 0.28114179
4212.1 0.27847943
4215.75 0.27796340
4219.4 0.27712137
4223.05 0.27325794
4226.7 0.27547014
4230.35 0.27362919
4234.0 0.27306175
4237.65 0.27910161
4241.3 0.29128784
4244.95 0.27695769
4248.6 0.28652284
4252.25 0.28094414
4255.9 0.28959069
4259.55 0.28276467
4263.2 0.29189959
4266.85 0.28720182
4270.5 0.28847134
4274.15 0.29682168
4277.8 0.28958586
4281.45 0.29508016
4285.1 0.30477509
4288.75 0.32810375
4292.4 0.32055846
4296.05 0.31433341
4299.7 0.31600302
4303.35 0.28811395
4307.0 0.28325191
4310.65 0.29640594
4314.3 0.29112786
4317.95 0.28096125
4321.6 0.28245363
4325.25 0.28397521
4328.9 0.28431493
4332.55 0.27927703
4336.2 0.28475749
4339.85 0.29058045
4343.5 0.27267247
4347.15 0.27555585
4350.8 0.27363169
4354.45 0.28238124
4358.1 0.26637068
4361.75 0.26920140
4365.4 0.26844475
4369.05 0.26745963
4372.7 0.26935908
4376.35 0.26880190
4380.0 0.26812240
4383.65 0.27052981
4387.3 0.26613539
4390.95 0.26389816
4394.6 0.25924882
4398.25 0.25901845
4401.9 0.25477791
4405.55 0.25970960
4409.2 0.26025406
4412.85 0.26323378
4416.5 0.26534939
4420.15 0.25522378
4423.8 0.26069281
4427.45 0.26850569
4431.1 0.26535901
4434.75 0.26798889
4438.4 0.27286229
4442.05 0.26837763
4445.7 0.27035308
4449.35 0.26499474
4453.0 0.27829972
4456.65 0.25588199
4460.3 0.24736224
4463.95 0.25110117
4467.6 0.24773672
4471.25 0.24906670
4474.9 0.24940452
4478.55 0.25429472
4482.2 0.25898856
4485.85 0.24722028
4489.5 0.25416231
4493.15 0.26102898
4496.8 0.25140375
4500.45 0.24720150
4504.1 0.24339044
4507.75 0.24306394
4511.4 0.24408574
4515.05 0.25848666
4518.7 0.24626797
4522.35 0.24771266
4526.0 0.24144150
4529.65 0.24204001
4533.3 0.24182446
4536.95 0.24574953
4540.6 0.24326254
4544.25 0.24880281
4547.9 0.24963032
4551.55 0.24395731
4555.2 0.24227248
4558.85 0.24190249
4562.5 0.24887256
4566.15 0.24731186
4569.8 0.24208505
4573.45 0.24032141
4577.1 0.23846430
4580.75 0.23730788
4584.4 0.23926750
4588.05 0.24135238
4591.7 0.24931984
4595.35 0.25274050
4599.0 0.25751635
4602.65 0.26569748
4606.3 0.25506932
4609.95 0.24256510
4613.6 0.24335259
4617.25 0.24083488
4620.9 0.23707502
4624.55 0.24076879
4628.2 0.24792884
4631.85 0.25053328
4635.5 0.24273279
4639.15 0.24462067
4642.8 0.24827623
4646.45 0.25275618
4650.1 0.25658682
4653.75 0.24394041
4657.4 0.24635248
4661.05 0.25092074
4664.7 0.25166702
4668.35 0.24631302
4672.0 0.24587202
4675.65 0.24951915
4679.3 0.24928708
4682.95 0.24656682
4686.6 0.25261861
4690.25 0.25002843
4693.9 0.25355458
4697.55 0.25961944
4701.2 0.25598928
4704.85 0.26343769
4708.5 0.25921360
4712.15 0.27681267
4715.8 0.27885437
4719.45 0.28614816
4723.1 0.29419520
4726.75 0.29299513
4730.4 0.29897326
4734.05 0.31573564
4737.7 0.31747827
4741.35 0.33129960
4745.0 0.34659263
4748.65 0.36785182
4752.3 0.39246783
4755.95 0.42217255
4759.6 0.46309358
4763.25 0.51420790
4766.9 0.57676840
4770.55 0.65048140
4774.2 0.76262170
4777.85 0.89599645
4781.5 1.0639846
4785.15 1.2333820
4788.8 1.4507730
4792.45 1.4908735
4796.1 1.2749087
4799.75 1.0610774
4803.4 0.96532154
4807.05 0.90916812
4810.7 0.78729087
4814.35 0.66414684
4818.0 0.59829736
4821.65 0.54570413
4825.3 0.49761942
4828.95 0.46097633
4832.6 0.43855655
4836.25 0.41059619
4839.9 0.38227347
4843.55 0.35874033
4847.2 0.33510244
4850.85 0.31489146
4854.5 0.30849141
4858.15 0.30214000
4861.8 0.28693387
4865.45 0.28506857
4869.1 0.27970788
4872.75 0.28001148
4876.4 0.28493047
4880.05 0.28411826
4883.7 0.27818835
4887.35 0.26915342
4891.0 0.28258079
4894.65 0.28982717
4898.3 0.29571486
4901.95 0.32563469
4905.6 0.32393259
4909.25 0.30197179
4912.9 0.30499601
4916.55 0.30866304
4920.2 0.29977849
4923.85 0.27664518
4927.5 0.25412798
4931.15 0.25161970
4934.8 0.24523419
4938.45 0.23777990
4942.1 0.23628004
4945.75 0.22968091
4949.4 0.21955240
4953.05 0.21832171
4956.7 0.21938187
4960.35 0.21898548
4964.0 0.20876718
4967.65 0.20680320
4971.3 0.20655072
4974.95 0.21315290
4978.6 0.22153291
4982.25 0.21274677
4985.9 0.20964134
4989.55 0.20901597
4993.2 0.20504254
4996.85 0.20479298
5000.5 0.20454390
5004.15 0.21834067
5007.8 0.21001065
5011.45 0.21149658
5015.1 0.20355238
5018.75 0.20330566
5022.4 0.20699424
5026.05 0.21361262
5029.7 0.21193090
5033.35 0.20692848
5037.0 0.20899908
5040.65 0.20917033
5044.3 0.20759918
5047.95 0.20134935
5051.6 0.20110691
5055.25 0.20086494
5058.9 0.20248176
5062.55 0.20038244
5066.2 0.20014188
5069.85 0.19990180
5073.5 0.20461233
5077.15 0.19942302
5080.8 0.19918430
5084.45 0.19894606
5088.1 0.20166834
5091.75 0.19847089
5095.4 0.19823404
5099.05 0.19799761
5102.7 0.19776164
5106.35 0.20308608
5110.0 0.19847584
5113.65 0.20940135
5117.3 0.19831181
5120.95 0.19829173
5124.6 0.19635534
5128.25 0.19612251
5131.9 0.21010610
5135.55 0.21798731
5139.2 0.21040574
5142.85 0.22603372
5146.5 0.20898229
5150.15 0.23513460
5153.8 0.22132684
5157.45 0.20449606
5161.1 0.22757410
5164.75 0.21198447
5168.4 0.20672752
5172.05 0.20843829
5175.7 0.20183675
5179.35 0.19897100
5183.0 0.19268326
5186.65 0.19245745
5190.3 0.19520673
5193.95 0.20251049
5197.6 0.19178264
5201.25 0.19155858
5204.9 0.19133493
5208.55 0.19111171
5212.2 0.21016921
5215.85 0.19521022
5219.5 0.19044457
5223.15 0.19022307
5226.8 0.19341740
5230.45 0.19209582
5234.1 0.18956095
5237.75 0.18934117
5241.4 0.19469891
5245.05 0.20072266
5248.7 0.21182494
5252.35 0.18846589
5256.0 0.20849213
5259.65 0.18857409
5263.3 0.19743986
5266.95 0.18759726
5270.6 0.20027840
5274.25 0.19499767
5277.9 0.19458498
5281.55 0.19843267
5285.2 0.20766774
5288.85 0.19782521
5292.5 0.18609302
5296.15 0.19861452
5299.8 0.21986225
5303.45 0.18545440
5307.1 0.18524235
5310.75 0.18556252
5314.4 0.18481940
5318.05 0.18460856
5321.7 0.18439807
5325.35 0.20243405
5329.0 0.19717540
5332.65 0.18376908
5336.3 0.18356021
5339.95 0.19338614
5343.6 0.20692809
5347.25 0.18293591
5350.9 0.18445109
5354.55 0.22543390
5358.2 0.19384719
5361.85 0.19215490
5365.5 0.18190327
5369.15 0.20667897
5372.8 0.22086880
5376.45 0.21096453
5380.1 0.23201990
5383.75 0.22712390
5387.4 0.23933797
5391.05 0.20800480
5394.7 0.21580683
5398.35 0.26575342
5402.0 0.23832932
5405.65 0.22869202
5409.3 0.20697568
5412.95 0.19998987
5416.6 0.24718158
5420.25 0.23574938
5423.9 0.22804552
5427.55 0.21238397
5431.2 0.19001189
5434.85 0.21471089
5438.5 0.17786874
5442.15 0.17767096
5445.8 0.17747355
5449.45 0.17727655
5453.1 0.17707992
5456.75 0.17688361
5460.4 0.17668775
5464.05 0.17649215
5467.7 0.17629698
5471.35 0.17610215
5475.0 0.17590772
5478.65 0.17571361
5482.3 0.17551990
5485.95 0.17532654
5489.6 0.17513359
5493.25 0.17494096
5496.9 0.17474867
5500.55 0.17455676
5504.2 0.17436521
5507.85 0.17417404
5511.5 0.17398320
5515.15 0.17379272
5518.8 0.17360264
5522.45 0.17341287
5526.1 0.17322344
5529.75 0.17303438
5533.4 0.17284569
5537.05 0.17265739
5540.7 0.17246936
5544.35 0.17228171
5548.0 0.17209448
5551.65 0.17190753
5555.3 0.17172095
5558.95 0.17153470
5562.6 0.17134881
5566.25 0.17116328
5569.9 0.17097808
5573.55 0.17079328
5577.2 0.17060880
5580.85 0.17042461
5584.5 0.17024080
5588.15 0.17005736
5591.8 0.16987422
5595.45 0.16969146
5599.1 0.16950902
5602.75 0.16932695
5606.4 0.16914518
5610.05 0.16896379
5613.7 0.16878274
5617.35 0.16860200
5621.0 0.16842160
5624.65 0.16824153
5628.3 0.16806184
5631.95 0.16788243
5635.6 0.16770342
5639.25 0.16752470
5642.9 0.16734627
5646.55 0.16716826
5650.2 0.16699064
5653.85 0.16681319
5657.5 0.16663612
5661.15 0.16645946
5664.8 0.16628307
5668.45 0.16610694
5672.1 0.16593121
5675.75 0.16575594
5679.4 0.16558078
5683.05 0.16540606
5686.7 0.16523169
5690.35 0.16505761
5694.0 0.16488387
5697.65 0.16471040
5701.3 0.16453727
5704.95 0.16436456
5708.6 0.16419207
5712.25 0.16401991
5715.9 0.16384806
5719.55 0.16367656
5723.2 0.16350541
5726.85 0.16333455
5730.5 0.16316399
5734.15 0.16299382
5737.8 0.16282396
5741.45 0.16265440
5745.1 0.16248511
5748.75 0.16231619
5752.4 0.16214757
5756.05 0.16197921
5759.7 0.16181123
5763.35 0.16164361
5767.0 0.16147617
5770.65 0.16130914
5774.3 0.16114244
5777.95 0.16097601
5781.6 0.16080990
5785.25 0.16064408
5788.9 0.16047853
5792.55 0.16031343
5796.2 0.16014852
5799.85 0.15998396
5803.5 0.15981969
5807.15 0.15965576
5810.8 0.15949211
5814.45 0.15932883
5818.1 0.15916583
5821.75 0.15900312
5825.4 0.15884064
5829.05 0.15867856
5832.7 0.15851676
5836.35 0.15835525
5840.0 0.15819404
5843.65 0.15803318
5847.3 0.15787254
5850.95 0.15771230
5854.6 0.15755233
5858.25 0.15739265
5861.9 0.15723318
5865.55 0.15707414
5869.2 0.15691529
5872.85 0.15675692
5876.5 0.15659869
5880.15 0.15644075
5883.8 0.15628317
5887.45 0.15612583
5891.1 0.15596890
5894.75 0.15581217
5898.4 0.15565570
5902.05 0.15549962
5905.7 0.15534382
5909.35 0.15518829
5913.0 0.15503301
5916.65 0.15487808
5920.3 0.15472345
5923.95 0.15456904
5927.6 0.15441495
5931.25 0.15426125
5934.9 0.15410773
5938.55 0.15395445
5942.2 0.15380158
5945.85 0.15364891
5949.5 0.15349661
5953.15 0.15334457
5956.8 0.15319274
5960.45 0.15304132
5964.1 0.15289012
5967.75 0.15273923
5971.4 0.15258856
5975.05 0.15243822
5978.7 0.15228818
5982.35 0.15213838
5986.0 0.15198895
5989.65 0.15183970
5993.3 0.15169080
5996.95 0.15154216
