300.0 0.0
390.0 0.0000000
393.9 0.0000000
397.8 0.0000000
401.7 0.0000000
405.6 0.0000000
409.5 0.0000000
413.4 0.0000000
417.3 0.0000000
421.2 0.0000000
425.1 0.0000000
429.0 0.0000000
432.9 0.0000000
436.8 0.0000000
440.7 0.0000000
444.6 0.0000000
448.5 0.0000000
452.4 0.0000000
456.3 0.0000000
460.2 0.0000000
464.1 0.0000000
468.0 0.0000000
471.9 0.0000000
475.8 0.0000000
479.7 0.0000000
483.6 0.0000000
487.5 0.0000000
491.4 0.0000000
495.3 0.0000000
499.2 0.0000000
503.1 0.0000000
507.0 0.0000000
510.9 0.0000000
514.8 0.0000000
518.7 0.0000000
522.6 0.0000000
526.5 0.0000000
530.4 0.0000000
534.3 0.0000000
538.2 0.0000000
542.1 0.0000000
546.0 0.0000000
549.9 0.0000000
553.8 0.0000000
557.7 0.0000000
561.6 0.0000000
565.5 0.0000000
569.4 0.0000000
573.3 0.0000000
577.2 0.0000000
581.1 0.0000000
585.0 0.0000000
588.9 0.0000000
592.8 0.0000000
596.7 0.0000000
600.6 0.0000000
604.5 0.0000000
608.4 0.0000000
612.3 0.0000000
616.2 0.0000000
620.1 0.0000000
624.0 0.0000000
627.9 0.0000000
631.8 0.0000000
635.7 0.0000000
639.6 0.0000000
643.5 0.0000000
647.4 0.0000000
651.3 0.0000000
655.2 0.0000000
659.1 0.0000000
663.0 0.0000000
666.9 0.0000000
670.8 0.0000000
674.7 0.0000000
678.6 0.0000000
682.5 0.0000000
686.4 0.0000000
690.3 0.0000000
694.2 0.0000000
698.1 0.0000000
702.0 0.0000000
705.9 0.0000000
709.8 0.0000000
713.7 5.97879197E-03
717.6 4.98249987E-03
721.5 4.12706845E-03
725.4 3.39797745E-03
729.3 2.77952850E-03
733.2 2.25898041E-03
737.1 1.82366581E-03
741.0 1.46181532E-03
744.9 1.16365554E-03
748.8 9.19543672E-04
752.7 7.21246935E-04
756.6 5.61417546E-04
760.5 5.21041732E-03
764.4 4.39920416E-03
768.3 3.69572826E-03
772.2 3.08858184E-03
776.1 2.56719114E-03
780.0 2.32925336E-03
783.9 2.01838533E-03
787.8 1.64938683E-03
791.7 1.41692185E-03
795.6 1.21001108E-03
799.5 1.03256316E-03
803.4 9.27579179E-02
807.3 8.65824670E-02
811.2 6.70927539E-02
815.1 5.09928390E-02
819.0 4.35111411E-02
822.9 3.83742265E-02
826.8 3.47482190E-02
830.7 3.17727923E-02
834.6 2.77587790E-02
838.5 2.23931801E-02
842.4 2.01087743E-02
846.3 1.59422923E-02
850.2 1.28044169E-02
854.1 1.04108443E-02
858.0 8.78384802E-03
861.9 7.77400006E-03
865.8 6.47094287E-03
869.7 5.70450583E-03
873.6 5.05277468E-03
877.5 4.20377450E-03
881.4 3.19196633E-03
885.3 2.61869212E-03
889.2 2.01281626E-03
893.1 1.70181482E-03
897.0 1.40294712E-03
900.9 1.11752143E-03
904.8 9.11301817E-04
908.7 7.64767814E-04
912.6 6.42544823E-04
916.5 5.56408893E-04
920.4 4.61314135E-04
924.3 3.84169311E-04
928.2 3.23459739E-04
932.1 2.79790373E-04
936.0 2.46953627E-04
939.9 2.27571727E-04
943.8 2.15956883E-04
947.7 2.22527975E-04
951.6 3.4567573
955.5 2.7968452
959.4 2.6095653
963.3 2.6093650
967.2 2.4451869
971.1 1.9581673
975.0 1.6912496
978.9 1.5910240
982.8 1.5230510
986.7 1.4245996
990.6 1.3012319
994.5 1.2194772
998.4 1.1916964
1002.3 1.1951938
1006.2 1.2148767
1010.1 1.2234311
1014.0 1.3162756
1017.9 1.3372581
1021.8 1.2800912
1025.7 1.1667681
1029.6 1.1745981
1033.5 1.1642216
1037.4 1.1923884
1041.3 1.2131650
1045.2 1.1986017
1049.1 1.1557409
1053.0 1.1406188
1056.9 1.1770862
1060.8 1.1700140
1064.7 1.1897643
1068.6 1.1746148
1072.5 1.2023036
1076.4 1.2712749
1080.3 1.3428426
1084.2 1.4417231
1088.1 1.4686199
1092.0 1.4897709
1095.9 1.3550111
1099.8 1.2654128
1103.7 1.1988893
1107.6 1.1700534
1111.5 1.1650424
1115.4 1.1126070
1119.3 1.0987134
1123.2 1.0923493
1127.1 1.0844163
1131.0 1.1040487
1134.9 1.0936183
1138.8 1.0704910
1142.7 1.1027579
1146.6 1.0838490
1150.5 1.1008955
1154.4 1.1273582
1158.3 1.1441351
1162.2 1.1721002
1166.1 1.1705019
1170.0 1.2077179
1173.9 1.2345630
1177.8 1.2646810
1181.7 1.3125626
1185.6 1.4104686
1189.5 1.5415139
1193.4 1.6918421
1197.3 1.8827808
1201.2 2.1199560
1205.1 2.2602751
1209.0 2.0515130
1212.9 1.7402383
1216.8 1.5037193
1220.7 1.3800679
1224.6 1.3177381
1228.5 1.2818743
1232.4 1.2210187
1236.3 1.2164074
1240.2 1.1795324
1244.1 1.2024035
1248.0 1.2052387
1251.9 1.2005997
1255.8 1.2132599
1259.7 1.1976275
1263.6 1.2152033
1267.5 1.2315214
1271.4 1.2329590
1275.3 1.2588714
1279.2 1.2096868
1283.1 1.2008718
1287.0 1.1846890
1290.9 1.2034967
1294.8 1.2083184
1298.7 1.1905242
1302.6 1.1297492
1306.5 1.0927939
1310.4 1.0769624
1314.3 1.0566671
1318.2 1.0579621
1322.1 1.0546799
1326.0 1.0522461
1329.9 1.0684048
1333.8 1.0646269
1337.7 1.0812752
1341.6 1.0858670
1345.5 1.0834663
1349.4 1.0706031
1353.3 1.0837384
1357.2 1.0881703
1361.1 1.1172218
1365.0 1.0988655
1368.9 1.0807959
1372.8 1.0329059
1376.7 1.0481066
1380.6 1.0526052
1384.5 1.0383451
1388.4 1.0731992
1392.3 1.0831546
1396.2 1.0544554
1400.1 1.0362831
1404.0 1.0374584
1407.9 1.0372772
1411.8 1.0366234
1415.7 1.0496354
1419.6 1.0311238
1423.5 1.0277051
1427.4 1.0406924
1431.3 1.0393664
1435.2 1.0649600
1439.1 1.0602350
1443.0 1.1286422
1446.9 1.1246396
1450.8 1.1359671
1454.7 1.1186607
1458.6 1.1210002
1462.5 1.1312113
1466.4 1.1814278
1470.3 1.2711016
1474.2 1.3525442
1478.1 1.4188811
1482.0 1.4441575
1485.9 1.5199158
1489.8 1.4535205
1493.7 1.3289349
1497.6 1.2155107
1501.5 1.1401913
1505.4 1.1049286
1509.3 1.0690449
1513.2 1.0353205
1517.1 1.0094507
1521.0 1.0020128
1524.9 0.96419364
1528.8 0.94890684
1532.7 0.94128543
1536.6 0.95028907
1540.5 0.95417494
1544.4 0.93204170
1548.3 0.93571192
1552.2 0.94050694
1556.1 0.94820940
1560.0 0.92457098
1563.9 0.93450230
1567.8 0.95615798
1571.7 0.90427047
1575.6 0.92805672
1579.5 0.93387437
1583.4 0.92721021
1587.3 0.93499535
1591.2 0.92006278
1595.1 0.90776074
1599.0 0.93285686
1602.9 0.97046226
1606.8 0.95113558
1610.7 0.97492319
1614.6 0.96662372
1618.5 0.96912175
1622.4 0.96356940
1626.3 0.97586650
1630.2 0.97297317
1634.1 0.97043347
1638.0 0.93940198
1641.9 0.92412835
1645.8 0.93608576
1649.7 0.94938058
1653.6 0.90921956
1657.5 0.95309788
1661.4 0.91993093
1665.3 0.94188398
1669.2 0.93325210
1673.1 0.95220584
1677.0 0.90720284
1680.9 0.92058492
1684.8 0.91966474
1688.7 0.93568224
1692.6 0.88932794
1696.5 0.89969617
1700.4 0.91675729
1704.3 0.87596679
1708.2 0.89219540
1712.1 0.86516786
1716.0 0.84101033
1719.9 0.83990061
1723.8 0.83879012
1727.7 0.84405899
1731.6 0.84893769
1735.5 0.84994775
1739.4 0.83783072
1743.3 0.83322382
1747.2 0.83210778
1751.1 0.83099163
1755.0 0.84109706
1758.9 0.83932096
1762.8 0.85128248
1766.7 0.85600960
1770.6 0.85526210
1774.5 0.86107045
1778.4 0.86858273
1782.3 0.88386452
1786.2 0.90323430
1790.1 0.89575827
1794.0 0.91896063
1797.9 0.92903137
1801.8 0.93635154
1805.7 0.94105560
1809.6 0.94725484
1813.5 0.95865148
1817.4 0.96301031
1821.3 0.94950104
1825.2 0.94062793
1829.1 0.91908079
1833.0 0.91628206
1836.9 0.89810252
1840.8 0.91070390
1844.7 0.89900362
1848.6 0.89270490
1852.5 0.89467210
1856.4 0.88863879
1860.3 0.89021391
1864.2 0.89165401
1868.1 0.90135735
1872.0 0.92192745
1875.9 0.90727335
1879.8 0.93934679
1883.7 0.96196312
1887.6 0.98985863
1891.5 0.98632008
1895.4 0.95772648
1899.3 0.95233840
1903.2 0.95477390
1907.1 0.93250126
1911.0 0.91456461
1914.9 0.90881932
1918.8 0.90471512
1922.7 0.92146987
1926.6 0.93964630
1930.5 0.94279104
1934.4 0.93612063
1938.3 0.93793815
1942.2 0.93150657
1946.1 0.93568563
1950.0 0.92564160
1953.9 0.92127836
1957.8 0.92183912
1961.7 0.91709030
1965.6 0.90502673
1969.5 0.89148080
1973.4 0.89933842
1977.3 0.90185851
1981.2 0.90179908
1985.1 0.89263320
1989.0 0.88526112
1992.9 0.88250750
1996.8 0.87769306
2000.7 0.87387133
2004.6 0.86597675
2008.5 0.85390353
2012.4 0.85783118
2016.3 0.85751569
2020.2 0.84764969
2024.1 0.82510644
2028.0 0.84594071
2031.9 0.84932113
2035.8 0.84379542
2039.7 0.84340310
2043.6 0.85028899
2047.5 0.83422297
2051.4 0.83415699
2055.3 0.81752717
2059.2 0.80438751
2063.1 0.77262825
2067.0 0.76874775
2070.9 0.76714265
2074.8 0.75932246
2078.7 0.77964330
2082.6 0.79068387
2086.5 0.79207164
2090.4 0.77478343
2094.3 0.78239238
2098.2 0.78551668
2102.1 0.79578227
2106.0 0.79559630
2109.9 0.81371218
2113.8 0.83703828
2117.7 0.84408075
2121.6 0.83295202
2125.5 0.85815090
2129.4 0.86927736
2133.3 0.86812931
2137.2 0.87229902
2141.1 0.90728778
2145.0 0.92923576
2148.9 0.92411560
2152.8 0.94138038
2156.7 0.91964602
2160.6 0.94233948
2164.5 0.97430289
2168.4 1.0551463
2172.3 1.1498740
2176.2 1.2972533
2180.1 1.4474529
2184.0 1.4932086
2187.9 1.4168559
2191.8 1.2545205
2195.7 1.1157478
2199.6 1.0294950
2203.5 0.98670578
2207.4 0.95294118
2211.3 0.92675751
2215.2 0.90609473
2219.1 0.88627815
2223.0 0.87972593
2226.9 0.86165047
2230.8 0.84595793
2234.7 0.82807040
2238.6 0.81784809
2242.5 0.81507766
2246.4 0.79146832
2250.3 0.79271358
2254.2 0.77273822
2258.1 0.76742691
2262.0 0.76630676
2265.9 0.73443669
2269.8 0.74518871
2273.7 0.74444318
2277.6 0.75510573
2281.5 0.77555823
2285.4 0.78256476
2289.3 0.78498405
2293.2 0.78409714
2297.1 0.78929716
2301.0 0.77828658
2304.9 0.77997118
2308.8 0.79007137
2312.7 0.77817923
2316.6 0.78058404
2320.5 0.76634556
2324.4 0.77074134
2328.3 0.75194937
2332.2 0.73909628
2336.1 0.72564799
2340.0 0.71887785
2343.9 0.70145857
2347.8 0.69418585
2351.7 0.67501855
2355.6 0.66181928
2359.5 0.65897983
2363.4 0.66505533
2367.3 0.65622449
2371.2 0.67008919
2375.1 0.67343873
2379.0 0.67540914
2382.9 0.67517126
2386.8 0.67559355
2390.7 0.68883383
2394.6 0.68154693
2398.5 0.69484669
2402.4 0.69392610
2406.3 0.69103324
2410.2 0.68336052
2414.1 0.69016778
2418.0 0.68514979
2421.9 0.69959122
2425.8 0.71716964
2429.7 0.71893173
2433.6 0.74752265
2437.5 0.75340736
2441.4 0.75292665
2445.3 0.74245107
2449.2 0.74157995
2453.1 0.71411479
2457.0 0.72979379
2460.9 0.72246456
2464.8 0.72095430
2468.7 0.72981942
2472.6 0.74890488
2476.5 0.74947190
2480.4 0.75868905
2484.3 0.76325786
2488.2 0.76901501
2492.1 0.76130044
2496.0 0.76482081
2499.9 0.75327617
2503.8 0.76161152
2507.7 0.75204366
2511.6 0.72955263
2515.5 0.72969371
2519.4 0.73849612
2523.3 0.71888024
2527.2 0.71761680
2531.1 0.71799773
2535.0 0.71741199
2538.9 0.72863811
2542.8 0.72526777
2546.7 0.71281242
2550.6 0.71125257
2554.5 0.72540122
2558.4 0.72386390
2562.3 0.71875560
2566.2 0.73175216
2570.1 0.71088839
2574.0 0.70191777
2577.9 0.69234657
2581.8 0.68550980
2585.7 0.68019331
2589.6 0.66601473
2593.5 0.66321981
2597.4 0.67088014
2601.3 0.67668259
2605.2 0.68522078
2609.1 0.70643783
2613.0 0.68224436
2616.9 0.67258751
2620.8 0.66827303
2624.7 0.66494143
2628.6 0.65704823
2632.5 0.67247796
2636.4 0.66987479
2640.3 0.67446387
2644.2 0.66801506
2648.1 0.66992593
2652.0 0.67014772
2655.9 0.68532896
2659.8 0.68919510
2663.7 0.70070100
2667.6 0.72327429
2671.5 0.75253165
2675.4 0.71685350
2679.3 0.68942004
2683.2 0.69318068
2687.1 0.68235523
2691.0 0.65728110
2694.9 0.66446507
2698.8 0.66619992
2702.7 0.64751947
2706.6 0.64296466
2710.5 0.62851459
2714.4 0.61945450
2718.3 0.63591206
2722.2 0.63395196
2726.1 0.62481326
2730.0 0.63687742
2733.9 0.62074679
2737.8 0.61060411
2741.7 0.61018819
2745.6 0.59975809
2749.5 0.58966106
2753.4 0.57813853
2757.3 0.58525616
2761.2 0.58367693
2765.1 0.56665367
2769.0 0.57148474
2772.9 0.58053434
2776.8 0.58424097
2780.7 0.57304782
2784.6 0.58337575
2788.5 0.59774059
2792.4 0.58636522
2796.3 0.59896117
2800.2 0.58163780
2804.1 0.58285564
2808.0 0.57407367
2811.9 0.58131927
2815.8 0.58458054
2819.7 0.57293063
2823.6 0.58864778
2827.5 0.57858205
2831.4 0.57329583
2835.3 0.57817411
2839.2 0.56550276
2843.1 0.57154471
2847.0 0.56684273
2850.9 0.57045174
2854.8 0.57405722
2858.7 0.56620741
2862.6 0.56119740
2866.5 0.55947137
2870.4 0.55674207
2874.3 0.55321294
2878.2 0.55343091
2882.1 0.56101179
2886.0 0.56004328
2889.9 0.55935818
2893.8 0.54850191
2897.7 0.55042738
2901.6 0.57342547
2905.5 0.64619327
2909.4 0.67113125
2913.3 0.56707180
2917.2 0.54685795
2921.1 0.54663140
2925.0 0.54002041
2928.9 0.55928928
2932.8 0.54353940
2936.7 0.53149939
2940.6 0.53506970
2944.5 0.52891088
2948.4 0.52183950
2952.3 0.51626360
2956.2 0.50978893
2960.1 0.48200807
2964.0 0.48973742
2967.9 0.48047033
2971.8 0.50136536
2975.7 0.50007504
2979.6 0.49463266
2983.5 0.48963019
2987.4 0.48593479
2991.3 0.49827906
2995.2 0.48802170
2999.1 0.49610433
3003.0 0.50357610
3006.9 0.51180983
3010.8 0.53207809
3014.7 0.57261139
3018.6 0.59640038
3022.5 0.53593463
3026.4 0.50075936
3030.3 0.51862633
3034.2 0.52270299
3038.1 0.49536946
3042.0 0.48470852
3045.9 0.48535439
3049.8 0.47676727
3053.7 0.47388640
3057.6 0.46503007
3061.5 0.45150965
3065.4 0.43653145
3069.3 0.43343666
3073.2 0.44657186
3077.1 0.45983955
3081.0 0.46110669
3084.9 0.46620557
3088.8 0.47764185
3092.7 0.47798273
3096.6 0.47498235
3100.5 0.45911187
3104.4 0.46099281
3108.3 0.45854089
3112.2 0.43946958
3116.1 0.44503015
3120.0 0.43006635
3123.9 0.43004304
3127.8 0.42255333
3131.7 0.43171102
3135.6 0.43715736
3139.5 0.42915359
3143.4 0.41563371
3147.3 0.41514844
3151.2 0.41318405
3155.1 0.40827882
3159.0 0.42065358
3162.9 0.41177472
3166.8 0.42231351
3170.7 0.43067086
3174.6 0.45687896
3178.5 0.44979730
3182.4 0.44711310
3186.3 0.46682775
3190.2 0.47332165
3194.1 0.48979199
3198.0 0.52078456
3201.9 0.50550425
3205.8 0.48020136
3209.7 0.47776574
3213.6 0.45637202
3217.5 0.44493070
3221.4 0.44026765
3225.3 0.43286735
3229.2 0.41839367
3233.1 0.40226898
3237.0 0.39755991
3240.9 0.39939258
3244.8 0.41041440
3248.7 0.40709335
3252.6 0.40442386
3256.5 0.41330543
3260.4 0.39901224
3264.3 0.39394265
3268.2 0.40116665
3272.1 0.39195490
3276.0 0.38769895
3279.9 0.38706037
3283.8 0.38642341
3287.7 0.38815621
3291.6 0.39132869
3295.5 0.38950408
3299.4 0.38801879
3303.3 0.40967295
3307.2 0.40716949
3311.1 0.41333488
3315.0 0.40593097
3318.9 0.39611697
3322.8 0.38974246
3326.7 0.40717569
3330.6 0.40688807
3334.5 0.40394646
3338.4 0.42258224
3342.3 0.41133076
3346.2 0.42459923
3350.1 0.44767541
3354.0 0.43991169
3357.9 0.44888538
3361.8 0.45708326
3365.7 0.47576109
3369.6 0.50589675
3373.5 0.51145059
3377.4 0.53973162
3381.3 0.58416551
3385.2 0.60578108
3389.1 0.60833222
3393.0 0.56562626
3396.9 0.55550379
3400.8 0.54991502
3404.7 0.52320856
3408.6 0.49951181
3412.5 0.45744106
3416.4 0.44787964
3420.3 0.43003729
3424.2 0.42133698
3428.1 0.43200165
3432.0 0.42020407
3435.9 0.41303989
3439.8 0.41344497
3443.7 0.40376833
3447.6 0.40090588
3451.5 0.39880466
3455.4 0.37417272
3459.3 0.38696352
3463.2 0.38496405
3467.1 0.39476094
3471.0 0.38618881
3474.9 0.38448578
3478.8 0.40178782
3482.7 0.40757993
3486.6 0.42294592
3490.5 0.41680443
3494.4 0.41361284
3498.3 0.39807969
3502.2 0.41998005
3506.1 0.42089686
3510.0 0.42347026
3513.9 0.42041329
3517.8 0.43621626
3521.7 0.45477277
3525.6 0.45148033
3529.5 0.43294656
3533.4 0.42268893
3537.3 0.41242531
3541.2 0.41527417
3545.1 0.44581154
3549.0 0.43367162
3552.9 0.42835489
3556.8 0.44492829
3560.7 0.44116464
3564.6 0.40852845
3568.5 0.43051931
3572.4 0.44759682
3576.3 0.42831582
3580.2 0.42011356
3584.1 0.42671493
3588.0 0.41075119
3591.9 0.40115684
3595.8 0.40243185
3599.7 0.41521716
3603.6 0.43024626
3607.5 0.42994678
3611.4 0.42131534
3615.3 0.42651299
3619.2 0.41375718
3623.1 0.42058575
3627.0 0.40781996
3630.9 0.42914438
3634.8 0.40385944
3638.7 0.41691595
3642.6 0.39950225
3646.5 0.40318328
3650.4 0.40625593
3654.3 0.41957739
3658.2 0.38263133
3662.1 0.38175553
3666.0 0.35886368
3669.9 0.35427877
3673.8 0.34927118
3677.7 0.35775539
3681.6 0.35652962
3685.5 0.35540888
3689.4 0.34897846
3693.3 0.35421175
3697.2 0.35779676
3701.1 0.35022664
3705.0 0.33842236
3708.9 0.34137979
3712.8 0.34271103
3716.7 0.34086481
3720.6 0.34611431
3724.5 0.35044995
3728.4 0.35670698
3732.3 0.35529637
3736.2 0.35243875
3740.1 0.35923490
3744.0 0.36947891
3747.9 0.36965266
3751.8 0.37298185
3755.7 0.38687876
3759.6 0.40961087
3763.5 0.41145235
3767.4 0.44216064
3771.3 0.44616097
3775.2 0.46100020
3779.1 0.49535540
3783.0 0.51565653
3786.9 0.57681602
3790.8 0.62906647
3794.7 0.60908085
3798.6 0.56803727
3802.5 0.52741194
3806.4 0.49883029
3810.3 0.47395271
3814.2 0.44258627
3818.1 0.43461755
3822.0 0.43023917
3825.9 0.41519493
3829.8 0.39198077
3833.7 0.40360981
3837.6 0.39038223
3841.5 0.38433373
3845.4 0.37778288
3849.3 0.36755678
3853.2 0.36348888
3857.1 0.37288174
3861.0 0.37289998
3864.9 0.43994910
3868.8 0.48085290
3872.7 0.40187797
3876.6 0.35686553
3880.5 0.34736371
3884.4 0.34439310
3888.3 0.33587012
3892.2 0.35765502
3896.1 0.39066982
3900.0 0.47468480
3903.9 0.66864645
3907.8 0.66698778
3911.7 0.44844732
3915.6 0.37745953
3919.5 0.35479823
3923.4 0.34499705
3927.3 0.33680531
3931.2 0.33028227
3935.1 0.33044165
3939.0 0.32804805
3942.9 0.32845685
3946.8 0.32795456
3950.7 0.32254615
3954.6 0.31890401
3958.5 0.31884348
3962.4 0.30659723
3966.3 0.30024084
3970.2 0.31338096
3974.1 0.31051058
3978.0 0.31431511
3981.9 0.30159333
3985.8 0.30400401
3989.7 0.29970998
3993.6 0.31011915
3997.5 0.30462000
4001.4 0.29672456
4005.3 0.30347711
4009.2 0.30153552
4013.1 0.31067109
4017.0 0.31223330
4020.9 0.32469273
4024.8 0.33166116
4028.7 0.32693976
4032.6 0.31743947
4036.5 0.33135337
4040.4 0.31759524
4044.3 0.30967352
4048.2 0.31024504
4052.1 0.32770076
4056.0 0.32152668
4059.9 0.30454814
4063.8 0.30849707
4067.7 0.31128851
4071.6 0.31646881
4075.5 0.31128985
4079.4 0.31419805
4083.3 0.31291878
4087.2 0.31459597
4091.1 0.30306947
4095.0 0.30815962
4098.9 0.31811643
4102.8 0.30278122
4106.7 0.31128970
4110.6 0.31249988
4114.5 0.31016192
4118.4 0.31055972
4122.3 0.31275186
4126.2 0.31066471
4130.1 0.32256258
4134.0 0.30788001
4137.9 0.30135864
4141.8 0.32949156
4145.7 0.30751970
4149.6 0.32177556
4153.5 0.31359738
4157.4 0.30421183
4161.3 0.29985756
4165.2 0.29640341
4169.1 0.30523482
4173.0 0.28923184
4176.9 0.29174146
4180.8 0.29466465
4184.7 0.29142484
4188.6 0.27769530
4192.5 0.28273845
4196.4 0.28950775
4200.3 0.28884554
4204.2 0.28001338
4208.1 0.28099370
4212.0 0.27858043
4215.9 0.27313912
4219.8 0.27854055
4223.7 0.28415334
4227.6 0.28218871
4231.5 0.27524927
4235.4 0.27119768
4239.3 0.26710203
4243.2 0.27631688
4247.1 0.26636651
4251.0 0.28431490
4254.9 0.26793930
4258.8 0.26910791
4262.7 0.26490459
4266.6 0.26454100
4270.5 0.26417816
4274.4 0.26381603
4278.3 0.26980290
4282.2 0.27092412
4286.1 0.27709994
4290.0 0.27028623
4293.9 0.27104008
4297.8 0.26165906
4301.7 0.26130205
4305.6 0.26868957
4309.5 0.27658615
4313.4 0.27185959
4317.3 0.26517582
4321.2 0.27555871
4325.1 0.27992234
4329.0 0.26583144
4332.9 0.26879287
4336.8 0.25812238
4340.7 0.25777268
4344.6 0.26291090
4348.5 0.25853211
4352.4 0.28258404
4356.3 0.26972964
4360.2 0.26233220
4364.1 0.29284358
4368.0 0.28890911
4371.9 0.27582371
4375.8 0.27074754
4379.7 0.25844729
4383.6 0.25805831
4387.5 0.25363120
4391.4 0.26189759
4395.3 0.25295070
4399.2 0.25414744
4403.1 0.25227296
4407.0 0.25429541
4410.9 0.25159791
4414.8 0.25296521
4418.7 0.25200641
4422.6 0.25059041
4426.5 0.25928625
4430.4 0.25542256
4434.3 0.24958916
4438.2 0.24925667
4442.1 0.24892493
4446.0 0.24859379
4449.9 0.24826333
4453.8 0.24793358
4457.7 0.24760444
4461.6 0.25267926
4465.5 0.24694817
4469.4 0.24733688
4473.3 0.24629450
4477.2 0.24738890
4481.1 0.24572597
4485.0 0.24531877
4488.9 0.24768437
4492.8 0.25112557
4496.7 0.25231215
4500.6 0.24994977
4504.5 0.24951345
4508.4 0.24878432
4512.3 0.24534227
4516.2 0.24735492
4520.1 0.24572811
4524.0 0.24524470
4527.9 0.25069594
4531.8 0.26166970
4535.7 0.24882302
4539.6 0.25744373
4543.5 0.25245786
4547.4 0.26025513
4551.3 0.25414735
4555.2 0.26238534
4559.1 0.25818962
4563.0 0.25935805
4566.9 0.26689357
4570.8 0.26041445
4574.7 0.26538292
4578.6 0.27413061
4582.5 0.29514423
4586.4 0.28838673
4590.3 0.28281569
4594.2 0.28434721
4598.1 0.25927863
4602.0 0.25492939
4605.9 0.26679552
4609.8 0.26207152
4613.7 0.25294545
4617.6 0.25431499
4621.5 0.25571099
4625.4 0.25604296
4629.3 0.25153151
4633.2 0.25649348
4637.1 0.26176494
4641.0 0.24565761
4644.9 0.24828036
4648.8 0.24657144
4652.7 0.25448126
4656.6 0.24007663
4660.5 0.24265219
4664.4 0.24199431
4668.3 0.24113029
4672.2 0.24286692
4676.1 0.24238861
4680.0 0.24179983
4683.9 0.24399504
4687.8 0.24005535
4691.7 0.23806083
4695.6 0.23388968
4699.5 0.23370484
4703.4 0.22990124
4707.3 0.23437436
4711.2 0.23488864
4715.1 0.23760112
4719.0 0.23953404
4722.9 0.23041593
4726.8 0.23537621
4730.7 0.24245384
4734.6 0.23963563
4738.5 0.24203393
4742.4 0.24645905
4746.3 0.24243167
4750.2 0.24423958
4754.1 0.23942177
4758.0 0.25146681
4761.9 0.23123258
4765.8 0.22355488
4769.7 0.22695553
4773.6 0.22393589
4777.5 0.22515944
4781.4 0.22548619
4785.3 0.22992913
4789.2 0.23419529
4793.1 0.22357468
4797.0 0.22987434
4800.9 0.23610696
4804.8 0.22742203
4808.7 0.22364154
4812.6 0.22021425
4816.5 0.21993932
4820.4 0.22088446
4824.3 0.23393823
4828.2 0.22290061
4832.1 0.22422896
4836.0 0.21857253
4839.9 0.21913454
4843.8 0.21895953
4847.7 0.22253394
4851.6 0.22030210
4855.5 0.22534005
4859.4 0.22611023
4863.3 0.22099189
4867.2 0.21948566
4871.1 0.21917039
4875.0 0.22550593
4878.9 0.22411209
4882.8 0.21939546
4886.7 0.21781678
4890.6 0.21615304
4894.5 0.21512419
4898.4 0.21692014
4902.3 0.21882989
4906.2 0.22607410
4910.1 0.22919631
4914.0 0.23354812
4917.9 0.24098924
4921.8 0.23137002
4925.7 0.22004713
4929.6 0.22078109
4933.5 0.21851625
4937.4 0.21512382
4941.3 0.21849483
4945.2 0.22501233
4949.1 0.22739601
4953.0 0.22033525
4956.9 0.22206837
4960.8 0.22540663
4964.7 0.22949393
4968.6 0.23299234
4972.5 0.22152810
4976.4 0.22373798
4980.3 0.22790666
4984.2 0.22860430
4988.1 0.22376025
4992.0 0.22337890
4995.9 0.22671190
4999.8 0.22652052
5003.7 0.22406794
5007.6 0.22958720
5011.5 0.22725259
5015.4 0.23047721
5019.3 0.23601021
5023.2 0.23272996
5027.1 0.23952197
5031.0 0.23570134
5034.9 0.25172538
5038.8 0.25360349
5042.7 0.26025879
5046.6 0.26760033
5050.5 0.26653114
5054.4 0.27199215
5058.3 0.28726590
5062.2 0.28887558
5066.1 0.30147690
5070.0 0.31541961
5073.9 0.33479461
5077.8 0.35722816
5081.7 0.38429767
5085.6 0.42158240
5089.5 0.46815366
5093.4 0.52515435
5097.3 0.59231979
5101.2 0.69449043
5105.1 0.81601691
5109.0 0.96908939
5112.9 1.1234705
5116.8 1.3215970
5120.7 1.3582379
5124.6 1.1615810
5128.5 0.96683615
5132.4 0.87965655
5136.3 0.82855350
5140.2 0.71754110
5144.1 0.60535592
5148.0 0.54537952
5151.9 0.49747810
5155.8 0.45367941
5159.7 0.42030564
5163.6 0.39989600
5167.5 0.37443045
5171.4 0.34863031
5175.3 0.32719436
5179.2 0.30565944
5183.1 0.28724712
5187.0 0.28143129
5190.9 0.27565888
5194.8 0.26180622
5198.7 0.26012483
5202.6 0.25525334
5206.5 0.25555056
5210.4 0.26006028
5214.3 0.25933933
5218.2 0.25394654
5222.1 0.24571815
5226.0 0.25799656
5229.9 0.26463315
5233.8 0.27003008
5237.7 0.29737431
5241.6 0.29584292
5245.5 0.27580783
5249.4 0.27859160
5253.3 0.28196296
5257.2 0.27386805
5261.1 0.25275370
5265.0 0.23219897
5268.9 0.22992480
5272.8 0.22410703
5276.7 0.21731161
5280.6 0.21595734
5284.5 0.20994183
5288.4 0.20069906
5292.3 0.19958925
5296.2 0.20057367
5300.1 0.20022649
5304.0 0.19089794
5307.9 0.18911637
5311.8 0.18889976
5315.7 0.19495243
5319.6 0.20263214
5323.5 0.19461024
5327.4 0.19178392
5331.3 0.19122615
5335.2 0.18760495
5339.1 0.18739058
5343.0 0.18717663
5346.9 0.19981681
5350.8 0.19220780
5354.7 0.19358210
5358.6 0.18632461
5362.5 0.18611255
5366.4 0.18950318
5370.3 0.19557671
5374.2 0.19405127
5378.1 0.18948482
5382.0 0.19139491
5385.9 0.19156577
5389.8 0.19014075
5393.7 0.18442999
5397.6 0.18422136
5401.5 0.18401311
5405.4 0.18550777
5409.3 0.18359776
5413.2 0.18339065
5417.1 0.18318392
5421.0 0.18751404
5424.9 0.18277155
5428.8 0.18256591
5432.7 0.18236068
5436.6 0.18486927
5440.5 0.18195124
5444.4 0.18174711
5448.3 0.18154331
5452.2 0.18133989
5456.1 0.18623546
5460.0 0.18202071
5463.9 0.19205406
5467.8 0.18189608
5471.7 0.18189056
5475.6 0.18012705
5479.5 0.17992619
5483.4 0.19276857
5487.3 0.20001350
5491.2 0.19307062
5495.1 0.20742558
5499.0 0.19179134
5502.9 0.21580747
5506.8 0.20314884
5510.7 0.18771349
5514.6 0.20891212
5518.5 0.19461443
5522.4 0.18980141
5526.3 0.19138537
5530.2 0.18533675
5534.1 0.18271790
5538.0 0.17695600
5541.9 0.17676081
5545.8 0.17929818
5549.7 0.18601950
5553.6 0.17617732
5557.5 0.17598356
5561.4 0.17579012
5565.3 0.17559703
5569.2 0.19312057
5573.1 0.17938726
5577.0 0.17501979
5580.9 0.17482808
5584.8 0.17777593
5588.7 0.17657316
5592.6 0.17425491
5596.5 0.17406464
5600.4 0.17900215
5604.3 0.18455267
5608.2 0.19477364
5612.1 0.17330655
5616.0 0.19173482
5619.9 0.17342927
5623.8 0.18159512
5627.7 0.17255391
5631.6 0.18423040
5635.5 0.17938472
5639.4 0.17901698
5643.3 0.18256892
5647.2 0.19107834
5651.1 0.18203409
5655.0 0.17124970
5658.9 0.18278450
5662.8 0.20235206
5666.7 0.17069572
5670.6 0.17051172
5674.5 0.17081760
5678.4 0.17014466
5682.3 0.16996166
5686.2 0.16977894
5690.1 0.18639717
5694.0 0.18156691
5697.9 0.16923282
5701.8 0.16905142
5705.7 0.17811224
5709.6 0.19059694
5713.5 0.16850916
5717.4 0.16991577
5721.3 0.20768239
5725.2 0.17859441
5729.1 0.17704661
5733.0 0.16761178
5736.9 0.19045311
5740.8 0.20354193
5744.7 0.19442704
5748.6 0.21384551
5752.5 0.20934632
5756.4 0.22061838
5760.3 0.19174805
5764.2 0.19895291
5768.1 0.24501429
5772.0 0.21974422
5775.9 0.21087174
5779.8 0.19085963
5783.7 0.18442935
5787.6 0.22796354
5791.5 0.21743380
5795.4 0.21034163
5799.3 0.19590817
5803.2 0.17528255
5807.1 0.19807927
5811.0 0.16410115
5814.9 0.16392888
5818.8 0.16375688
5822.7 0.16358526
5826.6 0.16341391
5830.5 0.16324283
5834.4 0.16307212
5838.3 0.16290164
5842.2 0.16273151
5846.1 0.16256166
5850.0 0.16239214
5853.9 0.16222289
5857.8 0.16205396
5861.7 0.16188532
5865.6 0.16171701
5869.5 0.16154899
5873.4 0.16138123
5877.3 0.16121380
5881.2 0.16104664
5885.1 0.16087982
5889.0 0.16071327
5892.9 0.16054700
5896.8 0.16038108
5900.7 0.16021541
5904.6 0.16005002
5908.5 0.15988493
5912.4 0.15972017
5916.3 0.15955570
5920.2 0.15939146
5924.1 0.15922756
5928.0 0.15906399
5931.9 0.15890066
5935.8 0.15873763
5939.7 0.15857488
5943.6 0.15841243
5947.5 0.15825026
5951.4 0.15808840
5955.3 0.15792684
5959.2 0.15776557
5963.1 0.15760450
5967.0 0.15744379
5970.9 0.15728335
5974.8 0.15712319
5978.7 0.15696333
5982.6 0.15680374
5986.5 0.15664446
5990.4 0.15648542
5994.3 0.15632670
5998.2 0.15616827
