300.0 0.0
325.0 0.0000000
328.25 0.0000000
331.5 0.0000000
334.75 0.0000000
338.0 0.0000000
341.25 0.0000000
344.5 0.0000000
347.75 0.0000000
351.0 0.0000000
354.25 0.0000000
357.5 0.0000000
360.75 0.0000000
364.0 0.0000000
367.25 0.0000000
370.5 0.0000000
373.75 0.0000000
377.0 0.0000000
380.25 0.0000000
383.5 0.0000000
386.75 0.0000000
390.0 0.0000000
393.25 0.0000000
396.5 0.0000000
399.75 0.0000000
403.0 0.0000000
406.25 0.0000000
409.5 0.0000000
412.75 0.0000000
416.0 0.0000000
419.25 0.0000000
422.5 0.0000000
425.75 0.0000000
429.0 0.0000000
432.25 0.0000000
435.5 0.0000000
438.75 0.0000000
442.0 0.0000000
445.25 0.0000000
448.5 0.0000000
451.75 0.0000000
455.0 0.0000000
458.25 0.0000000
461.5 0.0000000
464.75 0.0000000
468.0 0.0000000
471.25 0.0000000
474.5 0.0000000
477.75 0.0000000
481.0 0.0000000
484.25 0.0000000
487.5 0.0000000
490.75 0.0000000
494.0 0.0000000
497.25 0.0000000
500.5 0.0000000
503.75 0.0000000
507.0 0.0000000
510.25 0.0000000
513.5 0.0000000
516.75 0.0000000
520.0 0.0000000
523.25 0.0000000
526.5 0.0000000
529.75 0.0000000
533.0 0.0000000
536.25 0.0000000
539.5 0.0000000
542.75 0.0000000
546.0 0.0000000
549.25 0.0000000
552.5 0.0000000
555.75 0.0000000
559.0 0.0000000
562.25 0.0000000
565.5 0.0000000
568.75 0.0000000
572.0 0.0000000
575.25 0.0000000
578.5 0.0000000
581.75 0.0000000
585.0 0.0000000
588.25 0.0000000
591.5 0.0000000
594.75 0.20939243
598.0 0.20035337
601.25 0.19153966
604.5 0.18294844
607.75 0.17458087
611.0 0.16643715
614.25 0.15851834
617.5 0.15083215
620.75 0.14337292
624.0 0.13621010
627.25 0.12941733
630.5 0.12257954
633.75 0.21697408
637.0 0.20815696
640.25 0.19955038
643.5 0.19115078
646.75 0.18295209
650.0 0.19191004
653.25 0.19219065
656.5 0.18341509
659.75 0.18880464
663.0 0.19844218
666.25 0.21069099
669.5 0.67640191
672.75 0.68514335
676.0 0.57787913
679.25 0.47963971
682.5 0.44839048
685.75 0.43468010
689.0 0.43418798
692.25 0.43947849
695.5 0.42652234
698.75 0.38370958
702.0 0.38577357
705.25 0.34372699
708.5 0.31155950
711.75 0.28711471
715.0 0.27570495
718.25 0.27894497
721.5 0.26666033
724.75 0.27117261
728.0 0.27840075
731.25 0.26984110
734.5 0.23986650
737.75 0.23156743
741.0 0.21060057
744.25 0.21179172
747.5 0.20883174
750.75 0.20015325
754.0 0.19751954
757.25 0.20178388
760.5 0.20769678
763.75 0.22170019
767.0 0.22801447
770.25 0.23719512
773.5 0.25116962
776.75 0.27504450
780.0 0.30983987
783.25 0.36856699
786.5 0.45362595
789.75 0.60480571
793.0 4.5030141
796.25 3.6404009
799.5 3.3938963
802.75 3.3909180
806.0 3.1750381
809.25 2.5406461
812.5 2.1926138
815.75 2.0610740
819.0 1.9715004
822.25 1.8426483
825.5 1.6818014
828.75 1.5749488
832.0 1.5379167
835.25 1.5412855
838.5 1.5655141
841.75 1.5753821
845.0 1.6937059
848.25 1.7194633
851.5 1.6447809
854.75 1.4981073
858.0 1.5070949
861.25 1.4927354
864.5 1.5277860
867.75 1.5533334
871.0 1.5336356
874.25 1.4777865
877.5 1.4574649
880.75 1.5030544
884.0 1.4930277
887.25 1.5172238
890.5 1.4969202
893.75 1.5312080
897.0 1.6179965
900.25 1.7079825
903.5 1.8325776
906.75 1.8655809
910.0 1.8912547
913.25 1.7191005
916.5 1.6044279
919.75 1.5191427
923.0 1.4816936
926.25 1.4744484
929.5 1.4072341
932.75 1.3888252
936.0 1.3799549
939.25 1.3691199
942.5 1.3930836
945.75 1.3791137
949.0 1.3491627
952.25 1.3890252
955.5 1.3644230
958.75 1.3850906
962.0 1.4175795
965.25 1.4378643
968.5 1.4721835
971.75 1.4693573
975.0 1.5152369
978.25 1.5480659
981.5 1.5849658
984.75 1.6440803
988.0 1.7657621
991.25 1.9287826
994.5 2.1157496
997.75 2.3532832
1001.0 2.6483335
1004.25 2.8221490
1007.5 2.5601604
1010.75 2.1705871
1014.0 1.8746156
1017.25 1.7195873
1020.5 1.6410904
1023.75 1.5956215
1027.0 1.5191095
1030.25 1.5126183
1033.5 1.4660375
1036.75 1.4937283
1040.0 1.4965183
1043.25 1.4900327
1046.5 1.5050169
1049.75 1.4849113
1053.0 1.5059829
1056.25 1.5254806
1059.5 1.5265403
1062.75 1.5578908
1066.0 1.4963244
1069.25 1.4847314
1072.5 1.4640472
1075.75 1.4866076
1079.0 1.4918828
1082.25 1.4692458
1085.5 1.3936136
1088.75 1.3474225
1092.0 1.3273100
1095.25 1.3017194
1098.5 1.3027400
1101.75 1.2981291
1105.0 1.2945690
1108.25 1.3138790
1111.5 1.3086687
1114.75 1.3285635
1118.0 1.3336365
1121.25 1.3301235
1124.5 1.3137777
1127.75 1.3293389
1131.0 1.3342183
1134.25 1.3692702
1137.5 1.3462172
1140.75 1.3235368
1144.0 1.2643749
1147.25 1.2824609
1150.5 1.2874454
1153.75 1.2694941
1157.0 1.3115824
1160.25 1.3232235
1163.5 1.2876542
1166.75 1.2649657
1170.0 1.2659050
1173.25 1.2651917
1176.5 1.2639048
1179.75 1.2792770
1183.0 1.2562340
1186.25 1.2515922
1189.5 1.2669283
1192.75 1.2648369
1196.0 1.2954968
1199.25 1.2892679
1202.5 1.3719426
1205.75 1.3665725
1209.0 1.3798295
1212.25 1.3583112
1215.5 1.3606569
1218.75 1.3725542
1222.0 1.4329684
1225.25 1.5411823
1228.5 1.6393453
1231.75 1.7191390
1235.0 1.7491467
1238.25 1.8402578
1241.5 1.7592543
1244.75 1.6079042
1248.0 1.4701612
1251.25 1.3785876
1254.5 1.3354946
1257.75 1.2916825
1261.0 1.2505106
1264.25 1.2188524
1267.5 1.2094653
1270.75 1.1631726
1274.0 1.1441010
1277.25 1.1342911
1280.5 1.1445177
1283.75 1.1485759
1287.0 1.1213294
1290.25 1.1251425
1293.5 1.1303059
1296.75 1.1389593
1300.0 1.1099807
1303.25 1.1213157
1306.5 1.1467026
1309.75 1.0839128
1313.0 1.1118507
1316.25 1.1182468
1319.5 1.1097007
1322.75 1.1184502
1326.0 1.1000322
1329.25 1.0847788
1332.5 1.1142119
1335.75 1.1585523
1339.0 1.1349186
1342.25 1.1627307
1345.5 1.1522682
1348.75 1.1546839
1352.0 1.1475127
1355.25 1.1615976
1358.5 1.1575989
1361.75 1.1540267
1365.0 1.1165947
1368.25 1.0979220
1371.5 1.1116062
1374.75 1.1268672
1378.0 1.0786967
1381.25 1.1302309
1384.5 1.0903982
1387.75 1.1159084
1391.0 1.1051780
1394.25 1.1271126
1397.5 1.0733590
1400.75 1.0887034
1404.0 1.0871298
1407.25 1.1055728
1410.5 1.0503379
1413.75 1.0621158
1417.0 1.0817834
1420.25 1.0332000
1423.5 1.0518857
1426.75 1.0195808
1430.0 0.99068642
1433.25 0.98895681
1436.5 0.98722970
1439.75 0.99301094
1443.0 0.99833024
1446.25 0.99909937
1449.5 0.98444581
1452.75 0.97862661
1456.0 0.97691250
1459.25 0.97520131
1462.5 0.98665696
1465.75 0.98417294
1469.0 0.99779445
1472.25 1.0029310
1475.5 1.0016533
1478.75 1.0080531
1482.0 1.0164437
1485.25 1.0339180
1488.5 1.0561604
1491.75 1.0470083
1495.0 1.0737095
1498.25 1.0850548
1501.5 1.0931820
1504.75 1.0982515
1508.0 1.1050631
1511.25 1.1179324
1514.5 1.1225897
1517.75 1.1064239
1521.0 1.0956725
1524.25 1.0701734
1527.5 1.0665174
1530.75 1.0449697
1534.0 1.0592409
1537.25 1.0452483
1540.5 1.0375456
1543.75 1.0394536
1547.0 1.0320699
1550.25 1.0335263
1553.5 1.0348266
1556.75 1.0457143
1560.0 1.0691981
1563.25 1.0518305
1566.5 1.0886302
1569.75 1.1144494
1573.0 1.1463661
1576.25 1.1418705
1579.5 1.1083834
1582.75 1.1017677
1586.0 1.1042061
1589.25 1.0780790
1592.5 1.0569823
1595.75 1.0499864
1599.0 1.0448920
1602.25 1.0638852
1605.5 1.0845079
1608.75 1.0877751
1612.0 1.0797209
1615.25 1.0814601
1618.5 1.0736914
1621.75 1.0781553
1625.0 1.0662345
1628.25 1.0608640
1631.5 1.0611670
1634.75 1.0553607
1638.0 1.0411447
1641.25 1.0252342
1644.5 1.0339422
1647.75 1.0365115
1651.0 1.0361168
1654.25 1.0252644
1657.5 1.0164793
1660.75 1.0130024
1664.0 1.0071639
1667.25 1.0024693
1670.5 0.99310791
1673.75 0.97896290
1677.0 0.98316616
1680.25 0.98250669
1683.5 0.97090942
1686.75 0.94480377
1690.0 0.96837038
1693.25 0.97194993
1696.5 0.96533972
1699.75 0.96460539
1703.0 0.97219425
1706.25 0.95354497
1709.5 0.95319110
1712.75 0.93391639
1716.0 0.91863954
1719.25 0.88211477
1722.5 0.87743199
1725.75 0.87534928
1729.0 0.86617917
1732.25 0.88910711
1735.5 0.90144259
1738.75 0.90277028
1742.0 0.88281822
1745.25 0.89123905
1748.5 0.89454883
1751.75 0.90598810
1755.0 0.90552640
1758.25 0.92589045
1761.5 0.95217156
1764.75 0.95992064
1768.0 0.94700712
1771.25 0.97539234
1774.5 0.98777246
1777.75 0.98620325
1781.0 0.99067473
1784.25 1.0301369
1787.5 1.0547768
1790.75 1.0486873
1794.0 1.0679983
1797.25 1.0430669
1800.5 1.0685265
1803.75 1.1044825
1807.0 1.1958176
1810.25 1.3028375
1813.5 1.4694439
1816.75 1.6391600
1820.0 1.6905440
1823.25 1.6036929
1826.5 1.4195910
1829.75 1.2622396
1833.0 1.1643696
1836.25 1.1156949
1839.5 1.0772475
1842.75 1.0473877
1846.0 1.0237818
1849.25 1.0011444
1852.5 0.99349850
1855.75 0.97284734
1859.0 0.95489651
1862.25 0.93447834
1865.5 0.92271894
1868.75 0.91937137
1872.0 0.89252651
1875.25 0.89371681
1878.5 0.87098843
1881.75 0.86479634
1885.0 0.86332953
1888.25 0.82722920
1891.5 0.83914232
1894.75 0.83810657
1898.0 0.84991229
1901.25 0.87272972
1904.5 0.88041025
1907.75 0.88292819
1911.0 0.88172799
1914.25 0.88737214
1917.5 0.87479359
1920.75 0.87648779
1924.0 0.88763654
1927.25 0.87407851
1930.5 0.87658250
1933.75 0.86040002
1937.0 0.86514217
1940.25 0.84386075
1943.5 0.82925272
1946.75 0.81398398
1950.0 0.80621213
1953.25 0.78650409
1956.5 0.77817965
1959.75 0.75652826
1963.0 0.74157423
1966.25 0.73823297
1969.5 0.74487871
1972.75 0.73483008
1976.0 0.75019497
1979.25 0.75378430
1982.5 0.75582916
1985.75 0.75540304
1989.0 0.75571597
1992.25 0.77036458
1995.5 0.76205540
1998.75 0.77676415
2002.0 0.77557361
2005.25 0.77218026
2008.5 0.76344895
2011.75 0.77089518
2015.0 0.76513332
2018.25 0.78110087
2021.5 0.80056429
2024.75 0.80236834
2028.0 0.83410865
2031.25 0.84050548
2034.5 0.83980054
2037.75 0.82795042
2041.0 0.82681382
2044.25 0.79603356
2047.5 0.81334996
2050.75 0.80502260
2054.0 0.80318159
2057.25 0.81289834
2060.5 0.83399343
2063.75 0.83446217
2067.0 0.84456050
2070.25 0.84948194
2073.5 0.85572439
2076.75 0.84697711
2080.0 0.85073066
2083.25 0.83772922
2086.5 0.84683806
2089.75 0.83604079
2093.0 0.81088442
2096.25 0.81088841
2099.5 0.82051605
2102.75 0.79857218
2106.0 0.79702002
2109.25 0.79729474
2112.5 0.79649675
2115.75 0.80881089
2119.0 0.80492157
2122.25 0.79095322
2125.5 0.78907800
2128.75 0.80462807
2132.0 0.80277699
2135.25 0.79696757
2138.5 0.81123185
2141.75 0.78796005
2145.0 0.77787745
2148.25 0.76713347
2151.5 0.75942278
2154.75 0.75339919
2158.0 0.73756409
2161.25 0.73433936
2164.5 0.74269056
2167.75 0.74898267
2171.0 0.75830060
2174.25 0.78164440
2177.5 0.75474423
2180.75 0.74393249
2184.0 0.73903275
2187.25 0.73522198
2190.5 0.72637004
2193.75 0.74330074
2197.0 0.74029726
2200.25 0.74524218
2203.5 0.73799181
2206.75 0.73997796
2210.0 0.74009848
2213.25 0.75673753
2216.5 0.76087922
2219.75 0.77345306
2223.0 0.79823750
2226.25 0.83038974
2229.5 0.79088980
2232.75 0.76049775
2236.0 0.76452088
2239.25 0.75245827
2242.5 0.72468990
2245.75 0.73249155
2249.0 0.73428512
2252.25 0.71358037
2255.5 0.70844686
2258.75 0.69241410
2262.0 0.68232358
2265.25 0.70033985
2268.5 0.69807017
2271.75 0.68789804
2275.0 0.70106941
2278.25 0.68320543
2281.5 0.67193669
2284.75 0.67137384
2288.0 0.65979499
2291.25 0.64858627
2294.5 0.63581365
2297.75 0.64354175
2301.0 0.64170629
2304.25 0.62289476
2307.5 0.62810904
2310.75 0.63795793
2314.0 0.64193332
2317.25 0.62953931
2320.5 0.64078838
2323.75 0.65646780
2327.0 0.64387786
2330.25 0.65761048
2333.5 0.63849539
2336.75 0.63973689
2340.0 0.63000423
2343.25 0.63786113
2346.5 0.64134473
2349.75 0.62847096
2353.0 0.64561683
2356.25 0.63448405
2359.5 0.62859517
2362.75 0.63385171
2366.0 0.61987007
2369.25 0.62640208
2372.5 0.62115926
2375.75 0.62502408
2379.0 0.62888420
2382.25 0.62019598
2385.5 0.61462063
2388.75 0.61264312
2392.0 0.60956782
2395.25 0.60561830
2398.5 0.60577142
2401.75 0.61398298
2405.0 0.61283708
2408.25 0.61200178
2411.5 0.60004014
2414.75 0.60206294
2418.0 0.62713152
2421.25 0.70661688
2424.5 0.73378569
2427.75 0.61992639
2431.0 0.59774667
2434.25 0.59741741
2437.5 0.59011185
2440.75 0.61108494
2444.0 0.59379613
2447.25 0.58056444
2450.5 0.58438569
2453.75 0.57758170
2457.0 0.56978327
2460.25 0.56361979
2463.5 0.55647719
2466.75 0.52608222
2470.0 0.53444749
2473.25 0.52426523
2476.5 0.54699284
2479.75 0.54551345
2483.0 0.53950596
2486.25 0.53397995
2489.5 0.52988088
2492.75 0.54327095
2496.0 0.53201854
2499.25 0.54076010
2502.5 0.54883367
2505.75 0.55773586
2509.0 0.57974857
2512.25 0.62383378
2515.5 0.64966804
2518.75 0.58372778
2522.0 0.54534656
2525.25 0.56473309
2528.5 0.56910056
2531.75 0.53927308
2535.0 0.52760124
2538.25 0.52823836
2541.5 0.51882786
2544.75 0.51562887
2548.0 0.50592977
2551.25 0.49115950
2554.5 0.47480759
2557.75 0.47138351
2561.0 0.48560914
2564.25 0.49997562
2567.5 0.50129235
2570.75 0.50677395
2574.0 0.51914251
2577.25 0.51945031
2580.5 0.51612741
2583.75 0.49882221
2587.0 0.50080580
2590.25 0.49808255
2593.5 0.47730982
2596.75 0.48329169
2600.0 0.46698600
2603.25 0.46690547
2606.5 0.45871967
2609.75 0.46860611
2613.0 0.47446221
2616.25 0.46572098
2619.5 0.45099652
2622.75 0.45041752
2626.0 0.44823420
2629.25 0.44286165
2632.5 0.45623186
2635.75 0.44655070
2639.0 0.45792696
2642.25 0.46693563
2645.5 0.49529400
2648.75 0.48756132
2652.0 0.48459673
2655.25 0.50590676
2658.5 0.51288640
2661.75 0.53067362
2665.0 0.56418973
2668.25 0.54757440
2671.5 0.52010757
2674.75 0.51741177
2678.0 0.49418777
2681.25 0.48174495
2684.5 0.47664332
2687.75 0.46857986
2691.0 0.45286223
2694.25 0.43536130
2697.5 0.43021780
2700.75 0.43215379
2704.0 0.44403130
2707.25 0.44039035
2710.5 0.43745509
2713.75 0.44701374
2717.0 0.43150824
2720.25 0.42597997
2723.5 0.43374497
2726.75 0.42373976
2730.0 0.41909400
2733.25 0.41835913
2736.5 0.41762629
2739.75 0.41945454
2743.0 0.42283827
2746.25 0.42082229
2749.5 0.41917354
2752.75 0.44251999
2756.0 0.43976977
2759.25 0.44638228
2762.5 0.43834075
2765.75 0.42769879
2769.0 0.42077249
2772.25 0.43954828
2775.5 0.43919256
2778.75 0.43597263
2782.0 0.45603913
2785.25 0.44385147
2788.5 0.45812219
2791.75 0.48297119
2795.0 0.47454724
2798.25 0.48417851
2801.5 0.49297109
2804.75 0.51306373
2808.0 0.54550743
2811.25 0.55144089
2814.5 0.58187497
2817.75 0.62971562
2821.0 0.65295166
2824.25 0.65563643
2827.5 0.60954928
2830.75 0.59858167
2834.0 0.59250110
2837.25 0.56367117
2840.5 0.53808904
2843.75 0.49272099
2847.0 0.48237512
2850.25 0.46311352
2853.5 0.45369998
2856.75 0.46513876
2860.0 0.45239252
2863.25 0.44463670
2866.5 0.44503003
2869.75 0.43457249
2873.0 0.43145037
2876.25 0.42914814
2879.5 0.40260372
2882.75 0.41632688
2886.0 0.41413647
2889.25 0.42463565
2892.5 0.41537562
2895.75 0.41350499
2899.0 0.43207243
2902.25 0.43826008
2905.5 0.45474026
2908.75 0.44809541
2912.0 0.44462290
2915.25 0.42788547
2918.5 0.45138389
2921.75 0.45232752
2925.0 0.45505121
2928.25 0.45172480
2931.5 0.46866187
2934.75 0.48855394
2938.0 0.48497275
2941.25 0.46502179
2944.5 0.45396301
2947.75 0.44289991
2951.0 0.44591904
2954.25 0.47866675
2957.5 0.46559030
2960.75 0.45984104
2964.0 0.47758996
2967.25 0.47350779
2970.5 0.43843991
2973.75 0.46199983
2977.0 0.48028350
2980.25 0.45955387
2983.5 0.45071369
2986.75 0.45775560
2990.0 0.44059196
2993.25 0.43026289
2996.5 0.43159267
2999.75 0.44526565
3003.0 0.46134230
3006.25 0.46098119
3009.5 0.45168757
3012.75 0.45722046
3016.0 0.44350806
3019.25 0.45078889
3022.5 0.43706888
3025.75 0.45988333
3029.0 0.43275037
3032.25 0.44670287
3035.5 0.42800865
3038.75 0.43191570
3042.0 0.43517050
3045.25 0.44940218
3048.5 0.40979540
3051.75 0.40882307
3055.0 0.38427594
3058.25 0.37933460
3061.5 0.37394169
3064.75 0.38299334
3068.0 0.38164937
3071.25 0.38041815
3074.5 0.37350437
3077.75 0.37907416
3081.0 0.38287935
3084.25 0.37474772
3087.5 0.36208728
3090.75 0.36522171
3094.0 0.36661601
3097.25 0.36461136
3100.5 0.37019652
3103.75 0.37480345
3107.0 0.38146451
3110.25 0.37992534
3113.5 0.37683928
3116.75 0.38407516
3120.0 0.39499587
3123.25 0.39515001
3126.5 0.39867708
3129.75 0.41349843
3133.0 0.43775994
3136.25 0.43969312
3139.5 0.47247180
3142.75 0.47670877
3146.0 0.49252528
3149.25 0.52918833
3152.5 0.55083287
3155.75 0.61611634
3159.0 0.67187428
3162.25 0.65047807
3165.5 0.60659784
3168.75 0.56317103
3172.0 0.53261042
3175.25 0.50600910
3178.5 0.47248477
3181.75 0.46394211
3185.0 0.45923313
3188.25 0.44314116
3191.5 0.41833258
3194.75 0.43071061
3198.0 0.41656324
3201.25 0.41007802
3204.5 0.40305784
3207.75 0.39211807
3211.0 0.38774908
3214.25 0.39773899
3217.5 0.39772865
3220.75 0.46920693
3224.0 0.51279271
3227.25 0.42854008
3230.5 0.38051307
3233.75 0.37035415
3237.0 0.36715981
3240.25 0.35804695
3243.5 0.38124219
3246.75 0.41640362
3250.0 0.50591570
3253.25 0.71258646
3256.5 0.71076685
3259.75 0.47784722
3263.0 0.40217626
3266.25 0.37800363
3269.5 0.36753479
3272.75 0.35878199
3276.0 0.35180792
3279.25 0.35195240
3282.5 0.34937787
3285.75 0.34978822
3289.0 0.34922832
3292.25 0.34344456
3295.5 0.33954230
3298.75 0.33945373
3302.0 0.32639271
3305.25 0.31960332
3308.5 0.33356729
3311.75 0.33048871
3315.0 0.33451456
3318.25 0.32095268
3321.5 0.32349548
3324.75 0.31890383
3328.0 0.32995665
3331.25 0.32408315
3334.5 0.31566134
3337.75 0.32282248
3341.0 0.32073495
3344.25 0.33042940
3347.5 0.33206809
3350.75 0.34529528
3354.0 0.35268176
3357.25 0.34763733
3360.5 0.33751255
3363.75 0.35228229
3367.0 0.33763221
3370.25 0.32918835
3373.5 0.32977358
3376.75 0.34830454
3380.0 0.34171918
3383.25 0.32365260
3386.5 0.32782724
3389.75 0.33077145
3393.0 0.33625349
3396.25 0.33072865
3399.5 0.33379626
3402.75 0.33241507
3406.0 0.33417460
3409.25 0.32190949
3412.5 0.32729441
3415.75 0.33784720
3419.0 0.32153970
3422.25 0.33055362
3425.5 0.33181694
3428.75 0.32931295
3432.0 0.32971379
3435.25 0.33201957
3438.5 0.32978237
3441.75 0.34239021
3445.0 0.32678396
3448.25 0.31984150
3451.5 0.34967735
3454.75 0.32633844
3458.0 0.34144476
3461.25 0.33274537
3464.5 0.32276610
3467.75 0.31812593
3471.0 0.31444132
3474.25 0.32378963
3477.5 0.30679438
3480.75 0.30943680
3484.0 0.31251755
3487.25 0.30906197
3490.5 0.29448301
3493.75 0.29981217
3497.0 0.30697101
3500.25 0.30624971
3503.5 0.29686686
3506.75 0.29788759
3510.0 0.29531091
3513.25 0.28952482
3516.5 0.29523206
3519.75 0.30116260
3523.0 0.29906189
3526.25 0.29168954
3529.5 0.28737834
3532.75 0.28302094
3536.0 0.29276708
3539.25 0.28220710
3542.5 0.30120450
3545.75 0.28383884
3549.0 0.28505951
3552.25 0.28059003
3555.5 0.28018796
3558.75 0.27978680
3562.0 0.27938643
3565.25 0.28570947
3568.5 0.28687960
3571.75 0.29340154
3575.0 0.28616989
3578.25 0.28695089
3581.5 0.27700269
3584.75 0.27660835
3588.0 0.28441173
3591.25 0.29275304
3594.5 0.28773323
3597.75 0.28064266
3601.0 0.29161400
3604.25 0.29621446
3607.5 0.28128695
3610.75 0.28440392
3614.0 0.27309778
3617.25 0.27271190
3620.5 0.27813169
3623.75 0.27348354
3627.0 0.29890913
3630.25 0.28529564
3633.5 0.27745527
3636.75 0.30970776
3640.0 0.30552912
3643.25 0.29167423
3646.5 0.28628996
3649.75 0.27326798
3653.0 0.27284119
3656.25 0.26814514
3659.5 0.27686888
3662.75 0.26739535
3666.0 0.26864523
3669.25 0.26664874
3672.5 0.26877129
3675.75 0.26590526
3679.0 0.26733530
3682.25 0.26630712
3685.5 0.26479593
3688.75 0.27396944
3692.0 0.26987186
3695.25 0.26369381
3698.5 0.26332790
3701.75 0.26296285
3705.0 0.26259848
3708.25 0.26223496
3711.5 0.26187220
3714.75 0.26151016
3718.0 0.26685536
3721.25 0.26078838
3724.5 0.26118463
3727.75 0.26006967
3731.0 0.26121104
3734.25 0.25944108
3737.5 0.25899711
3740.75 0.26148042
3744.0 0.26509896
3747.25 0.26633719
3750.5 0.26382923
3753.75 0.26335454
3757.0 0.26257083
3760.25 0.25892419
3763.5 0.26103428
3766.75 0.25930366
3770.0 0.25877973
3773.25 0.26451775
3776.5 0.27608186
3779.75 0.26251373
3783.0 0.27159438
3786.25 0.26632041
3789.5 0.27453133
3792.75 0.26807439
3796.0 0.27674928
3799.25 0.27230960
3802.5 0.27352765
3805.75 0.28146014
3809.0 0.27461308
3812.25 0.27983788
3815.5 0.28904703
3818.75 0.31118795
3822.0 0.30404738
3825.25 0.29815838
3828.5 0.29975751
3831.75 0.27331626
3835.0 0.26871777
3838.25 0.28121129
3841.5 0.27621791
3844.75 0.26658559
3848.0 0.26801530
3851.25 0.26947278
3854.5 0.26980889
3857.75 0.26504144
3861.0 0.27025625
3864.25 0.27579662
3867.5 0.25881281
3870.75 0.26156282
3874.0 0.25974941
3877.25 0.26806852
3880.5 0.25288212
3883.75 0.25558230
3887.0 0.25487664
3890.25 0.25395396
3893.5 0.25577024
3896.75 0.25525382
3900.0 0.25462121
3903.25 0.25692010
3906.5 0.25275925
3909.75 0.25064680
3913.0 0.24624301
3916.25 0.24603631
3919.5 0.24202015
3922.75 0.24671699
3926.0 0.24724628
3929.25 0.25008926
3932.5 0.25211149
3935.75 0.24250284
3939.0 0.24771130
3942.25 0.25514749
3945.5 0.25216955
3948.75 0.25468099
3952.0 0.25932485
3955.25 0.25507498
3958.5 0.25696483
3961.75 0.25188392
3965.0 0.26454327
3968.25 0.24324526
3971.5 0.23515747
3974.75 0.23872328
3978.0 0.23553587
3981.25 0.23681158
3984.5 0.23714399
3987.75 0.24180521
3991.0 0.24628013
3994.25 0.23510039
3997.5 0.24171346
4000.75 0.24825543
4004.0 0.23911244
4007.25 0.23512661
4010.5 0.23151252
4013.75 0.23121272
4017.0 0.23219551
4020.25 0.24590629
4023.5 0.23429315
4026.75 0.23567851
4030.0 0.22972260
4033.25 0.23030271
4036.5 0.23010817
4039.75 0.23385383
4043.0 0.23149785
4046.25 0.23678102
4049.5 0.23757939
4052.75 0.23219085
4056.0 0.23059779
4059.25 0.23025610
4062.5 0.23690131
4065.75 0.23542638
4069.0 0.23046120
4072.25 0.22879256
4075.5 0.22703476
4078.75 0.22594397
4082.0 0.22781998
4085.25 0.22981539
4088.5 0.23741265
4091.75 0.24068066
4095.0 0.24523960
4098.25 0.25304195
4101.5 0.24293083
4104.75 0.23103194
4108.0 0.23179226
4111.25 0.22940429
4114.5 0.22583288
4117.75 0.22936158
4121.0 0.23619282
4124.25 0.23868448
4127.5 0.23126304
4130.75 0.23307191
4134.0 0.23656525
4137.25 0.24084437
4140.5 0.24450515
4143.75 0.23246431
4147.0 0.23477310
4150.25 0.23913702
4153.5 0.23985864
4156.75 0.23476598
4160.0 0.23435576
4163.25 0.23784231
4166.5 0.23763131
4169.75 0.23504834
4173.0 0.24082774
4176.25 0.23836865
4179.5 0.24174067
4182.75 0.24753352
4186.0 0.24408270
4189.25 0.25119537
4192.5 0.24717805
4195.75 0.26397115
4199.0 0.26592937
4202.25 0.27289665
4205.5 0.28058285
4208.75 0.27945006
4212.0 0.28516379
4215.25 0.30116457
4218.5 0.30283943
4221.75 0.31603667
4225.0 0.33063895
4228.25 0.35093418
4231.5 0.37443367
4234.75 0.40279016
4238.0 0.44185078
4241.25 0.49064070
4244.5 0.55035669
4247.75 0.62071973
4251.0 0.72775924
4254.25 0.85507202
4257.5 1.0154290
4260.75 1.1771442
4264.0 1.3846794
4267.25 1.4230113
4270.5 1.2169265
4273.75 1.0128613
4277.0 0.92149413
4280.25 0.86792535
4283.5 0.75160730
4286.75 0.63407034
4290.0 0.57122600
4293.25 0.52103347
4296.5 0.47514173
4299.75 0.44017154
4303.0 0.41878039
4306.25 0.39209658
4309.5 0.36506453
4312.75 0.34260443
4316.0 0.32004252
4319.25 0.30075184
4322.5 0.29465088
4325.75 0.28859586
4329.0 0.27408224
4332.25 0.27231127
4335.5 0.26720101
4338.75 0.26750156
4342.0 0.27221149
4345.25 0.27144620
4348.5 0.26579121
4351.75 0.25716901
4355.0 0.27000901
4358.25 0.27694380
4361.5 0.28258079
4364.75 0.31118387
4368.0 0.30956933
4371.25 0.28859347
4374.5 0.29149500
4377.75 0.29501110
4381.0 0.28653055
4384.25 0.26442975
4387.5 0.24291615
4390.75 0.24052776
4394.0 0.23443273
4397.25 0.22731550
4400.5 0.22589026
4403.75 0.21958970
4407.0 0.20991418
4410.25 0.20874546
4413.5 0.20976707
4416.75 0.20939602
4420.0 0.19963272
4423.25 0.19776216
4426.5 0.19752817
4429.75 0.20384964
4433.0 0.21187186
4436.25 0.20347653
4439.5 0.20051393
4442.75 0.19992328
4446.0 0.19613004
4449.25 0.19589862
4452.5 0.19566768
4455.75 0.20887350
4459.0 0.20091213
4462.25 0.20234118
4465.5 0.19474809
4468.75 0.19451924
4472.0 0.19805571
4475.25 0.20439582
4478.5 0.20279413
4481.75 0.19801466
4485.0 0.20000340
4488.25 0.20017461
4491.5 0.19867828
4494.75 0.19270407
4498.0 0.19247906
4501.25 0.19225447
4504.5 0.19380905
4507.75 0.19180660
4511.0 0.19158326
4514.25 0.19136038
4517.5 0.19587672
4520.75 0.19091582
4524.0 0.19069417
4527.25 0.19047293
4530.5 0.19308619
4533.75 0.19003165
4537.0 0.18981165
4540.25 0.18959205
4543.5 0.18937284
4546.75 0.19447836
4550.0 0.19007030
4553.25 0.20054023
4556.5 0.18992667
4559.75 0.18991418
4563.0 0.18806624
4566.25 0.18784989
4569.5 0.20125072
4572.75 0.20880711
4576.0 0.20155190
4579.25 0.21652985
4582.5 0.20020238
4585.75 0.22526383
4589.0 0.21204314
4592.25 0.19592516
4595.5 0.21804355
4598.75 0.20311384
4602.0 0.19808374
4605.25 0.19972992
4608.5 0.19341089
4611.75 0.19067135
4615.0 0.18465228
4618.25 0.18444222
4621.5 0.18708344
4624.75 0.19408992
4628.0 0.18381445
4631.25 0.18360600
4634.5 0.18339790
4637.75 0.18319020
4641.0 0.20146464
4644.25 0.18713157
4647.5 0.18256934
4650.75 0.18236320
4654.0 0.18543182
4657.25 0.18417102
4660.5 0.18174687
4663.75 0.18154228
4667.0 0.18668562
4670.25 0.19246793
4673.5 0.20312044
4676.75 0.18072733
4680.0 0.19993798
4683.25 0.18084320
4686.5 0.18935183
4689.75 0.17991842
4693.0 0.19208689
4696.25 0.18702836
4699.5 0.18663873
4702.75 0.19033560
4706.0 0.19920042
4709.25 0.18976545
4712.5 0.17851716
4715.75 0.19053519
4719.0 0.21092555
4722.25 0.17792210
4725.5 0.17772450
4728.75 0.17803749
4732.0 0.17733030
4735.25 0.17713378
4738.5 0.17693758
4741.75 0.19425018
4745.0 0.18921028
4748.25 0.17635123
4751.5 0.17615651
4754.75 0.18559213
4758.0 0.19859470
4761.25 0.17557441
4764.5 0.17703432
4767.75 0.21637619
4771.0 0.18606457
4774.25 0.18444613
4777.5 0.17461137
4780.75 0.19840023
4784.0 0.21202843
4787.25 0.20252708
4790.5 0.22274742
4793.75 0.21805403
4797.0 0.22978762
4800.25 0.19971107
4803.5 0.20720857
4806.75 0.25517324
4810.0 0.22884817
4813.25 0.21960121
4816.5 0.19875439
4819.75 0.19205207
4823.0 0.23737815
4826.25 0.22640644
4829.5 0.21901476
4832.75 0.20397979
4836.0 0.18249868
4839.25 0.20622750
4842.5 0.17084633
4845.75 0.17066166
4849.0 0.17047732
4852.25 0.17029338
4855.5 0.17010973
4858.75 0.16992640
4862.0 0.16974346
4865.25 0.16956079
4868.5 0.16937849
4871.75 0.16919650
4875.0 0.16901489
4878.25 0.16883355
4881.5 0.16865258
4884.75 0.16847195
4888.0 0.16829164
4891.25 0.16811167
4894.5 0.16793199
4897.75 0.16775268
4901.0 0.16757366
4904.25 0.16739500
4907.5 0.16721666
4910.75 0.16703862
4914.0 0.16686097
4917.25 0.16668358
4920.5 0.16650650
4923.75 0.16632976
4927.0 0.16615337
4930.25 0.16597731
4933.5 0.16580151
4936.75 0.16562608
4940.0 0.16545101
4943.25 0.16527618
4946.5 0.16510171
4949.75 0.16492754
4953.0 0.16475369
4956.25 0.16458017
4959.5 0.16440699
4962.75 0.16423412
4966.0 0.16406156
4969.25 0.16388926
4972.5 0.16371731
4975.75 0.16354570
4979.0 0.16337435
4982.25 0.16320336
4985.5 0.16303265
4988.75 0.16286230
4992.0 0.16269222
4995.25 0.16252246
4998.5 0.16235302
5001.75 0.16218390
5005.0 0.16201505
5008.25 0.16184652
5011.5 0.16167833
5014.75 0.16151039
5018.0 0.16134283
5021.25 0.16117550
5024.5 0.16100848
5027.75 0.16084184
5031.0 0.16067554
5034.25 0.16050941
5037.5 0.16034360
5040.75 0.16017817
5044.0 0.16001301
5047.25 0.15984808
5050.5 0.15968348
5053.75 0.15951937
5057.0 0.15935528
5060.25 0.15919167
5063.5 0.15902835
5066.75 0.15886530
5070.0 0.15870254
5073.25 0.15854003
5076.5 0.15837781
5079.75 0.15821606
5083.0 0.15805441
5086.25 0.15789312
5089.5 0.15773207
5092.75 0.15757139
5096.0 0.15741099
5099.25 0.15725088
5102.5 0.15709105
5105.75 0.15693159
5109.0 0.15677239
5112.25 0.15661347
5115.5 0.15645479
5118.75 0.15629645
5122.0 0.15613841
5125.25 0.15598057
5128.5 0.15582308
5131.75 0.15566596
5135.0 0.15550895
5138.25 0.15535237
5141.5 0.15519607
5144.75 0.15504001
5148.0 0.15488426
5151.25 0.15472877
5154.5 0.15457349
5157.75 0.15441868
5161.0 0.15426400
5164.25 0.15410967
5167.5 0.15395561
5170.75 0.15380186
5174.0 0.15364832
5177.25 0.15349518
5180.5 0.15334228
5183.75 0.15318963
5187.0 0.15303721
5190.25 0.15288515
5193.5 0.15273334
5196.75 0.15258178
5200.0 0.15243052
5203.25 0.15227960
5206.5 0.15212885
5209.75 0.15197849
5213.0 0.15182836
5216.25 0.15167852
5219.5 0.15152882
5222.75 0.15137956
5226.0 0.15123045
5229.25 0.15108182
5232.5 0.15093330
5235.75 0.15078503
5239.0 0.15063711
5242.25 0.15048939
5245.5 0.15034209
5248.75 0.15019496
5252.0 0.15004800
5255.25 0.14990146
5258.5 0.14975519
5261.75 0.14960915
5265.0 0.14946333
5268.25 0.14931785
5271.5 0.14917265
5274.75 0.14902762
5278.0 0.14888288
5281.25 0.14873855
5284.5 0.14859436
5287.75 0.14845037
5291.0 0.14830679
5294.25 0.14816336
5297.5 0.14802033
5300.75 0.14787748
5304.0 0.14773484
5307.25 0.14759259
5310.5 0.14745054
5313.75 0.14730875
5317.0 0.14716719
5320.25 0.14702594
5323.5 0.14688498
5326.75 0.14674418
5330.0 0.14660378
5333.25 0.14646350
5336.5 0.14632356
5339.75 0.14618386
5343.0 0.14604443
5346.25 0.14590524
5349.5 0.14576641
5352.75 0.14562772
5356.0 0.14548929
5359.25 0.14535119
5362.5 0.14521325
5365.75 0.14507566
5369.0 0.14493825
5372.25 0.14480111
5375.5 0.14466426
5378.75 0.14452767
5382.0 0.14439124
5385.25 0.14425521
5388.5 0.14411937
5391.75 0.14398374
5395.0 0.14384840
5398.25 0.14371328
5401.5 0.14357848
5404.75 0.14344384
5408.0 0.14330961
5411.25 0.14317551
5414.5 0.14304158
5417.75 0.14290805
5421.0 0.14277476
5424.25 0.14264163
5427.5 0.14250879
5430.75 0.14237621
5434.0 0.14224389
5437.25 0.14211181
5440.5 0.14197993
5443.75 0.14184830
5447.0 0.14171694
5450.25 0.14158586
5453.5 0.14145502
5456.75 0.14132446
5460.0 0.14119403
5463.25 0.14106397
5466.5 0.14093411
5469.75 0.14080448
5473.0 0.14067508
5476.25 0.14054590
5479.5 0.14041707
5482.75 0.14028835
5486.0 0.14015992
5489.25 0.14003174
5492.5 0.13990386
5495.75 0.13977619
5499.0 0.13964869
5502.25 0.13952145
5505.5 0.13939458
5508.75 0.13926782
5512.0 0.13914128
5515.25 0.13901506
5518.5 0.13888910
5521.75 0.13876326
5525.0 0.13863774
5528.25 0.13851242
5531.5 0.13838735
5534.75 0.13826258
5538.0 0.13813795
5541.25 0.13801363
5544.5 0.13788952
5547.75 0.13776563
5551.0 0.13764198
5554.25 0.13751863
5557.5 0.13739540
5560.75 0.13727251
5564.0 0.13714977
5567.25 0.13702729
5570.5 0.13690504
5573.75 0.13678308
5577.0 0.13666129
5580.25 0.13653973
5583.5 0.13641848
5586.75 0.13629736
5590.0 0.13617653
5593.25 0.13605593
5596.5 0.13593550
5599.75 0.13581538
5603.0 0.13569541
5606.25 0.13557579
5609.5 0.13545629
5612.75 0.13533707
5616.0 0.13521807
5619.25 0.13509923
5622.5 0.13498072
5625.75 0.13486238
5629.0 0.13474427
5632.25 0.13462639
5635.5 0.13450874
5638.75 0.13439134
5642.0 0.13427410
5645.25 0.13415720
5648.5 0.13404045
5651.75 0.13392387
5655.0 0.13380761
5658.25 0.13369153
5661.5 0.13357574
5664.75 0.13346006
5668.0 0.13334472
5671.25 0.13322951
5674.5 0.13311459
5677.75 0.13299985
5681.0 0.13288537
5684.25 0.13277110
5687.5 0.13265701
5690.75 0.13254313
5694.0 0.13242958
5697.25 0.13231619
5700.5 0.13220301
5703.75 0.13208994
5707.0 0.13197726
5710.25 0.13186480
5713.5 0.13175249
5716.75 0.13164036
5720.0 0.13152848
5723.25 0.13141687
5726.5 0.13130546
5729.75 0.13119417
5733.0 0.13108322
5736.25 0.13097240
5739.5 0.13086185
5742.75 0.13075149
5746.0 0.13064137
5749.25 0.13053147
5752.5 0.13042182
5755.75 0.13031229
5759.0 0.13020308
5762.25 0.13009401
5765.5 0.12998518
5768.75 0.12987657
5772.0 0.12976816
5775.25 0.12965991
5778.5 0.12955198
5781.75 0.12944418
5785.0 0.12933658
5788.25 0.12922923
5791.5 0.12912212
5794.75 0.12901516
5798.0 0.12890853
5801.25 0.12880197
5804.5 0.12869571
5807.75 0.12858962
5811.0 0.12848374
5814.25 0.12837808
5817.5 0.12827264
5820.75 0.12816735
5824.0 0.12806234
5827.25 0.12795748
5830.5 0.12785293
5833.75 0.12774849
5837.0 0.12764427
5840.25 0.12754031
5843.5 0.12743655
5846.75 0.12733294
5850.0 0.12722959
5853.25 0.12712640
5856.5 0.12702343
5859.75 0.12692066
5863.0 0.12681811
5866.25 0.12671579
5869.5 0.12661368
5872.75 0.12651171
5876.0 0.12641002
5879.25 0.12630846
5882.5 0.12620714
5885.75 0.12610602
5889.0 0.12600511
5892.25 0.12590441
5895.5 0.12580387
5898.75 0.12570362
5902.0 0.12560347
5905.25 0.12550364
5908.5 0.12540394
5911.75 0.12530445
5915.0 0.12520505
5918.25 0.12510598
5921.5 0.12500715
5924.75 0.12490840
5928.0 0.12480997
5931.25 0.12471165
5934.5 0.12461357
5937.75 0.12451569
5941.0 0.12441796
5944.25 0.12432042
5947.5 0.12422317
5950.75 0.12412604
5954.0 0.12402908
5957.25 0.12393246
5960.5 0.12383597
5963.75 0.12373966
5967.0 0.12364346
5970.25 0.12354758
5973.5 0.12345190
5976.75 0.12335633
5980.0 0.12326097
5983.25 0.12316584
5986.5 0.12307098
5989.75 0.12297615
5993.0 0.12288161
5996.25 0.12278731
5999.5 0.12269311
