300.0 0.0
365.0 0.0000000
368.65 0.0000000
372.3 0.0000000
375.95 0.0000000
379.6 0.0000000
383.25 0.0000000
386.9 0.0000000
390.55 0.0000000
394.2 0.0000000
397.85 0.0000000
401.5 0.0000000
405.15 0.0000000
408.8 0.0000000
412.45 0.0000000
416.1 0.0000000
419.75 0.0000000
423.4 0.0000000
427.05 0.0000000
430.7 0.0000000
434.35 0.0000000
438.0 0.0000000
441.65 0.0000000
445.3 0.0000000
448.95 0.0000000
452.6 0.0000000
456.25 0.0000000
459.9 0.0000000
463.55 0.0000000
467.2 0.0000000
470.85 0.0000000
474.5 0.0000000
478.15 0.0000000
481.8 0.0000000
485.45 0.0000000
489.1 0.0000000
492.75 0.0000000
496.4 0.0000000
500.05 0.0000000
503.7 0.0000000
507.35 0.0000000
511.0 0.0000000
514.65 0.0000000
518.3 0.0000000
521.95 0.0000000
525.6 0.0000000
529.25 0.0000000
532.9 0.0000000
536.55 0.0000000
540.2 0.0000000
543.85 0.0000000
547.5 0.0000000
551.15 0.0000000
554.8 0.0000000
558.45 0.0000000
562.1 0.0000000
565.75 0.0000000
569.4 0.0000000
573.05 0.0000000
576.7 0.0000000
580.35 0.0000000
584.0 0.0000000
587.65 0.0000000
591.3 0.0000000
594.95 0.0000000
598.6 0.0000000
602.25 0.0000000
605.9 0.0000000
609.55 0.0000000
613.2 0.0000000
616.85 0.0000000
620.5 0.0000000
624.15 0.0000000
627.8 0.0000000
631.45 0.0000000
635.1 0.0000000
638.75 0.0000000
642.4 0.0000000
646.05 0.0000000
649.7 0.0000000
653.35 0.0000000
657.0 0.0000000
660.65 0.0000000
664.3 0.0000000
667.95 1.85561962E-02
671.6 1.66063141E-02
675.25 1.47438804E-02
678.9 1.30646257E-02
682.55 1.15391994E-02
686.2 1.01507530E-02
689.85 8.89125653E-03
693.5 7.75500154E-03
697.15 6.73387060E-03
700.8 5.81983617E-03
704.45 5.00645489E-03
708.1 4.28554881E-03
711.75 1.65702272E-02
715.4 1.48986289E-02
719.05 1.33515997E-02
722.7 1.19268335E-02
726.35 1.06183346E-02
730.0 1.03316233E-02
733.65 9.57205053E-03
737.3 8.42850655E-03
740.95 7.96757825E-03
744.6 7.66524998E-03
748.25 7.46615883E-03
751.9 0.11931547
755.55 0.11916162
759.2 9.90628302E-02
762.85 8.10157135E-02
766.5 7.46013150E-02
770.15 7.12204576E-02
773.8 7.00350553E-02
777.45 6.97445944E-02
781.1 6.67327940E-02
784.75 5.93408793E-02
788.4 5.85027821E-02
792.05 5.01872972E-02
795.7 4.29958366E-02
799.35 3.70928906E-02
803.0 3.33301984E-02
806.65 3.15722041E-02
810.3 2.81873345E-02
813.95 2.66974308E-02
817.6 2.54570600E-02
821.25 2.28560083E-02
824.9 1.87657103E-02
828.55 1.66821294E-02
832.2 1.39303366E-02
835.85 1.28232213E-02
839.5 1.15343481E-02
843.15 1.00519806E-02
846.8 8.99036694E-03
850.45 8.29460844E-03
854.1 7.68244918E-03
857.75 7.35324947E-03
861.4 6.75611617E-03
865.05 6.25319453E-03
868.7 5.86966565E-03
872.35 5.67635009E-03
876.0 5.61812846E-03
879.65 5.82363224E-03
883.3 6.23518834E-03
886.95 7.27272825E-03
890.6 2.0370424
894.25 1.6508468
897.9 1.5427918
901.55 1.5451481
905.2 1.4502354
908.85 1.1632175
912.5 1.0062338
916.15 0.94807595
919.8 0.90897024
923.45 0.85151768
927.1 0.77895916
930.75 0.73111898
934.4 0.71553558
938.05 0.71870178
941.7 0.73161495
945.35 0.73784775
949.0 0.79499507
952.65 0.80883527
956.3 0.77536553
959.95 0.70773011
963.6 0.71348840
967.25 0.70817608
970.9 0.72632027
974.55 0.73999751
978.2 0.73211706
981.85 0.70690012
985.5 0.69859475
989.15 0.72189748
992.8 0.71851772
996.45 0.73161620
1000.1 0.72325104
1003.75 0.74126625
1007.4 0.78480774
1011.05 0.83005804
1014.7 0.89232010
1018.35 0.91012305
1022.0 0.92439657
1025.65 0.84183323
1029.3 0.78714776
1032.95 0.74668956
1036.6 0.72962582
1040.25 0.72738814
1043.9 0.69549274
1047.55 0.68763530
1051.2 0.68447065
1054.85 0.68030763
1058.5 0.69344234
1062.15 0.68769693
1065.8 0.67393881
1069.45 0.69505692
1073.1 0.68392473
1076.75 0.69547570
1080.4 0.71300226
1084.05 0.72442961
1087.7 0.74296838
1091.35 0.74278247
1095.0 0.76724780
1098.65 0.78516513
1102.3 0.80519903
1105.95 0.83659244
1109.6 0.89996582
1113.25 0.98463601
1116.9 1.0818104
1120.55 1.2051773
1124.2 1.3584234
1127.85 1.4498532
1131.5 1.3173115
1135.15 1.1185921
1138.8 0.96755546
1142.45 0.88890016
1146.1 0.84961551
1149.75 0.82732606
1153.4 0.78884006
1157.05 0.78664422
1160.7 0.76355350
1164.35 0.77912569
1168.0 0.78172743
1171.65 0.77947688
1175.3 0.78845841
1178.95 0.77904820
1182.6 0.79123712
1186.25 0.80262464
1189.9 0.80432111
1193.55 0.82199681
1197.2 0.79061913
1200.85 0.78558695
1204.5 0.77571630
1208.15 0.78875488
1211.8 0.79263788
1215.45 0.78167427
1219.1 0.74244004
1222.75 0.71879864
1226.4 0.70901734
1230.05 0.69627345
1233.7 0.69774181
1237.35 0.69618756
1241.0 0.69518703
1244.65 0.70647496
1248.3 0.70458442
1251.95 0.71621639
1255.6 0.71987170
1259.25 0.71888971
1262.9 0.71095437
1266.55 0.72028118
1270.2 0.72383046
1273.85 0.74377197
1277.5 0.73215568
1281.15 0.72070742
1284.8 0.68933570
1288.45 0.70004833
1292.1 0.70362133
1295.75 0.69464684
1299.4 0.71853799
1303.05 0.72578001
1306.7 0.70710856
1310.35 0.69546932
1314.0 0.69680279
1317.65 0.69722342
1321.3 0.69732338
1324.95 0.70662081
1328.6 0.69469041
1332.25 0.69291490
1335.9 0.70220345
1339.55 0.70183784
1343.2 0.71965981
1346.85 0.71700186
1350.5 0.76383030
1354.15 0.76168400
1357.8 0.76992136
1361.45 0.75874645
1365.1 0.76088625
1368.75 0.76837319
1372.4 0.80306095
1376.05 0.86463481
1379.7 0.92069024
1383.35 0.96653181
1387.0 0.98444444
1390.65 1.0368150
1394.3 0.99221617
1397.95 0.90780163
1401.6 0.83089554
1405.25 0.77994579
1408.9 0.75634223
1412.55 0.73227841
1416.2 0.70965892
1419.85 0.69239372
1423.5 0.68775403
1427.15 0.66252857
1430.8 0.65274262
1434.45 0.64820915
1438.1 0.65512210
1441.75 0.65851343
1445.4 0.64393151
1449.05 0.64715999
1452.7 0.65116942
1456.35 0.65719831
1460.0 0.64149022
1463.65 0.64906067
1467.3 0.66479450
1470.95 0.62937051
1474.6 0.64659232
1478.25 0.65131348
1481.9 0.64732593
1485.55 0.65342391
1489.2 0.64363790
1492.85 0.63567024
1496.5 0.65389705
1500.15 0.68093359
1503.8 0.66803306
1507.45 0.68541402
1511.1 0.68024462
1514.75 0.68266672
1518.4 0.67941332
1522.05 0.68874717
1525.7 0.68736351
1529.35 0.68622357
1533.0 0.66491079
1536.65 0.65471768
1540.3 0.66381198
1543.95 0.67386913
1547.6 0.64596307
1551.25 0.67776346
1554.9 0.65477997
1558.55 0.67101955
1562.2 0.66547602
1565.85 0.67960703
1569.5 0.64807171
1573.15 0.65822184
1576.8 0.65815121
1580.45 0.67020929
1584.1 0.63757008
1587.75 0.64557070
1591.4 0.65838897
1595.05 0.62964255
1598.7 0.64186382
1602.35 0.62295663
1606.0 0.60608226
1609.65 0.60579967
1613.3 0.60551316
1616.95 0.60983229
1620.6 0.61387372
1624.25 0.61511922
1627.9 0.60685539
1631.55 0.60401946
1635.2 0.60370868
1638.85 0.60339457
1642.5 0.61123180
1646.15 0.61043769
1649.8 0.61963910
1653.45 0.62358242
1657.1 0.62353802
1660.75 0.62827420
1664.4 0.63425934
1668.05 0.64592916
1671.7 0.66060448
1675.35 0.65565032
1679.0 0.67315805
1682.65 0.68106383
1686.3 0.68696070
1689.95 0.69094318
1693.6 0.69602746
1697.25 0.70493841
1700.9 0.70868105
1704.55 0.69926739
1708.2 0.69325364
1711.85 0.67787981
1715.5 0.67631930
1719.15 0.66339231
1722.8 0.67319703
1726.45 0.66503644
1730.1 0.66085982
1733.75 0.66279846
1737.4 0.65880609
1741.05 0.66044998
1744.7 0.66199392
1748.35 0.66967642
1752.0 0.68544698
1755.65 0.67502987
1759.3 0.69938636
1762.95 0.71672833
1766.6 0.73802811
1770.25 0.73590195
1773.9 0.71506310
1777.55 0.71153104
1781.2 0.71384078
1784.85 0.69766551
1788.5 0.68471181
1792.15 0.68087190
1795.8 0.67825466
1799.45 0.69127995
1803.1 0.70538753
1806.75 0.70821977
1810.4 0.70367551
1814.05 0.70550740
1817.7 0.70113057
1821.35 0.70473731
1825.0 0.69762683
1828.65 0.69478917
1832.3 0.69566154
1835.95 0.69252348
1839.6 0.68385190
1843.25 0.67404640
1846.9 0.68041974
1850.55 0.68275815
1854.2 0.68314326
1857.85 0.67662406
1861.5 0.67145544
1865.15 0.66978323
1868.8 0.66654217
1872.45 0.66404921
1876.1 0.65845448
1879.75 0.64967173
1883.4 0.65305769
1887.05 0.65321362
1890.7 0.64608842
1894.35 0.62928408
1898.0 0.64556038
1901.65 0.64852679
1905.3 0.64469051
1908.95 0.64477205
1912.6 0.65041965
1916.25 0.63850462
1919.9 0.63882732
1923.55 0.62645620
1927.2 0.61674500
1930.85 0.59273648
1934.5 0.59009868
1938.15 0.58920377
1941.8 0.58353031
1945.45 0.59948707
1949.1 0.60832059
1952.75 0.60973179
1956.4 0.59675825
1960.05 0.60295576
1963.7 0.60570079
1967.35 0.61395675
1971.0 0.61415237
1974.65 0.62848258
1978.3 0.64685309
1981.95 0.65265143
1985.6 0.64439690
1989.25 0.66425109
1992.9 0.67322659
1996.55 0.67269880
2000.2 0.67629170
2003.85 0.70379353
2007.5 0.72120154
2011.15 0.71760714
2014.8 0.73139912
2018.45 0.71488768
2022.1 0.73291147
2025.75 0.75816584
2029.4 0.82150126
2033.05 0.89571583
2036.7 1.0110399
2040.35 1.1286798
2044.0 1.1649534
2047.65 1.1059479
2051.3 0.97973108
2054.95 0.87179524
2058.6 0.80480587
2062.25 0.77174199
2065.9 0.74570554
2069.55 0.72557682
2073.2 0.70975113
2076.85 0.69457120
2080.5 0.68977535
2084.15 0.67593366
2087.8 0.66394746
2091.45 0.65022469
2095.1 0.64250875
2098.75 0.64064139
2102.4 0.62238383
2106.05 0.62366176
2109.7 0.60823643
2113.35 0.60434294
2117.0 0.60374677
2120.65 0.57891065
2124.3 0.58766198
2127.95 0.58734894
2131.6 0.59603959
2135.25 0.61246842
2138.9 0.61828786
2142.55 0.62048560
2146.2 0.62006962
2149.85 0.62446797
2153.5 0.61603779
2157.15 0.61765230
2160.8 0.62593400
2164.45 0.61679101
2168.1 0.61897546
2171.75 0.60795736
2175.4 0.61171770
2179.05 0.59706867
2182.7 0.58712333
2186.35 0.57669514
2190.0 0.57156634
2193.65 0.55796129
2197.3 0.55241770
2200.95 0.53739899
2204.6 0.52711946
2208.25 0.52508497
2211.9 0.53015429
2215.55 0.52333939
2219.2 0.53462541
2222.85 0.53752685
2226.5 0.53932858
2230.15 0.53936726
2233.8 0.53993219
2237.45 0.55074525
2241.1 0.54514766
2244.75 0.55601776
2248.4 0.55551213
2252.05 0.55342585
2255.7 0.54750711
2259.35 0.55318880
2263.0 0.54939193
2266.65 0.56120133
2270.3 0.57553703
2273.95 0.57718533
2277.6 0.60038233
2281.25 0.60535264
2284.9 0.60520959
2288.55 0.59702826
2292.2 0.59656596
2295.85 0.57470018
2299.5 0.58755112
2303.15 0.58188009
2306.8 0.58089250
2310.45 0.58826607
2314.1 0.60388589
2317.75 0.60457867
2321.4 0.61225152
2325.05 0.61617708
2328.7 0.62106431
2332.35 0.61507046
2336.0 0.61815143
2339.65 0.60905337
2343.3 0.61602724
2346.95 0.60851920
2350.6 0.59054363
2354.25 0.59088045
2357.9 0.59823310
2361.55 0.58256090
2365.2 0.58175391
2368.85 0.58227932
2372.5 0.58202004
2376.15 0.59134591
2379.8 0.58882731
2383.45 0.57892752
2387.1 0.57787210
2390.75 0.58958244
2394.4 0.58854675
2398.05 0.58460504
2401.7 0.59539080
2405.35 0.57862318
2409.0 0.57152635
2412.65 0.56393468
2416.3 0.55856514
2419.95 0.55443001
2423.6 0.54306525
2427.25 0.54097724
2430.9 0.54741788
2434.55 0.55234623
2438.2 0.55951118
2441.85 0.57703662
2445.5 0.55746847
2449.15 0.54976791
2452.8 0.54642981
2456.45 0.54389262
2460.1 0.53762072
2463.75 0.55043381
2467.4 0.54848993
2471.05 0.55243510
2474.7 0.54733807
2478.35 0.54908901
2482.0 0.54945564
2485.65 0.56209117
2489.3 0.56545120
2492.95 0.57508272
2496.6 0.59380627
2500.25 0.61803120
2503.9 0.58892423
2507.55 0.56657284
2511.2 0.56985021
2514.85 0.56113434
2518.5 0.54069096
2522.15 0.54677820
2525.8 0.54838336
2529.45 0.53317857
2533.1 0.52959859
2536.75 0.51786244
2540.4 0.51056081
2544.05 0.52429241
2547.7 0.52284259
2551.35 0.51546901
2555.0 0.52558798
2558.65 0.51243746
2562.3 0.50422275
2565.95 0.50403708
2569.6 0.49557611
2573.25 0.48738474
2576.9 0.47800902
2580.55 0.48404366
2584.2 0.48288643
2587.85 0.46894705
2591.5 0.47309011
2595.15 0.48072836
2598.8 0.48394516
2602.45 0.47481766
2606.1 0.48352164
2609.75 0.49557745
2613.4 0.48629254
2617.05 0.49688801
2620.7 0.48266119
2624.35 0.48381603
2628.0 0.47666821
2631.65 0.48282751
2635.3 0.48567969
2638.95 0.47614107
2642.6 0.48934677
2646.25 0.48111999
2649.9 0.47686377
2653.55 0.48106143
2657.2 0.47065523
2660.85 0.47582158
2664.5 0.47204325
2668.15 0.47518557
2671.8 0.47832617
2675.45 0.47192052
2679.1 0.46787819
2682.75 0.46657181
2686.4 0.46442765
2690.05 0.46161407
2693.7 0.46192628
2697.35 0.46838540
2701.0 0.46770787
2704.65 0.46726638
2708.3 0.45832530
2711.95 0.46006200
2715.6 0.47941738
2719.25 0.54040480
2722.9 0.56141496
2726.55 0.47449744
2730.2 0.45770878
2733.85 0.45764428
2737.5 0.45223260
2741.15 0.46849635
2744.8 0.45542660
2748.45 0.44545868
2752.1 0.44857180
2755.75 0.44352767
2759.4 0.43771508
2763.05 0.43315378
2766.7 0.42783514
2770.35 0.40462783
2774.0 0.41122523
2777.65 0.40355021
2781.3 0.42121106
2784.95 0.42023736
2788.6 0.41577262
2792.25 0.41167527
2795.9 0.40867451
2799.55 0.41916496
2803.2 0.41064253
2806.85 0.41755131
2810.5 0.42394909
2814.15 0.43099159
2817.8 0.44817403
2821.45 0.48243880
2825.1 0.50260955
2828.75 0.45176741
2832.4 0.42222315
2836.05 0.43739828
2839.7 0.44094762
2843.35 0.41799417
2847.0 0.40910086
2850.65 0.40974823
2854.3 0.40259898
2857.95 0.40026566
2861.6 0.39288247
2865.25 0.38155401
2868.9 0.36898726
2872.55 0.36646137
2876.2 0.37765941
2879.85 0.38897470
2883.5 0.39014158
2887.15 0.39455163
2890.8 0.40432808
2894.45 0.40471447
2898.1 0.40227088
2901.75 0.38892332
2905.4 0.39061037
2909.05 0.38862568
2912.7 0.37255105
2916.35 0.37735453
2920.0 0.36475283
2923.65 0.36481932
2927.3 0.35855010
2930.95 0.36640677
2934.6 0.37111640
2938.25 0.36440691
2941.9 0.35300913
2945.55 0.35267910
2949.2 0.35109177
2952.85 0.34700400
2956.5 0.35760412
2960.15 0.35013670
2963.8 0.35918039
2967.45 0.36637214
2971.1 0.38875619
2974.75 0.38281769
2978.4 0.38061979
2982.05 0.39749253
2985.7 0.40311301
2989.35 0.41723430
2993.0 0.44373533
2996.65 0.43081239
3000.3 0.40933973
3003.95 0.40735444
3007.6 0.38920024
3011.25 0.37952709
3014.9 0.37563264
3018.55 0.36940029
3022.2 0.35712743
3025.85 0.34343928
3029.5 0.33949322
3033.15 0.34113270
3036.8 0.35062322
3040.45 0.34786162
3044.1 0.34565538
3047.75 0.35332271
3051.4 0.34117755
3055.05 0.33691528
3058.7 0.34316707
3062.35 0.33535889
3066.0 0.33178827
3069.65 0.33131233
3073.3 0.33083743
3076.95 0.33239135
3080.6 0.33517882
3084.25 0.33368644
3087.9 0.33248383
3091.55 0.35111237
3095.2 0.34903979
3098.85 0.35439885
3102.5 0.34812307
3106.15 0.33977726
3109.8 0.33437866
3113.45 0.34940749
3117.1 0.34923273
3120.75 0.34677914
3124.4 0.36285195
3128.05 0.35326308
3131.7 0.36473286
3135.35 0.38463360
3139.0 0.37803996
3142.65 0.38582954
3146.3 0.39295515
3149.95 0.40909493
3153.6 0.43509525
3157.25 0.43995997
3160.9 0.46438068
3164.55 0.50271153
3168.2 0.52141678
3171.85 0.52371657
3175.5 0.48704720
3179.15 0.47842544
3182.8 0.47370544
3186.45 0.45078868
3190.1 0.43045622
3193.75 0.39427871
3197.4 0.38611278
3201.05 0.37080321
3204.7 0.36337185
3208.35 0.37264147
3212.0 0.36253497
3215.65 0.35642266
3219.3 0.35684079
3222.95 0.34855580
3226.6 0.34615099
3230.25 0.34440243
3233.9 0.32319215
3237.55 0.33430365
3241.2 0.33263934
3244.85 0.34116906
3248.5 0.33382359
3252.15 0.33241397
3255.8 0.34743795
3259.45 0.35251254
3263.1 0.36587077
3266.75 0.36062521
3270.4 0.35793027
3274.05 0.34455213
3277.7 0.36357489
3281.35 0.36443576
3285.0 0.36673149
3288.65 0.36415097
3292.3 0.37790832
3295.95 0.39405635
3299.6 0.39127484
3303.25 0.37528083
3306.9 0.36645585
3310.55 0.35762241
3314.2 0.36015776
3317.85 0.38671175
3321.5 0.37624881
3325.15 0.37170270
3328.8 0.38615322
3332.45 0.38295510
3336.1 0.35468829
3339.75 0.37384728
3343.4 0.38874567
3347.05 0.37206554
3350.7 0.36500484
3354.35 0.37080550
3358.0 0.35699606
3361.65 0.34871837
3365.3 0.34988785
3368.95 0.36106676
3372.6 0.37420094
3376.25 0.37400538
3379.9 0.36656040
3383.55 0.37114665
3387.2 0.36010873
3390.85 0.36611480
3394.5 0.35506320
3398.15 0.37369302
3401.8 0.35173526
3405.45 0.36316851
3409.1 0.34805885
3412.75 0.35132542
3416.4 0.35406274
3420.05 0.36573446
3423.7 0.33358571
3427.35 0.33287811
3431.0 0.31296962
3434.65 0.30902272
3438.3 0.30470565
3441.95 0.31215927
3445.6 0.31114137
3449.25 0.31021470
3452.9 0.30465236
3456.55 0.30927193
3460.2 0.31245354
3463.85 0.30589300
3467.5 0.29563138
3471.15 0.29826358
3474.8 0.29947555
3478.45 0.29791072
3482.1 0.30254787
3485.75 0.30638736
3489.4 0.31190807
3493.05 0.31072474
3496.7 0.30827519
3500.35 0.31427017
3504.0 0.32328376
3507.65 0.32348743
3511.3 0.32645291
3514.95 0.33867010
3518.6 0.35862651
3522.25 0.36029583
3525.9 0.38724732
3529.55 0.39081243
3533.2 0.40387434
3536.85 0.43404049
3540.5 0.45189950
3544.15 0.50557613
3547.8 0.55145937
3551.45 0.53402245
3555.1 0.49811414
3558.75 0.46256122
3562.4 0.43756163
3566.05 0.41580379
3569.7 0.38834539
3573.35 0.38141185
3577.0 0.37762734
3580.65 0.36447853
3584.3 0.34415245
3587.95 0.35441652
3591.6 0.34285325
3595.25 0.33759230
3598.9 0.33188826
3602.55 0.32295328
3606.2 0.31942707
3609.85 0.32773060
3613.5 0.32779580
3617.15 0.38679281
3620.8 0.42281756
3624.45 0.35342696
3628.1 0.31388792
3631.75 0.30557573
3635.4 0.30300733
3639.05 0.29555219
3642.7 0.31476843
3646.35 0.34387493
3650.0 0.41788781
3653.65 0.58872771
3657.3 0.58735317
3660.95 0.39496273
3664.6 0.33248976
3668.25 0.31257364
3671.9 0.30398294
3675.55 0.29680794
3679.2 0.29110149
3682.85 0.29128391
3686.5 0.28921548
3690.15 0.28961742
3693.8 0.28921586
3697.45 0.28448689
3701.1 0.28131458
3704.75 0.28130114
3708.4 0.27053517
3712.05 0.26496392
3715.7 0.27659917
3719.35 0.27410427
3723.0 0.27750182
3726.65 0.26630735
3730.3 0.26847360
3733.95 0.26471838
3737.6 0.27395046
3741.25 0.26913011
3744.9 0.26219097
3748.55 0.26819476
3752.2 0.26651576
3755.85 0.27462822
3759.5 0.27604717
3763.15 0.28710207
3766.8 0.29330400
3770.45 0.28916818
3774.1 0.28080380
3777.75 0.29315180
3781.4 0.28101805
3785.05 0.27404583
3788.7 0.27458879
3792.35 0.29007754
3796.0 0.28465065
3799.65 0.26965570
3803.3 0.27318889
3806.95 0.27569780
3810.6 0.28032327
3814.25 0.27577263
3817.9 0.27838612
3821.55 0.27728948
3825.2 0.27881271
3828.85 0.26863283
3832.5 0.27318066
3836.15 0.28204447
3839.8 0.26848346
3843.45 0.27606440
3847.1 0.27717397
3850.75 0.27513626
3854.4 0.27552509
3858.05 0.27750605
3861.7 0.27568996
3865.35 0.28628546
3869.0 0.27328953
3872.65 0.26753539
3876.3 0.29254851
3879.95 0.27307531
3883.6 0.28577110
3887.25 0.27854368
3890.9 0.27024180
3894.55 0.26640773
3898.2 0.26337242
3901.85 0.27125418
3905.5 0.25706533
3909.15 0.25932866
3912.8 0.26196018
3916.45 0.25911263
3920.1 0.24693644
3923.75 0.25145257
3927.4 0.25750509
3931.05 0.25694820
3934.7 0.24912250
3938.35 0.25002578
3942.0 0.24790932
3945.65 0.24309723
3949.3 0.24793530
3952.95 0.25296265
3956.6 0.25124466
3960.25 0.24509633
3963.9 0.24151826
3967.55 0.23789999
3971.2 0.24613750
3974.85 0.23730291
3978.5 0.25332376
3982.15 0.23876223
3985.8 0.23983270
3989.45 0.23611523
3993.1 0.23581970
3996.75 0.23552467
4000.4 0.23523015
4004.05 0.24059723
4007.7 0.24162605
4011.35 0.24716362
4015.0 0.24111483
4018.65 0.24181615
4022.3 0.23347440
4025.95 0.23318358
4029.6 0.23980454
4033.25 0.24688144
4036.9 0.24269116
4040.55 0.23675245
4044.2 0.24605136
4047.85 0.24997707
4051.5 0.23742139
4055.15 0.24009442
4058.8 0.23059012
4062.45 0.23030455
4066.1 0.23492257
4069.75 0.23103674
4073.4 0.25255996
4077.05 0.24109922
4080.7 0.23451404
4084.35 0.26182011
4088.0 0.25833213
4091.65 0.24665995
4095.3 0.24214822
4098.95 0.23117368
4102.6 0.23085213
4106.25 0.22691755
4109.9 0.23433994
4113.55 0.22636014
4117.2 0.22745682
4120.85 0.22580472
4124.5 0.22764064
4128.15 0.22525124
4131.8 0.22650082
4135.45 0.22566766
4139.1 0.22442476
4142.75 0.23223858
4146.4 0.22880343
4150.05 0.22360286
4153.7 0.22332977
4157.35 0.22305727
4161.0 0.22278522
4164.65 0.22251366
4168.3 0.22224261
4171.95 0.22197199
4175.6 0.22654635
4179.25 0.22143224
4182.9 0.22180508
4186.55 0.22089443
4190.2 0.22190015
4193.85 0.22043253
4197.5 0.22009116
4201.15 0.22223760
4204.8 0.22534963
4208.45 0.22643887
4212.1 0.22434290
4215.75 0.22397541
4219.4 0.22334486
4223.05 0.22027843
4226.7 0.22210921
4230.35 0.22067204
4234.0 0.22026137
4237.65 0.22518128
4241.3 0.23506312
4244.95 0.22354642
4248.6 0.23131585
4252.25 0.22685999
4255.9 0.23389128
4259.55 0.22842623
4263.2 0.23585528
4266.85 0.23210816
4270.5 0.23318298
4274.15 0.23998302
4277.8 0.23418163
4281.45 0.23867440
4285.1 0.24656738
4288.75 0.26549566
4292.4 0.25944382
4296.05 0.25445816
4299.7 0.25586253
4303.35 0.23332922
4307.0 0.22943887
4310.65 0.24014312
4314.3 0.23591521
4317.95 0.22772326
4321.6 0.22897959
4325.25 0.23025995
4328.9 0.23058231
4332.55 0.22654246
4336.2 0.23103487
4339.85 0.23580693
4343.5 0.22131924
4347.15 0.22370468
4350.8 0.22218725
4354.45 0.22933787
4358.1 0.21637811
4361.75 0.21872132
4365.4 0.21815008
4369.05 0.21739286
4372.7 0.21898030
4376.35 0.21857075
4380.0 0.21806146
4383.65 0.22006291
4387.3 0.21653104
4390.95 0.21475315
4394.6 0.21101114
4398.25 0.21086508
4401.9 0.20745355
4405.55 0.21151061
4409.2 0.21199545
4412.85 0.21446447
4416.5 0.21623023
4420.15 0.20801941
4423.8 0.21251817
4427.45 0.21892968
4431.1 0.21640582
4434.75 0.21859272
4438.4 0.22261071
4442.05 0.21899410
4445.7 0.22064839
4449.35 0.21631666
4453.0 0.22722106
4456.65 0.20895772
4460.3 0.20203887
4463.95 0.20513175
4467.6 0.20242169
4471.25 0.20354699
4474.9 0.20386165
4478.55 0.20789815
4482.2 0.21177554
4485.85 0.20219068
4489.5 0.20790735
4493.15 0.21356441
4496.8 0.20572796
4500.45 0.20232700
4504.1 0.19924493
4507.75 0.19901474
4511.4 0.19988857
4515.05 0.21172117
4518.7 0.20175049
4522.35 0.20297158
4526.0 0.19786966
4529.65 0.19839673
4533.3 0.19825654
4536.95 0.20151147
4540.6 0.19950879
4544.25 0.20408992
4547.9 0.20480618
4551.55 0.20018837
4555.2 0.19884203
4558.85 0.19857448
4562.5 0.20433320
4566.15 0.20308863
4569.8 0.19883244
4573.45 0.19741955
4577.1 0.19592930
4580.75 0.19501427
4584.4 0.19665998
4588.05 0.19840917
4591.7 0.20499572
4595.35 0.20784540
4599.0 0.21181071
4602.65 0.21857874
4606.3 0.20987271
4609.95 0.19961959
4613.6 0.20030317
4617.25 0.19826591
4620.9 0.19520514
4624.55 0.19828151
4628.2 0.20421402
4631.85 0.20639552
4635.5 0.20000438
4639.15 0.20159523
4642.8 0.20464362
4646.45 0.20837261
4650.1 0.21156749
4653.75 0.20117494
4657.4 0.20319946
4661.05 0.20700340
4664.7 0.20765503
4668.35 0.20327246
4672.0 0.20294352
4675.65 0.20598936
4679.3 0.20583315
4682.95 0.20362204
4686.6 0.20865555
4690.25 0.20655148
4693.9 0.20950024
4697.55 0.21454793
4701.2 0.21158400
4704.85 0.21777739
4708.5 0.21432179
4712.15 0.22891174
4715.8 0.23063913
4719.45 0.23671179
4723.1 0.24340957
4726.75 0.24245746
4730.4 0.24744600
4734.05 0.26136327
4737.7 0.26284978
4741.35 0.27433875
4745.0 0.28705037
4748.65 0.30470809
4752.3 0.32515272
4755.95 0.34982067
4759.6 0.38379225
4763.25 0.42622417
4766.9 0.47815925
4770.55 0.53935862
4774.2 0.63244593
4777.85 0.74317646
4781.5 0.88265765
4785.15 1.0233536
4788.8 1.2039229
4792.45 1.2374023
4796.1 1.0583273
4799.75 0.88096511
4803.4 0.80159366
4807.05 0.75508690
4810.7 0.65397078
4814.35 0.55176920
4818.0 0.49714211
4821.65 0.45351404
4825.3 0.41361928
4828.95 0.38322324
4832.6 0.36464351
4836.25 0.34145021
4839.9 0.31794798
4843.55 0.29842240
4847.2 0.27880338
4850.85 0.26202968
4854.5 0.25674483
4858.15 0.25149867
4861.8 0.23887907
4865.45 0.23736371
4869.1 0.23293684
4872.75 0.23322646
4876.4 0.23736091
4880.05 0.23672149
4883.7 0.23181719
4887.35 0.22432339
4891.0 0.23555112
4894.65 0.24162921
4898.3 0.24657620
4901.95 0.27156654
4905.6 0.27018905
4909.25 0.25191081
4912.9 0.25447309
4916.55 0.25757250
4920.2 0.25019717
4923.85 0.23092552
4927.5 0.21216226
4931.15 0.21010044
4934.8 0.20480001
4938.45 0.19860521
4942.1 0.19738263
4945.75 0.19189917
4949.4 0.18346472
4953.05 0.18246406
4956.7 0.18337797
4960.35 0.18307443
4964.0 0.17455821
4967.65 0.17294222
4971.3 0.17275715
4974.95 0.17830604
4978.6 0.18534394
4982.25 0.17801982
4985.9 0.17544761
4989.55 0.17495045
4993.2 0.17165029
4996.85 0.17146698
5000.5 0.17128395
5004.15 0.18286452
5007.8 0.17591409
5011.45 0.17718506
5015.1 0.17055492
5018.75 0.17037342
5022.4 0.17349012
5026.05 0.17906365
5029.7 0.17768006
5033.35 0.17351161
5037.0 0.17527357
5040.65 0.17544287
5044.3 0.17415054
5047.95 0.16893236
5051.6 0.16875359
5055.25 0.16857508
5058.9 0.16995671
5062.55 0.16821903
5066.2 0.16804144
5069.85 0.16786416
5073.5 0.17184457
5077.15 0.16751045
5080.8 0.16733406
5084.45 0.16715795
5088.1 0.16946959
5091.75 0.16680659
5095.4 0.16663137
5099.05 0.16645642
5102.7 0.16628177
5106.35 0.17078300
5110.0 0.16692983
5113.65 0.17614385
5117.3 0.16683921
5120.95 0.16684598
5124.6 0.16524002
5128.25 0.16506740
5131.9 0.17686167
5135.55 0.18352170
5139.2 0.17716375
5142.85 0.19034937
5146.5 0.17601453
5150.15 0.19806895
5153.8 0.18646383
5157.45 0.17230822
5161.1 0.19178049
5164.75 0.17866768
5168.4 0.17426114
5172.05 0.17572761
5175.7 0.17018563
5179.35 0.16779247
5183.0 0.16251244
5186.65 0.16234435
5190.3 0.16468611
5193.95 0.17087142
5197.6 0.16184181
5201.25 0.16167487
5204.9 0.16150822
5208.55 0.16134183
5212.2 0.17745489
5215.85 0.16484682
5219.5 0.16084428
5223.15 0.16067903
5226.8 0.16339938
5230.45 0.16230485
5234.1 0.16018477
5237.75 0.16002065
5241.4 0.16457087
5245.05 0.16968532
5248.7 0.17909493
5252.35 0.15936655
5256.0 0.17632435
5259.65 0.15950075
5263.3 0.16702193
5266.95 0.15871687
5270.6 0.16946831
5274.25 0.16502190
5277.9 0.16469450
5281.55 0.16797341
5285.2 0.17581415
5288.85 0.16750348
5292.5 0.15759036
5296.15 0.16821618
5299.8 0.18623641
5303.45 0.15711154
5307.1 0.15695249
5310.75 0.15724435
5314.4 0.15663512
5318.05 0.15647687
5321.7 0.15631881
5325.35 0.17163073
5329.0 0.16719401
5332.65 0.15584640
5336.3 0.15568943
5339.95 0.16404469
5343.6 0.17555468
5347.25 0.15522012
5350.9 0.15652589
5354.55 0.19132869
5358.2 0.16454178
5361.85 0.16312625
5365.5 0.15444311
5369.15 0.17550111
5372.8 0.18757434
5376.45 0.17918593
5380.1 0.19709474
5383.75 0.19296026
5387.4 0.20336293
5391.05 0.17676188
5394.7 0.18341523
5398.35 0.22589363
5402.0 0.20260839
5405.65 0.19444010
5409.3 0.17599843
5412.95 0.17007953
5416.6 0.21023966
5420.25 0.20054115
5423.9 0.19401214
5427.55 0.18071049
5431.2 0.16169502
5434.85 0.18273596
5438.5 0.15139922
5442.15 0.15124968
5445.8 0.15110035
5449.45 0.15095136
5453.1 0.15080257
5456.75 0.15065400
5460.4 0.15050575
5464.05 0.15035766
5467.7 0.15020987
5471.35 0.15006229
5475.0 0.14991501
5478.65 0.14976794
5482.3 0.14962113
5485.95 0.14947455
5489.6 0.14932826
5493.25 0.14918219
5496.9 0.14903633
5500.55 0.14889075
5504.2 0.14874539
5507.85 0.14860031
5511.5 0.14845544
5515.15 0.14831083
5518.8 0.14816648
5522.45 0.14802234
5526.1 0.14787842
5529.75 0.14773475
5533.4 0.14759137
5537.05 0.14744821
5540.7 0.14730524
5544.35 0.14716257
5548.0 0.14702015
5551.65 0.14687791
5555.3 0.14673595
5558.95 0.14659420
5562.6 0.14645271
5566.25 0.14631143
5569.9 0.14617045
5573.55 0.14602968
5577.2 0.14588915
5580.85 0.14574879
5584.5 0.14560872
5588.15 0.14546888
5591.8 0.14532927
5595.45 0.14518991
5599.1 0.14505076
5602.75 0.14491189
5606.4 0.14477320
5610.05 0.14463477
5613.7 0.14449659
5617.35 0.14435863
5621.0 0.14422087
5624.65 0.14408335
5628.3 0.14394611
5631.95 0.14380904
5635.6 0.14367227
5639.25 0.14353564
5642.9 0.14339925
5646.55 0.14326319
5650.2 0.14312740
5653.85 0.14299166
5657.5 0.14285620
5661.15 0.14272104
5664.8 0.14258608
5668.45 0.14245123
5672.1 0.14231667
5675.75 0.14218259
5679.4 0.14204834
5683.05 0.14191456
5686.7 0.14178103
5690.35 0.14164765
5694.0 0.14151450
5697.65 0.14138155
5701.3 0.14124873
5704.95 0.14111640
5708.6 0.14098409
5712.25 0.14085203
5715.9 0.14072011
5719.55 0.14058857
5723.2 0.14045718
5726.85 0.14032602
5730.5 0.14019507
5734.15 0.14006446
5737.8 0.13993406
5741.45 0.13980378
5745.1 0.13967372
5748.75 0.13954392
5752.4 0.13941438
5756.05 0.13928492
5759.7 0.13915575
5763.35 0.13902695
5767.0 0.13889809
5770.65 0.13876967
5774.3 0.13864146
5777.95 0.13851337
5781.6 0.13838553
5785.25 0.13825792
5788.9 0.13813038
5792.55 0.13800335
5796.2 0.13787630
5799.85 0.13774957
5803.5 0.13762303
5807.15 0.13749675
5810.8 0.13737059
5814.45 0.13724481
5818.1 0.13711916
5821.75 0.13699372
5825.4 0.13686837
5829.05 0.13674341
5832.7 0.13661857
5836.35 0.13649395
5840.0 0.13636957
5843.65 0.13624546
5847.3 0.13612141
5850.95 0.13599777
5854.6 0.13587424
5858.25 0.13575095
5861.9 0.13562770
5865.55 0.13550487
5869.2 0.13538212
5872.85 0.13525981
5876.5 0.13513753
5880.15 0.13501535
5883.8 0.13489357
5887.45 0.13477187
5891.1 0.13465059
5894.75 0.13452937
5898.4 0.13440822
5902.05 0.13428749
5905.7 0.13416699
5909.35 0.13404660
5913.0 0.13392636
5916.65 0.13380642
5920.3 0.13368672
5923.95 0.13356708
5927.6 0.13344771
5931.25 0.13332872
5934.9 0.13320976
5938.55 0.13309091
5942.2 0.13297248
5945.85 0.13285410
5949.5 0.13273610
5953.15 0.13261820
5956.8 0.13250037
5960.45 0.13238296
5964.1 0.13226570
5967.75 0.13214861
5971.4 0.13203168
5975.05 0.13191500
5978.7 0.13179858
5982.35 0.13168222
5986.0 0.13156626
5989.65 0.13145033
5993.3 0.13133466
5996.95 0.13121922
