300.0 0.0
335.0 0.0000000
338.35 0.0000000
341.7 0.0000000
345.05 0.0000000
348.4 0.0000000
351.75 0.0000000
355.1 0.0000000
358.45 0.0000000
361.8 0.0000000
365.15 0.0000000
368.5 0.0000000
371.85 0.0000000
375.2 0.0000000
378.55 0.0000000
381.9 0.0000000
385.25 0.0000000
388.6 0.0000000
391.95 0.0000000
395.3 0.0000000
398.65 0.0000000
402.0 0.0000000
405.35 0.0000000
408.7 0.0000000
412.05 0.0000000
415.4 0.0000000
418.75 0.0000000
422.1 0.0000000
425.45 0.0000000
428.8 0.0000000
432.15 0.0000000
435.5 0.0000000
438.85 0.0000000
442.2 0.0000000
445.55 0.0000000
448.9 0.0000000
452.25 0.0000000
455.6 0.0000000
458.95 0.0000000
462.3 0.0000000
465.65 0.0000000
469.0 0.0000000
472.35 0.0000000
475.7 0.0000000
479.05 0.0000000
482.4 0.0000000
485.75 0.0000000
489.1 0.0000000
492.45 0.0000000
495.8 0.0000000
499.15 0.0000000
502.5 0.0000000
505.85 0.0000000
509.2 0.0000000
512.55 0.0000000
515.9 0.0000000
519.25 0.0000000
522.6 0.0000000
525.95 0.0000000
529.3 0.0000000
532.65 0.0000000
536.0 0.0000000
539.35 0.0000000
542.7 0.0000000
546.05 0.0000000
549.4 0.0000000
552.75 0.0000000
556.1 0.0000000
559.45 0.0000000
562.8 0.0000000
566.15 0.0000000
569.5 0.0000000
572.85 0.0000000
576.2 0.0000000
579.55 0.0000000
582.9 0.0000000
586.25 0.0000000
589.6 0.0000000
592.95 0.0000000
596.3 0.0000000
599.65 0.0000000
603.0 0.0000000
606.35 0.0000000
609.7 0.0000000
613.05 0.15923819
616.4 0.15136081
619.75 0.14372119
623.1 0.13633820
626.45 0.12938242
629.8 0.12248922
633.15 0.11524823
636.5 0.10772499
639.85 0.10034521
643.2 9.34076458E-02
646.55 8.68229568E-02
649.9 8.05569887E-02
653.25 0.16521247
656.6 0.15751086
659.95 0.15032423
663.3 0.14334778
666.65 0.13572557
670.0 0.13934672
673.35 0.13561606
676.7 0.12556159
680.05 0.12528880
683.4 0.12744530
686.75 0.13148074
690.1 0.56554711
693.45 0.57071233
696.8 0.47953629
700.15 0.39648691
703.5 0.36920780
706.85 0.35648537
710.2 0.35462987
713.55 0.35746288
716.9 0.34545869
720.25 0.30943960
723.6 0.30974001
726.95 0.27475637
730.3 0.24792270
733.65 0.22742569
737.0 0.21737705
740.35 0.21890394
743.7 0.20827626
747.05 0.21079537
750.4 0.21537608
753.75 0.20773484
757.1 0.18373975
760.45 0.17648500
763.8 0.15967795
767.15 0.15973595
770.5 0.15667528
773.85 0.14935865
777.2 0.14655854
780.55 0.14910004
783.9 0.15336671
787.25 0.16288610
790.6 0.16456906
793.95 0.16528189
797.3 0.16703039
800.65 0.17381904
804.0 0.18625617
807.35 0.20977670
810.7 0.24460022
814.05 0.31146044
817.4 4.5030141
820.75 3.6404009
824.1 3.3938963
827.45 3.3909180
830.8 3.1750381
834.15 2.5406461
837.5 2.1926138
840.85 2.0610740
844.2 1.9715004
847.55 1.8426483
850.9 1.6818014
854.25 1.5749488
857.6 1.5379167
860.95 1.5412855
864.3 1.5655141
867.65 1.5753821
871.0 1.6937059
874.35 1.7194633
877.7 1.6447809
881.05 1.4981073
884.4 1.5070949
887.75 1.4927354
891.1 1.5277860
894.45 1.5533334
897.8 1.5336356
901.15 1.4777865
904.5 1.4574649
907.85 1.5030544
911.2 1.4930277
914.55 1.5172238
917.9 1.4969202
921.25 1.5312080
924.6 1.6179965
927.95 1.7079825
931.3 1.8325776
934.65 1.8655809
938.0 1.8912547
941.35 1.7191005
944.7 1.6044279
948.05 1.5191427
951.4 1.4816936
954.75 1.4744484
958.1 1.4072341
961.45 1.3888252
964.8 1.3799549
968.15 1.3691199
971.5 1.3930836
974.85 1.3791137
978.2 1.3491627
981.55 1.3890252
984.9 1.3644230
988.25 1.3850906
991.6 1.4175795
994.95 1.4378643
998.3 1.4721835
1001.65 1.4693573
1005.0 1.5152369
1008.35 1.5480659
1011.7 1.5849658
1015.05 1.6440803
1018.4 1.7657621
1021.75 1.9287826
1025.1 2.1157496
1028.45 2.3532832
1031.8 2.6483335
1035.15 2.8221490
1038.5 2.5601604
1041.85 2.1705871
1045.2 1.8746156
1048.55 1.7195873
1051.9 1.6410904
1055.25 1.5956215
1058.6 1.5191095
1061.95 1.5126183
1065.3 1.4660375
1068.65 1.4937283
1072.0 1.4965183
1075.35 1.4900327
1078.7 1.5050169
1082.05 1.4849113
1085.4 1.5059829
1088.75 1.5254806
1092.1 1.5265403
1095.45 1.5578908
1098.8 1.4963244
1102.15 1.4847314
1105.5 1.4640472
1108.85 1.4866076
1112.2 1.4918828
1115.55 1.4692458
1118.9 1.3936136
1122.25 1.3474225
1125.6 1.3273100
1128.95 1.3017194
1132.3 1.3027400
1135.65 1.2981291
1139.0 1.2945690
1142.35 1.3138790
1145.7 1.3086687
1149.05 1.3285635
1152.4 1.3336365
1155.75 1.3301235
1159.1 1.3137777
1162.45 1.3293389
1165.8 1.3342183
1169.15 1.3692702
1172.5 1.3462172
1175.85 1.3235368
1179.2 1.2643749
1182.55 1.2824609
1185.9 1.2874454
1189.25 1.2694941
1192.6 1.3115824
1195.95 1.3232235
1199.3 1.2876542
1202.65 1.2649657
1206.0 1.2659050
1209.35 1.2651917
1212.7 1.2639048
1216.05 1.2792770
1219.4 1.2562340
1222.75 1.2515922
1226.1 1.2669283
1229.45 1.2648369
1232.8 1.2954968
1236.15 1.2892679
1239.5 1.3719426
1242.85 1.3665725
1246.2 1.3798295
1249.55 1.3583112
1252.9 1.3606569
1256.25 1.3725542
1259.6 1.4329684
1262.95 1.5411823
1266.3 1.6393453
1269.65 1.7191390
1273.0 1.7491467
1276.35 1.8402578
1279.7 1.7592543
1283.05 1.6079042
1286.4 1.4701612
1289.75 1.3785876
1293.1 1.3354946
1296.45 1.2916825
1299.8 1.2505106
1303.15 1.2188524
1306.5 1.2094653
1309.85 1.1631726
1313.2 1.1441010
1316.55 1.1342911
1319.9 1.1445177
1323.25 1.1485759
1326.6 1.1213294
1329.95 1.1251425
1333.3 1.1303059
1336.65 1.1389593
1340.0 1.1099807
1343.35 1.1213157
1346.7 1.1467026
1350.05 1.0839128
1353.4 1.1118507
1356.75 1.1182468
1360.1 1.1097007
1363.45 1.1184502
1366.8 1.1000322
1370.15 1.0847788
1373.5 1.1142119
1376.85 1.1585523
1380.2 1.1349186
1383.55 1.1627307
1386.9 1.1522682
1390.25 1.1546839
1393.6 1.1475127
1396.95 1.1615976
1400.3 1.1575989
1403.65 1.1540267
1407.0 1.1165947
1410.35 1.0979220
1413.7 1.1116062
1417.05 1.1268672
1420.4 1.0786967
1423.75 1.1302309
1427.1 1.0903982
1430.45 1.1159084
1433.8 1.1051780
1437.15 1.1271126
1440.5 1.0733590
1443.85 1.0887034
1447.2 1.0871298
1450.55 1.1055728
1453.9 1.0503379
1457.25 1.0621158
1460.6 1.0817834
1463.95 1.0332000
1467.3 1.0518857
1470.65 1.0195808
1474.0 0.99068642
1477.35 0.98895681
1480.7 0.98722970
1484.05 0.99301094
1487.4 0.99833024
1490.75 0.99909937
1494.1 0.98444581
1497.45 0.97862661
1500.8 0.97691250
1504.15 0.97520131
1507.5 0.98665696
1510.85 0.98417294
1514.2 0.99779445
1517.55 1.0029310
1520.9 1.0016533
1524.25 1.0080531
1527.6 1.0164437
1530.95 1.0339180
1534.3 1.0561604
1537.65 1.0470083
1541.0 1.0737095
1544.35 1.0850548
1547.7 1.0931820
1551.05 1.0982515
1554.4 1.1050631
1557.75 1.1179324
1561.1 1.1225897
1564.45 1.1064239
1567.8 1.0956725
1571.15 1.0701734
1574.5 1.0665174
1577.85 1.0449697
1581.2 1.0592409
1584.55 1.0452483
1587.9 1.0375456
1591.25 1.0394536
1594.6 1.0320699
1597.95 1.0335263
1601.3 1.0348266
1604.65 1.0457143
1608.0 1.0691981
1611.35 1.0518305
1614.7 1.0886302
1618.05 1.1144494
1621.4 1.1463661
1624.75 1.1418705
1628.1 1.1083834
1631.45 1.1017677
1634.8 1.1042061
1638.15 1.0780790
1641.5 1.0569823
1644.85 1.0499864
1648.2 1.0448920
1651.55 1.0638852
1654.9 1.0845079
1658.25 1.0877751
1661.6 1.0797209
1664.95 1.0814601
1668.3 1.0736914
1671.65 1.0781553
1675.0 1.0662345
1678.35 1.0608640
1681.7 1.0611670
1685.05 1.0553607
1688.4 1.0411447
1691.75 1.0252342
1695.1 1.0339422
1698.45 1.0365115
1701.8 1.0361168
1705.15 1.0252644
1708.5 1.0164793
1711.85 1.0130024
1715.2 1.0071639
1718.55 1.0024693
1721.9 0.99310791
1725.25 0.97896290
1728.6 0.98316616
1731.95 0.98250669
1735.3 0.97090942
1738.65 0.94480377
1742.0 0.96837038
1745.35 0.97194993
1748.7 0.96533972
1752.05 0.96460539
1755.4 0.97219425
1758.75 0.95354497
1762.1 0.95319110
1765.45 0.93391639
1768.8 0.91863954
1772.15 0.88211477
1775.5 0.87743199
1778.85 0.87534928
1782.2 0.86617917
1785.55 0.88910711
1788.9 0.90144259
1792.25 0.90277028
1795.6 0.88281822
1798.95 0.89123905
1802.3 0.89454883
1805.65 0.90598810
1809.0 0.90552640
1812.35 0.92589045
1815.7 0.95217156
1819.05 0.95992064
1822.4 0.94700712
1825.75 0.97539234
1829.1 0.98777246
1832.45 0.98620325
1835.8 0.99067473
1839.15 1.0301369
1842.5 1.0547768
1845.85 1.0486873
1849.2 1.0679983
1852.55 1.0430669
1855.9 1.0685265
1859.25 1.1044825
1862.6 1.1958176
1865.95 1.3028375
1869.3 1.4694439
1872.65 1.6391600
1876.0 1.6905440
1879.35 1.6036929
1882.7 1.4195910
1886.05 1.2622396
1889.4 1.1643696
1892.75 1.1156949
1896.1 1.0772475
1899.45 1.0473877
1902.8 1.0237818
1906.15 1.0011444
1909.5 0.99349850
1912.85 0.97284734
1916.2 0.95489651
1919.55 0.93447834
1922.9 0.92271894
1926.25 0.91937137
1929.6 0.89252651
1932.95 0.89371681
1936.3 0.87098843
1939.65 0.86479634
1943.0 0.86332953
1946.35 0.82722920
1949.7 0.83914232
1953.05 0.83810657
1956.4 0.84991229
1959.75 0.87272972
1963.1 0.88041025
1966.45 0.88292819
1969.8 0.88172799
1973.15 0.88737214
1976.5 0.87479359
1979.85 0.87648779
1983.2 0.88763654
1986.55 0.87407851
1989.9 0.87658250
1993.25 0.86040002
1996.6 0.86514217
1999.95 0.84386075
2003.3 0.82925272
2006.65 0.81398398
2010.0 0.80621213
2013.35 0.78650409
2016.7 0.77817965
2020.05 0.75652826
2023.4 0.74157423
2026.75 0.73823297
2030.1 0.74487871
2033.45 0.73483008
2036.8 0.75019497
2040.15 0.75378430
2043.5 0.75582916
2046.85 0.75540304
2050.2 0.75571597
2053.55 0.77036458
2056.9 0.76205540
2060.25 0.77676415
2063.6 0.77557361
2066.95 0.77218026
2070.3 0.76344895
2073.65 0.77089518
2077.0 0.76513332
2080.35 0.78110087
2083.7 0.80056429
2087.05 0.80236834
2090.4 0.83410865
2093.75 0.84050548
2097.1 0.83980054
2100.45 0.82795042
2103.8 0.82681382
2107.15 0.79603356
2110.5 0.81334996
2113.85 0.80502260
2117.2 0.80318159
2120.55 0.81289834
2123.9 0.83399343
2127.25 0.83446217
2130.6 0.84456050
2133.95 0.84948194
2137.3 0.85572439
2140.65 0.84697711
2144.0 0.85073066
2147.35 0.83772922
2150.7 0.84683806
2154.05 0.83604079
2157.4 0.81088442
2160.75 0.81088841
2164.1 0.82051605
2167.45 0.79857218
2170.8 0.79702002
2174.15 0.79729474
2177.5 0.79649675
2180.85 0.80881089
2184.2 0.80492157
2187.55 0.79095322
2190.9 0.78907800
2194.25 0.80462807
2197.6 0.80277699
2200.95 0.79696757
2204.3 0.81123185
2207.65 0.78796005
2211.0 0.77787745
2214.35 0.76713347
2217.7 0.75942278
2221.05 0.75339919
2224.4 0.73756409
2227.75 0.73433936
2231.1 0.74269056
2234.45 0.74898267
2237.8 0.75830060
2241.15 0.78164440
2244.5 0.75474423
2247.85 0.74393249
2251.2 0.73903275
2254.55 0.73522198
2257.9 0.72637004
2261.25 0.74330074
2264.6 0.74029726
2267.95 0.74524218
2271.3 0.73799181
2274.65 0.73997796
2278.0 0.74009848
2281.35 0.75673753
2284.7 0.76087922
2288.05 0.77345306
2291.4 0.79823750
2294.75 0.83038974
2298.1 0.79088980
2301.45 0.76049775
2304.8 0.76452088
2308.15 0.75245827
2311.5 0.72468990
2314.85 0.73249155
2318.2 0.73428512
2321.55 0.71358037
2324.9 0.70844686
2328.25 0.69241410
2331.6 0.68232358
2334.95 0.70033985
2338.3 0.69807017
2341.65 0.68789804
2345.0 0.70106941
2348.35 0.68320543
2351.7 0.67193669
2355.05 0.67137384
2358.4 0.65979499
2361.75 0.64858627
2365.1 0.63581365
2368.45 0.64354175
2371.8 0.64170629
2375.15 0.62289476
2378.5 0.62810904
2381.85 0.63795793
2385.2 0.64193332
2388.55 0.62953931
2391.9 0.64078838
2395.25 0.65646780
2398.6 0.64387786
2401.95 0.65761048
2405.3 0.63849539
2408.65 0.63973689
2412.0 0.63000423
2415.35 0.63786113
2418.7 0.64134473
2422.05 0.62847096
2425.4 0.64561683
2428.75 0.63448405
2432.1 0.62859517
2435.45 0.63385171
2438.8 0.61987007
2442.15 0.62640208
2445.5 0.62115926
2448.85 0.62502408
2452.2 0.62888420
2455.55 0.62019598
2458.9 0.61462063
2462.25 0.61264312
2465.6 0.60956782
2468.95 0.60561830
2472.3 0.60577142
2475.65 0.61398298
2479.0 0.61283708
2482.35 0.61200178
2485.7 0.60004014
2489.05 0.60206294
2492.4 0.62713152
2495.75 0.70661688
2499.1 0.73378569
2502.45 0.61992639
2505.8 0.59774667
2509.15 0.59741741
2512.5 0.59011185
2515.85 0.61108494
2519.2 0.59379613
2522.55 0.58056444
2525.9 0.58438569
2529.25 0.57758170
2532.6 0.56978327
2535.95 0.56361979
2539.3 0.55647719
2542.65 0.52608222
2546.0 0.53444749
2549.35 0.52426523
2552.7 0.54699284
2556.05 0.54551345
2559.4 0.53950596
2562.75 0.53397995
2566.1 0.52988088
2569.45 0.54327095
2572.8 0.53201854
2576.15 0.54076010
2579.5 0.54883367
2582.85 0.55773586
2586.2 0.57974857
2589.55 0.62383378
2592.9 0.64966804
2596.25 0.58372778
2599.6 0.54534656
2602.95 0.56473309
2606.3 0.56910056
2609.65 0.53927308
2613.0 0.52760124
2616.35 0.52823836
2619.7 0.51882786
2623.05 0.51562887
2626.4 0.50592977
2629.75 0.49115950
2633.1 0.47480759
2636.45 0.47138351
2639.8 0.48560914
2643.15 0.49997562
2646.5 0.50129235
2649.85 0.50677395
2653.2 0.51914251
2656.55 0.51945031
2659.9 0.51612741
2663.25 0.49882221
2666.6 0.50080580
2669.95 0.49808255
2673.3 0.47730982
2676.65 0.48329169
2680.0 0.46698600
2683.35 0.46690547
2686.7 0.45871967
2690.05 0.46860611
2693.4 0.47446221
2696.75 0.46572098
2700.1 0.45099652
2703.45 0.45041752
2706.8 0.44823420
2710.15 0.44286165
2713.5 0.45623186
2716.85 0.44655070
2720.2 0.45792696
2723.55 0.46693563
2726.9 0.49529400
2730.25 0.48756132
2733.6 0.48459673
2736.95 0.50590676
2740.3 0.51288640
2743.65 0.53067362
2747.0 0.56418973
2750.35 0.54757440
2753.7 0.52010757
2757.05 0.51741177
2760.4 0.49418777
2763.75 0.48174495
2767.1 0.47664332
2770.45 0.46857986
2773.8 0.45286223
2777.15 0.43536130
2780.5 0.43021780
2783.85 0.43215379
2787.2 0.44403130
2790.55 0.44039035
2793.9 0.43745509
2797.25 0.44701374
2800.6 0.43150824
2803.95 0.42597997
2807.3 0.43374497
2810.65 0.42373976
2814.0 0.41909400
2817.35 0.41835913
2820.7 0.41762629
2824.05 0.41945454
2827.4 0.42283827
2830.75 0.42082229
2834.1 0.41917354
2837.45 0.44251999
2840.8 0.43976977
2844.15 0.44638228
2847.5 0.43834075
2850.85 0.42769879
2854.2 0.42077249
2857.55 0.43954828
2860.9 0.43919256
2864.25 0.43597263
2867.6 0.45603913
2870.95 0.44385147
2874.3 0.45812219
2877.65 0.48297119
2881.0 0.47454724
2884.35 0.48417851
2887.7 0.49297109
2891.05 0.51306373
2894.4 0.54550743
2897.75 0.55144089
2901.1 0.58187497
2904.45 0.62971562
2907.8 0.65295166
2911.15 0.65563643
2914.5 0.60954928
2917.85 0.59858167
2921.2 0.59250110
2924.55 0.56367117
2927.9 0.53808904
2931.25 0.49272099
2934.6 0.48237512
2937.95 0.46311352
2941.3 0.45369998
2944.65 0.46513876
2948.0 0.45239252
2951.35 0.44463670
2954.7 0.44503003
2958.05 0.43457249
2961.4 0.43145037
2964.75 0.42914814
2968.1 0.40260372
2971.45 0.41632688
2974.8 0.41413647
2978.15 0.42463565
2981.5 0.41537562
2984.85 0.41350499
2988.2 0.43207243
2991.55 0.43826008
2994.9 0.45474026
2998.25 0.44809541
3001.6 0.44462290
3004.95 0.42788547
3008.3 0.45138389
3011.65 0.45232752
3015.0 0.45505121
3018.35 0.45172480
3021.7 0.46866187
3025.05 0.48855394
3028.4 0.48497275
3031.75 0.46502179
3035.1 0.45396301
3038.45 0.44289991
3041.8 0.44591904
3045.15 0.47866675
3048.5 0.46559030
3051.85 0.45984104
3055.2 0.47758996
3058.55 0.47350779
3061.9 0.43843991
3065.25 0.46199983
3068.6 0.48028350
3071.95 0.45955387
3075.3 0.45071369
3078.65 0.45775560
3082.0 0.44059196
3085.35 0.43026289
3088.7 0.43159267
3092.05 0.44526565
3095.4 0.46134230
3098.75 0.46098119
3102.1 0.45168757
3105.45 0.45722046
3108.8 0.44350806
3112.15 0.45078889
3115.5 0.43706888
3118.85 0.45988333
3122.2 0.43275037
3125.55 0.44670287
3128.9 0.42800865
3132.25 0.43191570
3135.6 0.43517050
3138.95 0.44940218
3142.3 0.40979540
3145.65 0.40882307
3149.0 0.38427594
3152.35 0.37933460
3155.7 0.37394169
3159.05 0.38299334
3162.4 0.38164937
3165.75 0.38041815
3169.1 0.37350437
3172.45 0.37907416
3175.8 0.38287935
3179.15 0.37474772
3182.5 0.36208728
3185.85 0.36522171
3189.2 0.36661601
3192.55 0.36461136
3195.9 0.37019652
3199.25 0.37480345
3202.6 0.38146451
3205.95 0.37992534
3209.3 0.37683928
3212.65 0.38407516
3216.0 0.39499587
3219.35 0.39515001
3222.7 0.39867708
3226.05 0.41349843
3229.4 0.43775994
3232.75 0.43969312
3236.1 0.47247180
3239.45 0.47670877
3242.8 0.49252528
3246.15 0.52918833
3249.5 0.55083287
3252.85 0.61611634
3256.2 0.67187428
3259.55 0.65047807
3262.9 0.60659784
3266.25 0.56317103
3269.6 0.53261042
3272.95 0.50600910
3276.3 0.47248477
3279.65 0.46394211
3283.0 0.45923313
3286.35 0.44314116
3289.7 0.41833258
3293.05 0.43071061
3296.4 0.41656324
3299.75 0.41007802
3303.1 0.40305784
3306.45 0.39211807
3309.8 0.38774908
3313.15 0.39773899
3316.5 0.39772865
3319.85 0.46920693
3323.2 0.51279271
3326.55 0.42854008
3329.9 0.38051307
3333.25 0.37035415
3336.6 0.36715981
3339.95 0.35804695
3343.3 0.38124219
3346.65 0.41640362
3350.0 0.50591570
3353.35 0.71258646
3356.7 0.71076685
3360.05 0.47784722
3363.4 0.40217626
3366.75 0.37800363
3370.1 0.36753479
3373.45 0.35878199
3376.8 0.35180792
3380.15 0.35195240
3383.5 0.34937787
3386.85 0.34978822
3390.2 0.34922832
3393.55 0.34344456
3396.9 0.33954230
3400.25 0.33945373
3403.6 0.32639271
3406.95 0.31960332
3410.3 0.33356729
3413.65 0.33048871
3417.0 0.33451456
3420.35 0.32095268
3423.7 0.32349548
3427.05 0.31890383
3430.4 0.32995665
3433.75 0.32408315
3437.1 0.31566134
3440.45 0.32282248
3443.8 0.32073495
3447.15 0.33042940
3450.5 0.33206809
3453.85 0.34529528
3457.2 0.35268176
3460.55 0.34763733
3463.9 0.33751255
3467.25 0.35228229
3470.6 0.33763221
3473.95 0.32918835
3477.3 0.32977358
3480.65 0.34830454
3484.0 0.34171918
3487.35 0.32365260
3490.7 0.32782724
3494.05 0.33077145
3497.4 0.33625349
3500.75 0.33072865
3504.1 0.33379626
3507.45 0.33241507
3510.8 0.33417460
3514.15 0.32190949
3517.5 0.32729441
3520.85 0.33784720
3524.2 0.32153970
3527.55 0.33055362
3530.9 0.33181694
3534.25 0.32931295
3537.6 0.32971379
3540.95 0.33201957
3544.3 0.32978237
3547.65 0.34239021
3551.0 0.32678396
3554.35 0.31984150
3557.7 0.34967735
3561.05 0.32633844
3564.4 0.34144476
3567.75 0.33274537
3571.1 0.32276610
3574.45 0.31812593
3577.8 0.31444132
3581.15 0.32378963
3584.5 0.30679438
3587.85 0.30943680
3591.2 0.31251755
3594.55 0.30906197
3597.9 0.29448301
3601.25 0.29981217
3604.6 0.30697101
3607.95 0.30624971
3611.3 0.29686686
3614.65 0.29788759
3618.0 0.29531091
3621.35 0.28952482
3624.7 0.29523206
3628.05 0.30116260
3631.4 0.29906189
3634.75 0.29168954
3638.1 0.28737834
3641.45 0.28302094
3644.8 0.29276708
3648.15 0.28220710
3651.5 0.30120450
3654.85 0.28383884
3658.2 0.28505951
3661.55 0.28059003
3664.9 0.28018796
3668.25 0.27978680
3671.6 0.27938643
3674.95 0.28570947
3678.3 0.28687960
3681.65 0.29340154
3685.0 0.28616989
3688.35 0.28695089
3691.7 0.27700269
3695.05 0.27660835
3698.4 0.28441173
3701.75 0.29275304
3705.1 0.28773323
3708.45 0.28064266
3711.8 0.29161400
3715.15 0.29621446
3718.5 0.28128695
3721.85 0.28440392
3725.2 0.27309778
3728.55 0.27271190
3731.9 0.27813169
3735.25 0.27348354
3738.6 0.29890913
3741.95 0.28529564
3745.3 0.27745527
3748.65 0.30970776
3752.0 0.30552912
3755.35 0.29167423
3758.7 0.28628996
3762.05 0.27326798
3765.4 0.27284119
3768.75 0.26814514
3772.1 0.27686888
3775.45 0.26739535
3778.8 0.26864523
3782.15 0.26664874
3785.5 0.26877129
3788.85 0.26590526
3792.2 0.26733530
3795.55 0.26630712
3798.9 0.26479593
3802.25 0.27396944
3805.6 0.26987186
3808.95 0.26369381
3812.3 0.26332790
3815.65 0.26296285
3819.0 0.26259848
3822.35 0.26223496
3825.7 0.26187220
3829.05 0.26151016
3832.4 0.26685536
3835.75 0.26078838
3839.1 0.26118463
3842.45 0.26006967
3845.8 0.26121104
3849.15 0.25944108
3852.5 0.25899711
3855.85 0.26148042
3859.2 0.26509896
3862.55 0.26633719
3865.9 0.26382923
3869.25 0.26335454
3872.6 0.26257083
3875.95 0.25892419
3879.3 0.26103428
3882.65 0.25930366
3886.0 0.25877973
3889.35 0.26451775
3892.7 0.27608186
3896.05 0.26251373
3899.4 0.27159438
3902.75 0.26632041
3906.1 0.27453133
3909.45 0.26807439
3912.8 0.27674928
3916.15 0.27230960
3919.5 0.27352765
3922.85 0.28146014
3926.2 0.27461308
3929.55 0.27983788
3932.9 0.28904703
3936.25 0.31118795
3939.6 0.30404738
3942.95 0.29815838
3946.3 0.29975751
3949.65 0.27331626
3953.0 0.26871777
3956.35 0.28121129
3959.7 0.27621791
3963.05 0.26658559
3966.4 0.26801530
3969.75 0.26947278
3973.1 0.26980889
3976.45 0.26504144
3979.8 0.27025625
3983.15 0.27579662
3986.5 0.25881281
3989.85 0.26156282
3993.2 0.25974941
3996.55 0.26806852
3999.9 0.25288212
4003.25 0.25558230
4006.6 0.25487664
4009.95 0.25395396
4013.3 0.25577024
4016.65 0.25525382
4020.0 0.25462121
4023.35 0.25692010
4026.7 0.25275925
4030.05 0.25064680
4033.4 0.24624301
4036.75 0.24603631
4040.1 0.24202015
4043.45 0.24671699
4046.8 0.24724628
4050.15 0.25008926
4053.5 0.25211149
4056.85 0.24250284
4060.2 0.24771130
4063.55 0.25514749
4066.9 0.25216955
4070.25 0.25468099
4073.6 0.25932485
4076.95 0.25507498
4080.3 0.25696483
4083.65 0.25188392
4087.0 0.26454327
4090.35 0.24324526
4093.7 0.23515747
4097.05 0.23872328
4100.4 0.23553587
4103.75 0.23681158
4107.1 0.23714399
4110.45 0.24180521
4113.8 0.24628013
4117.15 0.23510039
4120.5 0.24171346
4123.85 0.24825543
4127.2 0.23911244
4130.55 0.23512661
4133.9 0.23151252
4137.25 0.23121272
4140.6 0.23219551
4143.95 0.24590629
4147.3 0.23429315
4150.65 0.23567851
4154.0 0.22972260
4157.35 0.23030271
4160.7 0.23010817
4164.05 0.23385383
4167.4 0.23149785
4170.75 0.23678102
4174.1 0.23757939
4177.45 0.23219085
4180.8 0.23059779
4184.15 0.23025610
4187.5 0.23690131
4190.85 0.23542638
4194.2 0.23046120
4197.55 0.22879256
4200.9 0.22703476
4204.25 0.22594397
4207.6 0.22781998
4210.95 0.22981539
4214.3 0.23741265
4217.65 0.24068066
4221.0 0.24523960
4224.35 0.25304195
4227.7 0.24293083
4231.05 0.23103194
4234.4 0.23179226
4237.75 0.22940429
4241.1 0.22583288
4244.45 0.22936158
4247.8 0.23619282
4251.15 0.23868448
4254.5 0.23126304
4257.85 0.23307191
4261.2 0.23656525
4264.55 0.24084437
4267.9 0.24450515
4271.25 0.23246431
4274.6 0.23477310
4277.95 0.23913702
4281.3 0.23985864
4284.65 0.23476598
4288.0 0.23435576
4291.35 0.23784231
4294.7 0.23763131
4298.05 0.23504834
4301.4 0.24082774
4304.75 0.23836865
4308.1 0.24174067
4311.45 0.24753352
4314.8 0.24408270
4318.15 0.25119537
4321.5 0.24717805
4324.85 0.26397115
4328.2 0.26592937
4331.55 0.27289665
4334.9 0.28058285
4338.25 0.27945006
4341.6 0.28516379
4344.95 0.30116457
4348.3 0.30283943
4351.65 0.31603667
4355.0 0.33063895
4358.35 0.35093418
4361.7 0.37443367
4365.05 0.40279016
4368.4 0.44185078
4371.75 0.49064070
4375.1 0.55035669
4378.45 0.62071973
4381.8 0.72775924
4385.15 0.85507202
4388.5 1.0154290
4391.85 1.1771442
4395.2 1.3846794
4398.55 1.4230113
4401.9 1.2169265
4405.25 1.0128613
4408.6 0.92149413
4411.95 0.86792535
4415.3 0.75160730
4418.65 0.63407034
4422.0 0.57122600
4425.35 0.52103347
4428.7 0.47514173
4432.05 0.44017154
4435.4 0.41878039
4438.75 0.39209658
4442.1 0.36506453
4445.45 0.34260443
4448.8 0.32004252
4452.15 0.30075184
4455.5 0.29465088
4458.85 0.28859586
4462.2 0.27408224
4465.55 0.27231127
4468.9 0.26720101
4472.25 0.26750156
4475.6 0.27221149
4478.95 0.27144620
4482.3 0.26579121
4485.65 0.25716901
4489.0 0.27000901
4492.35 0.27694380
4495.7 0.28258079
4499.05 0.31118387
4502.4 0.30956933
4505.75 0.28859347
4509.1 0.29149500
4512.45 0.29501110
4515.8 0.28653055
4519.15 0.26442975
4522.5 0.24291615
4525.85 0.24052776
4529.2 0.23443273
4532.55 0.22731550
4535.9 0.22589026
4539.25 0.21958970
4542.6 0.20991418
4545.95 0.20874546
4549.3 0.20976707
4552.65 0.20939602
4556.0 0.19963272
4559.35 0.19776216
4562.7 0.19752817
4566.05 0.20384964
4569.4 0.21187186
4572.75 0.20347653
4576.1 0.20051393
4579.45 0.19992328
4582.8 0.19613004
4586.15 0.19589862
4589.5 0.19566768
4592.85 0.20887350
4596.2 0.20091213
4599.55 0.20234118
4602.9 0.19474809
4606.25 0.19451924
4609.6 0.19805571
4612.95 0.20439582
4616.3 0.20279413
4619.65 0.19801466
4623.0 0.20000340
4626.35 0.20017461
4629.7 0.19867828
4633.05 0.19270407
4636.4 0.19247906
4639.75 0.19225447
4643.1 0.19380905
4646.45 0.19180660
4649.8 0.19158326
4653.15 0.19136038
4656.5 0.19587672
4659.85 0.19091582
4663.2 0.19069417
4666.55 0.19047293
4669.9 0.19308619
4673.25 0.19003165
4676.6 0.18981165
4679.95 0.18959205
4683.3 0.18937284
4686.65 0.19447836
4690.0 0.19007030
4693.35 0.20054023
4696.7 0.18992667
4700.05 0.18991418
4703.4 0.18806624
4706.75 0.18784989
4710.1 0.20125072
4713.45 0.20880711
4716.8 0.20155190
4720.15 0.21652985
4723.5 0.20020238
4726.85 0.22526383
4730.2 0.21204314
4733.55 0.19592516
4736.9 0.21804355
4740.25 0.20311384
4743.6 0.19808374
4746.95 0.19972992
4750.3 0.19341089
4753.65 0.19067135
4757.0 0.18465228
4760.35 0.18444222
4763.7 0.18708344
4767.05 0.19408992
4770.4 0.18381445
4773.75 0.18360600
4777.1 0.18339790
4780.45 0.18319020
4783.8 0.20146464
4787.15 0.18713157
4790.5 0.18256934
4793.85 0.18236320
4797.2 0.18543182
4800.55 0.18417102
4803.9 0.18174687
4807.25 0.18154228
4810.6 0.18668562
4813.95 0.19246793
4817.3 0.20312044
4820.65 0.18072733
4824.0 0.19993798
4827.35 0.18084320
4830.7 0.18935183
4834.05 0.17991842
4837.4 0.19208689
4840.75 0.18702836
4844.1 0.18663873
4847.45 0.19033560
4850.8 0.19920042
4854.15 0.18976545
4857.5 0.17851716
4860.85 0.19053519
4864.2 0.21092555
4867.55 0.17792210
4870.9 0.17772450
4874.25 0.17803749
4877.6 0.17733030
4880.95 0.17713378
4884.3 0.17693758
4887.65 0.19425018
4891.0 0.18921028
4894.35 0.17635123
4897.7 0.17615651
4901.05 0.18559213
4904.4 0.19859470
4907.75 0.17557441
4911.1 0.17703432
4914.45 0.21637619
4917.8 0.18606457
4921.15 0.18444613
4924.5 0.17461137
4927.85 0.19840023
4931.2 0.21202843
4934.55 0.20252708
4937.9 0.22274742
4941.25 0.21805403
4944.6 0.22978762
4947.95 0.19971107
4951.3 0.20720857
4954.65 0.25517324
4958.0 0.22884817
4961.35 0.21960121
4964.7 0.19875439
4968.05 0.19205207
4971.4 0.23737815
4974.75 0.22640644
4978.1 0.21901476
4981.45 0.20397979
4984.8 0.18249868
4988.15 0.20622750
4991.5 0.17084633
4994.85 0.17066166
4998.2 0.17047732
5001.55 0.17029338
5004.9 0.17010973
5008.25 0.16992640
5011.6 0.16974346
5014.95 0.16956079
5018.3 0.16937849
5021.65 0.16919650
5025.0 0.16901489
5028.35 0.16883355
5031.7 0.16865258
5035.05 0.16847195
5038.4 0.16829164
5041.75 0.16811167
5045.1 0.16793199
5048.45 0.16775268
5051.8 0.16757366
5055.15 0.16739500
5058.5 0.16721666
5061.85 0.16703862
5065.2 0.16686097
5068.55 0.16668358
5071.9 0.16650650
5075.25 0.16632976
5078.6 0.16615337
5081.95 0.16597731
5085.3 0.16580151
5088.65 0.16562608
5092.0 0.16545101
5095.35 0.16527618
5098.7 0.16510171
5102.05 0.16492754
5105.4 0.16475369
5108.75 0.16458017
5112.1 0.16440699
5115.45 0.16423412
5118.8 0.16406156
5122.15 0.16388926
5125.5 0.16371731
5128.85 0.16354570
5132.2 0.16337435
5135.55 0.16320336
5138.9 0.16303265
5142.25 0.16286230
5145.6 0.16269222
5148.95 0.16252246
5152.3 0.16235302
5155.65 0.16218390
5159.0 0.16201505
5162.35 0.16184652
5165.7 0.16167833
5169.05 0.16151039
5172.4 0.16134283
5175.75 0.16117550
5179.1 0.16100848
5182.45 0.16084184
5185.8 0.16067554
5189.15 0.16050941
5192.5 0.16034360
5195.85 0.16017817
5199.2 0.16001301
5202.55 0.15984808
5205.9 0.15968348
5209.25 0.15951937
5212.6 0.15935528
5215.95 0.15919167
5219.3 0.15902835
5222.65 0.15886530
5226.0 0.15870254
5229.35 0.15854003
5232.7 0.15837781
5236.05 0.15821606
5239.4 0.15805441
5242.75 0.15789312
5246.1 0.15773207
5249.45 0.15757139
5252.8 0.15741099
5256.15 0.15725088
5259.5 0.15709105
5262.85 0.15693159
5266.2 0.15677239
5269.55 0.15661347
5272.9 0.15645479
5276.25 0.15629645
5279.6 0.15613841
5282.95 0.15598057
5286.3 0.15582308
5289.65 0.15566596
5293.0 0.15550895
5296.35 0.15535237
5299.7 0.15519607
5303.05 0.15504001
5306.4 0.15488426
5309.75 0.15472877
5313.1 0.15457349
5316.45 0.15441868
5319.8 0.15426400
5323.15 0.15410967
5326.5 0.15395561
5329.85 0.15380186
5333.2 0.15364832
5336.55 0.15349518
5339.9 0.15334228
5343.25 0.15318963
5346.6 0.15303721
5349.95 0.15288515
5353.3 0.15273334
5356.65 0.15258178
5360.0 0.15243052
5363.35 0.15227960
5366.7 0.15212885
5370.05 0.15197849
5373.4 0.15182836
5376.75 0.15167852
5380.1 0.15152882
5383.45 0.15137956
5386.8 0.15123045
5390.15 0.15108182
5393.5 0.15093330
5396.85 0.15078503
5400.2 0.15063711
5403.55 0.15048939
5406.9 0.15034209
5410.25 0.15019496
5413.6 0.15004800
5416.95 0.14990146
5420.3 0.14975519
5423.65 0.14960915
5427.0 0.14946333
5430.35 0.14931785
5433.7 0.14917265
5437.05 0.14902762
5440.4 0.14888288
5443.75 0.14873855
5447.1 0.14859436
5450.45 0.14845037
5453.8 0.14830679
5457.15 0.14816336
5460.5 0.14802033
5463.85 0.14787748
5467.2 0.14773484
5470.55 0.14759259
5473.9 0.14745054
5477.25 0.14730875
5480.6 0.14716719
5483.95 0.14702594
5487.3 0.14688498
5490.65 0.14674418
5494.0 0.14660378
5497.35 0.14646350
5500.7 0.14632356
5504.05 0.14618386
5507.4 0.14604443
5510.75 0.14590524
5514.1 0.14576641
5517.45 0.14562772
5520.8 0.14548929
5524.15 0.14535119
5527.5 0.14521325
5530.85 0.14507566
5534.2 0.14493825
5537.55 0.14480111
5540.9 0.14466426
5544.25 0.14452767
5547.6 0.14439124
5550.95 0.14425521
5554.3 0.14411937
5557.65 0.14398374
5561.0 0.14384840
5564.35 0.14371328
5567.7 0.14357848
5571.05 0.14344384
5574.4 0.14330961
5577.75 0.14317551
5581.1 0.14304158
5584.45 0.14290805
5587.8 0.14277476
5591.15 0.14264163
5594.5 0.14250879
5597.85 0.14237621
5601.2 0.14224389
5604.55 0.14211181
5607.9 0.14197993
5611.25 0.14184830
5614.6 0.14171694
5617.95 0.14158586
5621.3 0.14145502
5624.65 0.14132446
5628.0 0.14119403
5631.35 0.14106397
5634.7 0.14093411
5638.05 0.14080448
5641.4 0.14067508
5644.75 0.14054590
5648.1 0.14041707
5651.45 0.14028835
5654.8 0.14015992
5658.15 0.14003174
5661.5 0.13990386
5664.85 0.13977619
5668.2 0.13964869
5671.55 0.13952145
5674.9 0.13939458
5678.25 0.13926782
5681.6 0.13914128
5684.95 0.13901506
5688.3 0.13888910
5691.65 0.13876326
5695.0 0.13863774
5698.35 0.13851242
5701.7 0.13838735
5705.05 0.13826258
5708.4 0.13813795
5711.75 0.13801363
5715.1 0.13788952
5718.45 0.13776563
5721.8 0.13764198
5725.15 0.13751863
5728.5 0.13739540
5731.85 0.13727251
5735.2 0.13714977
5738.55 0.13702729
5741.9 0.13690504
5745.25 0.13678308
5748.6 0.13666129
5751.95 0.13653973
5755.3 0.13641848
5758.65 0.13629736
5762.0 0.13617653
5765.35 0.13605593
5768.7 0.13593550
5772.05 0.13581538
5775.4 0.13569541
5778.75 0.13557579
5782.1 0.13545629
5785.45 0.13533707
5788.8 0.13521807
5792.15 0.13509923
5795.5 0.13498072
5798.85 0.13486238
5802.2 0.13474427
5805.55 0.13462639
5808.9 0.13450874
5812.25 0.13439134
5815.6 0.13427410
5818.95 0.13415720
5822.3 0.13404045
5825.65 0.13392387
5829.0 0.13380761
5832.35 0.13369153
5835.7 0.13357574
5839.05 0.13346006
5842.4 0.13334472
5845.75 0.13322951
5849.1 0.13311459
5852.45 0.13299985
5855.8 0.13288537
5859.15 0.13277110
5862.5 0.13265701
5865.85 0.13254313
5869.2 0.13242958
5872.55 0.13231619
5875.9 0.13220301
5879.25 0.13208994
5882.6 0.13197726
5885.95 0.13186480
5889.3 0.13175249
5892.65 0.13164036
5896.0 0.13152848
5899.35 0.13141687
5902.7 0.13130546
5906.05 0.13119417
5909.4 0.13108322
5912.75 0.13097240
5916.1 0.13086185
5919.45 0.13075149
5922.8 0.13064137
5926.15 0.13053147
5929.5 0.13042182
5932.85 0.13031229
5936.2 0.13020308
5939.55 0.13009401
5942.9 0.12998518
5946.25 0.12987657
5949.6 0.12976816
5952.95 0.12965991
5956.3 0.12955198
5959.65 0.12944418
5963.0 0.12933658
5966.35 0.12922923
5969.7 0.12912212
5973.05 0.12901516
5976.4 0.12890853
5979.75 0.12880197
5983.1 0.12869571
5986.45 0.12858962
5989.8 0.12848374
5993.15 0.12837808
5996.5 0.12827264
5999.85 0.12816735
