300.0 0.0
305.0 0.0000000
308.05 0.0000000
311.1 0.0000000
314.15 0.0000000
317.2 0.0000000
320.25 0.0000000
323.3 0.0000000
326.35 0.0000000
329.4 0.0000000
332.45 0.0000000
335.5 0.0000000
338.55 0.0000000
341.6 0.0000000
344.65 0.0000000
347.7 0.0000000
350.75 0.0000000
353.8 0.0000000
356.85 0.0000000
359.9 0.0000000
362.95 0.0000000
366.0 0.0000000
369.05 0.0000000
372.1 0.0000000
375.15 0.0000000
378.2 0.0000000
381.25 0.0000000
384.3 0.0000000
387.35 0.0000000
390.4 0.0000000
393.45 0.0000000
396.5 0.0000000
399.55 0.0000000
402.6 0.0000000
405.65 0.0000000
408.7 0.0000000
411.75 0.0000000
414.8 0.0000000
417.85 0.0000000
420.9 0.0000000
423.95 0.0000000
427.0 0.0000000
430.05 0.0000000
433.1 0.0000000
436.15 0.0000000
439.2 0.0000000
442.25 0.0000000
445.3 0.0000000
448.35 0.0000000
451.4 0.0000000
454.45 0.0000000
457.5 0.0000000
460.55 0.0000000
463.6 0.0000000
466.65 0.0000000
469.7 0.0000000
472.75 0.0000000
475.8 0.0000000
478.85 0.0000000
481.9 0.0000000
484.95 0.0000000
488.0 0.0000000
491.05 0.0000000
494.1 0.0000000
497.15 0.0000000
500.2 0.0000000
503.25 0.0000000
506.3 0.0000000
509.35 0.0000000
512.4 0.0000000
515.45 0.0000000
518.5 0.0000000
521.55 0.0000000
524.6 0.0000000
527.65 0.0000000
530.7 0.0000000
533.75 0.0000000
536.8 0.0000000
539.85 0.0000000
542.9 0.0000000
545.95 0.0000000
549.0 0.0000000
552.05 0.0000000
555.1 0.0000000
558.15 0.17320615
561.2 0.16807544
564.25 0.16296701
567.3 0.15788069
570.35 0.15283583
573.4 0.14785068
576.45 0.14293796
579.5 0.13809709
582.55 0.13331832
585.6 0.12860119
588.65 0.12395360
591.7 0.11938012
594.75 0.18500547
597.8 0.17979284
600.85 0.17462435
603.9 0.16949838
606.95 0.16441268
610.0 0.17480300
613.05 0.17746271
616.1 0.17173667
619.15 0.17898206
622.2 0.19041616
625.25 0.20577553
628.3 0.50397164
631.35 0.51495683
634.4 0.43816769
637.45 0.36692202
640.5 0.34610638
643.55 0.33857006
646.6 0.34128404
649.65 0.34864068
652.7 0.34152517
655.75 0.31013775
658.8 0.31476957
661.85 0.28316399
664.9 0.25916585
667.95 0.24118322
671.0 0.23390348
674.05 0.23903820
677.1 0.23083882
680.15 0.23716120
683.2 0.24601635
686.25 0.24096465
689.3 0.21648020
692.35 0.21123914
695.4 0.19420020
698.45 0.19744217
701.5 0.19683419
704.55 0.19075757
707.6 0.19037022
710.65 0.19670136
713.7 0.20480153
716.75 0.22115959
719.8 0.23014008
722.85 0.24223161
725.9 0.25956422
728.95 0.28772533
732.0 0.32786965
735.05 0.39298871
738.1 0.48866054
741.15 0.66505742
744.2 2.6535940
747.25 2.1487586
750.3 2.0064936
753.35 2.0079484
756.4 1.8831085
759.45 1.5092299
762.5 1.3045278
765.55 1.2281741
768.6 1.1766088
771.65 1.1013954
774.7 1.0067803
777.75 0.94423676
780.8 0.92341822
783.85 0.92681599
786.9 0.94277346
789.95 0.95010829
793.0 1.0229529
796.05 1.0400103
799.1 0.99626231
802.15 0.90871167
805.2 0.91545743
808.25 0.90800548
811.3 0.93062121
814.35 0.94749093
817.4 0.93675876
820.45 0.90387690
823.5 0.89265352
826.55 0.92181110
829.6 0.91688389
832.65 0.93297946
835.7 0.92170572
838.75 0.94404840
841.8 0.99885255
844.85 1.0557638
847.9 1.1342303
850.95 1.1561252
854.0 1.1735158
857.05 1.0680325
860.1 0.99803144
863.15 0.94614917
866.2 0.92395961
869.25 0.92056412
872.3 0.87966484
875.35 0.86920327
878.4 0.86468565
881.45 0.85891616
884.5 0.87498224
887.55 0.86722428
890.6 0.84937954
893.65 0.87548816
896.7 0.86097103
899.75 0.87501210
902.8 0.89655393
905.85 0.91040957
908.9 0.93318468
911.95 0.93243140
915.0 0.96261054
918.05 0.98454851
921.1 1.0091183
924.15 1.0478930
927.2 1.1266648
930.25 1.2320026
933.3 1.3528681
936.35 1.5063481
939.4 1.6969967
942.45 1.8102670
945.5 1.6439227
948.55 1.3952121
951.6 1.2062056
954.65 1.1075842
957.7 1.0580977
960.75 1.0298194
963.8 0.98142165
966.85 0.97820240
969.9 0.94901854
972.95 0.96789658
976.0 0.97065365
979.05 0.96738809
982.1 0.97806185
985.15 0.96592414
988.2 0.98056817
991.25 0.99420804
994.3 0.99583894
997.35 1.0172455
1000.4 0.97795784
1003.45 0.97128236
1006.5 0.95863581
1009.55 0.97430170
1012.6 0.97865176
1015.65 0.96467716
1018.7 0.91584456
1021.75 0.88628381
1024.8 0.87383348
1027.85 0.85774666
1030.9 0.85917646
1033.95 0.85688680
1037.0 0.85528243
1040.05 0.86879289
1043.1 0.86609447
1046.15 0.88001543
1049.2 0.88412946
1052.25 0.88254905
1055.3 0.87243909
1058.35 0.88351369
1061.4 0.88749695
1064.45 0.91156918
1067.5 0.89696193
1070.55 0.88257444
1073.6 0.84381217
1076.65 0.85657769
1079.7 0.86060184
1082.75 0.84928399
1085.8 0.87814254
1088.85 0.88664085
1091.9 0.86348969
1094.95 0.84894240
1098.0 0.85023755
1101.05 0.85041994
1104.1 0.85021269
1107.15 0.86121672
1110.2 0.84635210
1113.25 0.84386736
1116.3 0.85485554
1119.35 0.85408813
1122.4 0.87544775
1125.45 0.87188911
1128.5 0.92848855
1131.55 0.92553777
1134.6 0.93520337
1137.65 0.92129254
1140.7 0.92355496
1143.75 0.93230504
1146.8 0.97404253
1149.85 1.0483506
1152.9 1.1159186
1155.95 1.1710653
1159.0 1.1923475
1162.05 1.2553372
1165.1 1.2009192
1168.15 1.0983666
1171.2 1.0049689
1174.25 0.94302040
1177.3 0.91416860
1180.35 0.88478166
1183.4 0.85716069
1186.45 0.83602470
1189.5 0.83014369
1192.55 0.79925334
1195.6 0.78701460
1198.65 0.78112090
1201.7 0.78902185
1204.75 0.79267716
1207.8 0.77470708
1210.85 0.77817434
1213.9 0.78257871
1216.95 0.78940588
1220.0 0.77013195
1223.05 0.77881235
1226.1 0.79727572
1229.15 0.75440121
1232.2 0.77464479
1235.25 0.77990061
1238.3 0.77473050
1241.35 0.78163183
1244.4 0.76953709
1247.45 0.75962925
1250.5 0.78102010
1253.55 0.81290859
1256.6 0.79711366
1259.65 0.81745094
1262.7 0.81088877
1265.75 0.81338006
1268.8 0.80911183
1271.85 0.81983244
1274.9 0.81779355
1277.95 0.81604797
1281.0 0.79032797
1284.05 0.77784526
1287.1 0.78827971
1290.15 0.79984891
1293.2 0.76636952
1296.25 0.80372572
1299.3 0.77611363
1302.35 0.79499853
1305.4 0.78807163
1308.45 0.80444127
1311.5 0.76676756
1314.55 0.77842736
1317.6 0.77799642
1320.65 0.79189837
1323.7 0.75299996
1326.75 0.76211393
1329.8 0.77690595
1332.85 0.74266142
1335.9 0.75674838
1338.95 0.73414034
1342.0 0.71394783
1345.05 0.71331030
1348.1 0.71267003
1351.15 0.71744996
1354.2 0.72190070
1357.25 0.72306240
1360.3 0.71305126
1363.35 0.70942467
1366.4 0.70876706
1369.45 0.70810729
1372.5 0.71701133
1375.55 0.71578848
1378.6 0.72628361
1381.65 0.73061109
1384.7 0.73026597
1387.75 0.73551917
1390.8 0.74223101
1393.85 0.75558847
1396.9 0.77245110
1399.95 0.76635784
1403.0 0.78651500
1406.05 0.79544312
1409.1 0.80202043
1412.15 0.80635977
1415.2 0.81198233
1418.25 0.82206476
1421.3 0.82611573
1424.35 0.81483442
1427.4 0.80752319
1430.45 0.78932017
1433.5 0.78720975
1436.55 0.77187717
1439.6 0.78299630
1442.65 0.77322066
1445.7 0.76808387
1448.75 0.77005672
1451.8 0.76514089
1454.85 0.76677358
1457.9 0.76828998
1460.95 0.77692848
1464.0 0.79494178
1467.05 0.78258336
1470.1 0.81053454
1473.15 0.83034110
1476.2 0.85471833
1479.25 0.85195941
1482.3 0.82754755
1485.35 0.82317585
1488.4 0.82556438
1491.45 0.80658168
1494.5 0.79133636
1497.55 0.78663170
1500.6 0.78334367
1503.65 0.79811877
1506.7 0.81413436
1509.75 0.81713116
1512.8 0.81161880
1515.85 0.81346315
1518.9 0.80815077
1521.95 0.81204218
1525.0 0.80358720
1528.05 0.80005896
1531.1 0.80080462
1534.15 0.79693580
1537.2 0.78670466
1540.25 0.77517706
1543.3 0.78225803
1546.35 0.78469813
1549.4 0.78489363
1552.45 0.77715969
1555.5 0.77098203
1558.55 0.76882291
1561.6 0.76486558
1564.65 0.76177001
1567.7 0.75512010
1570.75 0.74482012
1573.8 0.74847400
1576.85 0.74842560
1579.9 0.74003834
1582.95 0.72057366
1586.0 0.73898977
1589.05 0.74216408
1592.1 0.73755473
1595.15 0.73742986
1598.2 0.74366975
1601.25 0.72983229
1604.3 0.72998786
1607.35 0.71564311
1610.4 0.70434499
1613.45 0.67673111
1616.5 0.67352581
1619.55 0.67231196
1622.6 0.66564834
1625.65 0.68365645
1628.7 0.69353390
1631.75 0.69494700
1634.8 0.67996937
1637.85 0.68683916
1640.9 0.68977392
1643.95 0.69898206
1647.0 0.69901168
1650.05 0.71512514
1653.1 0.73582667
1656.15 0.74221998
1659.2 0.73263341
1662.25 0.75500184
1665.3 0.76499712
1668.35 0.76419210
1671.4 0.76806813
1674.45 0.79908901
1677.5 0.81863683
1680.55 0.81434143
1683.6 0.82977402
1686.65 0.81082904
1689.7 0.83105439
1692.75 0.85946679
1695.8 0.93102324
1698.85 1.0148696
1701.9 1.1452401
1704.95 1.2781670
1708.0 1.3189082
1711.05 1.2517862
1714.1 1.1086446
1717.15 0.98625743
1720.2 0.91024375
1723.25 0.87262952
1726.3 0.84297895
1729.35 0.82002062
1732.4 0.80193627
1735.45 0.78459120
1738.5 0.77898222
1741.55 0.76316363
1744.6 0.74944758
1747.65 0.73377925
1750.7 0.72489631
1753.75 0.72261500
1756.8 0.70185262
1759.85 0.70312524
1762.9 0.68557096
1765.95 0.68102062
1769.0 0.68018770
1772.05 0.65205312
1775.1 0.66175461
1778.15 0.66124719
1781.2 0.67087477
1784.25 0.68920606
1787.3 0.69559354
1790.35 0.69790494
1793.4 0.69727671
1796.45 0.70206189
1799.5 0.69242615
1802.55 0.69408286
1805.6 0.70323008
1808.65 0.69280154
1811.7 0.69509882
1814.75 0.68257266
1817.8 0.68664122
1820.85 0.67004889
1823.9 0.65874177
1826.95 0.64689857
1830.0 0.64100420
1833.05 0.62560910
1836.1 0.61925811
1839.15 0.60229087
1842.2 0.59064192
1845.25 0.58823496
1848.3 0.59378606
1851.35 0.58602744
1854.4 0.59853715
1857.45 0.60165727
1860.5 0.60354578
1863.55 0.60346115
1866.6 0.60396582
1869.65 0.61593181
1872.7 0.60954386
1875.75 0.62156826
1878.8 0.62087387
1881.85 0.61841381
1884.9 0.61167377
1887.95 0.61789405
1891.0 0.61352730
1894.05 0.62658727
1897.1 0.64246225
1900.15 0.64417148
1903.2 0.66992491
1906.25 0.67533487
1909.3 0.67503965
1912.35 0.66578096
1915.4 0.66513252
1918.45 0.64062613
1921.5 0.65482152
1924.55 0.64837319
1927.6 0.64714521
1930.65 0.65523130
1933.7 0.67249769
1936.75 0.67313796
1939.8 0.68154860
1942.85 0.68578565
1945.9 0.69109172
1948.95 0.68429047
1952.0 0.68758649
1955.05 0.67733705
1958.1 0.68496239
1961.15 0.67648578
1964.2 0.65637845
1967.25 0.65662915
1970.3 0.66467494
1973.35 0.64714110
1976.4 0.64612412
1979.45 0.64658737
1982.5 0.64617968
1985.55 0.65641230
1988.6 0.65349633
1991.65 0.64239138
1994.7 0.64110297
1997.75 0.65397543
2000.8 0.65270805
2003.85 0.64821923
2006.9 0.66005945
2009.95 0.64135516
2013.0 0.63337547
2016.05 0.62485057
2019.1 0.61879069
2022.15 0.61410058
2025.2 0.60140622
2028.25 0.59898818
2031.3 0.60601306
2034.35 0.61136162
2037.4 0.61918390
2040.45 0.63846731
2043.5 0.61670882
2046.55 0.60808474
2049.6 0.60428828
2052.65 0.60137898
2055.7 0.59434235
2058.75 0.60840333
2061.8 0.60615146
2064.85 0.61040765
2067.9 0.60467362
2070.95 0.60650551
2074.0 0.60680842
2077.05 0.62065881
2080.1 0.62426454
2083.15 0.63479215
2086.2 0.65535086
2089.25 0.68197358
2092.3 0.64974797
2095.35 0.62498528
2098.4 0.62849754
2101.45 0.61878347
2104.5 0.59614253
2107.55 0.60275614
2110.6 0.60442781
2113.65 0.58757424
2116.7 0.58353508
2119.75 0.57051218
2122.8 0.56237817
2125.85 0.57741135
2128.9 0.57572311
2131.95 0.56751376
2135.0 0.57856303
2138.05 0.56399822
2141.1 0.55486977
2144.15 0.55457866
2147.2 0.54518420
2150.25 0.53608942
2153.3 0.52569520
2156.35 0.53224951
2159.4 0.53089523
2162.45 0.51549065
2165.5 0.51996517
2168.55 0.52827966
2171.6 0.53173363
2174.65 0.52162552
2177.7 0.53110713
2180.75 0.54426712
2183.8 0.53398973
2186.85 0.54554248
2189.9 0.52984339
2192.95 0.53103191
2196.0 0.52310872
2199.05 0.52978951
2202.1 0.53284043
2205.15 0.52229857
2208.2 0.53670561
2211.25 0.52760535
2214.3 0.52286136
2217.35 0.52738726
2220.4 0.51590389
2223.45 0.52149141
2226.5 0.51727587
2229.55 0.52064425
2232.6 0.52401006
2235.65 0.51691872
2238.7 0.51241779
2241.75 0.51091444
2244.8 0.50849426
2247.85 0.50534236
2250.9 0.50561279
2253.95 0.51261073
2257.0 0.51179743
2260.05 0.51124287
2263.1 0.50139034
2266.15 0.50322032
2269.2 0.52431875
2272.25 0.59093648
2275.3 0.61382663
2278.35 0.51872355
2281.4 0.50030160
2284.45 0.50016272
2287.5 0.49418098
2290.55 0.51188380
2293.6 0.49753624
2296.65 0.48658097
2299.7 0.48991549
2302.75 0.48434141
2305.8 0.47792989
2308.85 0.47288638
2311.9 0.46701780
2314.95 0.44162643
2318.0 0.44876763
2321.05 0.44033387
2324.1 0.45954394
2327.15 0.45842147
2330.2 0.45349169
2333.25 0.44896400
2336.3 0.44563341
2339.35 0.45701331
2342.4 0.44766337
2345.45 0.45513627
2348.5 0.46205047
2351.55 0.46966553
2354.6 0.48832735
2357.65 0.52559489
2360.7 0.54750031
2363.75 0.49205470
2366.8 0.45981756
2369.85 0.47628379
2372.9 0.48008811
2375.95 0.45504013
2379.0 0.44530293
2382.05 0.44595194
2385.1 0.43811646
2388.15 0.43552321
2391.2 0.42743674
2394.25 0.41506061
2397.3 0.40134096
2400.35 0.39854464
2403.4 0.41067269
2406.45 0.42292550
2409.5 0.42414257
2412.55 0.42888483
2415.6 0.43945879
2418.65 0.43982559
2421.7 0.43711737
2424.75 0.42256281
2427.8 0.42434487
2430.85 0.42213836
2433.9 0.40462929
2436.95 0.40979767
2440.0 0.39606556
2443.05 0.39609092
2446.1 0.38923842
2449.15 0.39772081
2452.2 0.40278563
2455.25 0.39545736
2458.3 0.38304374
2461.35 0.38264105
2464.4 0.38087466
2467.45 0.37639657
2470.5 0.38784975
2473.55 0.37970704
2476.6 0.38946980
2479.65 0.39722261
2482.7 0.42144337
2485.75 0.41495830
2488.8 0.41252890
2491.85 0.43076739
2494.9 0.43680900
2497.95 0.45205978
2501.0 0.48071879
2504.05 0.46666637
2507.1 0.44335708
2510.15 0.44115758
2513.2 0.42145002
2516.25 0.41092974
2519.3 0.40666807
2522.35 0.39987659
2525.4 0.38654864
2528.45 0.37169203
2531.5 0.36738116
2534.55 0.36911500
2537.6 0.37934262
2540.65 0.37631387
2543.7 0.37388673
2546.75 0.38213900
2549.8 0.36896345
2552.85 0.36431485
2555.9 0.37103531
2558.95 0.36255425
2562.0 0.35865578
2565.05 0.35810316
2568.1 0.35755187
2571.15 0.35919321
2574.2 0.36216724
2577.25 0.36051661
2580.3 0.35917959
2583.35 0.37926406
2586.4 0.37698591
2589.45 0.38273415
2592.5 0.37591743
2595.55 0.36686721
2598.6 0.36100081
2601.65 0.37718725
2604.7 0.37695971
2607.75 0.37427288
2610.8 0.39157987
2613.85 0.38119280
2616.9 0.39352927
2619.95 0.41495907
2623.0 0.40780413
2626.05 0.41616493
2629.1 0.42380798
2632.15 0.44117051
2635.2 0.46916232
2638.25 0.47436038
2641.3 0.50064057
2644.35 0.54191029
2647.4 0.56201816
2650.45 0.56444103
2653.5 0.52486825
2656.55 0.51552606
2659.6 0.51038980
2662.65 0.48565063
2665.7 0.46370032
2668.75 0.42468730
2671.8 0.41585100
2674.85 0.39932343
2677.9 0.39128250
2680.95 0.40122533
2684.0 0.39030588
2687.05 0.38368836
2690.1 0.38410160
2693.15 0.37514767
2696.2 0.37252378
2699.25 0.37060666
2702.3 0.34774947
2705.35 0.35967115
2708.4 0.35784659
2711.45 0.36698803
2714.5 0.35905281
2717.55 0.35750306
2720.6 0.37362593
2723.65 0.37904754
2726.7 0.39337459
2729.75 0.38769859
2732.8 0.38476560
2735.85 0.37035012
2738.9 0.39076105
2741.95 0.39165023
2745.0 0.39408103
2748.05 0.39127216
2751.1 0.40601698
2754.15 0.42332742
2757.2 0.42030099
2760.25 0.40308377
2763.3 0.39356935
2766.35 0.38404757
2769.4 0.38673535
2772.45 0.41521147
2775.5 0.40394112
2778.55 0.39902467
2781.6 0.41450030
2784.65 0.41103071
2787.7 0.38065764
2790.75 0.40118381
2793.8 0.41713464
2796.85 0.39920115
2799.9 0.39159095
2802.95 0.39777914
2806.0 0.38293150
2809.05 0.37401974
2812.1 0.37524125
2815.15 0.38719648
2818.2 0.40124628
2821.25 0.40100175
2824.3 0.39298540
2827.35 0.39786789
2830.4 0.38600203
2833.45 0.39240626
2836.5 0.38052842
2839.55 0.40046009
2842.6 0.37689736
2845.65 0.38911539
2848.7 0.37289450
2851.75 0.37636223
2854.8 0.37926254
2857.85 0.39173195
2860.9 0.35726792
2863.95 0.35648012
2867.0 0.33513197
2870.05 0.33087790
2873.1 0.32622832
2876.15 0.33418059
2879.2 0.33306324
2882.25 0.33204374
2885.3 0.32606307
2888.35 0.33098000
2891.4 0.33435738
2894.45 0.32731003
2897.5 0.31630406
2900.55 0.31909430
2903.6 0.32036477
2906.65 0.31866488
2909.7 0.32359874
2912.75 0.32767886
2915.8 0.33355629
2918.85 0.33226401
2921.9 0.32961816
2924.95 0.33600122
2928.0 0.34561035
2931.05 0.34580052
2934.1 0.34894270
2937.15 0.36197275
2940.2 0.38327187
2943.25 0.38502544
2946.3 0.41379407
2949.35 0.41757065
2952.4 0.43149295
2955.45 0.46368560
2958.5 0.48272654
2961.55 0.54002261
2964.6 0.58898604
2967.65 0.57031816
2970.7 0.53192800
2973.75 0.49392340
2976.8 0.46719271
2979.85 0.44392720
2982.9 0.41457969
2985.95 0.40714651
2989.0 0.40307575
2992.05 0.38901109
2995.1 0.36728889
2998.15 0.37821421
3001.2 0.36584672
3004.25 0.36020565
3007.3 0.35409278
3010.35 0.34453401
3013.4 0.34074652
3016.45 0.34957796
3019.5 0.34962130
3022.55 0.41251561
3025.6 0.45090255
3028.65 0.37687466
3031.7 0.33468759
3034.75 0.32580042
3037.8 0.32303816
3040.85 0.31506690
3043.9 0.33552721
3046.95 0.36652631
3050.0 0.44538185
3053.05 0.62741590
3056.1 0.62590528
3059.15 0.42085627
3062.2 0.35426179
3065.25 0.33301735
3068.3 0.32384133
3071.35 0.31617481
3074.4 0.31007364
3077.45 0.31024560
3080.5 0.30802041
3083.55 0.30842638
3086.6 0.30797672
3089.65 0.30291939
3092.7 0.29952019
3095.75 0.29948461
3098.8 0.28800231
3101.85 0.28205138
3104.9 0.29441622
3107.95 0.29174009
3111.0 0.29533541
3114.05 0.28340173
3117.1 0.28568697
3120.15 0.28167135
3123.2 0.29147434
3126.25 0.28632572
3129.3 0.27892381
3132.35 0.28529102
3135.4 0.28348541
3138.45 0.29209426
3141.5 0.29358324
3144.55 0.30531943
3147.6 0.31189349
3150.65 0.30747449
3153.7 0.29856023
3156.75 0.31166783
3159.8 0.29874739
3162.85 0.29131553
3165.9 0.29187292
3168.95 0.30831578
3172.0 0.30252731
3175.05 0.28657135
3178.1 0.29030669
3181.15 0.29295316
3184.2 0.29784822
3187.25 0.29299355
3190.3 0.29575053
3193.35 0.29456592
3196.4 0.29616439
3199.45 0.28533208
3202.5 0.29014349
3205.55 0.29953793
3208.6 0.28511709
3211.65 0.29314840
3214.7 0.29430738
3217.75 0.29212463
3220.8 0.29251838
3223.85 0.29460233
3226.9 0.29265535
3229.95 0.30388317
3233.0 0.29006961
3236.05 0.28394383
3239.1 0.31047103
3242.15 0.28978622
3245.2 0.30323943
3248.25 0.29555133
3251.3 0.28672415
3254.35 0.28263822
3257.4 0.27940023
3260.45 0.28774333
3263.5 0.27267468
3266.55 0.27505803
3269.6 0.27783161
3272.65 0.27479419
3275.7 0.26186466
3278.75 0.26663703
3281.8 0.27303794
3284.85 0.27243042
3287.9 0.26411673
3290.95 0.26505786
3294.0 0.26279780
3297.05 0.25768074
3300.1 0.26279277
3303.15 0.26810482
3306.2 0.26626754
3309.25 0.25973561
3312.3 0.25592813
3315.35 0.25207850
3318.4 0.26079100
3321.45 0.25141510
3324.5 0.26837236
3327.55 0.25293040
3330.6 0.25404897
3333.65 0.25009602
3336.7 0.24976785
3339.75 0.24944033
3342.8 0.24911341
3345.85 0.25478193
3348.9 0.25585610
3351.95 0.26170409
3355.0 0.25528419
3358.05 0.25601146
3361.1 0.24716531
3364.15 0.24684277
3367.2 0.25383651
3370.25 0.26131207
3373.3 0.25686166
3376.35 0.25056145
3379.4 0.26038739
3382.45 0.26452631
3385.5 0.25122514
3388.55 0.25403875
3391.6 0.24396819
3394.65 0.24365185
3397.7 0.24852304
3400.75 0.24439807
3403.8 0.26715055
3406.85 0.25501296
3409.9 0.24803342
3412.95 0.27689770
3416.0 0.27319315
3419.05 0.26083454
3422.1 0.25604889
3425.15 0.24443038
3428.2 0.24407645
3431.25 0.23990284
3434.3 0.24773587
3437.35 0.23928635
3440.4 0.24043204
3443.45 0.23867223
3446.5 0.24059920
3449.55 0.23806037
3452.6 0.23936756
3455.65 0.23847368
3458.7 0.23714699
3461.75 0.24539004
3464.8 0.24174687
3467.85 0.23623897
3470.9 0.23593736
3473.95 0.23563641
3477.0 0.23533598
3480.05 0.23503615
3483.1 0.23473689
3486.15 0.23443817
3489.2 0.23925626
3492.25 0.23384243
3495.3 0.23422335
3498.35 0.23324896
3501.4 0.23429817
3504.45 0.23273592
3507.5 0.23236285
3510.55 0.23461625
3513.6 0.23788874
3516.65 0.23902571
3519.7 0.23680046
3522.75 0.23639983
3525.8 0.23572166
3528.85 0.23247281
3531.9 0.23439242
3534.95 0.23286332
3538.0 0.23241758
3541.05 0.23759635
3544.1 0.24800988
3547.15 0.23584634
3550.2 0.24403034
3553.25 0.23931693
3556.3 0.24672133
3559.35 0.24094383
3562.4 0.24876690
3565.45 0.24480180
3568.5 0.24592254
3571.55 0.25308087
3574.6 0.24694997
3577.65 0.25167462
3580.7 0.25998399
3583.75 0.27992770
3586.8 0.27353275
3589.85 0.26826248
3592.9 0.26972911
3595.95 0.24596196
3599.0 0.24184853
3602.05 0.25311875
3605.1 0.24864967
3608.15 0.24000326
3611.2 0.24131502
3614.25 0.24265203
3617.3 0.24297938
3620.35 0.23871022
3623.4 0.24343158
3626.45 0.24844716
3629.5 0.23317109
3632.55 0.23567238
3635.6 0.23406200
3638.65 0.24158268
3641.7 0.22791958
3644.75 0.23037621
3647.8 0.22976309
3650.85 0.22895417
3653.9 0.23061454
3656.95 0.23017181
3660.0 0.22962411
3663.05 0.23172021
3666.1 0.22799000
3669.15 0.22610687
3672.2 0.22215609
3675.25 0.22199140
3678.3 0.21838917
3681.35 0.22264920
3684.4 0.22314866
3687.45 0.22573657
3690.5 0.22758405
3693.55 0.21893147
3696.6 0.22365536
3699.65 0.23039171
3702.7 0.22772470
3705.75 0.23001491
3708.8 0.23423156
3711.85 0.23041508
3714.9 0.23214452
3717.95 0.22757618
3721.0 0.23903672
3724.05 0.21981320
3727.1 0.21252476
3730.15 0.21576791
3733.2 0.21290721
3736.25 0.21408066
3739.3 0.21440147
3742.35 0.21863633
3745.4 0.22270347
3748.45 0.21261401
3751.5 0.21861508
3754.55 0.22455300
3757.6 0.21630318
3760.65 0.21271746
3763.7 0.20946737
3766.75 0.20921560
3769.8 0.21012443
3772.85 0.22255264
3775.9 0.21206203
3778.95 0.21333568
3782.0 0.20796365
3785.05 0.20850798
3788.1 0.20835105
3791.15 0.21176200
3794.2 0.20964782
3797.25 0.21445195
3800.3 0.21519475
3803.35 0.21033309
3806.4 0.20890900
3809.45 0.20861843
3812.5 0.21465868
3815.55 0.21334156
3818.6 0.20886105
3821.65 0.20736752
3824.7 0.20579290
3827.75 0.20482258
3830.8 0.20654178
3833.85 0.20836951
3836.9 0.21527709
3839.95 0.21825995
3843.0 0.22241402
3846.05 0.22951062
3849.1 0.22035936
3852.15 0.20958464
3855.2 0.21029302
3858.25 0.20814496
3861.3 0.20492262
3864.35 0.20814294
3867.4 0.21436109
3870.45 0.21664146
3873.5 0.20992385
3876.55 0.21158431
3879.6 0.21477437
3882.65 0.21867841
3885.7 0.22202164
3888.75 0.21110636
3891.8 0.21322156
3894.85 0.21720372
3897.9 0.21787801
3900.95 0.21327047
3904.0 0.21291620
3907.05 0.21610238
3910.1 0.21592924
3913.15 0.21360050
3916.2 0.21887128
3919.25 0.21665494
3922.3 0.21973857
3925.35 0.22502333
3928.4 0.22190525
3931.45 0.22839104
3934.5 0.22475749
3937.55 0.24004771
3940.6 0.24184890
3943.65 0.24820621
3946.7 0.25521848
3949.75 0.25420949
3952.8 0.25942895
3955.85 0.27400869
3958.9 0.27555561
3961.95 0.28758791
3965.0 0.30090085
3968.05 0.31939730
3971.1 0.34081331
3974.15 0.36665413
3977.2 0.40224379
3980.25 0.44669724
3983.3 0.50110620
3986.35 0.56521922
3989.4 0.66274256
3992.45 0.77874553
3995.5 0.92486435
3998.55 1.0722442
4001.6 1.2613884
4004.65 1.2964131
4007.7 1.1087528
4010.75 0.92290252
4013.8 0.83971846
4016.85 0.79096770
4019.9 0.68501890
4022.95 0.57794178
4026.0 0.52070254
4029.05 0.47498769
4032.1 0.43318650
4035.15 0.40133643
4038.2 0.38186315
4041.25 0.35756028
4044.3 0.33293587
4047.35 0.31247738
4050.4 0.29192275
4053.45 0.27434880
4056.5 0.26880482
4059.55 0.26330182
4062.6 0.25008005
4065.65 0.24848379
4068.7 0.24383993
4071.75 0.24413347
4074.8 0.24845149
4077.85 0.24777247
4080.9 0.24262969
4083.95 0.23477720
4087.0 0.24651852
4090.05 0.25286973
4093.1 0.25803679
4096.15 0.28417760
4099.2 0.28272516
4102.25 0.26358867
4105.3 0.26625943
4108.35 0.26949194
4111.4 0.26176518
4114.45 0.24159321
4117.5 0.22195463
4120.55 0.21978922
4123.6 0.21423616
4126.65 0.20774797
4129.7 0.20646122
4132.75 0.20071787
4135.8 0.19188850
4138.85 0.19083466
4141.9 0.19178319
4144.95 0.19145848
4148.0 0.18254535
4151.05 0.18084857
4154.1 0.18064824
4157.15 0.18644354
4160.2 0.19379535
4163.25 0.18613027
4166.3 0.18343401
4169.35 0.18290736
4172.4 0.17945038
4175.45 0.17925204
4178.5 0.17905405
4181.55 0.19115283
4184.6 0.18388057
4187.65 0.18520221
4190.7 0.17826548
4193.75 0.17806917
4196.8 0.18131995
4199.85 0.18713814
4202.9 0.18568535
4205.95 0.18132241
4209.0 0.18315695
4212.05 0.18332715
4215.1 0.18197009
4218.15 0.17651118
4221.2 0.17631793
4224.25 0.17612503
4227.3 0.17756209
4230.35 0.17574026
4233.4 0.17554836
4236.45 0.17535684
4239.5 0.17950842
4242.55 0.17497471
4245.6 0.17478414
4248.65 0.17459393
4251.7 0.17700203
4254.75 0.17421444
4257.8 0.17402521
4260.85 0.17383628
4263.9 0.17364769
4266.95 0.17834195
4270.0 0.17431204
4273.05 0.18392700
4276.1 0.17420505
4279.15 0.17420594
4282.2 0.17252304
4285.25 0.17233674
4288.3 0.18464391
4291.35 0.19159023
4294.4 0.18494625
4297.45 0.19870411
4300.5 0.18373367
4303.55 0.20674805
4306.6 0.19462763
4309.65 0.17984599
4312.7 0.20016311
4315.75 0.18647066
4318.8 0.18186536
4321.85 0.18338946
4324.9 0.17759970
4327.95 0.17509621
4331.0 0.16958052
4334.05 0.16939928
4337.1 0.17183690
4340.15 0.17828465
4343.2 0.16885751
4346.25 0.16867757
4349.3 0.16849792
4352.35 0.16831857
4355.4 0.18512210
4358.45 0.17196341
4361.5 0.16778240
4364.55 0.16760431
4367.6 0.17043614
4370.65 0.16928875
4373.7 0.16707179
4376.75 0.16689497
4379.8 0.17163491
4382.85 0.17696294
4385.9 0.18676984
4388.95 0.16619046
4392.0 0.18386820
4395.05 0.16631927
4398.1 0.17415616
4401.15 0.16549084
4404.2 0.17669527
4407.25 0.17205350
4410.3 0.17170647
4413.35 0.17511918
4416.4 0.18328741
4419.45 0.17461771
4422.5 0.16427812
4425.55 0.17534910
4428.6 0.19412708
4431.65 0.16376285
4434.7 0.16359170
4437.75 0.16389053
4440.8 0.16325021
4443.85 0.16307995
4446.9 0.16290992
4449.95 0.17886162
4453.0 0.17423232
4456.05 0.16240174
4459.1 0.16223292
4462.15 0.17093381
4465.2 0.18292125
4468.25 0.16172820
4471.3 0.16308346
4474.35 0.19933791
4477.4 0.17142415
4480.45 0.16994396
4483.5 0.16089277
4486.55 0.18282433
4489.6 0.19539510
4492.65 0.18665099
4495.7 0.20529936
4498.75 0.20098637
4501.8 0.21181503
4504.85 0.18410254
4507.9 0.19102617
4510.95 0.23525980
4514.0 0.21100242
4517.05 0.20248932
4520.1 0.18327846
4523.15 0.17710917
4526.2 0.21892230
4529.25 0.20881674
4532.3 0.20201196
4535.35 0.18815596
4538.4 0.16835177
4541.45 0.19025302
4544.5 0.15762229
4547.55 0.15746170
4550.6 0.15730138
4553.65 0.15714139
4556.7 0.15698165
4559.75 0.15682216
4562.8 0.15666299
4565.85 0.15650402
4568.9 0.15634538
4571.95 0.15618698
4575.0 0.15602891
4578.05 0.15587106
4581.1 0.15571350
4584.15 0.15555622
4587.2 0.15539922
4590.25 0.15524249
4593.3 0.15508600
4596.35 0.15492980
4599.4 0.15477386
4602.45 0.15461822
4605.5 0.15446281
4608.55 0.15430768
4611.6 0.15415284
4614.65 0.15399826
4617.7 0.15384389
4620.75 0.15368982
4623.8 0.15353605
4626.85 0.15338254
4629.9 0.15322924
4632.95 0.15307625
4636.0 0.15292355
4639.05 0.15277107
4642.1 0.15261886
4645.15 0.15246689
4648.2 0.15231523
4651.25 0.15216380
4654.3 0.15201268
4657.35 0.15186182
4660.4 0.15171118
4663.45 0.15156077
4666.5 0.15141067
4669.55 0.15126081
4672.6 0.15111120
4675.65 0.15096189
4678.7 0.15081280
4681.75 0.15066402
4684.8 0.15051544
4687.85 0.15036714
4690.9 0.15021911
4693.95 0.15007134
4697.0 0.14992377
4700.05 0.14977649
4703.1 0.14962950
4706.15 0.14948270
4709.2 0.14933623
4712.25 0.14918995
4715.3 0.14904390
4718.35 0.14889820
4721.4 0.14875279
4724.45 0.14860746
4727.5 0.14846244
4730.55 0.14831774
4733.6 0.14817327
4736.65 0.14802893
4739.7 0.14788491
4742.75 0.14774135
4745.8 0.14759770
4748.85 0.14745452
4751.9 0.14731160
4754.95 0.14716886
4758.0 0.14702637
4761.05 0.14688410
4764.1 0.14674202
4767.15 0.14660041
4770.2 0.14645885
4773.25 0.14631759
4776.3 0.14617647
4779.35 0.14603573
4782.4 0.14589520
4785.45 0.14575490
4788.5 0.14561485
4791.55 0.14547513
4794.6 0.14533564
4797.65 0.14519633
4800.7 0.14505725
4803.75 0.14491844
4806.8 0.14477991
4809.85 0.14464149
4812.9 0.14450338
4815.95 0.14436567
4819.0 0.14422791
4822.05 0.14409061
4825.1 0.14395353
4828.15 0.14381662
4831.2 0.14367998
4834.25 0.14354356
4837.3 0.14340727
4840.35 0.14327146
4843.4 0.14313570
4846.45 0.14300025
4849.5 0.14286502
4852.55 0.14273007
4855.6 0.14259526
4858.65 0.14246085
4861.7 0.14232659
4864.75 0.14219257
4867.8 0.14205867
4870.85 0.14192516
4873.9 0.14179181
4876.95 0.14165866
4880.0 0.14152580
4883.05 0.14139323
4886.1 0.14126074
4889.15 0.14112867
4892.2 0.14099675
4895.25 0.14086506
4898.3 0.14073345
4901.35 0.14060228
4904.4 0.14047119
4907.45 0.14034058
4910.5 0.14021000
4913.55 0.14007959
4916.6 0.13994955
4919.65 0.13981962
4922.7 0.13969013
4925.75 0.13956071
4928.8 0.13943142
4931.85 0.13930252
4934.9 0.13917388
4937.95 0.13904539
4941.0 0.13891707
4944.05 0.13878906
4947.1 0.13866130
4950.15 0.13853364
4953.2 0.13840623
4956.25 0.13827924
4959.3 0.13815232
4962.35 0.13802552
4965.4 0.13789913
4968.45 0.13777283
4971.5 0.13764693
4974.55 0.13752113
4977.6 0.13739546
4980.65 0.13727020
4983.7 0.13714510
4986.75 0.13702020
4989.8 0.13689548
4992.85 0.13677104
4995.9 0.13664684
4998.95 0.13652276
5002.0 0.13639906
5005.05 0.13627543
5008.1 0.13615210
5011.15 0.13602899
5014.2 0.13590609
5017.25 0.13578337
5020.3 0.13566101
5023.35 0.13553873
5026.4 0.13541669
5029.45 0.13529490
5032.5 0.13517325
5035.55 0.13505194
5038.6 0.13493073
5041.65 0.13480975
5044.7 0.13468906
5047.75 0.13456857
5050.8 0.13444819
5053.85 0.13432819
5056.9 0.13420832
5059.95 0.13408864
5063.0 0.13396923
5066.05 0.13384993
5069.1 0.13373099
5072.15 0.13361214
5075.2 0.13349369
5078.25 0.13337532
5081.3 0.13325703
5084.35 0.13313916
5087.4 0.13302150
5090.45 0.13290393
5093.5 0.13278663
5096.55 0.13266954
5099.6 0.13255268
5102.65 0.13243604
5105.7 0.13231952
5108.75 0.13220324
5111.8 0.13208719
5114.85 0.13197136
5117.9 0.13185579
5120.95 0.13174044
5124.0 0.13162516
5127.05 0.13151026
5130.1 0.13139549
5133.15 0.13128091
5136.2 0.13116656
5139.25 0.13105233
5142.3 0.13093847
5145.35 0.13082466
5148.4 0.13071109
5151.45 0.13059777
5154.5 0.13048470
5157.55 0.13037184
5160.6 0.13025905
5163.65 0.13014650
5166.7 0.13003433
5169.75 0.12992221
5172.8 0.12981023
5175.85 0.12969860
5178.9 0.12958720
5181.95 0.12947585
5185.0 0.12936476
5188.05 0.12925389
5191.1 0.12914321
5194.15 0.12903282
5197.2 0.12892249
5200.25 0.12881249
5203.3 0.12870263
5206.35 0.12859297
5209.4 0.12848352
5212.45 0.12837434
5215.5 0.12826519
5218.55 0.12815642
5221.6 0.12804772
5224.65 0.12793927
5227.7 0.12783101
5230.75 0.12772301
5233.8 0.12761518
5236.85 0.12750748
5239.9 0.12740012
5242.95 0.12729283
5246.0 0.12718579
5249.05 0.12707895
5252.1 0.12697223
5255.15 0.12686582
5258.2 0.12675950
5261.25 0.12665354
5264.3 0.12654765
5267.35 0.12644199
5270.4 0.12633653
5273.45 0.12623118
5276.5 0.12612617
5279.55 0.12602125
5282.6 0.12591654
5285.65 0.12581204
5288.7 0.12570775
5291.75 0.12560368
5294.8 0.12549970
5297.85 0.12539606
5300.9 0.12529252
5303.95 0.12518914
5307.0 0.12508604
5310.05 0.12498309
5313.1 0.12488041
5316.15 0.12477778
5319.2 0.12467550
5322.25 0.12457328
5325.3 0.12447133
5328.35 0.12436955
5331.4 0.12426799
5334.45 0.12416662
5337.5 0.12406535
5340.55 0.12396429
5343.6 0.12386356
5346.65 0.12376292
5349.7 0.12366249
5352.75 0.12356211
5355.8 0.12346210
5358.85 0.12336232
5361.9 0.12326258
5364.95 0.12316304
5368.0 0.12306372
5371.05 0.12296464
5374.1 0.12286573
5377.15 0.12276690
5380.2 0.12266841
5383.25 0.12256999
5386.3 0.12247179
5389.35 0.12237379
5392.4 0.12227600
5395.45 0.12217841
5398.5 0.12208102
5401.55 0.12198372
5404.6 0.12188675
5407.65 0.12178984
5410.7 0.12169317
5413.75 0.12159666
5416.8 0.12150037
5419.85 0.12140415
5422.9 0.12130828
5425.95 0.12121248
5429.0 0.12111685
5432.05 0.12102145
5435.1 0.12092626
5438.15 0.12083122
5441.2 0.12073646
5444.25 0.12064172
5447.3 0.12054731
5450.35 0.12045299
5453.4 0.12035888
5456.45 0.12026495
5459.5 0.12017121
5462.55 0.12007757
5465.6 0.11998422
5468.65 0.11989097
5471.7 0.11979804
5474.75 0.11970516
5477.8 0.11961250
5480.85 0.11952005
5483.9 0.11942779
5486.95 0.11933561
5490.0 0.11924371
5493.05 0.11915191
5496.1 0.11906032
5499.15 0.11896890
5502.2 0.11887768
5505.25 0.11878667
5508.3 0.11869584
5511.35 0.11860509
5514.4 0.11851466
5517.45 0.11842428
5520.5 0.11833412
5523.55 0.11824415
5526.6 0.11815436
5529.65 0.11806478
5532.7 0.11797527
5535.75 0.11788607
5538.8 0.11779691
5541.85 0.11770812
5544.9 0.11761937
5547.95 0.11753082
5551.0 0.11744232
5554.05 0.11735413
5557.1 0.11726618
5560.15 0.11717825
5563.2 0.11709064
5566.25 0.11700312
5569.3 0.11691579
5572.35 0.11682864
5575.4 0.11674165
5578.45 0.11665476
5581.5 0.11656819
5584.55 0.11648168
5587.6 0.11639532
5590.65 0.11630932
5593.7 0.11622339
5596.75 0.11613762
5599.8 0.11605190
5602.85 0.11596653
5605.9 0.11588133
5608.95 0.11579619
5612.0 0.11571123
5615.05 0.11562648
5618.1 0.11554202
5621.15 0.11545751
5624.2 0.11537330
5627.25 0.11528930
5630.3 0.11520534
5633.35 0.11512168
5636.4 0.11503811
5639.45 0.11495472
5642.5 0.11487152
5645.55 0.11478851
5648.6 0.11470563
5651.65 0.11462299
5654.7 0.11454038
5657.75 0.11445810
5660.8 0.11437585
5663.85 0.11429380
5666.9 0.11421194
5669.95 0.11413026
5673.0 0.11404874
5676.05 0.11396743
5679.1 0.11388617
5682.15 0.11380521
5685.2 0.11372434
5688.25 0.11364363
5691.3 0.11356308
5694.35 0.11348274
5697.4 0.11340256
5700.45 0.11332257
5703.5 0.11324276
5706.55 0.11316302
5709.6 0.11308356
5712.65 0.11300416
5715.7 0.11292497
5718.75 0.11284592
5721.8 0.11276707
5724.85 0.11268841
5727.9 0.11260979
5730.95 0.11253145
5734.0 0.11245319
5737.05 0.11237525
5740.1 0.11229730
5743.15 0.11221959
5746.2 0.11214204
5749.25 0.11206466
5752.3 0.11198747
5755.35 0.11191032
5758.4 0.11183349
5761.45 0.11175669
5764.5 0.11168007
5767.55 0.11160376
5770.6 0.11152749
5773.65 0.11145140
5776.7 0.11137535
5779.75 0.11129962
5782.8 0.11122406
5785.85 0.11114854
5788.9 0.11107320
5791.95 0.11099817
5795.0 0.11092317
5798.05 0.11084837
5801.1 0.11077373
5804.15 0.11069924
5807.2 0.11062485
5810.25 0.11055072
5813.3 0.11047665
5816.35 0.11040286
5819.4 0.11032914
5822.45 0.11025561
5825.5 0.11018221
5828.55 0.11010898
5831.6 0.11003593
5834.65 0.10996294
5837.7 0.10989024
5840.75 0.10981759
5843.8 0.10974524
5846.85 0.10967296
5849.9 0.10960080
5852.95 0.10952882
5856.0 0.10945702
5859.05 0.10938539
5862.1 0.10931392
5865.15 0.10924253
5868.2 0.10917138
5871.25 0.10910032
5874.3 0.10902940
5877.35 0.10895866
5880.4 0.10888809
5883.45 0.10881770
5886.5 0.10874747
5889.55 0.10867740
5892.6 0.10860736
5895.65 0.10853764
5898.7 0.10846795
5901.75 0.10839854
5904.8 0.10832919
5907.85 0.10826001
5910.9 0.10819098
5913.95 0.10812212
5917.0 0.10805332
5920.05 0.10798479
5923.1 0.10791641
5926.15 0.10784811
5929.2 0.10777994
5932.25 0.10771208
5935.3 0.10764426
5938.35 0.10757661
5941.4 0.10750911
5944.45 0.10744168
5947.5 0.10737450
5950.55 0.10730748
5953.6 0.10724052
5956.65 0.10717384
5959.7 0.10710723
5962.75 0.10704076
5965.8 0.10697445
5968.85 0.10690828
5971.9 0.10684230
5974.95 0.10677648
5978.0 0.10671068
5981.05 0.10664520
5984.1 0.10657973
5987.15 0.10651454
5990.2 0.10644940
5993.25 0.10638442
5996.3 0.10631962
5999.35 0.10625495
