300.0 0.0
380.0 0.0000000
383.8 0.0000000
387.6 0.0000000
391.4 0.0000000
395.2 0.0000000
399.0 0.0000000
402.8 0.0000000
406.6 0.0000000
410.4 0.0000000
414.2 0.0000000
418.0 0.0000000
421.8 0.0000000
425.6 0.0000000
429.4 0.0000000
433.2 0.0000000
437.0 0.0000000
440.8 0.0000000
444.6 0.0000000
448.4 0.0000000
452.2 0.0000000
456.0 0.0000000
459.8 0.0000000
463.6 0.0000000
467.4 0.0000000
471.2 0.0000000
475.0 0.0000000
478.8 0.0000000
482.6 0.0000000
486.4 0.0000000
490.2 0.0000000
494.0 0.0000000
497.8 0.0000000
501.6 0.0000000
505.4 0.0000000
509.2 0.0000000
513.0 0.0000000
516.8 0.0000000
520.6 0.0000000
524.4 0.0000000
528.2 0.0000000
532.0 0.0000000
535.8 0.0000000
539.6 0.0000000
543.4 0.0000000
547.2 0.0000000
551.0 0.0000000
554.8 0.0000000
558.6 0.0000000
562.4 0.0000000
566.2 0.0000000
570.0 0.0000000
573.8 0.0000000
577.6 0.0000000
581.4 0.0000000
585.2 0.0000000
589.0 0.0000000
592.8 0.0000000
596.6 0.0000000
600.4 0.0000000
604.2 0.0000000
608.0 0.0000000
611.8 0.0000000
615.6 0.0000000
619.4 0.0000000
623.2 0.0000000
627.0 0.0000000
630.8 0.0000000
634.6 0.0000000
638.4 0.0000000
642.2 0.0000000
646.0 0.0000000
649.8 0.0000000
653.6 0.0000000
657.4 0.0000000
661.2 0.0000000
665.0 0.0000000
668.8 0.0000000
672.6 0.0000000
676.4 0.0000000
680.2 0.0000000
684.0 0.0000000
687.8 0.0000000
691.6 0.0000000
695.4 2.56962720E-02
699.2 2.20088288E-02
703.0 1.87563617E-02
706.8 1.59023013E-02
710.6 1.34098949E-02
714.4 1.12480726E-02
718.2 9.38177668E-03
722.0 7.78060453E-03
725.8 6.41578576E-03
729.6 5.25772339E-03
733.4 4.28248709E-03
737.2 3.46605177E-03
741.0 2.15661768E-02
744.8 1.86599325E-02
748.6 1.60776079E-02
752.4 1.37925092E-02
756.2 1.17805693E-02
760.0 1.09859174E-02
763.8 9.74523649E-03
767.6 8.20731930E-03
771.4 7.41244107E-03
775.2 6.80388976E-03
779.0 6.31414354E-03
782.8 0.26759893
786.6 0.26457793
790.4 0.21465196
794.2 0.16761954
798.0 0.14530340
801.8 0.13007583
805.6 0.12020598
809.4 0.11228805
813.2 0.10027834
817.0 8.27516615E-02
820.8 7.60911778E-02
824.6 6.18132465E-02
828.4 5.09127118E-02
832.2 4.24991585E-02
836.0 3.68419141E-02
839.8 3.35263461E-02
843.6 2.87241396E-02
847.4 2.60833502E-02
851.2 2.38175038E-02
855.0 2.04517748E-02
858.8 1.60430558E-02
862.6 1.36100268E-02
866.4 1.08304089E-02
870.2 9.49040335E-03
874.0 8.11669324E-03
877.8 6.71546767E-03
881.6 5.69496537E-03
885.4 4.97559272E-03
889.2 4.35754005E-03
893.0 3.93838529E-03
896.8 3.41205415E-03
900.6 2.97297118E-03
904.4 2.62262695E-03
908.2 2.37986748E-03
912.0 2.20667734E-03
915.8 2.13934295E-03
919.6 2.13881559E-03
923.4 2.32530711E-03
927.2 5.8659406
931.0 4.7383819
934.8 4.4139657
938.6 4.4065599
942.4 4.1227379
946.2 3.2963901
950.0 2.8426049
953.8 2.6699944
957.6 2.5519917
961.4 2.3833733
965.2 2.1736755
969.0 2.0340390
972.8 1.9847236
976.6 1.9875951
980.4 2.0173523
984.2 2.0285807
988.0 2.1793611
991.8 2.2109070
995.6 2.1133690
999.4 1.9235404
1003.2 1.9337118
1007.0 1.9139477
1010.8 1.9575253
1014.6 1.9888841
1018.4 1.9623177
1022.2 1.8895695
1026.0 1.8623259
1029.8 1.9192922
1033.6 1.9052182
1037.4 1.9348108
1041.2 1.9076638
1045.0 1.9500881
1048.8 2.0592809
1052.6 2.1724098
1056.4 2.3293939
1060.2 2.3698385
1064.0 2.4009359
1067.8 2.1810203
1071.6 2.0342684
1075.4 1.9249442
1079.2 1.8763382
1083.0 1.8660244
1086.8 1.7798809
1090.6 1.7555399
1094.4 1.7432846
1098.2 1.7285694
1102.0 1.7577865
1105.8 1.7391393
1109.6 1.7003785
1113.4 1.7496051
1117.2 1.7176287
1121.0 1.7426505
1124.8 1.7825141
1128.6 1.8070012
1132.4 1.8490946
1136.2 1.8445172
1140.0 1.9010584
1143.8 1.9411790
1147.6 1.9863635
1151.4 2.0593307
1155.2 2.2105527
1159.0 2.4133434
1162.8 2.6458712
1166.6 2.9413629
1170.4 3.3084040
1174.2 3.5236971
1178.0 3.1949203
1181.8 2.7073579
1185.6 2.3369944
1189.4 2.1426342
1193.2 2.0437880
1197.0 1.9861600
1200.8 1.8899738
1204.6 1.8809605
1208.4 1.8221339
1212.2 1.8556370
1216.0 1.8581934
1219.8 1.8492399
1223.6 1.8669337
1227.4 1.8411078
1231.2 1.8663415
1235.0 1.8896066
1238.8 1.8900263
1242.6 1.9279358
1246.4 1.8508811
1250.2 1.8356889
1254.0 1.8092800
1257.8 1.8363174
1261.6 1.8419931
1265.4 1.8132210
1269.2 1.7191062
1273.0 1.6613814
1276.8 1.6358528
1280.6 1.6036021
1284.4 1.6041516
1288.2 1.5977730
1292.0 1.5926964
1295.8 1.6157525
1299.6 1.6086515
1303.4 1.6324064
1307.2 1.6379411
1311.0 1.6329335
1314.8 1.6121862
1318.6 1.6305979
1322.4 1.6359004
1326.2 1.6781814
1330.0 1.6492469
1333.8 1.6207958
1337.6 1.5477147
1341.4 1.5692167
1345.2 1.5746793
1349.0 1.5520995
1352.8 1.6029162
1356.6 1.6165006
1360.4 1.5724262
1364.2 1.5441124
1368.0 1.5446550
1371.8 1.5431840
1375.6 1.5410180
1379.4 1.5591599
1383.2 1.5304894
1387.0 1.5242532
1390.8 1.5423459
1394.6 1.5392191
1398.4 1.5759388
1402.2 1.5677764
1406.0 1.6676911
1409.8 1.6605500
1413.6 1.6760428
1417.4 1.6493019
1421.2 1.6515496
1425.0 1.6653874
1428.8 1.7380649
1432.6 1.8686492
1436.4 1.9869612
1440.2 2.0829360
1444.0 2.1185460
1447.8 2.2281160
1451.6 2.1292961
1455.4 1.9454341
1459.2 1.7781610
1463.0 1.6668289
1466.8 1.6141731
1470.6 1.5606862
1474.4 1.5104276
1478.2 1.4716926
1482.0 1.4598676
1485.8 1.4032142
1489.6 1.3794475
1493.4 1.3668712
1497.2 1.3784442
1501.0 1.3825835
1504.8 1.3490592
1508.6 1.3529220
1512.4 1.3584073
1516.2 1.3680819
1520.0 1.3325715
1523.8 1.3454744
1527.6 1.3752192
1531.4 1.2992429
1535.2 1.3320440
1539.0 1.3390194
1542.8 1.3281082
1546.6 1.3379005
1550.4 1.3152046
1554.2 1.2963163
1558.0 1.3308240
1561.8 1.3830968
1565.6 1.3542130
1569.4 1.3867171
1573.2 1.3735666
1577.0 1.3757768
1580.8 1.3665702
1584.6 1.3826777
1588.4 1.3772578
1592.2 1.3723533
1596.0 1.3272101
1599.8 1.3043993
1603.6 1.3200374
1607.4 1.3375350
1611.2 1.2797639
1615.0 1.3402841
1618.8 1.2924539
1622.6 1.3220859
1626.4 1.3087766
1630.2 1.3341473
1634.0 1.2699472
1637.8 1.2875241
1641.6 1.2850894
1645.4 1.3063101
1649.2 1.2404979
1653.0 1.2538565
1656.8 1.2765158
1660.6 1.2186563
1664.4 1.2401583
1668.2 1.2015529
1672.0 1.1670008
1675.8 1.1644660
1679.6 1.1619384
1683.4 1.1682485
1687.2 1.1740123
1691.0 1.1744248
1694.8 1.1567175
1698.6 1.1494031
1702.4 1.1469164
1706.2 1.1444370
1710.0 1.1574074
1713.8 1.1540238
1717.6 1.1695224
1721.4 1.1750692
1725.2 1.1731014
1729.0 1.1801254
1732.8 1.1894755
1736.6 1.2094461
1740.4 1.2349783
1744.2 1.2237971
1748.0 1.2545176
1751.8 1.2672812
1755.6 1.2762802
1759.4 1.2817055
1763.2 1.2891616
1767.0 1.3036783
1770.8 1.3086127
1774.6 1.2892811
1778.4 1.2762733
1782.2 1.2461050
1786.0 1.2413855
1789.8 1.2158540
1793.6 1.2320045
1797.4 1.2152830
1801.2 1.2058866
1805.0 1.2076646
1808.8 1.1986516
1812.6 1.1999100
1816.4 1.2009883
1820.2 1.2131906
1824.0 1.2399940
1827.8 1.2194202
1831.6 1.2616379
1835.4 1.2911072
1839.2 1.3276192
1843.0 1.3219523
1846.8 1.2827400
1850.6 1.2746435
1854.4 1.2770262
1858.2 1.2463835
1862.0 1.2215773
1865.8 1.2130808
1869.6 1.2067878
1873.4 1.2283109
1877.2 1.2517023
1881.0 1.2550551
1884.8 1.2453493
1888.6 1.2469436
1892.4 1.2375791
1896.2 1.2423178
1900.0 1.2281815
1903.8 1.2215989
1907.6 1.2215527
1911.4 1.2144783
1915.2 1.1977351
1919.0 1.1790556
1922.8 1.1886921
1926.6 1.1912692
1930.4 1.1904405
1934.2 1.1776023
1938.0 1.1671472
1941.8 1.1627934
1945.6 1.1557335
1949.4 1.1499916
1953.2 1.1389029
1957.0 1.1223381
1960.8 1.1268135
1964.6 1.1257164
1968.4 1.1120926
1972.2 1.0818652
1976.0 1.1085186
1979.8 1.1122845
1983.6 1.1043917
1987.4 1.1032251
1991.2 1.1115769
1995.0 1.0899340
1998.8 1.0892113
2002.6 1.0668756
2006.4 1.0491196
2010.2 1.0071161
2014.0 1.0014818
2017.8 0.99881870
2021.6 0.98807335
2025.4 1.0139397
2029.2 1.0277164
2033.0 1.0289400
2036.8 1.0059172
2040.6 1.0152285
2044.4 1.0187149
2048.2 1.0314560
2052.0 1.0306457
2055.8 1.0535337
2059.6 1.0831411
2063.4 1.0916582
2067.2 1.0766797
2071.0 1.1086514
2074.8 1.1224203
2078.6 1.1203361
2082.4 1.1251146
2086.2 1.1696203
2090.0 1.1972785
2093.8 1.1900517
2097.6 1.2116463
2101.4 1.1830512
2105.2 1.2116110
2109.0 1.2520560
2112.8 1.3552431
2116.6 1.4761492
2120.4 1.6644901
2124.2 1.8562577
2128.0 1.9139587
2131.8 1.8151675
2135.6 1.6063814
2139.4 1.4279649
2143.2 1.3169138
2147.0 1.2615463
2150.8 1.2177687
2154.6 1.1837196
2158.4 1.1567544
2162.2 1.1308978
2166.0 1.1219850
2169.8 1.0983942
2173.6 1.0778637
2177.4 1.0545597
2181.2 1.0410372
2185.0 1.0370101
2188.8 1.0064882
2192.6 1.0075892
2196.4 0.98173082
2200.2 0.97451979
2204.0 0.97263634
2207.8 0.93174553
2211.6 0.94494176
2215.4 0.94355428
2219.2 0.95662212
2223.0 0.98207611
2226.8 0.99048954
2230.6 0.99309307
2234.4 0.99151510
2238.2 0.99763340
2242.0 0.98326755
2245.8 0.98494768
2249.6 0.99725008
2253.4 0.98179597
2257.2 0.98438710
2261.0 0.96599782
2264.8 0.97110516
2268.6 0.94700646
2272.4 0.93040651
2276.2 0.91307336
2280.0 0.90415651
2283.8 0.88186055
2287.6 0.87233633
2291.4 0.84788036
2295.2 0.83094037
2299.0 0.82701755
2302.8 0.83428282
2306.6 0.82285130
2310.4 0.83987695
2314.2 0.84371543
2318.0 0.84582466
2321.8 0.84516871
2325.6 0.84534061
2329.4 0.86154538
2333.2 0.85207409
2337.0 0.86833906
2340.8 0.86682791
2344.6 0.86285627
2348.4 0.85292351
2352.2 0.86106509
2356.0 0.85445404
2359.8 0.87210733
2363.6 0.89365631
2367.4 0.89548838
2371.2 0.93072391
2375.0 0.93767267
2378.8 0.93669796
2382.6 0.92329568
2386.4 0.92184407
2390.2 0.88734961
2394.0 0.90647274
2397.8 0.89701480
2401.6 0.89478719
2405.4 0.90543449
2409.2 0.92874944
2413.0 0.92909026
2416.8 0.94015121
2420.6 0.94544667
2424.4 0.95221061
2428.2 0.94229585
2432.0 0.94629049
2435.8 0.93165070
2439.6 0.94160146
2443.4 0.92941970
2447.2 0.90128314
2451.0 0.90111786
2454.8 0.91164541
2458.6 0.88709825
2462.4 0.88520914
2466.2 0.88534951
2470.0 0.88429952
2473.8 0.89780509
2477.6 0.89332348
2481.4 0.87766004
2485.2 0.87541908
2489.0 0.89250785
2492.8 0.89029294
2496.6 0.88369006
2500.4 0.89934421
2504.2 0.87338752
2508.0 0.86205733
2511.8 0.84999871
2515.6 0.84130514
2519.4 0.83448386
2523.2 0.81679994
2527.0 0.81308526
2530.8 0.82218742
2534.6 0.82900774
2538.4 0.83917451
2542.2 0.86485738
2546.0 0.83494842
2549.8 0.82284540
2553.6 0.81728482
2557.4 0.81293088
2561.2 0.80300558
2565.0 0.82158226
2568.8 0.81812298
2572.6 0.82344794
2576.4 0.81529886
2580.2 0.81735510
2584.0 0.81735075
2587.8 0.83558643
2591.6 0.84001929
2595.4 0.85375869
2599.2 0.88097024
2603.0 0.91630316
2606.8 0.87257242
2610.6 0.83890355
2614.4 0.84320313
2618.2 0.82976335
2622.0 0.79901183
2625.8 0.80748242
2629.6 0.80932862
2633.4 0.78638095
2637.2 0.78059804
2641.0 0.76280993
2644.8 0.75157326
2648.6 0.77129513
2652.4 0.76867330
2656.2 0.75735223
2660.0 0.77173150
2663.8 0.75194854
2667.6 0.73942995
2671.4 0.73869485
2675.2 0.72584164
2679.0 0.71339989
2682.8 0.69924241
2686.6 0.70763195
2690.4 0.70550501
2694.2 0.68471783
2698.0 0.69034386
2701.8 0.70106149
2705.6 0.70532268
2709.4 0.69159979
2713.2 0.70385122
2717.0 0.72096479
2720.8 0.70703149
2724.6 0.72200269
2728.4 0.70091099
2732.2 0.70216930
2736.0 0.69138378
2739.8 0.69990236
2743.6 0.70362091
2747.4 0.68939549
2751.2 0.70809937
2755.0 0.69578725
2758.8 0.68922853
2762.6 0.69489104
2766.4 0.67946422
2770.2 0.68652487
2774.0 0.68068063
2777.8 0.68481714
2781.6 0.68894762
2785.4 0.67933238
2789.2 0.67312938
2793.0 0.67086828
2796.8 0.66740590
2800.6 0.66298795
2804.4 0.66306198
2808.2 0.67195570
2812.0 0.67060757
2815.8 0.66960001
2819.6 0.65642101
2823.4 0.65854239
2827.2 0.68586743
2831.0 0.77269053
2834.8 0.80228931
2838.6 0.67770737
2842.4 0.65337092
2846.2 0.65292174
2850.0 0.64484966
2853.8 0.66767746
2857.6 0.64869964
2861.4 0.63415897
2865.2 0.63824695
2869.0 0.63073117
2872.8 0.62213171
2876.6 0.61531991
2880.4 0.60744131
2884.2 0.57418638
2888.0 0.58323932
2891.8 0.57205200
2895.6 0.59677261
2899.4 0.59508044
2903.2 0.58845013
2907.0 0.58234674
2910.8 0.57780129
2914.6 0.59232533
2918.4 0.57998174
2922.2 0.58943546
2926.0 0.59815872
2929.8 0.60778290
2933.6 0.63169003
2937.4 0.67963815
2941.2 0.70769334
2945.0 0.63578290
2948.8 0.59390384
2952.6 0.61493891
2956.4 0.61961651
2960.2 0.58706778
2964.0 0.57428950
2967.8 0.57491142
2971.6 0.56459910
2975.4 0.56104821
2979.2 0.55042660
2983.0 0.53429127
2986.8 0.51643986
2990.6 0.51265258
2994.4 0.52805895
2998.2 0.54361480
3002.0 0.54498011
3005.8 0.55087245
3009.6 0.56424904
3013.4 0.56451535
3017.2 0.56083661
3021.0 0.54196733
3024.8 0.54405719
3028.6 0.54103410
3032.4 0.51840824
3036.2 0.52484286
3040.0 0.50707507
3043.8 0.50692767
3047.6 0.49798152
3051.4 0.50865430
3055.2 0.51495045
3059.0 0.50540411
3062.8 0.48936799
3066.6 0.48868284
3070.4 0.48625761
3074.2 0.48037374
3078.0 0.49481934
3081.8 0.48426357
3085.6 0.49654362
3089.4 0.50625408
3093.2 0.53693902
3097.0 0.52849591
3100.8 0.52522272
3104.6 0.54825723
3108.4 0.55575830
3112.2 0.57496756
3116.0 0.61121243
3119.8 0.59314579
3123.6 0.56333005
3127.4 0.56034768
3131.2 0.53513694
3135.0 0.52160525
3138.8 0.51602435
3142.6 0.50723875
3146.4 0.49017033
3150.2 0.47117594
3154.0 0.46555838
3157.8 0.46760231
3161.6 0.48040169
3165.4 0.47641072
3169.2 0.47318414
3173.0 0.48347124
3176.8 0.46665075
3180.6 0.46062273
3184.4 0.46896887
3188.2 0.45810217
3192.0 0.45303130
3195.8 0.45218882
3199.6 0.45134872
3203.4 0.45327660
3207.2 0.45688492
3211.0 0.45465860
3214.8 0.45282978
3218.6 0.47800061
3222.4 0.47498024
3226.2 0.48207191
3230.0 0.47333816
3233.8 0.46179852
3237.6 0.45427305
3241.4 0.47449479
3245.2 0.47406176
3249.0 0.47053799
3252.8 0.49214491
3256.6 0.47894338
3260.4 0.49429193
3264.2 0.52104986
3268.0 0.51190966
3271.8 0.52224642
3275.6 0.53167671
3279.4 0.55329114
3283.2 0.58821952
3287.0 0.59455794
3290.8 0.62730896
3294.6 0.67881745
3298.4 0.70379531
3302.2 0.70661896
3306.0 0.65688306
3309.8 0.64500016
3313.6 0.63838518
3317.4 0.60726285
3321.2 0.57964557
3325.0 0.53072190
3328.8 0.51952738
3332.6 0.49873373
3336.4 0.48854876
3340.2 0.50081766
3344.0 0.48704669
3347.8 0.47865066
3351.6 0.47902802
3355.4 0.46772671
3359.2 0.46432203
3363.0 0.46180031
3366.8 0.43319502
3370.6 0.44791836
3374.4 0.44551957
3378.2 0.45677122
3382.0 0.44676828
3385.8 0.44471446
3389.6 0.46463966
3393.4 0.47124964
3397.2 0.48892471
3401.0 0.48173547
3404.8 0.47795784
3408.6 0.45992300
3412.4 0.48513591
3416.2 0.48610529
3420.0 0.48898736
3423.8 0.48536831
3427.6 0.50352067
3431.4 0.52484435
3435.2 0.52094966
3439.0 0.49947327
3442.8 0.48755100
3446.6 0.47562632
3450.4 0.47882533
3454.2 0.51394331
3458.0 0.49985826
3461.8 0.49364161
3465.6 0.51264924
3469.4 0.50822204
3473.2 0.47054142
3477.0 0.49578232
3480.8 0.51535726
3484.6 0.49307021
3488.4 0.48354265
3492.2 0.49105427
3496.0 0.47260058
3499.8 0.46148074
3503.6 0.46286657
3507.4 0.47748867
3511.2 0.49468574
3515.0 0.49425566
3518.8 0.48424932
3522.6 0.49013871
3526.4 0.47539809
3530.2 0.48316097
3534.0 0.46841547
3537.8 0.49282405
3541.6 0.46370801
3545.4 0.47861788
3549.2 0.45854908
3553.0 0.46269569
3556.8 0.46614304
3560.6 0.48134699
3564.4 0.43888789
3568.2 0.43780977
3572.0 0.41148770
3575.8 0.40616250
3579.6 0.40035477
3583.4 0.41001162
3587.2 0.40853894
3591.0 0.40718725
3594.8 0.39975390
3598.6 0.40568170
3602.4 0.40972024
3606.2 0.40098566
3610.0 0.38740706
3613.8 0.39072874
3617.6 0.39218846
3621.4 0.39001223
3625.2 0.39595434
3629.0 0.40084937
3632.8 0.40794030
3636.6 0.40626153
3640.4 0.40292916
3644.2 0.41063303
3648.0 0.42227507
3651.8 0.42240611
3655.6 0.42614251
3659.4 0.44194975
3663.2 0.46784347
3667.0 0.46987230
3670.8 0.50486088
3674.6 0.50934815
3678.4 0.52620620
3682.2 0.56533200
3686.0 0.58840871
3689.8 0.65809423
3693.6 0.71759522
3697.4 0.69468892
3701.2 0.64777601
3705.0 0.60135466
3708.8 0.56867802
3712.6 0.54023367
3716.4 0.50440305
3720.2 0.49524525
3724.0 0.49018100
3727.8 0.47296843
3731.6 0.44645596
3735.4 0.45963117
3739.2 0.44450009
3743.0 0.43754676
3746.8 0.43002385
3750.6 0.41832057
3754.4 0.41362855
3758.2 0.42425328
3762.0 0.42421046
3765.8 0.50041056
3769.6 0.54685408
3773.4 0.45697108
3777.2 0.40572760
3781.0 0.39486626
3784.8 0.39143151
3788.6 0.38168806
3792.4 0.40638489
3796.2 0.44383264
3800.0 0.53920132
3803.8 0.75941396
3807.6 0.75741947
3811.4 0.50917459
3815.2 0.42851153
3819.0 0.40272680
3822.8 0.39154488
3826.6 0.38219267
3830.4 0.37473655
3834.2 0.37486342
3838.0 0.37209460
3841.8 0.37250495
3845.6 0.37188208
3849.4 0.36569706
3853.2 0.36151621
3857.0 0.36139622
3860.8 0.34746629
3864.6 0.34021449
3868.4 0.35505393
3872.2 0.35175228
3876.0 0.35601208
3879.8 0.34155470
3883.6 0.34423661
3887.4 0.33932686
3891.2 0.35106304
3895.0 0.34478983
3898.8 0.33580667
3902.6 0.34340104
3906.4 0.34115684
3910.2 0.35144433
3914.0 0.35316291
3917.8 0.36720514
3921.6 0.37503460
3925.4 0.36964515
3929.2 0.35885495
3933.0 0.37453309
3936.8 0.35893330
3940.6 0.34993297
3944.4 0.35053134
3948.2 0.37020373
3952.0 0.36317986
3955.8 0.34395552
3959.6 0.34836864
3963.4 0.35147381
3967.2 0.35727501
3971.0 0.35138136
3974.8 0.35461691
3978.6 0.35312611
3982.4 0.35497174
3986.2 0.34192064
3990.0 0.34761739
3993.8 0.35880178
3997.6 0.34146035
4001.4 0.35100970
4005.2 0.35232812
4009.0 0.34964648
4012.8 0.35004923
4016.6 0.35247421
4020.4 0.35007650
4024.2 0.36343661
4028.0 0.34684861
4031.8 0.33945796
4035.6 0.37109977
4039.4 0.34630877
4043.2 0.36231628
4047.0 0.35306251
4050.8 0.34245199
4054.6 0.33750731
4058.4 0.33357698
4062.2 0.34347236
4066.0 0.32542333
4069.8 0.32820541
4073.6 0.33145210
4077.4 0.32776648
4081.2 0.31228554
4085.0 0.31791693
4088.8 0.32548770
4092.6 0.32470256
4096.4 0.31473473
4100.2 0.31579721
4104.0 0.31304616
4107.8 0.30689356
4111.6 0.31292379
4115.4 0.31918997
4119.2 0.31694397
4123.0 0.30911180
4126.8 0.30452436
4130.6 0.29988861
4134.4 0.31019661
4138.2 0.29898971
4142.0 0.31909740
4145.8 0.30068189
4149.6 0.30195665
4153.4 0.29720423
4157.2 0.29676041
4161.0 0.29631761
4164.8 0.29587579
4168.6 0.30255380
4172.4 0.30377471
4176.2 0.31066218
4180.0 0.30298695
4183.8 0.30379575
4187.6 0.29324609
4191.4 0.29281121
4195.2 0.30105385
4199.0 0.30986491
4202.8 0.30453366
4206.6 0.29701161
4210.4 0.30860469
4214.2 0.31345481
4218.0 0.29764104
4221.8 0.30092165
4225.6 0.28894198
4229.4 0.28851688
4233.2 0.29423371
4237.0 0.28929964
4240.8 0.31617731
4244.6 0.30175993
4248.4 0.29345018
4252.2 0.32754311
4256.0 0.32310525
4259.8 0.30843565
4263.6 0.30272463
4267.4 0.28893861
4271.2 0.28847083
4275.0 0.28348967
4278.8 0.29269597
4282.6 0.28266487
4286.4 0.28397003
4290.2 0.28184375
4294.0 0.28407121
4297.8 0.28102621
4301.6 0.28252169
4305.4 0.28141931
4309.2 0.27980670
4313.0 0.28948408
4316.8 0.28513858
4320.6 0.27859551
4324.4 0.27819347
4328.2 0.27779242
4332.0 0.27739218
4335.8 0.27699283
4339.6 0.27659443
4343.4 0.27619684
4347.2 0.28182673
4351.0 0.27540430
4354.8 0.27580765
4358.6 0.27461526
4362.4 0.27580544
4366.2 0.27392170
4370.0 0.27343807
4373.8 0.27604491
4377.6 0.27984983
4381.4 0.28114179
4385.2 0.27847943
4389.0 0.27796340
4392.8 0.27712137
4396.6 0.27325794
4400.4 0.27547014
4404.2 0.27362919
4408.0 0.27306175
4411.8 0.27910161
4415.6 0.29128784
4419.4 0.27695769
4423.2 0.28652284
4427.0 0.28094414
4430.8 0.28959069
4434.6 0.28276467
4438.4 0.29189959
4442.2 0.28720182
4446.0 0.28847134
4449.8 0.29682168
4453.6 0.28958586
4457.4 0.29508016
4461.2 0.30477509
4465.0 0.32810375
4468.8 0.32055846
4472.6 0.31433341
4476.4 0.31600302
4480.2 0.28811395
4484.0 0.28325191
4487.8 0.29640594
4491.6 0.29112786
4495.4 0.28096125
4499.2 0.28245363
4503.0 0.28397521
4506.8 0.28431493
4510.6 0.27927703
4514.4 0.28475749
4518.2 0.29058045
4522.0 0.27267247
4525.8 0.27555585
4529.6 0.27363169
4533.4 0.28238124
4537.2 0.26637068
4541.0 0.26920140
4544.8 0.26844475
4548.6 0.26745963
4552.4 0.26935908
4556.2 0.26880190
4560.0 0.26812240
4563.8 0.27052981
4567.6 0.26613539
4571.4 0.26389816
4575.2 0.25924882
4579.0 0.25901845
4582.8 0.25477791
4586.6 0.25970960
4590.4 0.26025406
4594.2 0.26323378
4598.0 0.26534939
4601.8 0.25522378
4605.6 0.26069281
4609.4 0.26850569
4613.2 0.26535901
4617.0 0.26798889
4620.8 0.27286229
4624.6 0.26837763
4628.4 0.27035308
4632.2 0.26499474
4636.0 0.27829972
4639.8 0.25588199
4643.6 0.24736224
4647.4 0.25110117
4651.2 0.24773672
4655.0 0.24906670
4658.8 0.24940452
4662.6 0.25429472
4666.4 0.25898856
4670.2 0.24722028
4674.0 0.25416231
4677.8 0.26102898
4681.6 0.25140375
4685.4 0.24720150
4689.2 0.24339044
4693.0 0.24306394
4696.8 0.24408574
4700.6 0.25848666
4704.4 0.24626797
4708.2 0.24771266
4712.0 0.24144150
4715.8 0.24204001
4719.6 0.24182446
4723.4 0.24574953
4727.2 0.24326254
4731.0 0.24880281
4734.8 0.24963032
4738.6 0.24395731
4742.4 0.24227248
4746.2 0.24190249
4750.0 0.24887256
4753.8 0.24731186
4757.6 0.24208505
4761.4 0.24032141
4765.2 0.23846430
4769.0 0.23730788
4772.8 0.23926750
4776.6 0.24135238
4780.4 0.24931984
4784.2 0.25274050
4788.0 0.25751635
4791.8 0.26569748
4795.6 0.25506932
4799.4 0.24256510
4803.2 0.24335259
4807.0 0.24083488
4810.8 0.23707502
4814.6 0.24076879
4818.4 0.24792884
4822.2 0.25053328
4826.0 0.24273279
4829.8 0.24462067
4833.6 0.24827623
4837.4 0.25275618
4841.2 0.25658682
4845.0 0.24394041
4848.8 0.24635248
4852.6 0.25092074
4856.4 0.25166702
4860.2 0.24631302
4864.0 0.24587202
4867.8 0.24951915
4871.6 0.24928708
4875.4 0.24656682
4879.2 0.25261861
4883.0 0.25002843
4886.8 0.25355458
4890.6 0.25961944
4894.4 0.25598928
4898.2 0.26343769
4902.0 0.25921360
4905.8 0.27681267
4909.6 0.27885437
4913.4 0.28614816
4917.2 0.29419520
4921.0 0.29299513
4924.8 0.29897326
4928.6 0.31573564
4932.4 0.31747827
4936.2 0.33129960
4940.0 0.34659263
4943.8 0.36785182
4947.6 0.39246783
4951.4 0.42217255
4955.2 0.46309358
4959.0 0.51420790
4962.8 0.57676840
4966.6 0.65048140
4970.4 0.76262170
4974.2 0.89599645
4978.0 1.0639846
4981.8 1.2333820
4985.6 1.4507730
4989.4 1.4908735
4993.2 1.2749087
4997.0 1.0610774
5000.8 0.96532154
5004.6 0.90916812
5008.4 0.78729087
5012.2 0.66414684
5016.0 0.59829736
5019.8 0.54570413
5023.6 0.49761942
5027.4 0.46097633
5031.2 0.43855655
5035.0 0.41059619
5038.8 0.38227347
5042.6 0.35874033
5046.4 0.33510244
5050.2 0.31489146
5054.0 0.30849141
5057.8 0.30214000
5061.6 0.28693387
5065.4 0.28506857
5069.2 0.27970788
5073.0 0.28001148
5076.8 0.28493047
5080.6 0.28411826
5084.4 0.27818835
5088.2 0.26915342
5092.0 0.28258079
5095.8 0.28982717
5099.6 0.29571486
5103.4 0.32563469
5107.2 0.32393259
5111.0 0.30197179
5114.8 0.30499601
5118.6 0.30866304
5122.4 0.29977849
5126.2 0.27664518
5130.0 0.25412798
5133.8 0.25161970
5137.6 0.24523419
5141.4 0.23777990
5145.2 0.23628004
5149.0 0.22968091
5152.8 0.21955240
5156.6 0.21832171
5160.4 0.21938187
5164.2 0.21898548
5168.0 0.20876718
5171.8 0.20680320
5175.6 0.20655072
5179.4 0.21315290
5183.2 0.22153291
5187.0 0.21274677
5190.8 0.20964134
5194.6 0.20901597
5198.4 0.20504254
5202.2 0.20479298
5206.0 0.20454390
5209.8 0.21834067
5213.6 0.21001065
5217.4 0.21149658
5221.2 0.20355238
5225.0 0.20330566
5228.8 0.20699424
5232.6 0.21361262
5236.4 0.21193090
5240.2 0.20692848
5244.0 0.20899908
5247.8 0.20917033
5251.6 0.20759918
5255.4 0.20134935
5259.2 0.20110691
5263.0 0.20086494
5266.8 0.20248176
5270.6 0.20038244
5274.4 0.20014188
5278.2 0.19990180
5282.0 0.20461233
5285.8 0.19942302
5289.6 0.19918430
5293.4 0.19894606
5297.2 0.20166834
5301.0 0.19847089
5304.8 0.19823404
5308.6 0.19799761
5312.4 0.19776164
5316.2 0.20308608
5320.0 0.19847584
5323.8 0.20940135
5327.6 0.19831181
5331.4 0.19829173
5335.2 0.19635534
5339.0 0.19612251
5342.8 0.21010610
5346.6 0.21798731
5350.4 0.21040574
5354.2 0.22603372
5358.0 0.20898229
5361.8 0.23513460
5365.6 0.22132684
5369.4 0.20449606
5373.2 0.22757410
5377.0 0.21198447
5380.8 0.20672752
5384.6 0.20843829
5388.4 0.20183675
5392.2 0.19897100
5396.0 0.19268326
5399.8 0.19245745
5403.6 0.19520673
5407.4 0.20251049
5411.2 0.19178264
5415.0 0.19155858
5418.8 0.19133493
5422.6 0.19111171
5426.4 0.21016921
5430.2 0.19521022
5434.0 0.19044457
5437.8 0.19022307
5441.6 0.19341740
5445.4 0.19209582
5449.2 0.18956095
5453.0 0.18934117
5456.8 0.19469891
5460.6 0.20072266
5464.4 0.21182494
5468.2 0.18846589
5472.0 0.20849213
5475.8 0.18857409
5479.6 0.19743986
5483.4 0.18759726
5487.2 0.20027840
5491.0 0.19499767
5494.8 0.19458498
5498.6 0.19843267
5502.4 0.20766774
5506.2 0.19782521
5510.0 0.18609302
5513.8 0.19861452
5517.6 0.21986225
5521.4 0.18545440
5525.2 0.18524235
5529.0 0.18556252
5532.8 0.18481940
5536.6 0.18460856
5540.4 0.18439807
5544.2 0.20243405
5548.0 0.19717540
5551.8 0.18376908
5555.6 0.18356021
5559.4 0.19338614
5563.2 0.20692809
5567.0 0.18293591
5570.8 0.18445109
5574.6 0.22543390
5578.4 0.19384719
5582.2 0.19215490
5586.0 0.18190327
5589.8 0.20667897
5593.6 0.22086880
5597.4 0.21096453
5601.2 0.23201990
5605.0 0.22712390
5608.8 0.23933797
5612.6 0.20800480
5616.4 0.21580683
5620.2 0.26575342
5624.0 0.23832932
5627.8 0.22869202
5631.6 0.20697568
5635.4 0.19998987
5639.2 0.24718158
5643.0 0.23574938
5646.8 0.22804552
5650.6 0.21238397
5654.4 0.19001189
5658.2 0.21471089
5662.0 0.17786874
5665.8 0.17767096
5669.6 0.17747355
5673.4 0.17727655
5677.2 0.17707992
5681.0 0.17688361
5684.8 0.17668775
5688.6 0.17649215
5692.4 0.17629698
5696.2 0.17610215
5700.0 0.17590772
5703.8 0.17571361
5707.6 0.17551990
5711.4 0.17532654
5715.2 0.17513359
5719.0 0.17494096
5722.8 0.17474867
5726.6 0.17455676
5730.4 0.17436521
5734.2 0.17417404
5738.0 0.17398320
5741.8 0.17379272
5745.6 0.17360264
5749.4 0.17341287
5753.2 0.17322344
5757.0 0.17303438
5760.8 0.17284569
5764.6 0.17265739
5768.4 0.17246936
5772.2 0.17228171
5776.0 0.17209448
5779.8 0.17190753
5783.6 0.17172095
5787.4 0.17153470
5791.2 0.17134881
5795.0 0.17116328
5798.8 0.17097808
5802.6 0.17079328
5806.4 0.17060880
5810.2 0.17042461
5814.0 0.17024080
5817.8 0.17005736
5821.6 0.16987422
5825.4 0.16969146
5829.2 0.16950902
5833.0 0.16932695
5836.8 0.16914518
5840.6 0.16896379
5844.4 0.16878274
5848.2 0.16860200
5852.0 0.16842160
5855.8 0.16824153
5859.6 0.16806184
5863.4 0.16788243
5867.2 0.16770342
5871.0 0.16752470
5874.8 0.16734627
5878.6 0.16716826
5882.4 0.16699064
5886.2 0.16681319
5890.0 0.16663612
5893.8 0.16645946
5897.6 0.16628307
5901.4 0.16610694
5905.2 0.16593121
5909.0 0.16575594
5912.8 0.16558078
5916.6 0.16540606
5920.4 0.16523169
5924.2 0.16505761
5928.0 0.16488387
5931.8 0.16471040
5935.6 0.16453727
5939.4 0.16436456
5943.2 0.16419207
5947.0 0.16401991
5950.8 0.16384806
5954.6 0.16367656
5958.4 0.16350541
5962.2 0.16333455
5966.0 0.16316399
5969.8 0.16299382
5973.6 0.16282396
5977.4 0.16265440
5981.2 0.16248511
5985.0 0.16231619
5988.8 0.16214757
5992.6 0.16197921
5996.4 0.16181123
