300.0 0.0
385.0 0.0000000
388.85 0.0000000
392.7 0.0000000
396.55 0.0000000
400.4 0.0000000
404.25 0.0000000
408.1 0.0000000
411.95 0.0000000
415.8 0.0000000
419.65 0.0000000
423.5 0.0000000
427.35 0.0000000
431.2 0.0000000
435.05 0.0000000
438.9 0.0000000
442.75 0.0000000
446.6 0.0000000
450.45 0.0000000
454.3 0.0000000
458.15 0.0000000
462.0 0.0000000
465.85 0.0000000
469.7 0.0000000
473.55 0.0000000
477.4 0.0000000
481.25 0.0000000
485.1 0.0000000
488.95 0.0000000
492.8 0.0000000
496.65 0.0000000
500.5 0.0000000
504.35 0.0000000
508.2 0.0000000
512.05 0.0000000
515.9 0.0000000
519.75 0.0000000
523.6 0.0000000
527.45 0.0000000
531.3 0.0000000
535.15 0.0000000
539.0 0.0000000
542.85 0.0000000
546.7 0.0000000
550.55 0.0000000
554.4 0.0000000
558.25 0.0000000
562.1 0.0000000
565.95 0.0000000
569.8 0.0000000
573.65 0.0000000
577.5 0.0000000
581.35 0.0000000
585.2 0.0000000
589.05 0.0000000
592.9 0.0000000
596.75 0.0000000
600.6 0.0000000
604.45 0.0000000
608.3 0.0000000
612.15 0.0000000
616.0 0.0000000
619.85 0.0000000
623.7 0.0000000
627.55 0.0000000
631.4 0.0000000
635.25 0.0000000
639.1 0.0000000
642.95 0.0000000
646.8 0.0000000
650.65 0.0000000
654.5 0.0000000
658.35 0.0000000
662.2 0.0000000
666.05 0.0000000
669.9 0.0000000
673.75 0.0000000
677.6 0.0000000
681.45 0.0000000
685.3 0.0000000
689.15 0.0000000
693.0 0.0000000
696.85 0.0000000
700.7 0.0000000
704.55 2.05068779E-03
708.4 1.74689502E-03
712.25 1.47978752E-03
716.1 1.24644616E-03
719.95 1.04363833E-03
723.8 8.68724368E-04
727.65 7.18644005E-04
731.5 5.90651704E-04
735.35 4.82361938E-04
739.2 3.91232141E-04
743.05 3.15148151E-04
746.9 2.52095197E-04
750.75 1.91299699E-03
754.6 1.64701382E-03
758.45 1.41139107E-03
762.3 1.20374036E-03
766.15 1.02175446E-03
770.0 9.46457963E-04
773.85 8.33382073E-04
777.7 6.96079573E-04
781.55 6.25103305E-04
785.4 5.71505923E-04
789.25 5.22472896E-04
793.1 3.17567661E-02
796.95 3.00622936E-02
800.8 2.35243477E-02
804.65 1.81437712E-02
808.5 1.57334562E-02
812.35 1.41047714E-02
816.2 1.29860397E-02
820.05 1.20776510E-02
823.9 1.07350508E-02
827.75 8.81356373E-03
831.6 8.05937964E-03
835.45 6.50865771E-03
839.3 5.32667898E-03
843.15 4.41536121E-03
847.0 3.79928062E-03
850.85 3.43033834E-03
854.7 2.91422009E-03
858.55 2.62292288E-03
862.4 2.37291283E-03
866.25 2.01766426E-03
870.1 1.56661100E-03
873.95 1.31482666E-03
877.8 1.03437819E-03
881.65 8.95544479E-04
885.5 7.56343186E-04
889.35 6.17602782E-04
893.2 5.16634551E-04
897.05 4.44990495E-04
900.9 3.83936742E-04
904.75 3.41609179E-04
908.6 2.91174423E-04
912.45 2.49450415E-04
916.3 2.16231681E-04
920.15 1.92687163E-04
924.0 1.75322406E-04
927.85 1.66660175E-04
931.7 1.63251520E-04
935.55 1.73772438E-04
939.4 1.0517538
943.25 0.85409242
947.1 0.79980004
950.95 0.80262762
954.8 0.75482541
958.65 0.60663146
962.5 0.52579075
966.35 0.49636501
970.2 0.47680819
974.05 0.44752747
977.9 0.41017073
981.75 0.38570580
985.6 0.37819281
989.45 0.38057190
993.3 0.38812408
997.15 0.39214873
1001.0 0.42328846
1004.85 0.43143564
1008.7 0.41432241
1012.55 0.37885392
1016.4 0.38261238
1020.25 0.38042870
1024.1 0.39085540
1027.95 0.39890388
1031.8 0.39533255
1035.65 0.38236669
1039.5 0.37851351
1043.35 0.39179555
1047.2 0.39061195
1051.05 0.39839265
1054.9 0.39448559
1058.75 0.40497124
1062.6 0.42945540
1066.45 0.45494905
1070.3 0.48985699
1074.15 0.50042450
1078.0 0.50907522
1081.85 0.46433353
1085.7 0.43484679
1089.55 0.41313434
1093.4 0.40431371
1097.25 0.40368894
1101.1 0.38657272
1104.95 0.38278103
1108.8 0.38158959
1112.65 0.37983239
1116.5 0.38773760
1120.35 0.38508925
1124.2 0.37793520
1128.05 0.39034230
1131.9 0.38464290
1135.75 0.39169830
1139.6 0.40213987
1143.45 0.40916160
1147.3 0.42022067
1151.15 0.42070094
1155.0 0.43515936
1158.85 0.44593406
1162.7 0.45793736
1166.55 0.47643796
1170.4 0.51322073
1174.25 0.56225860
1178.1 0.61857170
1181.95 0.69002515
1185.8 0.77879035
1189.65 0.83229512
1193.5 0.75719255
1197.35 0.64379942
1201.2 0.55758655
1205.05 0.51291293
1208.9 0.49086726
1212.75 0.47859234
1216.6 0.45690101
1220.45 0.45619729
1224.3 0.44335493
1228.15 0.45295411
1232.0 0.45502278
1235.85 0.45426518
1239.7 0.46005526
1243.55 0.45511124
1247.4 0.46278462
1251.25 0.47000307
1255.1 0.47155294
1258.95 0.48248211
1262.8 0.46460655
1266.65 0.46218541
1270.5 0.45690525
1274.35 0.46511835
1278.2 0.46794158
1282.05 0.46199280
1285.9 0.43929937
1289.75 0.42578810
1293.6 0.42046246
1297.45 0.41336322
1301.3 0.41469187
1305.15 0.41422215
1309.0 0.41407791
1312.85 0.42125779
1316.7 0.42058367
1320.55 0.42798573
1324.4 0.43062875
1328.25 0.43049774
1332.1 0.42619503
1335.95 0.43223915
1339.8 0.43482235
1343.65 0.44726557
1347.5 0.44073445
1351.35 0.43428835
1355.2 0.41580823
1359.05 0.42269900
1362.9 0.42528570
1366.75 0.42028302
1370.6 0.43517262
1374.45 0.43999556
1378.3 0.42909998
1382.15 0.42245203
1386.0 0.42367607
1389.85 0.42434436
1393.7 0.42481598
1397.55 0.43089473
1401.4 0.42402548
1405.25 0.42334470
1409.1 0.42942646
1412.95 0.42960766
1416.8 0.44092989
1420.65 0.43971157
1424.5 0.46886489
1428.35 0.46797925
1432.2 0.47347519
1436.05 0.46702966
1439.9 0.46877274
1443.75 0.47381389
1447.6 0.49565002
1451.45 0.53413171
1455.3 0.56926721
1459.15 0.59814125
1463.0 0.60976428
1466.85 0.64276683
1470.7 0.61565542
1474.55 0.56376743
1478.4 0.51645339
1482.25 0.48520237
1486.1 0.47092158
1489.95 0.45632759
1493.8 0.44260702
1497.65 0.43220332
1501.5 0.42966795
1505.35 0.41448137
1509.2 0.40892154
1513.05 0.40663740
1516.9 0.41153380
1520.75 0.41422421
1524.6 0.40559736
1528.45 0.40817693
1532.3 0.41125295
1536.15 0.41561067
1540.0 0.40621150
1543.85 0.41154423
1547.7 0.42207018
1551.55 0.40009797
1555.4 0.41157645
1559.25 0.41511375
1563.1 0.41309890
1566.95 0.41751984
1570.8 0.41178626
1574.65 0.40719980
1578.5 0.41939905
1582.35 0.43728274
1586.2 0.42952886
1590.05 0.44124642
1593.9 0.43845466
1597.75 0.44055152
1601.6 0.43898317
1605.45 0.44555017
1609.3 0.44518808
1613.15 0.44498000
1617.0 0.43167126
1620.85 0.42555556
1624.7 0.43197322
1628.55 0.43903032
1632.4 0.42133865
1636.25 0.44259241
1640.1 0.42807573
1643.95 0.43919504
1647.8 0.43606296
1651.65 0.44582736
1655.5 0.42561954
1659.35 0.43277073
1663.2 0.43320745
1667.05 0.44163457
1670.9 0.42059129
1674.75 0.42633778
1678.6 0.43527901
1682.45 0.41672742
1686.3 0.42527661
1690.15 0.41319460
1694.0 0.40243372
1697.85 0.40267569
1701.7 0.40291309
1705.55 0.40621638
1709.4 0.40933889
1713.25 0.41059920
1717.1 0.40550524
1720.95 0.40402901
1724.8 0.40423805
1728.65 0.40444311
1732.5 0.41011506
1736.35 0.40999913
1740.2 0.41660091
1744.05 0.41967469
1747.9 0.42006600
1751.75 0.42367950
1755.6 0.42814073
1759.45 0.43644941
1763.3 0.44680491
1767.15 0.44388875
1771.0 0.45618629
1774.85 0.46199220
1778.7 0.46644250
1782.55 0.46959788
1786.4 0.47350630
1790.25 0.48002535
1794.1 0.48303169
1797.95 0.47706562
1801.8 0.47340727
1805.65 0.46334186
1809.5 0.46270585
1813.35 0.45428252
1817.2 0.46142206
1821.05 0.45624742
1824.9 0.45379657
1828.75 0.45554209
1832.6 0.45320845
1836.45 0.45474926
1840.3 0.45622176
1844.15 0.46192878
1848.0 0.47322783
1851.85 0.46644884
1855.7 0.48370561
1859.55 0.49613491
1863.4 0.51132548
1867.25 0.51029646
1871.1 0.49627566
1874.95 0.49425045
1878.8 0.49628070
1882.65 0.48544994
1886.5 0.47684222
1890.35 0.47456989
1894.2 0.47314477
1898.05 0.48263621
1901.9 0.49289790
1905.75 0.49528921
1909.6 0.49251926
1913.45 0.49420914
1917.3 0.49154708
1921.15 0.49448016
1925.0 0.48989004
1928.85 0.48829350
1932.7 0.48930165
1936.55 0.48748642
1940.4 0.48176792
1944.25 0.47523886
1948.1 0.48011371
1951.95 0.48214477
1955.8 0.48279688
1959.65 0.47856444
1963.5 0.47527984
1967.35 0.47446486
1971.2 0.47253481
1975.05 0.47113058
1978.9 0.46751991
1982.75 0.46163666
1986.6 0.46439636
1990.45 0.46485943
1994.3 0.46013615
1998.15 0.44850546
2002.0 0.46045068
2005.85 0.46291146
2009.7 0.46051514
2013.55 0.46091413
2017.4 0.46529400
2021.25 0.45710549
2025.1 0.45767066
2028.95 0.44913438
2032.8 0.44249257
2036.65 0.42557436
2040.5 0.42398515
2044.35 0.42364529
2048.2 0.41986513
2052.05 0.43165287
2055.9 0.43832326
2059.75 0.43964976
2063.6 0.43059704
2067.45 0.43537298
2071.3 0.43765968
2075.15 0.44393274
2079.0 0.44438082
2082.85 0.45506266
2086.7 0.46868506
2090.55 0.47320893
2094.4 0.46754158
2098.25 0.48227319
2102.1 0.48911932
2105.95 0.48906416
2109.8 0.49200538
2113.65 0.51235437
2117.5 0.52537578
2121.35 0.52310318
2125.2 0.53350812
2129.05 0.52180624
2132.9 0.53531176
2136.75 0.55411774
2140.6 0.60079676
2144.45 0.65549636
2148.3 0.74036807
2152.15 0.82704389
2156.0 0.85416842
2159.85 0.81142026
2163.7 0.71927226
2167.55 0.64043510
2171.4 0.59159535
2175.25 0.56764621
2179.1 0.54883772
2182.95 0.53435516
2186.8 0.52302408
2190.65 0.51215357
2194.5 0.50893003
2198.35 0.49902272
2202.2 0.49047282
2206.05 0.48062754
2209.9 0.47521168
2213.75 0.47411638
2217.6 0.46088153
2221.45 0.46210444
2225.3 0.45094377
2229.15 0.44832343
2233.0 0.44814652
2236.85 0.42996484
2240.7 0.43672115
2244.55 0.43674409
2248.4 0.44346499
2252.25 0.45595327
2256.1 0.46055207
2259.95 0.46245590
2263.8 0.46241152
2267.65 0.46595845
2271.5 0.45993048
2275.35 0.46139818
2279.2 0.46784976
2283.05 0.46127620
2286.9 0.46317023
2290.75 0.45518059
2294.6 0.45825171
2298.45 0.44752663
2302.3 0.44031629
2306.15 0.43273470
2310.0 0.42912224
2313.85 0.41913766
2317.7 0.41520008
2321.55 0.40413204
2325.4 0.39661679
2329.25 0.39529961
2333.1 0.39933088
2336.95 0.39440939
2340.8 0.40313062
2344.65 0.40553448
2348.5 0.40710992
2352.35 0.40735474
2356.2 0.40799654
2360.05 0.41638604
2363.9 0.41237009
2367.75 0.42081213
2371.6 0.42064810
2375.45 0.41928568
2379.3 0.41501573
2383.15 0.41953847
2387.0 0.41687256
2390.85 0.42605114
2394.7 0.43715703
2398.55 0.43863159
2402.4 0.45649105
2406.25 0.46050209
2410.1 0.46062469
2413.95 0.45462543
2417.8 0.45450017
2421.65 0.43805930
2425.5 0.44807678
2429.35 0.44397113
2433.2 0.44343576
2437.05 0.44928494
2440.9 0.46143982
2444.75 0.46219432
2448.6 0.46828741
2452.45 0.47151804
2456.3 0.47548714
2460.15 0.47112474
2464.0 0.47371149
2467.85 0.46696228
2471.7 0.47253388
2475.55 0.46699607
2479.4 0.45341533
2483.25 0.45388776
2487.1 0.45975161
2490.95 0.44791681
2494.8 0.44750482
2498.65 0.44811735
2502.5 0.44812533
2506.35 0.45551616
2510.2 0.45378482
2514.05 0.44636014
2517.9 0.44575015
2521.75 0.45499048
2525.6 0.45439753
2529.45 0.45155862
2533.3 0.46009734
2537.15 0.44734111
2541.0 0.44205254
2544.85 0.43637559
2548.7 0.43241331
2552.55 0.42940271
2556.4 0.42078695
2560.25 0.41935396
2564.1 0.42453316
2567.95 0.42854300
2571.8 0.43429172
2575.65 0.44808993
2579.5 0.43308255
2583.35 0.42728496
2587.2 0.42487383
2591.05 0.42308277
2594.9 0.41838336
2598.75 0.42853758
2602.6 0.42720613
2606.45 0.43046167
2610.3 0.42667037
2614.15 0.42821586
2618.0 0.42868200
2621.85 0.43872398
2625.7 0.44153115
2629.55 0.44923893
2633.4 0.46405768
2637.25 0.48318937
2641.1 0.46062303
2644.95 0.44332328
2648.8 0.44607052
2652.65 0.43942752
2656.5 0.42359078
2660.35 0.42853373
2664.2 0.42996573
2668.05 0.41821289
2671.9 0.41557211
2675.75 0.40652588
2679.6 0.40095448
2683.45 0.41190225
2687.3 0.41092649
2691.15 0.40529194
2695.0 0.41341141
2698.85 0.40322638
2702.7 0.39691806
2706.55 0.39692724
2710.4 0.39041653
2714.25 0.38411275
2718.1 0.37686977
2721.95 0.38177523
2725.8 0.38100940
2729.65 0.37015313
2733.5 0.37356645
2737.35 0.37974277
2741.2 0.38242951
2745.05 0.37535900
2748.9 0.38238454
2752.75 0.39206666
2756.6 0.38486591
2760.45 0.39339909
2764.3 0.38227829
2768.15 0.38333565
2772.0 0.37781286
2775.85 0.38283676
2779.7 0.38524050
2783.55 0.37781364
2787.4 0.38843504
2791.25 0.38204458
2795.1 0.37880325
2798.95 0.38227683
2802.8 0.37414342
2806.65 0.37838730
2810.5 0.37551805
2814.35 0.37815395
2818.2 0.38078979
2822.05 0.37582484
2825.9 0.37273845
2829.75 0.37182993
2833.6 0.37025255
2837.45 0.36813954
2841.3 0.36851847
2845.15 0.37380284
2849.0 0.37339291
2852.85 0.37317088
2856.7 0.36615795
2860.55 0.36767301
2864.4 0.38327441
2868.25 0.43218055
2872.1 0.44913778
2875.95 0.37973329
2879.8 0.36642292
2883.65 0.36649650
2887.5 0.36228591
2891.35 0.37544253
2895.2 0.36509225
2899.05 0.35722202
2902.9 0.35983962
2906.75 0.35591274
2910.6 0.35136601
2914.45 0.34782061
2918.3 0.34366402
2922.15 0.32513040
2926.0 0.33054104
2929.85 0.32447886
2933.7 0.33879077
2937.55 0.33811864
2941.4 0.33463570
2945.25 0.33144614
2949.1 0.32913718
2952.95 0.33769557
2956.8 0.33093673
2960.65 0.33661300
2964.5 0.34188065
2968.35 0.34767142
2972.2 0.36164787
2976.05 0.38942161
2979.9 0.40583241
2983.75 0.36489564
2987.6 0.34114048
2991.45 0.35351291
2995.3 0.35649383
2999.15 0.33804256
3003.0 0.33095399
3006.85 0.33158100
3010.7 0.32589707
3014.55 0.32410890
3018.4 0.31822893
3022.25 0.30914855
3026.1 0.29905853
3029.95 0.29710257
3033.8 0.30627498
3037.65 0.31554779
3041.5 0.31659079
3045.35 0.32026675
3049.2 0.32830182
3053.05 0.32871488
3056.9 0.32682854
3060.75 0.31607911
3064.6 0.31754535
3068.45 0.31602639
3072.3 0.30304489
3076.15 0.30704340
3080.0 0.29687777
3083.85 0.29701966
3087.7 0.29200161
3091.55 0.29848778
3095.4 0.30241305
3099.25 0.29703256
3103.1 0.28782597
3106.95 0.28764057
3110.8 0.28642905
3114.65 0.28317600
3118.5 0.29191065
3122.35 0.28589725
3126.2 0.29336590
3130.05 0.29932547
3133.9 0.31770387
3137.75 0.31293997
3141.6 0.31123164
3145.45 0.32512054
3149.3 0.32981074
3153.15 0.34146044
3157.0 0.36325067
3160.85 0.35277063
3164.7 0.33528143
3168.55 0.33374843
3172.4 0.31896329
3176.25 0.31112203
3180.1 0.30801478
3183.95 0.30298787
3187.8 0.29300216
3191.65 0.28184918
3195.5 0.27868700
3199.35 0.28010932
3203.2 0.28798065
3207.05 0.28579006
3210.9 0.28405440
3214.75 0.29043382
3218.6 0.28052610
3222.45 0.27709603
3226.3 0.28231350
3230.15 0.27596375
3234.0 0.27309832
3237.85 0.27277917
3241.7 0.27246058
3245.55 0.27381277
3249.4 0.27618188
3253.25 0.27502474
3257.1 0.27410546
3260.95 0.28953901
3264.8 0.28790519
3268.65 0.29240182
3272.5 0.28729868
3276.35 0.28048390
3280.2 0.27609882
3284.05 0.28858265
3287.9 0.28851268
3291.75 0.28655919
3295.6 0.29991785
3299.45 0.29206669
3303.3 0.30162650
3307.15 0.31816489
3311.0 0.31279004
3314.85 0.31931588
3318.7 0.32529515
3322.55 0.33874124
3326.4 0.36036071
3330.25 0.36448112
3334.1 0.38480839
3337.95 0.41667509
3341.8 0.43228653
3345.65 0.43430090
3349.5 0.40399209
3353.35 0.39693859
3357.2 0.39311925
3361.05 0.37419298
3364.9 0.35740292
3368.75 0.32744512
3372.6 0.32074159
3376.45 0.30809894
3380.3 0.30199751
3384.15 0.30977643
3388.0 0.30144769
3391.85 0.29643673
3395.7 0.29685578
3399.55 0.29003298
3403.4 0.28810081
3407.25 0.28671387
3411.1 0.26912042
3414.95 0.27843902
3418.8 0.27711838
3422.65 0.28429157
3426.5 0.27823621
3430.35 0.27712649
3434.2 0.28971961
3438.05 0.29401994
3441.9 0.30523285
3445.75 0.30092674
3449.6 0.29874730
3453.45 0.28764784
3457.3 0.30359906
3461.15 0.30438814
3465.0 0.30637604
3468.85 0.30429003
3472.7 0.31585819
3476.55 0.32943007
3480.4 0.32717928
3484.25 0.31387660
3488.1 0.30656514
3491.95 0.29924306
3495.8 0.30143255
3499.65 0.32372966
3503.5 0.31504154
3507.35 0.31130475
3511.2 0.32347950
3515.05 0.32087204
3518.9 0.29725379
3522.75 0.31337997
3526.6 0.32594085
3530.45 0.31202447
3534.3 0.30617064
3538.15 0.31110471
3542.0 0.29958436
3545.85 0.29270196
3549.7 0.29374769
3553.55 0.30319902
3557.4 0.31429654
3561.25 0.31420037
3565.1 0.30801252
3568.95 0.31193358
3572.8 0.30272183
3576.65 0.30783695
3580.5 0.29860851
3584.35 0.31434345
3588.2 0.29593614
3592.05 0.30562067
3595.9 0.29296753
3599.75 0.29577971
3603.6 0.29814729
3607.45 0.30804071
3611.3 0.28102255
3615.15 0.28048527
3619.0 0.26376554
3622.85 0.26049361
3626.7 0.25690806
3630.55 0.26324722
3634.4 0.26244330
3638.25 0.26171586
3642.1 0.25707623
3645.95 0.26102820
3649.8 0.26376775
3653.65 0.25828245
3657.5 0.24966913
3661.35 0.25194362
3665.2 0.25301892
3669.05 0.25174803
3672.9 0.25571853
3676.75 0.25901616
3680.6 0.26373661
3684.45 0.26278901
3688.3 0.26076975
3692.15 0.26589426
3696.0 0.27357513
3699.85 0.27380222
3703.7 0.27636728
3707.55 0.28676710
3711.4 0.30372533
3715.25 0.30519956
3719.1 0.32809442
3722.95 0.33118027
3726.8 0.34231648
3730.65 0.36795691
3734.5 0.38317186
3738.35 0.42876875
3742.2 0.46777257
3746.05 0.45306987
3749.9 0.42268696
3753.75 0.39259368
3757.6 0.37144738
3761.45 0.35304511
3765.3 0.32979459
3769.15 0.32396853
3773.0 0.32081544
3776.85 0.30970398
3780.7 0.29248831
3784.55 0.30126888
3788.4 0.29149494
3792.25 0.28707644
3796.1 0.28227931
3799.95 0.27473170
3803.8 0.27178314
3807.65 0.27890053
3811.5 0.27900830
3815.35 0.32928601
3819.2 0.36002201
3823.05 0.30099306
3826.9 0.26736966
3830.75 0.26033759
3834.6 0.25819722
3838.45 0.25189102
3842.3 0.26831791
3846.15 0.29318303
3850.0 0.35635078
3853.85 0.50212514
3857.7 0.50104427
3861.55 0.33698612
3865.4 0.28373513
3869.25 0.26678780
3873.1 0.25950247
3876.95 0.25342315
3880.8 0.24859564
3884.65 0.24879615
3888.5 0.24707375
3892.35 0.24746147
3896.2 0.24716254
3900.05 0.24316454
3903.9 0.24049582
3907.75 0.24052705
3911.6 0.23136260
3915.45 0.22663811
3919.3 0.23663214
3923.15 0.23453908
3927.0 0.23748788
3930.85 0.22794758
3934.7 0.22984201
3938.55 0.22666673
3942.4 0.23461264
3946.25 0.23052454
3950.1 0.22461978
3953.95 0.22980303
3957.8 0.22840384
3961.65 0.23539680
3965.5 0.23665379
3969.35 0.24617335
3973.2 0.25153422
3977.05 0.24802984
3980.9 0.24089655
3984.75 0.25153247
3988.6 0.24116237
3992.45 0.23521887
3996.3 0.23572479
4000.15 0.24906340
4004.0 0.24444504
4007.85 0.23160699
4011.7 0.23468105
4015.55 0.23687598
4019.4 0.24089041
4023.25 0.23701943
4027.1 0.23930548
4030.95 0.23840240
4034.8 0.23975173
4038.65 0.23103628
4042.5 0.23498642
4046.35 0.24265093
4050.2 0.23102200
4054.05 0.23758411
4057.9 0.23857811
4061.75 0.23686287
4065.6 0.23723631
4069.45 0.23898086
4073.3 0.23745547
4077.15 0.24662150
4081.0 0.23546420
4084.85 0.23054372
4088.7 0.25213891
4092.55 0.23539340
4096.4 0.24637681
4100.25 0.24018419
4104.1 0.23306282
4107.95 0.22979289
4111.8 0.22721092
4115.65 0.23404767
4119.5 0.22184022
4123.35 0.22382882
4127.2 0.22613582
4131.05 0.22371294
4134.9 0.21323378
4138.75 0.21716760
4142.6 0.22242972
4146.45 0.22198342
4150.3 0.21525617
4154.15 0.21607032
4158.0 0.21427459
4161.85 0.21014796
4165.7 0.21436347
4169.55 0.21874386
4173.4 0.21729176
4177.25 0.21200694
4181.1 0.20894402
4184.95 0.20584530
4188.8 0.21300547
4192.65 0.20539142
4196.5 0.21929130
4200.35 0.20671740
4204.2 0.20767574
4208.05 0.20448768
4211.9 0.20426260
4215.75 0.20403785
4219.6 0.20381337
4223.45 0.20849498
4227.3 0.20941795
4231.15 0.21424942
4235.0 0.20903735
4238.85 0.20967665
4242.7 0.20247371
4246.55 0.20225154
4250.4 0.20802507
4254.25 0.21419580
4258.1 0.21059138
4261.95 0.20546845
4265.8 0.21357001
4269.65 0.21700935
4273.5 0.20613976
4277.35 0.20849109
4281.2 0.20026706
4285.05 0.20004818
4288.9 0.20408916
4292.75 0.20074248
4296.6 0.21947530
4300.45 0.20954616
4304.3 0.20385221
4308.15 0.22762088
4312.0 0.22462077
4315.85 0.21450254
4319.7 0.21060918
4323.55 0.20109275
4327.4 0.20084168
4331.25 0.19744670
4335.1 0.20393407
4338.95 0.19701760
4342.8 0.19800013
4346.65 0.19658978
4350.5 0.19821611
4354.35 0.19616315
4358.2 0.19727910
4362.05 0.19658095
4365.9 0.19552563
4369.75 0.20236151
4373.6 0.19939607
4377.45 0.19489104
4381.3 0.19468006
4385.15 0.19446947
4389.0 0.19425914
4392.85 0.19404915
4396.7 0.19383949
4400.55 0.19363010
4404.4 0.19764751
4408.25 0.19321227
4412.1 0.19356406
4415.95 0.19279568
4419.8 0.19369987
4423.65 0.19244495
4427.5 0.19217300
4431.35 0.19407347
4435.2 0.19681774
4439.05 0.19779576
4442.9 0.19599134
4446.75 0.19569659
4450.6 0.19517189
4454.45 0.19251804
4458.3 0.19414409
4462.15 0.19291359
4466.0 0.19258025
4469.85 0.19690803
4473.7 0.20557643
4477.55 0.19553031
4481.4 0.20235281
4485.25 0.19848108
4489.1 0.20465976
4492.95 0.19990405
4496.8 0.20643257
4500.65 0.20317951
4504.5 0.20414707
4508.35 0.21012785
4512.2 0.20507489
4516.05 0.20903645
4519.9 0.21597736
4523.75 0.23258747
4527.6 0.22731516
4531.45 0.22297570
4535.3 0.22423524
4539.15 0.20451359
4543.0 0.20112953
4546.85 0.21054004
4550.7 0.20685978
4554.55 0.19970225
4558.4 0.20082961
4562.25 0.20197828
4566.1 0.20228675
4569.95 0.19876786
4573.8 0.20273514
4577.65 0.20694880
4581.5 0.19425865
4585.35 0.19637713
4589.2 0.19506957
4593.05 0.20137274
4596.9 0.19001709
4600.75 0.19209884
4604.6 0.19162104
4608.45 0.19097970
4612.3 0.19239819
4616.15 0.19206218
4620.0 0.19163840
4623.85 0.19342126
4627.7 0.19034046
4631.55 0.18880087
4635.4 0.18553390
4639.25 0.18542825
4643.1 0.18245061
4646.95 0.18604146
4650.8 0.18649070
4654.65 0.18868567
4658.5 0.19026235
4662.35 0.18305984
4666.2 0.18704146
4670.05 0.19270770
4673.9 0.19050917
4677.75 0.19245756
4681.6 0.19601879
4685.45 0.19285735
4689.3 0.19433755
4693.15 0.19054516
4697.0 0.20017435
4700.85 0.18410692
4704.7 0.17803212
4708.55 0.18077900
4712.4 0.17841186
4716.25 0.17942494
4720.1 0.17972358
4723.95 0.18330379
4727.8 0.18674450
4731.65 0.17831351
4735.5 0.18337664
4739.35 0.18838832
4743.2 0.18149690
4747.05 0.17851740
4750.9 0.17581855
4754.75 0.17563587
4758.6 0.17642754
4762.45 0.18689305
4766.3 0.17811224
4770.15 0.17921098
4774.0 0.17472649
4777.85 0.17521210
4781.7 0.17510843
4785.55 0.17800377
4789.4 0.17625494
4793.25 0.18032275
4797.1 0.18097627
4800.95 0.17691594
4804.8 0.17574613
4808.65 0.17552963
4812.5 0.18064052
4816.35 0.17956060
4820.2 0.17581739
4824.05 0.17458774
4827.9 0.17328936
4831.75 0.17249946
4835.6 0.17397472
4839.45 0.17554182
4843.3 0.18138953
4847.15 0.18393163
4851.0 0.18746163
4854.85 0.19347315
4858.7 0.18578772
4862.55 0.17673087
4866.4 0.17735572
4870.25 0.17557129
4874.1 0.17287996
4877.95 0.17562383
4881.8 0.18089837
4885.65 0.18285087
4889.5 0.17720824
4893.35 0.17863731
4897.2 0.18135838
4901.05 0.18468322
4904.9 0.18753532
4908.75 0.17834266
4912.6 0.18015695
4916.45 0.18354943
4920.3 0.18414715
4924.15 0.18028018
4928.0 0.18000787
4931.85 0.18272915
4935.7 0.18261023
4939.55 0.18066795
4943.4 0.18515386
4947.25 0.18330640
4951.1 0.18594317
4954.95 0.19044356
4958.8 0.18783261
4962.65 0.19335128
4966.5 0.19030344
4970.35 0.20327988
4974.2 0.20483549
4978.05 0.21025093
4981.9 0.21622279
4985.75 0.21539965
4989.6 0.21985458
4993.45 0.23224436
4997.3 0.23358972
5001.15 0.24382520
5005.0 0.25514957
5008.85 0.27087316
5012.7 0.28907761
5016.55 0.31104097
5020.4 0.34128201
5024.25 0.37905321
5028.1 0.42528445
5031.95 0.47976586
5035.8 0.56262606
5039.65 0.66120023
5043.5 0.78537655
5047.35 0.91065907
5051.2 1.0714531
5055.05 1.1013613
5058.9 0.94206983
5062.75 0.78427076
5066.6 0.71368355
5070.45 0.67234534
5074.3 0.58236837
5078.15 0.49140638
5082.0 0.44280016
5085.85 0.40398169
5089.7 0.36848128
5093.55 0.34143659
5097.4 0.32491538
5101.25 0.30427948
5105.1 0.28336409
5108.95 0.26598886
5112.8 0.24852689
5116.65 0.23359792
5120.5 0.22890924
5124.35 0.22425410
5128.2 0.21302265
5132.05 0.21169223
5135.9 0.20776466
5139.75 0.20804344
5143.6 0.21175230
5147.45 0.21120259
5151.3 0.20684727
5155.15 0.20018026
5159.0 0.21022013
5162.85 0.21566562
5166.7 0.22010247
5170.55 0.24243326
5174.4 0.24122699
5178.25 0.22492987
5182.1 0.22723970
5185.95 0.23002963
5189.8 0.22346450
5193.65 0.20627183
5197.5 0.18952997
5201.35 0.18770613
5205.2 0.18298820
5209.05 0.17747016
5212.9 0.17639452
5216.75 0.17151047
5220.6 0.16398782
5224.45 0.16310892
5228.3 0.16394141
5232.15 0.16368556
5236.0 0.15608604
5239.85 0.15465567
5243.7 0.15450476
5247.55 0.15948240
5251.4 0.16579291
5255.25 0.15925634
5259.1 0.15696995
5262.95 0.15653981
5266.8 0.15360129
5270.65 0.15345156
5274.5 0.15330207
5278.35 0.16368209
5282.2 0.15747540
5286.05 0.15862784
5289.9 0.15270625
5293.75 0.15255783
5297.6 0.15536298
5301.45 0.16036892
5305.3 0.15914445
5309.15 0.15542512
5313.0 0.15701781
5316.85 0.15718390
5320.7 0.15604033
5324.55 0.15137862
5328.4 0.15123220
5332.25 0.15108597
5336.1 0.15233812
5339.95 0.15079424
5343.8 0.15064868
5347.65 0.15050338
5351.5 0.15408605
5355.35 0.15021338
5359.2 0.15006870
5363.05 0.14992423
5366.9 0.15201120
5370.75 0.14963594
5374.6 0.14949214
5378.45 0.14934853
5382.3 0.14920513
5386.15 0.15325774
5390.0 0.14981331
5393.85 0.15809660
5397.7 0.14975856
5401.55 0.14977787
5405.4 0.14834931
5409.25 0.14820744
5413.1 0.15881105
5416.95 0.16480583
5420.8 0.15911025
5424.65 0.17096719
5428.5 0.15810585
5432.35 0.17793189
5436.2 0.16752127
5440.05 0.15481721
5443.9 0.17232785
5447.75 0.16055904
5451.6 0.15661269
5455.45 0.15794434
5459.3 0.15297644
5463.15 0.15083830
5467.0 0.14610437
5470.85 0.14596583
5474.7 0.14808407
5478.55 0.15365903
5482.4 0.14555147
5486.25 0.14541380
5490.1 0.14527634
5493.95 0.14513905
5497.8 0.15964755
5501.65 0.14831732
5505.5 0.14472842
5509.35 0.14459199
5513.2 0.14705244
5517.05 0.14607976
5520.9 0.14418377
5524.75 0.14404820
5528.6 0.14815672
5532.45 0.15277390
5536.3 0.16125928
5540.15 0.14350763
5544.0 0.15879121
5547.85 0.14365250
5551.7 0.15043892
5555.55 0.14297035
5559.4 0.15266784
5563.25 0.14867456
5567.1 0.14839192
5570.95 0.15135880
5574.8 0.15843710
5578.65 0.15096030
5582.5 0.14203791
5586.35 0.15162759
5590.2 0.16788457
5594.05 0.14164132
5597.9 0.14150952
5601.75 0.14178427
5605.6 0.14124647
5609.45 0.14111528
5613.3 0.14098427
5617.15 0.15480667
5621.0 0.15081713
5624.85 0.14059244
5628.7 0.14046222
5632.55 0.14801227
5636.4 0.15841015
5640.25 0.14007275
5644.1 0.14126249
5647.95 0.17268541
5651.8 0.14852057
5655.65 0.14725468
5659.5 0.13942754
5663.35 0.15845087
5667.2 0.16936468
5671.05 0.16180351
5674.9 0.17798920
5678.75 0.17426935
5682.6 0.18367895
5686.45 0.15966535
5690.3 0.16568829
5694.15 0.20407732
5698.0 0.18305537
5701.85 0.17568919
5705.7 0.15903847
5709.55 0.15370202
5713.4 0.19000991
5717.25 0.18125881
5721.1 0.17537130
5724.95 0.16336045
5728.8 0.14618205
5732.65 0.16521719
5736.5 0.13689534
5740.35 0.13677074
5744.2 0.13664632
5748.05 0.13652213
5751.9 0.13639812
5755.75 0.13627428
5759.6 0.13615066
5763.45 0.13602716
5767.3 0.13590391
5771.15 0.13578083
5775.0 0.13565795
5778.85 0.13553524
5782.7 0.13541274
5786.55 0.13529040
5790.4 0.13516831
5794.25 0.13504635
5798.1 0.13492459
5801.95 0.13480301
5805.8 0.13468161
5809.65 0.13456044
5813.5 0.13443942
5817.35 0.13431859
5821.2 0.13419798
5825.05 0.13407752
5828.9 0.13395724
5832.75 0.13383712
5836.6 0.13371724
5840.45 0.13359755
5844.3 0.13347799
5848.15 0.13335864
5852.0 0.13323952
5855.85 0.13312054
5859.7 0.13300173
5863.55 0.13288312
5867.4 0.13276468
5871.25 0.13264644
5875.1 0.13252841
5878.95 0.13241054
5882.8 0.13229287
5886.65 0.13217533
5890.5 0.13205801
5894.35 0.13194087
5898.2 0.13182388
5902.05 0.13170710
5905.9 0.13159050
5909.75 0.13147409
5913.6 0.13135786
5917.45 0.13124178
5921.3 0.13112591
5925.15 0.13101023
5929.0 0.13089471
5932.85 0.13077936
5936.7 0.13066421
5940.55 0.13054922
5944.4 0.13043445
5948.25 0.13031979
5952.1 0.13020532
5955.95 0.13009110
5959.8 0.12997715
5963.65 0.12986314
5967.5 0.12974937
5971.35 0.12963587
5975.2 0.12952253
5979.05 0.12940921
5982.9 0.12929614
5986.75 0.12918355
5990.6 0.12907067
5994.45 0.12895826
5998.3 0.12884606
