300.0 0.0
320.0 0.0000000
323.2 0.0000000
326.4 0.0000000
329.6 0.0000000
332.8 0.0000000
336.0 0.0000000
339.2 0.0000000
342.4 0.0000000
345.6 0.0000000
348.8 0.0000000
352.0 0.0000000
355.2 0.0000000
358.4 0.0000000
361.6 0.0000000
364.8 0.0000000
368.0 0.0000000
371.2 0.0000000
374.4 0.0000000
377.6 0.0000000
380.8 0.0000000
384.0 0.0000000
387.2 0.0000000
390.4 0.0000000
393.6 0.0000000
396.8 0.0000000
400.0 0.0000000
403.2 0.0000000
406.4 0.0000000
409.6 0.0000000
412.8 0.0000000
416.0 0.0000000
419.2 0.0000000
422.4 0.0000000
425.6 0.0000000
428.8 0.0000000
432.0 0.0000000
435.2 0.0000000
438.4 0.0000000
441.6 0.0000000
444.8 0.0000000
448.0 0.0000000
451.2 0.0000000
454.4 0.0000000
457.6 0.0000000
460.8 0.0000000
464.0 0.0000000
467.2 0.0000000
470.4 0.0000000
473.6 0.0000000
476.8 0.0000000
480.0 0.0000000
483.2 0.0000000
486.4 0.0000000
489.6 0.0000000
492.8 0.0000000
496.0 0.0000000
499.2 0.0000000
502.4 0.0000000
505.6 0.0000000
508.8 0.0000000
512.0 0.0000000
515.2 0.0000000
518.4 0.0000000
521.6 0.0000000
524.8 0.0000000
528.0 0.0000000
531.2 0.0000000
534.4 0.0000000
537.6 0.0000000
540.8 0.0000000
544.0 0.0000000
547.2 0.0000000
550.4 0.0000000
553.6 0.0000000
556.8 0.0000000
560.0 0.0000000
563.2 0.0000000
566.4 0.0000000
569.6 0.0000000
572.8 0.0000000
576.0 0.0000000
579.2 0.0000000
582.4 0.0000000
585.6 0.23770414
588.8 0.22813144
592.0 0.21876067
595.2 0.20959616
598.4 0.20064810
601.6 0.19192210
604.8 0.18341403
608.0 0.17512520
611.2 0.16705446
614.4 0.15920715
617.6 0.15158741
620.8 0.14419112
624.0 0.24619482
627.2 0.23684616
630.4 0.22769588
633.6 0.21873955
636.8 0.20998016
640.0 0.22092757
643.2 0.22193725
646.4 0.21249761
649.6 0.21909550
652.8 0.23056823
656.0 0.24639450
659.2 0.73491734
662.4 0.74571609
665.6 0.63008165
668.8 0.52390546
672.0 0.49066752
675.2 0.47654676
678.4 0.47690138
681.6 0.48363072
684.8 0.47028214
688.0 0.42390433
691.2 0.42703128
694.4 0.38126224
697.6 0.34630841
700.8 0.31982079
704.0 0.30777794
707.2 0.31207824
710.4 0.29899904
713.6 0.30474383
716.8 0.31358108
720.0 0.30464447
723.2 0.27144241
726.4 0.26267537
729.6 0.23946433
732.8 0.24139555
736.0 0.23859145
739.2 0.22923182
742.4 0.22678261
745.6 0.23228244
748.8 0.23972748
752.0 0.25658450
755.2 0.26461032
758.4 0.27599061
761.6 0.29303291
764.8 0.32182297
768.0 0.36331403
771.2 0.43142781
774.4 0.53138834
777.6 0.71611142
780.8 4.5030141
784.0 3.6404009
787.2 3.3938963
790.4 3.3909180
793.6 3.1750381
796.8 2.5406461
800.0 2.1926138
803.2 2.0610740
806.4 1.9715004
809.6 1.8426483
812.8 1.6818014
816.0 1.5749488
819.2 1.5379167
822.4 1.5412855
825.6 1.5655141
828.8 1.5753821
832.0 1.6937059
835.2 1.7194633
838.4 1.6447809
841.6 1.4981073
844.8 1.5070949
848.0 1.4927354
851.2 1.5277860
854.4 1.5533334
857.6 1.5336356
860.8 1.4777865
864.0 1.4574649
867.2 1.5030544
870.4 1.4930277
873.6 1.5172238
876.8 1.4969202
880.0 1.5312080
883.2 1.6179965
886.4 1.7079825
889.6 1.8325776
892.8 1.8655809
896.0 1.8912547
899.2 1.7191005
902.4 1.6044279
905.6 1.5191427
908.8 1.4816936
912.0 1.4744484
915.2 1.4072341
918.4 1.3888252
921.6 1.3799549
924.8 1.3691199
928.0 1.3930836
931.2 1.3791137
934.4 1.3491627
937.6 1.3890252
940.8 1.3644230
944.0 1.3850906
947.2 1.4175795
950.4 1.4378643
953.6 1.4721835
956.8 1.4693573
960.0 1.5152369
963.2 1.5480659
966.4 1.5849658
969.6 1.6440803
972.8 1.7657621
976.0 1.9287826
979.2 2.1157496
982.4 2.3532832
985.6 2.6483335
988.8 2.8221490
992.0 2.5601604
995.2 2.1705871
998.4 1.8746156
1001.6 1.7195873
1004.8 1.6410904
1008.0 1.5956215
1011.2 1.5191095
1014.4 1.5126183
1017.6 1.4660375
1020.8 1.4937283
1024.0 1.4965183
1027.2 1.4900327
1030.4 1.5050169
1033.6 1.4849113
1036.8 1.5059829
1040.0 1.5254806
1043.2 1.5265403
1046.4 1.5578908
1049.6 1.4963244
1052.8 1.4847314
1056.0 1.4640472
1059.2 1.4866076
1062.4 1.4918828
1065.6 1.4692458
1068.8 1.3936136
1072.0 1.3474225
1075.2 1.3273100
1078.4 1.3017194
1081.6 1.3027400
1084.8 1.2981291
1088.0 1.2945690
1091.2 1.3138790
1094.4 1.3086687
1097.6 1.3285635
1100.8 1.3336365
1104.0 1.3301235
1107.2 1.3137777
1110.4 1.3293389
1113.6 1.3342183
1116.8 1.3692702
1120.0 1.3462172
1123.2 1.3235368
1126.4 1.2643749
1129.6 1.2824609
1132.8 1.2874454
1136.0 1.2694941
1139.2 1.3115824
1142.4 1.3232235
1145.6 1.2876542
1148.8 1.2649657
1152.0 1.2659050
1155.2 1.2651917
1158.4 1.2639048
1161.6 1.2792770
1164.8 1.2562340
1168.0 1.2515922
1171.2 1.2669283
1174.4 1.2648369
1177.6 1.2954968
1180.8 1.2892679
1184.0 1.3719426
1187.2 1.3665725
1190.4 1.3798295
1193.6 1.3583112
1196.8 1.3606569
1200.0 1.3725542
1203.2 1.4329684
1206.4 1.5411823
1209.6 1.6393453
1212.8 1.7191390
1216.0 1.7491467
1219.2 1.8402578
1222.4 1.7592543
1225.6 1.6079042
1228.8 1.4701612
1232.0 1.3785876
1235.2 1.3354946
1238.4 1.2916825
1241.6 1.2505106
1244.8 1.2188524
1248.0 1.2094653
1251.2 1.1631726
1254.4 1.1441010
1257.6 1.1342911
1260.8 1.1445177
1264.0 1.1485759
1267.2 1.1213294
1270.4 1.1251425
1273.6 1.1303059
1276.8 1.1389593
1280.0 1.1099807
1283.2 1.1213157
1286.4 1.1467026
1289.6 1.0839128
1292.8 1.1118507
1296.0 1.1182468
1299.2 1.1097007
1302.4 1.1184502
1305.6 1.1000322
1308.8 1.0847788
1312.0 1.1142119
1315.2 1.1585523
1318.4 1.1349186
1321.6 1.1627307
1324.8 1.1522682
1328.0 1.1546839
1331.2 1.1475127
1334.4 1.1615976
1337.6 1.1575989
1340.8 1.1540267
1344.0 1.1165947
1347.2 1.0979220
1350.4 1.1116062
1353.6 1.1268672
1356.8 1.0786967
1360.0 1.1302309
1363.2 1.0903982
1366.4 1.1159084
1369.6 1.1051780
1372.8 1.1271126
1376.0 1.0733590
1379.2 1.0887034
1382.4 1.0871298
1385.6 1.1055728
1388.8 1.0503379
1392.0 1.0621158
1395.2 1.0817834
1398.4 1.0332000
1401.6 1.0518857
1404.8 1.0195808
1408.0 0.99068642
1411.2 0.98895681
1414.4 0.98722970
1417.6 0.99301094
1420.8 0.99833024
1424.0 0.99909937
1427.2 0.98444581
1430.4 0.97862661
1433.6 0.97691250
1436.8 0.97520131
1440.0 0.98665696
1443.2 0.98417294
1446.4 0.99779445
1449.6 1.0029310
1452.8 1.0016533
1456.0 1.0080531
1459.2 1.0164437
1462.4 1.0339180
1465.6 1.0561604
1468.8 1.0470083
1472.0 1.0737095
1475.2 1.0850548
1478.4 1.0931820
1481.6 1.0982515
1484.8 1.1050631
1488.0 1.1179324
1491.2 1.1225897
1494.4 1.1064239
1497.6 1.0956725
1500.8 1.0701734
1504.0 1.0665174
1507.2 1.0449697
1510.4 1.0592409
1513.6 1.0452483
1516.8 1.0375456
1520.0 1.0394536
1523.2 1.0320699
1526.4 1.0335263
1529.6 1.0348266
1532.8 1.0457143
1536.0 1.0691981
1539.2 1.0518305
1542.4 1.0886302
1545.6 1.1144494
1548.8 1.1463661
1552.0 1.1418705
1555.2 1.1083834
1558.4 1.1017677
1561.6 1.1042061
1564.8 1.0780790
1568.0 1.0569823
1571.2 1.0499864
1574.4 1.0448920
1577.6 1.0638852
1580.8 1.0845079
1584.0 1.0877751
1587.2 1.0797209
1590.4 1.0814601
1593.6 1.0736914
1596.8 1.0781553
1600.0 1.0662345
1603.2 1.0608640
1606.4 1.0611670
1609.6 1.0553607
1612.8 1.0411447
1616.0 1.0252342
1619.2 1.0339422
1622.4 1.0365115
1625.6 1.0361168
1628.8 1.0252644
1632.0 1.0164793
1635.2 1.0130024
1638.4 1.0071639
1641.6 1.0024693
1644.8 0.99310791
1648.0 0.97896290
1651.2 0.98316616
1654.4 0.98250669
1657.6 0.97090942
1660.8 0.94480377
1664.0 0.96837038
1667.2 0.97194993
1670.4 0.96533972
1673.6 0.96460539
1676.8 0.97219425
1680.0 0.95354497
1683.2 0.95319110
1686.4 0.93391639
1689.6 0.91863954
1692.8 0.88211477
1696.0 0.87743199
1699.2 0.87534928
1702.4 0.86617917
1705.6 0.88910711
1708.8 0.90144259
1712.0 0.90277028
1715.2 0.88281822
1718.4 0.89123905
1721.6 0.89454883
1724.8 0.90598810
1728.0 0.90552640
1731.2 0.92589045
1734.4 0.95217156
1737.6 0.95992064
1740.8 0.94700712
1744.0 0.97539234
1747.2 0.98777246
1750.4 0.98620325
1753.6 0.99067473
1756.8 1.0301369
1760.0 1.0547768
1763.2 1.0486873
1766.4 1.0679983
1769.6 1.0430669
1772.8 1.0685265
1776.0 1.1044825
1779.2 1.1958176
1782.4 1.3028375
1785.6 1.4694439
1788.8 1.6391600
1792.0 1.6905440
1795.2 1.6036929
1798.4 1.4195910
1801.6 1.2622396
1804.8 1.1643696
1808.0 1.1156949
1811.2 1.0772475
1814.4 1.0473877
1817.6 1.0237818
1820.8 1.0011444
1824.0 0.99349850
1827.2 0.97284734
1830.4 0.95489651
1833.6 0.93447834
1836.8 0.92271894
1840.0 0.91937137
1843.2 0.89252651
1846.4 0.89371681
1849.6 0.87098843
1852.8 0.86479634
1856.0 0.86332953
1859.2 0.82722920
1862.4 0.83914232
1865.6 0.83810657
1868.8 0.84991229
1872.0 0.87272972
1875.2 0.88041025
1878.4 0.88292819
1881.6 0.88172799
1884.8 0.88737214
1888.0 0.87479359
1891.2 0.87648779
1894.4 0.88763654
1897.6 0.87407851
1900.8 0.87658250
1904.0 0.86040002
1907.2 0.86514217
1910.4 0.84386075
1913.6 0.82925272
1916.8 0.81398398
1920.0 0.80621213
1923.2 0.78650409
1926.4 0.77817965
1929.6 0.75652826
1932.8 0.74157423
1936.0 0.73823297
1939.2 0.74487871
1942.4 0.73483008
1945.6 0.75019497
1948.8 0.75378430
1952.0 0.75582916
1955.2 0.75540304
1958.4 0.75571597
1961.6 0.77036458
1964.8 0.76205540
1968.0 0.77676415
1971.2 0.77557361
1974.4 0.77218026
1977.6 0.76344895
1980.8 0.77089518
1984.0 0.76513332
1987.2 0.78110087
1990.4 0.80056429
1993.6 0.80236834
1996.8 0.83410865
2000.0 0.84050548
2003.2 0.83980054
2006.4 0.82795042
2009.6 0.82681382
2012.8 0.79603356
2016.0 0.81334996
2019.2 0.80502260
2022.4 0.80318159
2025.6 0.81289834
2028.8 0.83399343
2032.0 0.83446217
2035.2 0.84456050
2038.4 0.84948194
2041.6 0.85572439
2044.8 0.84697711
2048.0 0.85073066
2051.2 0.83772922
2054.4 0.84683806
2057.6 0.83604079
2060.8 0.81088442
2064.0 0.81088841
2067.2 0.82051605
2070.4 0.79857218
2073.6 0.79702002
2076.8 0.79729474
2080.0 0.79649675
2083.2 0.80881089
2086.4 0.80492157
2089.6 0.79095322
2092.8 0.78907800
2096.0 0.80462807
2099.2 0.80277699
2102.4 0.79696757
2105.6 0.81123185
2108.8 0.78796005
2112.0 0.77787745
2115.2 0.76713347
2118.4 0.75942278
2121.6 0.75339919
2124.8 0.73756409
2128.0 0.73433936
2131.2 0.74269056
2134.4 0.74898267
2137.6 0.75830060
2140.8 0.78164440
2144.0 0.75474423
2147.2 0.74393249
2150.4 0.73903275
2153.6 0.73522198
2156.8 0.72637004
2160.0 0.74330074
2163.2 0.74029726
2166.4 0.74524218
2169.6 0.73799181
2172.8 0.73997796
2176.0 0.74009848
2179.2 0.75673753
2182.4 0.76087922
2185.6 0.77345306
2188.8 0.79823750
2192.0 0.83038974
2195.2 0.79088980
2198.4 0.76049775
2201.6 0.76452088
2204.8 0.75245827
2208.0 0.72468990
2211.2 0.73249155
2214.4 0.73428512
2217.6 0.71358037
2220.8 0.70844686
2224.0 0.69241410
2227.2 0.68232358
2230.4 0.70033985
2233.6 0.69807017
2236.8 0.68789804
2240.0 0.70106941
2243.2 0.68320543
2246.4 0.67193669
2249.6 0.67137384
2252.8 0.65979499
2256.0 0.64858627
2259.2 0.63581365
2262.4 0.64354175
2265.6 0.64170629
2268.8 0.62289476
2272.0 0.62810904
2275.2 0.63795793
2278.4 0.64193332
2281.6 0.62953931
2284.8 0.64078838
2288.0 0.65646780
2291.2 0.64387786
2294.4 0.65761048
2297.6 0.63849539
2300.8 0.63973689
2304.0 0.63000423
2307.2 0.63786113
2310.4 0.64134473
2313.6 0.62847096
2316.8 0.64561683
2320.0 0.63448405
2323.2 0.62859517
2326.4 0.63385171
2329.6 0.61987007
2332.8 0.62640208
2336.0 0.62115926
2339.2 0.62502408
2342.4 0.62888420
2345.6 0.62019598
2348.8 0.61462063
2352.0 0.61264312
2355.2 0.60956782
2358.4 0.60561830
2361.6 0.60577142
2364.8 0.61398298
2368.0 0.61283708
2371.2 0.61200178
2374.4 0.60004014
2377.6 0.60206294
2380.8 0.62713152
2384.0 0.70661688
2387.2 0.73378569
2390.4 0.61992639
2393.6 0.59774667
2396.8 0.59741741
2400.0 0.59011185
2403.2 0.61108494
2406.4 0.59379613
2409.6 0.58056444
2412.8 0.58438569
2416.0 0.57758170
2419.2 0.56978327
2422.4 0.56361979
2425.6 0.55647719
2428.8 0.52608222
2432.0 0.53444749
2435.2 0.52426523
2438.4 0.54699284
2441.6 0.54551345
2444.8 0.53950596
2448.0 0.53397995
2451.2 0.52988088
2454.4 0.54327095
2457.6 0.53201854
2460.8 0.54076010
2464.0 0.54883367
2467.2 0.55773586
2470.4 0.57974857
2473.6 0.62383378
2476.8 0.64966804
2480.0 0.58372778
2483.2 0.54534656
2486.4 0.56473309
2489.6 0.56910056
2492.8 0.53927308
2496.0 0.52760124
2499.2 0.52823836
2502.4 0.51882786
2505.6 0.51562887
2508.8 0.50592977
2512.0 0.49115950
2515.2 0.47480759
2518.4 0.47138351
2521.6 0.48560914
2524.8 0.49997562
2528.0 0.50129235
2531.2 0.50677395
2534.4 0.51914251
2537.6 0.51945031
2540.8 0.51612741
2544.0 0.49882221
2547.2 0.50080580
2550.4 0.49808255
2553.6 0.47730982
2556.8 0.48329169
2560.0 0.46698600
2563.2 0.46690547
2566.4 0.45871967
2569.6 0.46860611
2572.8 0.47446221
2576.0 0.46572098
2579.2 0.45099652
2582.4 0.45041752
2585.6 0.44823420
2588.8 0.44286165
2592.0 0.45623186
2595.2 0.44655070
2598.4 0.45792696
2601.6 0.46693563
2604.8 0.49529400
2608.0 0.48756132
2611.2 0.48459673
2614.4 0.50590676
2617.6 0.51288640
2620.8 0.53067362
2624.0 0.56418973
2627.2 0.54757440
2630.4 0.52010757
2633.6 0.51741177
2636.8 0.49418777
2640.0 0.48174495
2643.2 0.47664332
2646.4 0.46857986
2649.6 0.45286223
2652.8 0.43536130
2656.0 0.43021780
2659.2 0.43215379
2662.4 0.44403130
2665.6 0.44039035
2668.8 0.43745509
2672.0 0.44701374
2675.2 0.43150824
2678.4 0.42597997
2681.6 0.43374497
2684.8 0.42373976
2688.0 0.41909400
2691.2 0.41835913
2694.4 0.41762629
2697.6 0.41945454
2700.8 0.42283827
2704.0 0.42082229
2707.2 0.41917354
2710.4 0.44251999
2713.6 0.43976977
2716.8 0.44638228
2720.0 0.43834075
2723.2 0.42769879
2726.4 0.42077249
2729.6 0.43954828
2732.8 0.43919256
2736.0 0.43597263
2739.2 0.45603913
2742.4 0.44385147
2745.6 0.45812219
2748.8 0.48297119
2752.0 0.47454724
2755.2 0.48417851
2758.4 0.49297109
2761.6 0.51306373
2764.8 0.54550743
2768.0 0.55144089
2771.2 0.58187497
2774.4 0.62971562
2777.6 0.65295166
2780.8 0.65563643
2784.0 0.60954928
2787.2 0.59858167
2790.4 0.59250110
2793.6 0.56367117
2796.8 0.53808904
2800.0 0.49272099
2803.2 0.48237512
2806.4 0.46311352
2809.6 0.45369998
2812.8 0.46513876
2816.0 0.45239252
2819.2 0.44463670
2822.4 0.44503003
2825.6 0.43457249
2828.8 0.43145037
2832.0 0.42914814
2835.2 0.40260372
2838.4 0.41632688
2841.6 0.41413647
2844.8 0.42463565
2848.0 0.41537562
2851.2 0.41350499
2854.4 0.43207243
2857.6 0.43826008
2860.8 0.45474026
2864.0 0.44809541
2867.2 0.44462290
2870.4 0.42788547
2873.6 0.45138389
2876.8 0.45232752
2880.0 0.45505121
2883.2 0.45172480
2886.4 0.46866187
2889.6 0.48855394
2892.8 0.48497275
2896.0 0.46502179
2899.2 0.45396301
2902.4 0.44289991
2905.6 0.44591904
2908.8 0.47866675
2912.0 0.46559030
2915.2 0.45984104
2918.4 0.47758996
2921.6 0.47350779
2924.8 0.43843991
2928.0 0.46199983
2931.2 0.48028350
2934.4 0.45955387
2937.6 0.45071369
2940.8 0.45775560
2944.0 0.44059196
2947.2 0.43026289
2950.4 0.43159267
2953.6 0.44526565
2956.8 0.46134230
2960.0 0.46098119
2963.2 0.45168757
2966.4 0.45722046
2969.6 0.44350806
2972.8 0.45078889
2976.0 0.43706888
2979.2 0.45988333
2982.4 0.43275037
2985.6 0.44670287
2988.8 0.42800865
2992.0 0.43191570
2995.2 0.43517050
2998.4 0.44940218
3001.6 0.40979540
3004.8 0.40882307
3008.0 0.38427594
3011.2 0.37933460
3014.4 0.37394169
3017.6 0.38299334
3020.8 0.38164937
3024.0 0.38041815
3027.2 0.37350437
3030.4 0.37907416
3033.6 0.38287935
3036.8 0.37474772
3040.0 0.36208728
3043.2 0.36522171
3046.4 0.36661601
3049.6 0.36461136
3052.8 0.37019652
3056.0 0.37480345
3059.2 0.38146451
3062.4 0.37992534
3065.6 0.37683928
3068.8 0.38407516
3072.0 0.39499587
3075.2 0.39515001
3078.4 0.39867708
3081.6 0.41349843
3084.8 0.43775994
3088.0 0.43969312
3091.2 0.47247180
3094.4 0.47670877
3097.6 0.49252528
3100.8 0.52918833
3104.0 0.55083287
3107.2 0.61611634
3110.4 0.67187428
3113.6 0.65047807
3116.8 0.60659784
3120.0 0.56317103
3123.2 0.53261042
3126.4 0.50600910
3129.6 0.47248477
3132.8 0.46394211
3136.0 0.45923313
3139.2 0.44314116
3142.4 0.41833258
3145.6 0.43071061
3148.8 0.41656324
3152.0 0.41007802
3155.2 0.40305784
3158.4 0.39211807
3161.6 0.38774908
3164.8 0.39773899
3168.0 0.39772865
3171.2 0.46920693
3174.4 0.51279271
3177.6 0.42854008
3180.8 0.38051307
3184.0 0.37035415
3187.2 0.36715981
3190.4 0.35804695
3193.6 0.38124219
3196.8 0.41640362
3200.0 0.50591570
3203.2 0.71258646
3206.4 0.71076685
3209.6 0.47784722
3212.8 0.40217626
3216.0 0.37800363
3219.2 0.36753479
3222.4 0.35878199
3225.6 0.35180792
3228.8 0.35195240
3232.0 0.34937787
3235.2 0.34978822
3238.4 0.34922832
3241.6 0.34344456
3244.8 0.33954230
3248.0 0.33945373
3251.2 0.32639271
3254.4 0.31960332
3257.6 0.33356729
3260.8 0.33048871
3264.0 0.33451456
3267.2 0.32095268
3270.4 0.32349548
3273.6 0.31890383
3276.8 0.32995665
3280.0 0.32408315
3283.2 0.31566134
3286.4 0.32282248
3289.6 0.32073495
3292.8 0.33042940
3296.0 0.33206809
3299.2 0.34529528
3302.4 0.35268176
3305.6 0.34763733
3308.8 0.33751255
3312.0 0.35228229
3315.2 0.33763221
3318.4 0.32918835
3321.6 0.32977358
3324.8 0.34830454
3328.0 0.34171918
3331.2 0.32365260
3334.4 0.32782724
3337.6 0.33077145
3340.8 0.33625349
3344.0 0.33072865
3347.2 0.33379626
3350.4 0.33241507
3353.6 0.33417460
3356.8 0.32190949
3360.0 0.32729441
3363.2 0.33784720
3366.4 0.32153970
3369.6 0.33055362
3372.8 0.33181694
3376.0 0.32931295
3379.2 0.32971379
3382.4 0.33201957
3385.6 0.32978237
3388.8 0.34239021
3392.0 0.32678396
3395.2 0.31984150
3398.4 0.34967735
3401.6 0.32633844
3404.8 0.34144476
3408.0 0.33274537
3411.2 0.32276610
3414.4 0.31812593
3417.6 0.31444132
3420.8 0.32378963
3424.0 0.30679438
3427.2 0.30943680
3430.4 0.31251755
3433.6 0.30906197
3436.8 0.29448301
3440.0 0.29981217
3443.2 0.30697101
3446.4 0.30624971
3449.6 0.29686686
3452.8 0.29788759
3456.0 0.29531091
3459.2 0.28952482
3462.4 0.29523206
3465.6 0.30116260
3468.8 0.29906189
3472.0 0.29168954
3475.2 0.28737834
3478.4 0.28302094
3481.6 0.29276708
3484.8 0.28220710
3488.0 0.30120450
3491.2 0.28383884
3494.4 0.28505951
3497.6 0.28059003
3500.8 0.28018796
3504.0 0.27978680
3507.2 0.27938643
3510.4 0.28570947
3513.6 0.28687960
3516.8 0.29340154
3520.0 0.28616989
3523.2 0.28695089
3526.4 0.27700269
3529.6 0.27660835
3532.8 0.28441173
3536.0 0.29275304
3539.2 0.28773323
3542.4 0.28064266
3545.6 0.29161400
3548.8 0.29621446
3552.0 0.28128695
3555.2 0.28440392
3558.4 0.27309778
3561.6 0.27271190
3564.8 0.27813169
3568.0 0.27348354
3571.2 0.29890913
3574.4 0.28529564
3577.6 0.27745527
3580.8 0.30970776
3584.0 0.30552912
3587.2 0.29167423
3590.4 0.28628996
3593.6 0.27326798
3596.8 0.27284119
3600.0 0.26814514
3603.2 0.27686888
3606.4 0.26739535
3609.6 0.26864523
3612.8 0.26664874
3616.0 0.26877129
3619.2 0.26590526
3622.4 0.26733530
3625.6 0.26630712
3628.8 0.26479593
3632.0 0.27396944
3635.2 0.26987186
3638.4 0.26369381
3641.6 0.26332790
3644.8 0.26296285
3648.0 0.26259848
3651.2 0.26223496
3654.4 0.26187220
3657.6 0.26151016
3660.8 0.26685536
3664.0 0.26078838
3667.2 0.26118463
3670.4 0.26006967
3673.6 0.26121104
3676.8 0.25944108
3680.0 0.25899711
3683.2 0.26148042
3686.4 0.26509896
3689.6 0.26633719
3692.8 0.26382923
3696.0 0.26335454
3699.2 0.26257083
3702.4 0.25892419
3705.6 0.26103428
3708.8 0.25930366
3712.0 0.25877973
3715.2 0.26451775
3718.4 0.27608186
3721.6 0.26251373
3724.8 0.27159438
3728.0 0.26632041
3731.2 0.27453133
3734.4 0.26807439
3737.6 0.27674928
3740.8 0.27230960
3744.0 0.27352765
3747.2 0.28146014
3750.4 0.27461308
3753.6 0.27983788
3756.8 0.28904703
3760.0 0.31118795
3763.2 0.30404738
3766.4 0.29815838
3769.6 0.29975751
3772.8 0.27331626
3776.0 0.26871777
3779.2 0.28121129
3782.4 0.27621791
3785.6 0.26658559
3788.8 0.26801530
3792.0 0.26947278
3795.2 0.26980889
3798.4 0.26504144
3801.6 0.27025625
3804.8 0.27579662
3808.0 0.25881281
3811.2 0.26156282
3814.4 0.25974941
3817.6 0.26806852
3820.8 0.25288212
3824.0 0.25558230
3827.2 0.25487664
3830.4 0.25395396
3833.6 0.25577024
3836.8 0.25525382
3840.0 0.25462121
3843.2 0.25692010
3846.4 0.25275925
3849.6 0.25064680
3852.8 0.24624301
3856.0 0.24603631
3859.2 0.24202015
3862.4 0.24671699
3865.6 0.24724628
3868.8 0.25008926
3872.0 0.25211149
3875.2 0.24250284
3878.4 0.24771130
3881.6 0.25514749
3884.8 0.25216955
3888.0 0.25468099
3891.2 0.25932485
3894.4 0.25507498
3897.6 0.25696483
3900.8 0.25188392
3904.0 0.26454327
3907.2 0.24324526
3910.4 0.23515747
3913.6 0.23872328
3916.8 0.23553587
3920.0 0.23681158
3923.2 0.23714399
3926.4 0.24180521
3929.6 0.24628013
3932.8 0.23510039
3936.0 0.24171346
3939.2 0.24825543
3942.4 0.23911244
3945.6 0.23512661
3948.8 0.23151252
3952.0 0.23121272
3955.2 0.23219551
3958.4 0.24590629
3961.6 0.23429315
3964.8 0.23567851
3968.0 0.22972260
3971.2 0.23030271
3974.4 0.23010817
3977.6 0.23385383
3980.8 0.23149785
3984.0 0.23678102
3987.2 0.23757939
3990.4 0.23219085
3993.6 0.23059779
3996.8 0.23025610
4000.0 0.23690131
4003.2 0.23542638
4006.4 0.23046120
4009.6 0.22879256
4012.8 0.22703476
4016.0 0.22594397
4019.2 0.22781998
4022.4 0.22981539
4025.6 0.23741265
4028.8 0.24068066
4032.0 0.24523960
4035.2 0.25304195
4038.4 0.24293083
4041.6 0.23103194
4044.8 0.23179226
4048.0 0.22940429
4051.2 0.22583288
4054.4 0.22936158
4057.6 0.23619282
4060.8 0.23868448
4064.0 0.23126304
4067.2 0.23307191
4070.4 0.23656525
4073.6 0.24084437
4076.8 0.24450515
4080.0 0.23246431
4083.2 0.23477310
4086.4 0.23913702
4089.6 0.23985864
4092.8 0.23476598
4096.0 0.23435576
4099.2 0.23784231
4102.4 0.23763131
4105.6 0.23504834
4108.8 0.24082774
4112.0 0.23836865
4115.2 0.24174067
4118.4 0.24753352
4121.6 0.24408270
4124.8 0.25119537
4128.0 0.24717805
4131.2 0.26397115
4134.4 0.26592937
4137.6 0.27289665
4140.8 0.28058285
4144.0 0.27945006
4147.2 0.28516379
4150.4 0.30116457
4153.6 0.30283943
4156.8 0.31603667
4160.0 0.33063895
4163.2 0.35093418
4166.4 0.37443367
4169.6 0.40279016
4172.8 0.44185078
4176.0 0.49064070
4179.2 0.55035669
4182.4 0.62071973
4185.6 0.72775924
4188.8 0.85507202
4192.0 1.0154290
4195.2 1.1771442
4198.4 1.3846794
4201.6 1.4230113
4204.8 1.2169265
4208.0 1.0128613
4211.2 0.92149413
4214.4 0.86792535
4217.6 0.75160730
4220.8 0.63407034
4224.0 0.57122600
4227.2 0.52103347
4230.4 0.47514173
4233.6 0.44017154
4236.8 0.41878039
4240.0 0.39209658
4243.2 0.36506453
4246.4 0.34260443
4249.6 0.32004252
4252.8 0.30075184
4256.0 0.29465088
4259.2 0.28859586
4262.4 0.27408224
4265.6 0.27231127
4268.8 0.26720101
4272.0 0.26750156
4275.2 0.27221149
4278.4 0.27144620
4281.6 0.26579121
4284.8 0.25716901
4288.0 0.27000901
4291.2 0.27694380
4294.4 0.28258079
4297.6 0.31118387
4300.8 0.30956933
4304.0 0.28859347
4307.2 0.29149500
4310.4 0.29501110
4313.6 0.28653055
4316.8 0.26442975
4320.0 0.24291615
4323.2 0.24052776
4326.4 0.23443273
4329.6 0.22731550
4332.8 0.22589026
4336.0 0.21958970
4339.2 0.20991418
4342.4 0.20874546
4345.6 0.20976707
4348.8 0.20939602
4352.0 0.19963272
4355.2 0.19776216
4358.4 0.19752817
4361.6 0.20384964
4364.8 0.21187186
4368.0 0.20347653
4371.2 0.20051393
4374.4 0.19992328
4377.6 0.19613004
4380.8 0.19589862
4384.0 0.19566768
4387.2 0.20887350
4390.4 0.20091213
4393.6 0.20234118
4396.8 0.19474809
4400.0 0.19451924
4403.2 0.19805571
4406.4 0.20439582
4409.6 0.20279413
4412.8 0.19801466
4416.0 0.20000340
4419.2 0.20017461
4422.4 0.19867828
4425.6 0.19270407
4428.8 0.19247906
4432.0 0.19225447
4435.2 0.19380905
4438.4 0.19180660
4441.6 0.19158326
4444.8 0.19136038
4448.0 0.19587672
4451.2 0.19091582
4454.4 0.19069417
4457.6 0.19047293
4460.8 0.19308619
4464.0 0.19003165
4467.2 0.18981165
4470.4 0.18959205
4473.6 0.18937284
4476.8 0.19447836
4480.0 0.19007030
4483.2 0.20054023
4486.4 0.18992667
4489.6 0.18991418
4492.8 0.18806624
4496.0 0.18784989
4499.2 0.20125072
4502.4 0.20880711
4505.6 0.20155190
4508.8 0.21652985
4512.0 0.20020238
4515.2 0.22526383
4518.4 0.21204314
4521.6 0.19592516
4524.8 0.21804355
4528.0 0.20311384
4531.2 0.19808374
4534.4 0.19972992
4537.6 0.19341089
4540.8 0.19067135
4544.0 0.18465228
4547.2 0.18444222
4550.4 0.18708344
4553.6 0.19408992
4556.8 0.18381445
4560.0 0.18360600
4563.2 0.18339790
4566.4 0.18319020
4569.6 0.20146464
4572.8 0.18713157
4576.0 0.18256934
4579.2 0.18236320
4582.4 0.18543182
4585.6 0.18417102
4588.8 0.18174687
4592.0 0.18154228
4595.2 0.18668562
4598.4 0.19246793
4601.6 0.20312044
4604.8 0.18072733
4608.0 0.19993798
4611.2 0.18084320
4614.4 0.18935183
4617.6 0.17991842
4620.8 0.19208689
4624.0 0.18702836
4627.2 0.18663873
4630.4 0.19033560
4633.6 0.19920042
4636.8 0.18976545
4640.0 0.17851716
4643.2 0.19053519
4646.4 0.21092555
4649.6 0.17792210
4652.8 0.17772450
4656.0 0.17803749
4659.2 0.17733030
4662.4 0.17713378
4665.6 0.17693758
4668.8 0.19425018
4672.0 0.18921028
4675.2 0.17635123
4678.4 0.17615651
4681.6 0.18559213
4684.8 0.19859470
4688.0 0.17557441
4691.2 0.17703432
4694.4 0.21637619
4697.6 0.18606457
4700.8 0.18444613
4704.0 0.17461137
4707.2 0.19840023
4710.4 0.21202843
4713.6 0.20252708
4716.8 0.22274742
4720.0 0.21805403
4723.2 0.22978762
4726.4 0.19971107
4729.6 0.20720857
4732.8 0.25517324
4736.0 0.22884817
4739.2 0.21960121
4742.4 0.19875439
4745.6 0.19205207
4748.8 0.23737815
4752.0 0.22640644
4755.2 0.21901476
4758.4 0.20397979
4761.6 0.18249868
4764.8 0.20622750
4768.0 0.17084633
4771.2 0.17066166
4774.4 0.17047732
4777.6 0.17029338
4780.8 0.17010973
4784.0 0.16992640
4787.2 0.16974346
4790.4 0.16956079
4793.6 0.16937849
4796.8 0.16919650
4800.0 0.16901489
4803.2 0.16883355
4806.4 0.16865258
4809.6 0.16847195
4812.8 0.16829164
4816.0 0.16811167
4819.2 0.16793199
4822.4 0.16775268
4825.6 0.16757366
4828.8 0.16739500
4832.0 0.16721666
4835.2 0.16703862
4838.4 0.16686097
4841.6 0.16668358
4844.8 0.16650650
4848.0 0.16632976
4851.2 0.16615337
4854.4 0.16597731
4857.6 0.16580151
4860.8 0.16562608
4864.0 0.16545101
4867.2 0.16527618
4870.4 0.16510171
4873.6 0.16492754
4876.8 0.16475369
4880.0 0.16458017
4883.2 0.16440699
4886.4 0.16423412
4889.6 0.16406156
4892.8 0.16388926
4896.0 0.16371731
4899.2 0.16354570
4902.4 0.16337435
4905.6 0.16320336
4908.8 0.16303265
4912.0 0.16286230
4915.2 0.16269222
4918.4 0.16252246
4921.6 0.16235302
4924.8 0.16218390
4928.0 0.16201505
4931.2 0.16184652
4934.4 0.16167833
4937.6 0.16151039
4940.8 0.16134283
4944.0 0.16117550
4947.2 0.16100848
4950.4 0.16084184
4953.6 0.16067554
4956.8 0.16050941
4960.0 0.16034360
4963.2 0.16017817
4966.4 0.16001301
4969.6 0.15984808
4972.8 0.15968348
4976.0 0.15951937
4979.2 0.15935528
4982.4 0.15919167
4985.6 0.15902835
4988.8 0.15886530
4992.0 0.15870254
4995.2 0.15854003
4998.4 0.15837781
5001.6 0.15821606
5004.8 0.15805441
5008.0 0.15789312
5011.2 0.15773207
5014.4 0.15757139
5017.6 0.15741099
5020.8 0.15725088
5024.0 0.15709105
5027.2 0.15693159
5030.4 0.15677239
5033.6 0.15661347
5036.8 0.15645479
5040.0 0.15629645
5043.2 0.15613841
5046.4 0.15598057
5049.6 0.15582308
5052.8 0.15566596
5056.0 0.15550895
5059.2 0.15535237
5062.4 0.15519607
5065.6 0.15504001
5068.8 0.15488426
5072.0 0.15472877
5075.2 0.15457349
5078.4 0.15441868
5081.6 0.15426400
5084.8 0.15410967
5088.0 0.15395561
5091.2 0.15380186
5094.4 0.15364832
5097.6 0.15349518
5100.8 0.15334228
5104.0 0.15318963
5107.2 0.15303721
5110.4 0.15288515
5113.6 0.15273334
5116.8 0.15258178
5120.0 0.15243052
5123.2 0.15227960
5126.4 0.15212885
5129.6 0.15197849
5132.8 0.15182836
5136.0 0.15167852
5139.2 0.15152882
5142.4 0.15137956
5145.6 0.15123045
5148.8 0.15108182
5152.0 0.15093330
5155.2 0.15078503
5158.4 0.15063711
5161.6 0.15048939
5164.8 0.15034209
5168.0 0.15019496
5171.2 0.15004800
5174.4 0.14990146
5177.6 0.14975519
5180.8 0.14960915
5184.0 0.14946333
5187.2 0.14931785
5190.4 0.14917265
5193.6 0.14902762
5196.8 0.14888288
5200.0 0.14873855
5203.2 0.14859436
5206.4 0.14845037
5209.6 0.14830679
5212.8 0.14816336
5216.0 0.14802033
5219.2 0.14787748
5222.4 0.14773484
5225.6 0.14759259
5228.8 0.14745054
5232.0 0.14730875
5235.2 0.14716719
5238.4 0.14702594
5241.6 0.14688498
5244.8 0.14674418
5248.0 0.14660378
5251.2 0.14646350
5254.4 0.14632356
5257.6 0.14618386
5260.8 0.14604443
5264.0 0.14590524
5267.2 0.14576641
5270.4 0.14562772
5273.6 0.14548929
5276.8 0.14535119
5280.0 0.14521325
5283.2 0.14507566
5286.4 0.14493825
5289.6 0.14480111
5292.8 0.14466426
5296.0 0.14452767
5299.2 0.14439124
5302.4 0.14425521
5305.6 0.14411937
5308.8 0.14398374
5312.0 0.14384840
5315.2 0.14371328
5318.4 0.14357848
5321.6 0.14344384
5324.8 0.14330961
5328.0 0.14317551
5331.2 0.14304158
5334.4 0.14290805
5337.6 0.14277476
5340.8 0.14264163
5344.0 0.14250879
5347.2 0.14237621
5350.4 0.14224389
5353.6 0.14211181
5356.8 0.14197993
5360.0 0.14184830
5363.2 0.14171694
5366.4 0.14158586
5369.6 0.14145502
5372.8 0.14132446
5376.0 0.14119403
5379.2 0.14106397
5382.4 0.14093411
5385.6 0.14080448
5388.8 0.14067508
5392.0 0.14054590
5395.2 0.14041707
5398.4 0.14028835
5401.6 0.14015992
5404.8 0.14003174
5408.0 0.13990386
5411.2 0.13977619
5414.4 0.13964869
5417.6 0.13952145
5420.8 0.13939458
5424.0 0.13926782
5427.2 0.13914128
5430.4 0.13901506
5433.6 0.13888910
5436.8 0.13876326
5440.0 0.13863774
5443.2 0.13851242
5446.4 0.13838735
5449.6 0.13826258
5452.8 0.13813795
5456.0 0.13801363
5459.2 0.13788952
5462.4 0.13776563
5465.6 0.13764198
5468.8 0.13751863
5472.0 0.13739540
5475.2 0.13727251
5478.4 0.13714977
5481.6 0.13702729
5484.8 0.13690504
5488.0 0.13678308
5491.2 0.13666129
5494.4 0.13653973
5497.6 0.13641848
5500.8 0.13629736
5504.0 0.13617653
5507.2 0.13605593
5510.4 0.13593550
5513.6 0.13581538
5516.8 0.13569541
5520.0 0.13557579
5523.2 0.13545629
5526.4 0.13533707
5529.6 0.13521807
5532.8 0.13509923
5536.0 0.13498072
5539.2 0.13486238
5542.4 0.13474427
5545.6 0.13462639
5548.8 0.13450874
5552.0 0.13439134
5555.2 0.13427410
5558.4 0.13415720
5561.6 0.13404045
5564.8 0.13392387
5568.0 0.13380761
5571.2 0.13369153
5574.4 0.13357574
5577.6 0.13346006
5580.8 0.13334472
5584.0 0.13322951
5587.2 0.13311459
5590.4 0.13299985
5593.6 0.13288537
5596.8 0.13277110
5600.0 0.13265701
5603.2 0.13254313
5606.4 0.13242958
5609.6 0.13231619
5612.8 0.13220301
5616.0 0.13208994
5619.2 0.13197726
5622.4 0.13186480
5625.6 0.13175249
5628.8 0.13164036
5632.0 0.13152848
5635.2 0.13141687
5638.4 0.13130546
5641.6 0.13119417
5644.8 0.13108322
5648.0 0.13097240
5651.2 0.13086185
5654.4 0.13075149
5657.6 0.13064137
5660.8 0.13053147
5664.0 0.13042182
5667.2 0.13031229
5670.4 0.13020308
5673.6 0.13009401
5676.8 0.12998518
5680.0 0.12987657
5683.2 0.12976816
5686.4 0.12965991
5689.6 0.12955198
5692.8 0.12944418
5696.0 0.12933658
5699.2 0.12922923
5702.4 0.12912212
5705.6 0.12901516
5708.8 0.12890853
5712.0 0.12880197
5715.2 0.12869571
5718.4 0.12858962
5721.6 0.12848374
5724.8 0.12837808
5728.0 0.12827264
5731.2 0.12816735
5734.4 0.12806234
5737.6 0.12795748
5740.8 0.12785293
5744.0 0.12774849
5747.2 0.12764427
5750.4 0.12754031
5753.6 0.12743655
5756.8 0.12733294
5760.0 0.12722959
5763.2 0.12712640
5766.4 0.12702343
5769.6 0.12692066
5772.8 0.12681811
5776.0 0.12671579
5779.2 0.12661368
5782.4 0.12651171
5785.6 0.12641002
5788.8 0.12630846
5792.0 0.12620714
5795.2 0.12610602
5798.4 0.12600511
5801.6 0.12590441
5804.8 0.12580387
5808.0 0.12570362
5811.2 0.12560347
5814.4 0.12550364
5817.6 0.12540394
5820.8 0.12530445
5824.0 0.12520505
5827.2 0.12510598
5830.4 0.12500715
5833.6 0.12490840
5836.8 0.12480997
5840.0 0.12471165
5843.2 0.12461357
5846.4 0.12451569
5849.6 0.12441796
5852.8 0.12432042
5856.0 0.12422317
5859.2 0.12412604
5862.4 0.12402908
5865.6 0.12393246
5868.8 0.12383597
5872.0 0.12373966
5875.2 0.12364346
5878.4 0.12354758
5881.6 0.12345190
5884.8 0.12335633
5888.0 0.12326097
5891.2 0.12316584
5894.4 0.12307098
5897.6 0.12297615
5900.8 0.12288161
5904.0 0.12278731
5907.2 0.12269311
5910.4 0.12259918
5913.6 0.12250538
5916.8 0.12241181
5920.0 0.12231843
5923.2 0.12222525
5926.4 0.12213223
5929.6 0.12203948
5932.8 0.12194682
5936.0 0.12185445
5939.2 0.12176218
5942.4 0.12167012
5945.6 0.12157828
5948.8 0.12148663
5952.0 0.12139516
5955.2 0.12130392
5958.4 0.12121278
5961.6 0.12112194
5964.8 0.12103122
5968.0 0.12094070
5971.2 0.12085033
5974.4 0.12076022
5977.6 0.12067027
5980.8 0.12058054
5984.0 0.12049101
5987.2 0.12040158
5990.4 0.12031243
5993.6 0.12022340
5996.8 0.12013459
6000.0 0.12004595
