300.0 0.0
380.0 0.0000000
383.8 0.0000000
387.6 0.0000000
391.4 0.0000000
395.2 0.0000000
399.0 0.0000000
402.8 0.0000000
406.6 0.0000000
410.4 0.0000000
414.2 0.0000000
418.0 0.0000000
421.8 0.0000000
425.6 0.0000000
429.4 0.0000000
433.2 0.0000000
437.0 0.0000000
440.8 0.0000000
444.6 0.0000000
448.4 0.0000000
452.2 0.0000000
456.0 0.0000000
459.8 0.0000000
463.6 0.0000000
467.4 0.0000000
471.2 0.0000000
475.0 0.0000000
478.8 0.0000000
482.6 0.0000000
486.4 0.0000000
490.2 0.0000000
494.0 0.0000000
497.8 0.0000000
501.6 0.0000000
505.4 0.0000000
509.2 0.0000000
513.0 0.0000000
516.8 0.0000000
520.6 0.0000000
524.4 0.0000000
528.2 0.0000000
532.0 0.0000000
535.8 0.0000000
539.6 0.0000000
543.4 0.0000000
547.2 0.0000000
551.0 0.0000000
554.8 0.0000000
558.6 0.0000000
562.4 0.0000000
566.2 0.0000000
570.0 0.0000000
573.8 0.0000000
577.6 0.0000000
581.4 0.0000000
585.2 0.0000000
589.0 0.0000000
592.8 0.0000000
596.6 0.0000000
600.4 0.0000000
604.2 0.0000000
608.0 0.0000000
611.8 0.0000000
615.6 0.0000000
619.4 0.0000000
623.2 0.0000000
627.0 0.0000000
630.8 0.0000000
634.6 0.0000000
638.4 0.0000000
642.2 0.0000000
646.0 0.0000000
649.8 0.0000000
653.6 0.0000000
657.4 0.0000000
661.2 0.0000000
665.0 0.0000000
668.8 0.0000000
672.6 0.0000000
676.4 0.0000000
680.2 0.0000000
684.0 0.0000000
687.8 0.0000000
691.6 0.0000000
695.4 5.86149096E-02
699.2 5.00277393E-02
703.0 4.24868576E-02
706.8 3.58983092E-02
710.6 3.01690288E-02
714.4 2.52202917E-02
718.2 2.09656861E-02
722.0 1.73301920E-02
725.8 1.42436661E-02
729.6 1.16349291E-02
733.4 9.44648031E-03
737.2 7.62133393E-03
741.0 4.72721308E-02
744.8 4.07748185E-02
748.6 3.50239761E-02
752.4 2.99544483E-02
756.2 2.55077574E-02
760.0 2.37160455E-02
763.8 2.09754072E-02
767.6 1.76134072E-02
771.4 1.58613157E-02
775.2 1.45172123E-02
779.0 1.34338476E-02
782.8 0.56772804
786.6 0.55974686
790.4 0.45286298
794.2 0.35266358
798.0 0.30487919
801.8 0.27219149
805.6 0.25086498
809.4 0.23371872
813.2 0.20817332
817.0 0.17134076
820.8 0.15714346
824.6 0.12732966
828.4 0.10460978
832.2 8.71028379E-02
836.0 7.53199756E-02
839.8 6.83719888E-02
843.6 5.84352650E-02
847.4 5.29338345E-02
851.2 4.82189991E-02
855.0 4.13061753E-02
858.8 3.23251896E-02
862.6 2.73584146E-02
866.4 2.17202492E-02
870.2 1.89888515E-02
874.0 1.62030645E-02
877.8 1.33753847E-02
881.6 1.13172550E-02
885.4 9.86558478E-03
889.2 8.62095505E-03
893.0 7.77456677E-03
896.8 6.72084559E-03
900.6 5.84330689E-03
904.4 5.14363917E-03
908.2 4.65758471E-03
912.0 4.30951919E-03
915.8 4.16925410E-03
919.6 4.15955996E-03
923.4 4.51290607E-03
927.2 11.361186
931.0 9.1586628
934.8 8.5144186
938.6 8.4831200
942.4 7.9209580
946.2 6.3208370
950.0 5.4400449
953.8 5.0997906
957.6 4.8650270
961.4 4.5348830
965.2 4.1280475
969.0 3.8555939
972.8 3.7550697
976.6 3.7535300
980.4 3.8027151
984.2 3.8168781
988.0 4.0931458
991.8 4.1449041
995.6 3.9549711
999.4 3.5933316
1003.2 3.6059506
1007.0 3.5628543
1010.8 3.6376371
1014.6 3.6895337
1018.4 3.6340201
1022.2 3.4933403
1026.0 3.4371595
1029.8 3.5363650
1033.6 3.5045857
1037.4 3.5531251
1041.2 3.4975171
1045.0 3.5694742
1048.8 3.7632308
1052.6 3.9635792
1056.4 4.2432079
1060.2 4.3100300
1064.0 4.3597035
1067.8 3.9541728
1071.6 3.6823769
1075.4 3.4791000
1079.2 3.3860464
1083.0 3.3623021
1086.8 3.2022285
1090.6 3.1536863
1094.4 3.1269913
1098.2 3.0959947
1102.0 3.1436810
1105.8 3.1057763
1109.6 3.0321369
1113.4 3.1154075
1117.2 3.0540762
1121.0 3.0941436
1124.8 3.1604342
1128.6 3.1993361
1132.4 3.2692800
1136.2 3.2566488
1140.0 3.3518367
1143.8 3.4178734
1147.6 3.4926569
1151.4 3.6160438
1155.2 3.8763475
1159.0 4.2262845
1162.8 4.6273212
1166.6 5.1372962
1170.4 5.7707620
1174.2 6.1382585
1178.0 5.5583038
1181.8 4.7039952
1185.6 4.0552835
1189.4 3.7132776
1193.2 3.5374820
1197.0 3.4334066
1200.8 3.2630410
1204.6 3.2434368
1208.4 3.1381106
1212.2 3.1918788
1216.0 3.1923690
1219.8 3.1731241
1223.6 3.1996150
1227.4 3.1515632
1231.2 3.1909418
1235.0 3.2268829
1238.8 3.2237909
1242.6 3.2845931
1246.4 3.1496372
1250.2 3.1201613
1254.0 3.0717268
1257.8 3.1140554
1261.6 3.1201191
1265.4 3.0679004
1269.2 2.9053838
1273.0 2.8046787
1276.8 2.7585051
1280.6 2.7011244
1284.4 2.6990728
1288.2 2.6853945
1292.0 2.6739461
1295.8 2.7097151
1299.6 2.6948993
1303.4 2.7317643
1307.2 2.7381063
1311.0 2.7268414
1314.8 2.6893578
1318.6 2.7172205
1322.4 2.7232146
1326.2 2.7907012
1330.0 2.7397573
1333.8 2.6897328
1337.6 2.5658338
1341.4 2.5988410
1345.2 2.6052554
1349.0 2.5653212
1352.8 2.6466656
1356.6 2.6664455
1360.4 2.5911818
1364.2 2.5420232
1368.0 2.5404317
1371.8 2.5355451
1375.6 2.5295374
1379.4 2.5568538
1383.2 2.5074353
1387.0 2.4948413
1390.8 2.5220630
1394.6 2.5145788
1398.4 2.5721543
1402.2 2.5564454
1406.0 2.7168448
1409.8 2.7027144
1413.6 2.7254255
1417.4 2.6794913
1421.2 2.6807046
1425.0 2.7007208
1428.8 2.8160436
1432.6 3.0249081
1436.4 3.2135627
1440.2 3.3658004
1444.0 3.4203229
1447.8 3.5940621
1451.6 3.4316633
1455.4 3.1326187
1459.2 2.8607934
1463.0 2.6793694
1466.8 2.5925066
1470.6 2.5044665
1474.4 2.4217613
1478.2 2.3576651
1482.0 2.3367574
1485.8 2.2429705
1489.6 2.2019486
1493.4 2.1788905
1497.2 2.1943505
1501.0 2.1979640
1504.8 2.1417837
1508.6 2.1450427
1512.4 2.1508741
1516.2 2.1633258
1520.0 2.1044002
1523.8 2.1219945
1527.6 2.1660812
1531.4 2.0437622
1535.2 2.0926595
1539.0 2.1009216
1542.8 2.0811455
1546.6 2.0938320
1550.4 2.0557160
1554.2 2.0236497
1558.0 2.0749259
1561.8 2.1537483
1565.6 2.1061659
1569.4 2.1540692
1573.2 2.1310327
1577.0 2.1318660
1580.8 2.1150382
1584.6 2.1373920
1588.4 2.1264651
1592.2 2.1163676
1596.0 2.0443246
1599.8 2.0068195
1603.6 2.0284972
1607.4 2.0529869
1611.2 1.9620330
1615.0 2.0524428
1618.8 1.9769235
1622.6 2.0199354
1626.4 1.9973249
1630.2 2.0337381
1634.0 1.9336916
1637.8 1.9582574
1641.6 1.9523746
1645.4 1.9824109
1649.2 1.8804580
1653.0 1.8986193
1656.8 1.9308165
1660.6 1.8412945
1664.4 1.8717529
1668.2 1.8115324
1672.0 1.7575525
1675.8 1.7518640
1679.6 1.7462052
1683.4 1.7538329
1687.2 1.7606320
1691.0 1.7594073
1694.8 1.7310760
1698.6 1.7183467
1702.4 1.7128602
1706.2 1.7074022
1710.0 1.7249897
1713.8 1.7181978
1717.6 1.7395108
1721.4 1.7460008
1725.2 1.7413296
1729.0 1.7500075
1732.8 1.7621217
1736.6 1.7899361
1740.4 1.8259250
1744.2 1.8076220
1748.0 1.8511924
1751.8 1.8682120
1755.6 1.8796624
1759.4 1.8858383
1763.2 1.8949945
1767.0 1.9145088
1770.8 1.9199340
1774.6 1.8897867
1778.4 1.8689636
1782.2 1.8230804
1786.0 1.8144852
1789.8 1.7755210
1793.6 1.7974470
1797.4 1.7714236
1801.2 1.7561220
1805.0 1.7571117
1808.8 1.7424186
1812.6 1.7426763
1816.4 1.7426766
1820.2 1.7588104
1824.0 1.7960697
1827.8 1.7647060
1831.6 1.8241928
1835.4 1.8651642
1839.2 1.9162354
1843.0 1.9063963
1846.8 1.8482471
1850.6 1.8349977
1854.4 1.8368503
1858.2 1.7912430
1862.0 1.7540991
1865.8 1.7404233
1869.6 1.7299346
1873.4 1.7593099
1877.2 1.7913145
1881.0 1.7946180
1884.8 1.7792640
1888.6 1.7800723
1892.4 1.7652522
1896.2 1.7705618
1900.0 1.7489893
1903.8 1.7382041
1907.6 1.7367352
1911.4 1.7252885
1915.2 1.7001411
1919.0 1.6722918
1922.8 1.6846209
1926.6 1.6869389
1930.4 1.6844382
1934.2 1.6649671
1938.0 1.6488966
1941.8 1.6414692
1945.6 1.6302398
1949.4 1.6208906
1953.2 1.6040293
1957.0 1.5794915
1960.8 1.5845824
1964.6 1.5818402
1968.4 1.5615163
1972.2 1.5179316
1976.0 1.5541637
1979.8 1.5582815
1983.6 1.5460749
1987.4 1.5432999
1991.2 1.5538379
1995.0 1.5224667
1998.8 1.5203463
2002.6 1.4880865
2006.4 1.4622599
2010.2 1.4027030
2014.0 1.3938532
2017.8 1.3891523
2021.6 1.3732284
2025.4 1.4081773
2029.2 1.4263014
2033.0 1.4269937
2036.8 1.3940862
2040.6 1.4060081
2044.4 1.4098545
2048.2 1.4264984
2052.0 1.4243942
2055.8 1.4550248
2059.6 1.4948914
2063.4 1.5056190
2067.2 1.4839517
2071.0 1.5269830
2074.8 1.5449053
2078.6 1.5410017
2082.4 1.5465392
2086.2 1.6066442
2090.0 1.6435457
2093.8 1.6325451
2097.6 1.6610752
2101.4 1.6208103
2105.2 1.6588534
2109.0 1.7131127
2112.8 1.8530955
2116.6 2.0171130
2120.4 2.2730126
2124.2 2.5332639
2128.0 2.6103425
2131.8 2.4740331
2135.6 2.1880753
2139.4 1.9438241
2143.2 1.7915288
2147.0 1.7151321
2150.8 1.6545817
2154.6 1.6073196
2158.4 1.5697321
2162.2 1.5336983
2166.0 1.5206759
2169.8 1.4877912
2173.6 1.4590918
2177.4 1.4266779
2181.2 1.4075319
2185.0 1.4012415
2188.8 1.3591824
2192.6 1.3598547
2196.4 1.3241659
2200.2 1.3136591
2204.0 1.3103439
2207.8 1.2545151
2211.6 1.2715353
2215.4 1.2689255
2219.2 1.2857491
2223.0 1.3191936
2226.8 1.3297251
2230.6 1.3324513
2234.4 1.3295698
2238.2 1.3370079
2242.0 1.3170034
2245.8 1.3185037
2249.6 1.3342164
2253.4 1.3127991
2257.2 1.3155237
2261.0 1.2902253
2264.8 1.2963231
2268.6 1.2634509
2272.4 1.2406158
2276.2 1.2168311
2280.0 1.2042848
2283.8 1.1739439
2287.6 1.1606309
2291.4 1.1274782
2295.2 1.1043528
2299.0 1.0985452
2302.8 1.1075994
2306.6 1.0918365
2310.4 1.1138314
2314.2 1.1183259
2318.0 1.1205266
2321.8 1.1190648
2325.6 1.1187023
2329.4 1.1395483
2333.2 1.1264303
2337.0 1.1473336
2340.8 1.1447417
2344.6 1.1389059
2348.4 1.1252145
2352.2 1.1353704
2356.0 1.1260760
2359.8 1.1487538
2363.6 1.1765391
2367.4 1.1783527
2371.2 1.2240988
2375.0 1.2326168
2378.8 1.2307169
2382.6 1.2125007
2386.4 1.2099903
2390.2 1.1641344
2394.0 1.1886334
2397.8 1.1756508
2401.6 1.1721542
2405.4 1.1855204
2409.2 1.2154535
2413.0 1.2153074
2416.8 1.2291790
2420.6 1.2355043
2424.4 1.2437435
2428.2 1.2302015
2432.0 1.2348253
2435.8 1.2151411
2439.6 1.2275357
2443.4 1.2110801
2447.2 1.1738621
2451.0 1.1730939
2454.8 1.1862416
2458.6 1.1537607
2462.4 1.1507672
2466.2 1.1504145
2470.0 1.1485178
2473.8 1.1655204
2477.6 1.1591690
2481.4 1.1383219
2485.2 1.1348964
2489.0 1.1565230
2492.8 1.1531291
2496.6 1.1440588
2500.4 1.1638000
2504.2 1.1297022
2508.0 1.1145474
2511.8 1.0984662
2515.6 1.0867467
2519.4 1.0774570
2523.2 1.0541574
2527.0 1.0489005
2530.8 1.0601766
2534.6 1.0685025
2538.4 1.0811338
2542.2 1.1137371
2546.0 1.0747545
2549.8 1.0587174
2553.6 1.0511092
2557.4 1.0450604
2561.2 1.0318584
2565.0 1.0552789
2568.8 1.0503881
2572.6 1.0567760
2576.4 1.0458755
2580.2 1.0480711
2584.0 1.0476249
2587.8 1.0705496
2591.6 1.0757790
2595.4 1.0929195
2599.2 1.1272857
2603.0 1.1720123
2606.8 1.1156174
2610.6 1.0721295
2614.4 1.0771828
2618.2 1.0595802
2622.0 1.0198958
2625.8 1.0302895
2629.6 1.0322272
2633.4 1.0025549
2637.2 0.99478185
2641.0 0.97172314
2644.8 0.95702595
2648.6 0.98174793
2652.4 0.97802198
2656.2 0.96323562
2660.0 0.98113608
2663.8 0.95560873
2667.6 0.93933100
2671.4 0.93802989
2675.2 0.92134881
2679.0 0.90520352
2682.8 0.88689572
2686.6 0.89718962
2690.4 0.89414811
2694.2 0.86746919
2698.0 0.87426168
2701.8 0.88749576
2705.6 0.89255017
2709.4 0.87485254
2713.2 0.89001322
2717.0 0.91130900
2720.8 0.89336091
2724.6 0.91193533
2728.4 0.88496411
2732.2 0.88622254
2736.0 0.87228537
2739.8 0.88270563
2743.6 0.88706768
2747.4 0.86881316
2751.2 0.89205694
2755.0 0.87622541
2758.8 0.86764860
2762.6 0.87445873
2766.4 0.85473478
2770.2 0.86330420
2774.0 0.85564649
2777.8 0.86053634
2781.6 0.86541617
2785.4 0.85303277
2789.2 0.84494251
2793.0 0.84180486
2796.8 0.83716303
2800.6 0.83132768
2804.4 0.83112723
2808.2 0.84197932
2812.0 0.83999568
2815.8 0.83844048
2819.6 0.82165194
2823.4 0.82402104
2827.2 0.85791487
2831.0 0.96618348
2834.8 1.0028486
2838.6 0.84683222
2842.4 0.81614327
2846.2 0.81530356
2850.0 0.80494994
2853.8 0.83316213
2857.6 0.80920666
2861.4 0.79080123
2865.2 0.79563117
2869.0 0.78599811
2872.8 0.77502227
2876.6 0.76628053
2880.4 0.75621754
2884.2 0.71458036
2888.0 0.72560656
2891.8 0.71145386
2895.6 0.74195421
2899.4 0.73960739
2903.2 0.73112774
2907.0 0.72330827
2910.8 0.71742922
2914.6 0.73522443
2918.4 0.71966994
2922.2 0.73116475
2926.0 0.74174672
2929.8 0.75343925
2933.6 0.78282523
2937.4 0.84197646
2941.2 0.87645400
2945.0 0.78714550
2948.8 0.73506361
2952.6 0.76085830
2956.4 0.76640439
2960.2 0.72591716
2964.0 0.70989430
2967.8 0.71044147
2971.6 0.69748098
2975.4 0.69287932
2979.2 0.67955160
2983.0 0.65942723
2986.8 0.63719875
2990.6 0.63233161
2994.4 0.65113521
2998.2 0.67011213
3002.0 0.67159063
3005.8 0.67864567
3009.6 0.69491464
3013.4 0.69503260
3017.2 0.69029534
3021.0 0.66687018
3024.8 0.66924101
3028.6 0.66532344
3032.4 0.63730997
3036.2 0.64502871
3040.0 0.62300748
3043.8 0.62264228
3047.6 0.61147374
3051.4 0.62439543
3055.2 0.63193887
3059.0 0.62004238
3062.8 0.60019386
3066.6 0.59917915
3070.4 0.59603256
3074.2 0.58865017
3078.0 0.60617673
3081.8 0.59307468
3085.6 0.60793954
3089.4 0.61965126
3093.2 0.65702182
3097.0 0.64650613
3100.8 0.64231950
3104.6 0.67029959
3108.4 0.67927867
3112.2 0.70255923
3116.0 0.74663746
3119.8 0.72436464
3123.6 0.68776065
3127.4 0.68392855
3131.2 0.65297616
3135.0 0.63628834
3138.8 0.62930620
3142.6 0.61842126
3146.4 0.59744710
3150.2 0.57413799
3154.0 0.56713772
3157.8 0.56947207
3161.6 0.58490038
3165.4 0.57988375
3169.2 0.57580048
3173.0 0.58815938
3176.8 0.56754351
3180.6 0.56006151
3184.4 0.57005668
3188.2 0.55669862
3192.0 0.55038959
3195.8 0.54921985
3199.6 0.54805386
3203.4 0.55024904
3207.2 0.55448300
3211.0 0.55163556
3214.8 0.54927236
3218.6 0.57965213
3222.4 0.57583880
3226.2 0.58428401
3230.0 0.57354927
3233.8 0.55942124
3237.6 0.55016243
3241.4 0.57450449
3245.2 0.57383227
3249.0 0.56942070
3252.8 0.59541559
3256.6 0.57929575
3260.4 0.59770775
3264.2 0.62990385
3268.0 0.61869723
3271.8 0.63103068
3275.6 0.64226317
3279.4 0.66820502
3283.2 0.71020937
3287.0 0.71768242
3290.8 0.75702655
3294.6 0.81898201
3298.4 0.84890622
3302.2 0.85210073
3306.0 0.79192901
3309.8 0.77741110
3313.6 0.76924878
3317.4 0.73156697
3321.2 0.69812548
3325.0 0.63904554
3328.8 0.62541360
3332.6 0.60023600
3336.4 0.58783549
3340.2 0.60245198
3344.0 0.58574492
3347.8 0.57550883
3351.6 0.57582420
3355.4 0.56210458
3359.2 0.55787945
3363.0 0.55471730
3366.8 0.52023268
3370.6 0.53778654
3374.4 0.53477985
3378.2 0.54815620
3382.0 0.53602576
3385.8 0.53343624
3389.6 0.55720592
3393.4 0.56500053
3397.2 0.58605510
3401.0 0.57730317
3404.8 0.57264316
3408.6 0.55090785
3412.4 0.58097422
3416.2 0.58200091
3420.0 0.58531690
3423.8 0.58085155
3427.6 0.60243702
3431.4 0.62780631
3435.2 0.62300557
3439.0 0.59718609
3442.8 0.58279926
3446.6 0.56841636
3450.4 0.57211030
3454.2 0.61393178
3458.0 0.59697235
3461.8 0.58941573
3465.6 0.61197436
3469.4 0.60655415
3473.2 0.56145799
3477.0 0.59144449
3480.8 0.61466032
3484.6 0.58794886
3488.4 0.57646084
3492.2 0.58528727
3496.0 0.56316876
3499.8 0.54979753
3503.6 0.55132818
3507.4 0.56862092
3511.2 0.58897209
3515.0 0.58833241
3518.8 0.57629681
3522.6 0.58317971
3526.4 0.56551915
3530.2 0.57463014
3534.0 0.55697376
3537.8 0.58587164
3541.6 0.55114073
3545.4 0.56874084
3549.2 0.54477733
3553.0 0.54958725
3556.8 0.55356491
3560.6 0.57149971
3564.4 0.52097869
3568.2 0.51958978
3572.0 0.48824862
3575.8 0.48182929
3579.6 0.47484058
3583.4 0.48619294
3587.2 0.48434603
3591.0 0.48264357
3594.8 0.47373483
3598.6 0.48066056
3602.4 0.48534563
3606.2 0.47490138
3610.0 0.45872581
3613.8 0.46256444
3617.6 0.46419787
3621.4 0.46152821
3625.2 0.46846485
3629.0 0.47416028
3632.8 0.48245057
3636.6 0.48036835
3640.4 0.47633234
3644.2 0.48534223
3648.0 0.49900246
3651.8 0.49905762
3655.6 0.50337166
3659.4 0.52193981
3663.2 0.55241048
3667.0 0.55469620
3670.8 0.59588343
3674.6 0.60106117
3678.4 0.62083256
3682.2 0.66686344
3686.0 0.69394875
3689.8 0.77598178
3693.6 0.84597659
3697.4 0.81881291
3701.2 0.76336956
3705.0 0.70852727
3708.8 0.66989756
3712.6 0.63626778
3716.4 0.59395343
3720.2 0.58305782
3724.0 0.57698518
3727.8 0.55661809
3731.6 0.52531636
3735.4 0.54071593
3739.2 0.52281630
3743.0 0.51454037
3746.8 0.50559807
3750.6 0.49174526
3754.4 0.48613814
3758.2 0.49853179
3762.0 0.49838808
3765.8 0.58780259
3769.6 0.64223725
3773.4 0.53657681
3777.2 0.47631806
3781.0 0.46348107
3784.8 0.45936453
3788.6 0.44784740
3792.4 0.47673717
3796.2 0.52057207
3800.0 0.63231426
3803.8 0.89039177
3807.6 0.88789117
3811.4 0.59677529
3815.2 0.50214326
3819.0 0.47184232
3822.8 0.45865831
3826.6 0.44762221
3830.4 0.43881050
3834.2 0.43888012
3838.0 0.43556029
3841.8 0.43596250
3845.6 0.43515578
3849.4 0.42784208
3853.2 0.42287546
3857.0 0.42266005
3860.8 0.40629670
3864.6 0.39774671
3868.4 0.41502234
3872.2 0.41109058
3876.0 0.41599593
3879.8 0.39903265
3883.6 0.40209553
3887.4 0.39629135
3891.2 0.40992630
3895.0 0.40253124
3898.8 0.39197564
3902.6 0.40077084
3906.4 0.39808297
3910.2 0.41001633
3914.0 0.41195044
3917.8 0.42825657
3921.6 0.43731281
3925.4 0.43095466
3929.2 0.41830340
3933.0 0.43650448
3936.8 0.41825241
3940.6 0.40769547
3944.4 0.40832353
3948.2 0.43116647
3952.0 0.42291465
3955.8 0.40046099
3959.6 0.40553099
3963.4 0.40907714
3967.2 0.41575962
3971.0 0.40883300
3974.8 0.41252887
3978.6 0.41072637
3982.4 0.41280460
3986.2 0.39756143
3990.0 0.40411845
3993.8 0.41705203
3997.6 0.39683002
4001.4 0.40786090
4005.2 0.40932581
4009.0 0.40614396
4012.8 0.40654546
4016.6 0.40929523
4020.4 0.40644491
4024.2 0.42188784
4028.0 0.40256688
4031.8 0.39392540
4035.6 0.43057486
4039.4 0.40174609
4043.2 0.42024863
4047.0 0.40944964
4050.8 0.39708108
4054.6 0.39128515
4058.4 0.38666704
4062.2 0.39807406
4066.0 0.37709600
4069.8 0.38025966
4073.6 0.38396063
4077.4 0.37963134
4081.2 0.36164382
4085.0 0.36810750
4088.8 0.37681445
4092.6 0.37584674
4096.4 0.36425200
4100.2 0.36542475
4104.0 0.36218509
4107.8 0.35501161
4111.6 0.36193132
4115.4 0.36912182
4119.2 0.36646798
4123.0 0.35735700
4126.8 0.35199952
4130.6 0.34658793
4134.4 0.35844630
4138.2 0.34544346
4142.0 0.36861911
4145.8 0.34729281
4149.6 0.34871227
4153.4 0.34317198
4157.2 0.34260774
4161.0 0.34204492
4164.8 0.34148350
4168.6 0.34913844
4172.4 0.35049474
4176.2 0.35838783
4180.0 0.34948125
4183.8 0.35036194
4187.6 0.33814493
4191.4 0.33759332
4195.2 0.34704509
4199.0 0.35714939
4202.8 0.35095274
4206.6 0.34223372
4210.4 0.35553962
4214.2 0.36107436
4218.0 0.34280798
4221.8 0.34653574
4225.6 0.33269161
4229.4 0.33215377
4233.2 0.33868599
4237.0 0.33295819
4240.8 0.36383927
4244.6 0.34719837
4248.4 0.33758864
4252.2 0.37675530
4256.0 0.37159726
4259.8 0.35467514
4263.6 0.34805810
4267.4 0.33216015
4271.2 0.33157513
4275.0 0.32580328
4278.8 0.33633590
4282.6 0.32476315
4286.4 0.32621655
4290.2 0.32372820
4294.0 0.32624066
4297.8 0.32269821
4301.6 0.32436991
4305.4 0.32305896
4309.2 0.32116279
4313.0 0.33222410
4316.8 0.32719141
4320.6 0.31963885
4324.4 0.31913328
4328.2 0.31862903
4332.0 0.31812596
4335.8 0.31762409
4339.6 0.31712353
4343.4 0.31662413
4347.2 0.32303375
4351.0 0.31562898
4354.8 0.31604800
4358.6 0.31463867
4362.4 0.31595927
4366.2 0.31375858
4370.0 0.31316212
4373.8 0.31610480
4377.6 0.32041860
4381.4 0.32185435
4385.2 0.31876352
4389.0 0.31813005
4392.8 0.31712371
4396.6 0.31266075
4400.4 0.31514975
4404.2 0.31300184
4408.0 0.31231114
4411.8 0.31917670
4415.6 0.33306846
4419.4 0.31664091
4423.2 0.32753322
4427.0 0.32111365
4430.8 0.33095282
4434.6 0.32310936
4438.4 0.33350384
4442.2 0.32809350
4446.0 0.32950071
4449.8 0.33899441
4453.6 0.33068743
4457.4 0.33691770
4461.2 0.34794202
4465.0 0.37452632
4468.8 0.36586609
4472.6 0.35871485
4476.4 0.36057374
4480.2 0.32870874
4484.0 0.32312012
4487.8 0.33808225
4491.6 0.33201957
4495.4 0.32038403
4499.2 0.32204473
4503.0 0.32373834
4506.8 0.32408446
4510.6 0.31830150
4514.4 0.32450667
4518.2 0.33110061
4522.0 0.31065625
4525.8 0.31390181
4529.6 0.31167069
4533.4 0.32159621
4537.2 0.30332422
4541.0 0.30650932
4544.8 0.30560967
4548.6 0.30445024
4552.4 0.30657429
4556.2 0.30590212
4560.0 0.30509108
4563.8 0.30779234
4567.6 0.30275527
4571.4 0.30017322
4575.2 0.29484847
4579.0 0.29455030
4582.8 0.28969255
4586.6 0.29526398
4590.4 0.29584679
4594.2 0.29919755
4598.0 0.30156550
4601.8 0.29002267
4605.6 0.29620147
4609.4 0.30504161
4613.2 0.30143031
4617.0 0.30438098
4620.8 0.30987883
4624.6 0.30474916
4628.4 0.30695546
4632.2 0.30083567
4636.0 0.31590238
4639.8 0.29042098
4643.6 0.28071782
4647.4 0.28492701
4651.2 0.28107595
4655.0 0.28255144
4658.8 0.28290120
4662.6 0.28841412
4666.4 0.29370311
4670.2 0.28032446
4674.0 0.28816220
4677.8 0.29591271
4681.6 0.28496784
4685.4 0.28017178
4689.2 0.27582026
4693.0 0.27541819
4696.8 0.27654383
4700.6 0.29282576
4704.4 0.27895156
4708.2 0.28055552
4712.0 0.27342132
4715.8 0.27406752
4719.6 0.27379194
4723.4 0.27820393
4727.2 0.27535692
4731.0 0.28159592
4734.8 0.28250021
4738.6 0.27604872
4742.4 0.27411103
4746.2 0.27366132
4750.0 0.28151453
4753.8 0.27971742
4757.6 0.27377480
4761.4 0.27174962
4765.2 0.26961920
4769.0 0.26828155
4772.8 0.27046657
4776.6 0.27279267
4780.4 0.28176650
4784.2 0.28560039
4788.0 0.29096475
4791.8 0.30017507
4795.6 0.28813574
4799.4 0.27398011
4803.2 0.27483913
4807.0 0.27196556
4810.8 0.26769015
4814.6 0.27183095
4818.4 0.27988395
4822.2 0.28279302
4826.0 0.27395806
4829.8 0.27605855
4833.6 0.28015330
4837.4 0.28517732
4841.2 0.28946778
4845.0 0.27517083
4848.8 0.27786154
4852.6 0.28298342
4856.4 0.28379437
4860.2 0.27772689
4864.0 0.27719975
4867.8 0.28128129
4871.6 0.28098947
4875.4 0.27789342
4879.2 0.28468361
4883.0 0.28173456
4886.8 0.28567734
4890.6 0.29247940
4894.4 0.28835905
4898.2 0.29671782
4902.0 0.29192913
4905.8 0.31171638
4909.6 0.31398234
4913.4 0.32216096
4917.2 0.33118585
4921.0 0.32980019
4924.8 0.33649391
4928.6 0.35532275
4932.4 0.35724649
4936.2 0.37276015
4940.0 0.38992637
4943.8 0.41380045
4947.6 0.44144538
4951.4 0.47480777
4955.2 0.52077675
4959.0 0.57819813
4962.8 0.64847690
4966.6 0.73127908
4970.4 0.85726035
4974.2 1.0070829
4978.0 1.1957757
4981.8 1.3860137
4985.6 1.6301401
4989.4 1.6750275
4993.2 1.4322405
4997.0 1.1918998
5000.8 1.0842278
5004.6 1.0210540
5008.4 0.88408858
5012.2 0.74572849
5016.0 0.67172247
5019.8 0.61261314
5023.6 0.55857652
5027.4 0.51739281
5031.2 0.49217984
5035.0 0.46075457
5038.8 0.42892906
5042.6 0.40248358
5046.4 0.37592596
5050.2 0.35321763
5054.0 0.34600428
5057.8 0.33884689
5061.6 0.32176155
5065.4 0.31963825
5069.2 0.31359655
5073.0 0.31390601
5076.8 0.31938899
5080.6 0.31844729
5084.4 0.31177035
5088.2 0.30161524
5092.0 0.31663105
5095.8 0.32471892
5099.6 0.33128315
5103.4 0.36476624
5107.2 0.36282435
5111.0 0.33819416
5114.8 0.34154809
5118.6 0.34562120
5122.4 0.33564043
5126.2 0.30970991
5130.0 0.28447407
5133.8 0.28163922
5137.6 0.27446559
5141.4 0.26609731
5145.2 0.26439354
5149.0 0.25698474
5152.8 0.24562874
5156.6 0.24422866
5160.4 0.24539131
5164.2 0.24492472
5168.0 0.23347394
5171.8 0.23125570
5175.6 0.23095155
5179.4 0.23831122
5183.2 0.24765703
5187.0 0.23781246
5190.8 0.23431918
5194.6 0.23359834
5198.4 0.22913617
5202.2 0.22883593
5206.0 0.22853631
5209.8 0.24392869
5213.6 0.23460066
5217.4 0.23623867
5221.2 0.22734405
5225.0 0.22704752
5228.8 0.23114550
5232.6 0.23851411
5236.4 0.23661457
5240.2 0.23100831
5244.0 0.23329845
5247.8 0.23346822
5251.6 0.23169339
5255.4 0.22469766
5259.2 0.22440664
5263.0 0.22411625
5266.8 0.22589973
5270.6 0.22353731
5274.4 0.22324872
5278.2 0.22296077
5282.0 0.22819403
5285.8 0.22238658
5289.6 0.22210038
5293.4 0.22181480
5297.2 0.22482981
5301.0 0.22124533
5304.8 0.22096151
5308.6 0.22067827
5312.4 0.22039559
5316.2 0.22630928
5320.0 0.22115219
5323.8 0.23330523
5327.6 0.22093019
5331.4 0.22088829
5335.2 0.21871188
5339.0 0.21843328
5342.8 0.23398702
5346.6 0.24274264
5350.4 0.23427950
5354.2 0.25165862
5358.0 0.23265375
5361.8 0.26174545
5365.6 0.24635352
5369.4 0.22759973
5373.2 0.25326306
5377.0 0.23589312
5380.8 0.23002331
5384.6 0.23190676
5388.4 0.22454253
5392.2 0.22133526
5396.0 0.21432231
5399.8 0.21405269
5403.6 0.21709180
5407.4 0.22519505
5411.2 0.21324722
5415.0 0.21297987
5418.8 0.21271302
5422.6 0.21244672
5426.4 0.23361181
5430.2 0.21696581
5434.0 0.21165106
5437.8 0.21138696
5441.6 0.21491846
5445.4 0.21343191
5449.2 0.21059772
5453.0 0.21033581
5456.8 0.21626942
5460.6 0.22294179
5464.4 0.23525329
5468.2 0.20929314
5472.0 0.23151308
5475.8 0.20937826
5479.6 0.21920384
5483.4 0.20825893
5487.2 0.22231825
5491.0 0.21643840
5494.8 0.21596242
5498.6 0.22021459
5502.4 0.23044431
5506.2 0.21950416
5510.0 0.20646925
5513.8 0.22034365
5517.6 0.24389590
5521.4 0.20570996
5525.2 0.20545790
5529.0 0.20579617
5532.8 0.20495526
5536.6 0.20470473
5540.4 0.20445468
5544.2 0.22443414
5548.0 0.21858622
5551.8 0.20370759
5555.6 0.20345958
5559.4 0.21433339
5563.2 0.22932364
5567.0 0.20271847
5570.8 0.20438103
5574.6 0.24977197
5578.4 0.21475787
5582.2 0.21286595
5586.0 0.20149325
5589.8 0.22891884
5593.6 0.24461603
5597.4 0.23362829
5601.2 0.25692514
5605.0 0.25148362
5608.8 0.26498663
5612.6 0.23027739
5616.4 0.23889594
5620.2 0.29416305
5624.0 0.26378644
5627.8 0.25309980
5631.6 0.22904770
5635.4 0.22129951
5639.2 0.27349821
5643.0 0.26082844
5646.8 0.25228530
5650.6 0.23494069
5654.4 0.21017611
5658.2 0.23747770
5662.0 0.19671372
5665.8 0.19647971
5669.6 0.19624618
5673.4 0.19601317
5677.2 0.19578062
5681.0 0.19554846
5684.8 0.19531687
5688.6 0.19508563
5692.4 0.19485490
5696.2 0.19462463
5700.0 0.19439484
5703.8 0.19416550
5707.6 0.19393659
5711.4 0.19370817
5715.2 0.19348021
5719.0 0.19325270
5722.8 0.19302562
5726.6 0.19279902
5730.4 0.19257283
5734.2 0.19234712
5738.0 0.19212188
5741.8 0.19189705
5745.6 0.19167271
5749.4 0.19144879
5753.2 0.19122529
5757.0 0.19100225
5760.8 0.19077967
5764.6 0.19055755
5768.4 0.19033581
5772.2 0.19011454
5776.0 0.18989377
5779.8 0.18967338
5783.6 0.18945344
5787.4 0.18923393
5791.2 0.18901484
5795.0 0.18879621
5798.8 0.18857801
5802.6 0.18836029
5806.4 0.18814297
5810.2 0.18792601
5814.0 0.18770954
5817.8 0.18749352
5821.6 0.18727788
5825.4 0.18706270
5829.2 0.18684794
5833.0 0.18663362
5836.8 0.18641970
5840.6 0.18620624
5844.4 0.18599318
5848.2 0.18578056
5852.0 0.18556829
5855.8 0.18535650
5859.6 0.18514515
5863.4 0.18493418
5867.2 0.18472366
5871.0 0.18451352
5874.8 0.18430378
5878.6 0.18409450
5882.4 0.18388568
5886.2 0.18367717
5890.0 0.18346910
5893.8 0.18326151
5897.6 0.18305425
5901.4 0.18284740
5905.2 0.18264100
5909.0 0.18243507
5912.8 0.18222943
5916.6 0.18202424
5920.4 0.18181945
5924.2 0.18161511
5928.0 0.18141115
5931.8 0.18120752
5935.6 0.18100438
5939.4 0.18080164
5943.2 0.18059926
5947.0 0.18039727
5950.8 0.18019573
5954.6 0.17999452
5958.4 0.17979380
5962.2 0.17959343
5966.0 0.17939343
5969.8 0.17919387
5973.6 0.17899467
5977.4 0.17879592
5981.2 0.17859749
5985.0 0.17839950
5988.8 0.17820187
5992.6 0.17800462
5996.4 0.17780782
