300.0 0.0
395.0 0.0000000
398.95 0.0000000
402.9 0.0000000
406.85 0.0000000
410.8 0.0000000
414.75 0.0000000
418.7 0.0000000
422.65 0.0000000
426.6 0.0000000
430.55 0.0000000
434.5 0.0000000
438.45 0.0000000
442.4 0.0000000
446.35 0.0000000
450.3 0.0000000
454.25 0.0000000
458.2 0.0000000
462.15 0.0000000
466.1 0.0000000
470.05 0.0000000
474.0 0.0000000
477.95 0.0000000
481.9 0.0000000
485.85 0.0000000
489.8 0.0000000
493.75 0.0000000
497.7 0.0000000
501.65 0.0000000
505.6 0.0000000
509.55 0.0000000
513.5 0.0000000
517.45 0.0000000
521.4 0.0000000
525.35 0.0000000
529.3 0.0000000
533.25 0.0000000
537.2 0.0000000
541.15 0.0000000
545.1 0.0000000
549.05 0.0000000
553.0 0.0000000
556.95 0.0000000
560.9 0.0000000
564.85 0.0000000
568.8 0.0000000
572.75 0.0000000
576.7 0.0000000
580.65 0.0000000
584.6 0.0000000
588.55 0.0000000
592.5 0.0000000
596.45 0.0000000
600.4 0.0000000
604.35 0.0000000
608.3 0.0000000
612.25 0.0000000
616.2 0.0000000
620.15 0.0000000
624.1 0.0000000
628.05 0.0000000
632.0 0.0000000
635.95 0.0000000
639.9 0.0000000
643.85 0.0000000
647.8 0.0000000
651.75 0.0000000
655.7 0.0000000
659.65 0.0000000
663.6 0.0000000
667.55 0.0000000
671.5 0.0000000
675.45 0.0000000
679.4 0.0000000
683.35 0.0000000
687.3 0.0000000
691.25 0.0000000
695.2 0.0000000
699.15 0.0000000
703.1 0.0000000
707.05 0.0000000
711.0 0.0000000
714.95 0.0000000
718.9 0.0000000
722.85 3.24457302E-03
726.8 2.66077719E-03
730.75 2.16728798E-03
734.7 1.75366236E-03
738.65 1.40894856E-03
742.6 1.12385093E-03
746.55 8.89974704E-04
750.5 6.99373195E-04
754.45 5.45415038E-04
758.4 4.21933335E-04
762.35 3.23739456E-04
766.3 2.46354786E-04
770.25 2.86605372E-03
774.2 2.38483911E-03
778.15 1.97280664E-03
782.1 1.62942428E-03
786.05 1.33871811E-03
790.0 1.18307746E-03
793.95 9.70073626E-04
797.9 7.42116594E-04
801.85 6.05209847E-04
805.8 5.02098294E-04
809.75 4.19592252E-04
813.7 5.92433922E-02
817.65 5.47186024E-02
821.6 4.19437252E-02
825.55 3.15263085E-02
829.5 2.65910346E-02
833.45 2.31752284E-02
837.4 2.07309015E-02
841.35 1.87142212E-02
845.3 1.61347296E-02
849.25 1.28401592E-02
853.2 1.13685252E-02
857.15 8.88257939E-03
861.1 7.02847913E-03
865.05 5.62726986E-03
869.0 4.67338134E-03
872.95 4.06951271E-03
876.9 3.33069498E-03
880.85 2.88525107E-03
884.8 2.51007266E-03
888.75 2.05004052E-03
892.7 1.52726402E-03
896.65 1.22872344E-03
900.6 9.25556873E-04
904.55 7.66335113E-04
908.5 6.18308026E-04
912.45 4.81757335E-04
916.4 3.84034880E-04
920.35 3.14863166E-04
924.3 2.58271582E-04
928.25 2.18166169E-04
932.2 1.76325659E-04
936.15 1.43044235E-04
940.1 1.17241405E-04
944.05 9.86520536E-05
948.0 8.46354305E-05
951.95 7.57403250E-05
955.9 6.97408541E-05
959.85 6.96717761E-05
963.8 3.0286679
967.75 2.4514780
971.7 2.2882473
975.65 2.2889888
979.6 2.1458223
983.55 1.7191056
987.5 1.4853557
991.45 1.3978750
995.4 1.3386692
999.35 1.2526162
1003.3 1.1445761
1007.25 1.0730680
1011.2 1.0490156
1015.15 1.0524850
1019.1 1.0702119
1023.05 1.0781429
1027.0 1.1603826
1030.95 1.1793059
1034.9 1.1292948
1038.85 1.0296872
1042.8 1.0369642
1046.75 1.0281633
1050.7 1.0534049
1054.65 1.0721301
1058.6 1.0596230
1062.55 1.0220799
1066.5 1.0090476
1070.45 1.0416578
1074.4 1.0357447
1078.35 1.0535774
1082.3 1.0405042
1086.25 1.0653793
1090.2 1.1268612
1094.15 1.1906824
1098.1 1.2787673
1102.05 1.3030382
1106.0 1.3222215
1109.95 1.2029946
1113.9 1.1237979
1117.85 1.0650483
1121.8 1.0397509
1125.75 1.0356141
1129.7 0.98930347
1133.65 0.97724384
1137.6 0.97187394
1141.55 0.96510243
1145.5 0.98286474
1149.45 0.97386461
1153.4 0.95354778
1157.35 0.98257387
1161.3 0.96600330
1165.25 0.98147684
1169.2 1.0053544
1173.15 1.0206037
1177.1 1.0458422
1181.05 1.0447069
1185.0 1.0782217
1188.95 1.1024914
1192.9 1.1296960
1196.85 1.1727852
1200.8 1.2606051
1204.75 1.3780963
1208.7 1.5128912
1212.65 1.6840795
1216.6 1.8967232
1220.55 2.0227952
1224.5 1.8364445
1228.45 1.5582047
1232.4 1.3467720
1236.35 1.2363420
1240.3 1.1808031
1244.25 1.1489557
1248.2 1.0946845
1252.15 1.0908220
1256.1 1.0580162
1260.05 1.0787967
1264.0 1.0816050
1267.95 1.0777040
1271.9 1.0893316
1275.85 1.0755544
1279.8 1.0915996
1283.75 1.1065210
1287.7 1.1080742
1291.65 1.1316278
1295.6 1.0876684
1299.55 1.0799934
1303.5 1.0656855
1307.45 1.0828521
1311.4 1.0874388
1315.35 1.0716677
1319.3 1.0171896
1323.25 0.98413700
1327.2 0.97009581
1331.15 0.95202559
1335.1 0.95340234
1339.05 0.95065314
1343.0 0.94866621
1346.95 0.96344298
1350.9 0.96024340
1354.85 0.97546852
1358.8 0.97981983
1362.75 0.97786099
1366.7 0.96645540
1370.65 0.97851825
1374.6 0.98272479
1378.55 1.0091704
1382.5 0.99279428
1386.45 0.97666931
1390.4 0.93358374
1394.35 0.94751513
1398.3 0.95177412
1402.25 0.93906862
1406.2 0.97078413
1410.15 0.97998434
1414.1 0.95420712
1418.05 0.93794709
1422.0 0.93919444
1425.95 0.93921304
1429.9 0.93880272
1433.85 0.95076990
1437.8 0.93418086
1441.75 0.93126082
1445.7 0.94320816
1449.65 0.94218391
1453.6 0.96556556
1457.55 0.96146107
1461.5 1.0236852
1465.45 1.0202433
1469.4 1.0307087
1473.35 1.0151914
1477.3 1.0174994
1481.25 1.0269537
1485.2 1.0727352
1489.15 1.1543655
1493.1 1.2285477
1497.05 1.2890315
1501.0 1.3122263
1504.95 1.3813062
1508.9 1.3211966
1512.85 1.2081631
1516.8 1.1052377
1520.75 1.0369300
1524.7 1.0050329
1528.65 0.97255921
1532.6 0.94203830
1536.55 0.91865438
1540.5 0.91203874
1544.45 0.87785816
1548.4 0.86417788
1552.35 0.85747176
1556.3 0.86590934
1560.25 0.86968547
1564.2 0.84974080
1568.15 0.85331529
1572.1 0.85791641
1576.05 0.86517173
1580.0 0.84382564
1583.95 0.85311306
1587.9 0.87311041
1591.85 0.82594353
1595.8 0.84788811
1599.75 0.85342211
1603.7 0.84754813
1607.65 0.85488129
1611.6 0.84144074
1615.55 0.83039844
1619.5 0.85356897
1623.45 0.88819885
1627.4 0.87072569
1631.35 0.89272159
1635.3 0.88533849
1639.25 0.88784242
1643.2 0.88296956
1647.15 0.89445347
1651.1 0.89201522
1655.05 0.88989908
1659.0 0.86164707
1662.95 0.84783781
1666.9 0.85900968
1670.85 0.87141323
1674.8 0.83474445
1678.75 0.87523091
1682.7 0.84496796
1686.65 0.86533016
1690.6 0.85759521
1694.55 0.87521064
1698.5 0.83403462
1702.45 0.84652728
1706.4 0.84586984
1710.35 0.86079341
1714.3 0.81832993
1718.25 0.82805246
1722.2 0.84393972
1726.15 0.80656475
1730.1 0.82168567
1734.05 0.79696590
1738.0 0.77487898
1741.95 0.77402180
1745.9 0.77316272
1749.85 0.77818388
1753.8 0.78284651
1757.75 0.78394216
1761.7 0.77292705
1765.65 0.76883650
1769.6 0.76796514
1773.55 0.76709270
1777.5 0.77657974
1781.45 0.77509761
1785.4 0.78630298
1789.35 0.79082870
1793.3 0.79029667
1797.25 0.79582268
1801.2 0.80292529
1805.15 0.81721348
1809.1 0.83528703
1813.05 0.82853574
1817.0 0.85016245
1820.95 0.85964620
1824.9 0.86658710
1828.85 0.87110806
1832.8 0.87701440
1836.75 0.88773507
1840.7 0.89194059
1844.65 0.87959433
1848.6 0.87153822
1852.55 0.85173297
1856.5 0.84929746
1860.45 0.83260125
1864.4 0.84443933
1868.35 0.83374345
1872.3 0.82805324
1876.25 0.83002913
1880.2 0.82458103
1884.15 0.82619154
1888.1 0.82767683
1892.05 0.83683342
1896.0 0.85608333
1899.95 0.84262502
1903.9 0.87256694
1907.85 0.89373237
1911.8 0.91980994
1915.75 0.91668135
1919.7 0.89026076
1923.65 0.88540494
1927.6 0.88782173
1931.55 0.86725914
1935.5 0.85072213
1939.45 0.84552121
1943.4 0.84184492
1947.35 0.85757941
1951.3 0.87464184
1955.25 0.87771517
1959.2 0.87164968
1963.15 0.87348616
1967.1 0.86763918
1971.05 0.87167436
1975.0 0.86245799
1978.95 0.85853183
1982.9 0.85919321
1986.85 0.85490471
1990.8 0.84379429
1994.75 0.83129752
1998.7 0.83875787
2002.65 0.84124118
2006.6 0.84131825
2010.55 0.83289766
2014.5 0.82614797
2018.45 0.82370621
2022.4 0.81933951
2026.35 0.81589764
2030.3 0.80865097
2034.25 0.79749894
2038.2 0.80128914
2042.15 0.80111593
2046.1 0.79201853
2050.05 0.77107072
2054.0 0.79065889
2057.95 0.79393679
2061.9 0.78888869
2065.85 0.78863841
2069.8 0.79519445
2073.75 0.78028387
2077.7 0.78033614
2081.65 0.76489067
2085.6 0.75270605
2089.55 0.72309160
2093.5 0.71956336
2097.45 0.71816367
2101.4 0.71094435
2105.35 0.73007405
2109.3 0.74051750
2113.25 0.74192166
2117.2 0.72582984
2121.15 0.73306054
2125.1 0.73609030
2129.05 0.74581325
2133.0 0.74574202
2136.95 0.76282763
2140.9 0.78480262
2144.85 0.79151350
2148.8 0.78118402
2152.75 0.80492580
2156.7 0.81547207
2160.65 0.81450456
2164.6 0.81852615
2168.55 0.85147148
2172.5 0.87218493
2176.45 0.86749381
2180.4 0.88381732
2184.35 0.86352515
2188.3 0.88494933
2192.25 0.91508526
2196.2 0.99114370
2200.15 1.0802649
2204.1 1.2188791
2208.05 1.3601789
2212.0 1.4033549
2215.95 1.3317660
2219.9 1.1793293
2223.85 1.0490065
2227.8 0.96803486
2231.75 0.92791623
2235.7 0.89627522
2239.65 0.87175709
2243.6 0.85242617
2247.55 0.83388609
2251.5 0.82782298
2255.45 0.81091326
2259.4 0.79624188
2263.35 0.77950042
2267.3 0.76997083
2271.25 0.76745516
2275.2 0.74531478
2279.15 0.74657679
2283.1 0.72785085
2287.05 0.72293395
2291.0 0.72196424
2294.95 0.69202006
2298.9 0.70223361
2302.85 0.70161307
2306.8 0.71174532
2310.75 0.73110837
2314.7 0.73779869
2318.65 0.74016500
2322.6 0.73941386
2326.55 0.74440277
2330.5 0.73410213
2334.45 0.73577487
2338.4 0.74538714
2342.35 0.73425049
2346.3 0.73660231
2350.25 0.72324723
2354.2 0.72747701
2358.15 0.70981896
2362.1 0.69776332
2366.05 0.68514282
2370.0 0.67882520
2373.95 0.66244906
2377.9 0.65565252
2381.85 0.63761860
2385.8 0.62521857
2389.75 0.62260342
2393.7 0.62841117
2397.65 0.62013346
2401.6 0.63330346
2405.55 0.63653696
2409.5 0.63846713
2413.45 0.63830996
2417.4 0.63877648
2421.35 0.65136373
2425.3 0.64454073
2429.25 0.65718693
2433.2 0.65638447
2437.15 0.65371591
2441.1 0.64652437
2445.05 0.65303183
2449.0 0.64835030
2452.95 0.66208375
2456.9 0.67878890
2460.85 0.68052578
2464.8 0.70766097
2468.75 0.71330369
2472.7 0.71292037
2476.65 0.70307165
2480.6 0.70231682
2484.55 0.67637306
2488.5 0.69129205
2492.45 0.68441695
2496.4 0.68305355
2500.35 0.69152039
2504.3 0.70967376
2508.25 0.71028024
2512.2 0.71908516
2516.15 0.72348547
2520.1 0.72901291
2524.05 0.72176909
2528.0 0.72517616
2531.95 0.71429819
2535.9 0.72227091
2539.85 0.71326488
2543.8 0.69199896
2547.75 0.69219810
2551.7 0.70061392
2555.65 0.68206811
2559.6 0.68093288
2563.55 0.68135756
2567.5 0.68086493
2571.45 0.69158304
2575.4 0.68844742
2579.35 0.67668647
2583.3 0.67526746
2587.25 0.68876308
2591.2 0.68736577
2595.15 0.68257689
2599.1 0.69498193
2603.05 0.67522728
2607.0 0.66676646
2610.95 0.65773332
2614.9 0.65129650
2618.85 0.64630264
2622.8 0.63288659
2626.75 0.63028634
2630.7 0.63762224
2634.65 0.64319342
2638.6 0.65136600
2642.55 0.67159313
2646.5 0.64864939
2650.45 0.63952339
2654.4 0.63547581
2658.35 0.63236213
2662.3 0.62490922
2666.25 0.63963884
2670.2 0.63721710
2674.15 0.64163691
2678.1 0.63555568
2682.05 0.63742745
2686.0 0.63769215
2689.95 0.65219277
2693.9 0.65592688
2697.85 0.66693294
2701.8 0.68847549
2705.75 0.71638453
2709.7 0.68247640
2713.65 0.65641248
2717.6 0.66004723
2721.55 0.64979243
2725.5 0.62596583
2729.45 0.63285887
2733.4 0.63456267
2737.35 0.61681908
2741.3 0.61252952
2745.25 0.59881151
2749.2 0.59022677
2753.15 0.60595614
2757.1 0.60413641
2761.05 0.59547466
2765.0 0.60702032
2768.95 0.59169257
2772.9 0.58207029
2776.85 0.58171928
2780.8 0.57182050
2784.75 0.56223750
2788.7 0.55129361
2792.65 0.55812389
2796.6 0.55666089
2800.55 0.54046708
2804.5 0.54511666
2808.45 0.55379105
2812.4 0.55736929
2816.35 0.54673243
2820.3 0.55662823
2824.25 0.57037759
2828.2 0.55956501
2832.15 0.57162815
2836.1 0.55513686
2840.05 0.55634069
2844.0 0.54799908
2847.95 0.55495667
2851.9 0.55811119
2855.85 0.54702908
2859.8 0.56207699
2863.75 0.55250609
2867.7 0.54749817
2871.65 0.55219716
2875.6 0.54013431
2879.55 0.54594469
2883.5 0.54149246
2887.45 0.54497927
2891.4 0.54846311
2895.35 0.54100204
2899.3 0.53625321
2903.25 0.53464198
2907.2 0.53207153
2911.15 0.52873617
2915.1 0.52898180
2919.05 0.53626549
2923.0 0.53537720
2926.95 0.53475964
2930.9 0.52441734
2934.85 0.52629483
2938.8 0.54832268
2942.75 0.61794758
2946.7 0.64183968
2950.65 0.54235917
2954.6 0.52306205
2958.55 0.52288109
2962.5 0.51659244
2966.45 0.53506172
2970.4 0.52002937
2974.35 0.50854445
2978.3 0.51199502
2982.25 0.50613582
2986.2 0.49940234
2990.15 0.49409923
2994.1 0.48793495
2998.05 0.46137571
3002.0 0.46880522
3005.95 0.45996451
3009.9 0.47999939
3013.85 0.47879547
3017.8 0.47361565
3021.75 0.46885639
3025.7 0.46534804
3029.65 0.47720036
3033.6 0.46740717
3037.55 0.47517899
3041.5 0.48236662
3045.45 0.49028507
3049.4 0.50973350
3053.35 0.54859966
3057.3 0.57142752
3061.25 0.51352626
3065.2 0.47985202
3069.15 0.49700433
3073.1 0.50094259
3077.05 0.47477677
3081.0 0.46458811
3084.95 0.46523622
3088.9 0.45703346
3092.85 0.45430005
3096.8 0.44583732
3100.75 0.43290168
3104.7 0.41856652
3108.65 0.41562468
3112.6 0.42824626
3116.55 0.44099644
3120.5 0.44223860
3124.45 0.44715601
3128.4 0.45815271
3132.35 0.45850745
3136.3 0.45565668
3140.25 0.44045842
3144.2 0.44228944
3148.15 0.43996325
3152.1 0.42168975
3156.05 0.42705074
3160.0 0.41271597
3163.95 0.41271800
3167.9 0.40555391
3171.85 0.41436753
3175.8 0.41961971
3179.75 0.41196111
3183.7 0.39900616
3187.65 0.39856347
3191.6 0.39670056
3195.55 0.39201373
3199.5 0.40391880
3203.45 0.39541596
3207.4 0.40555936
3211.35 0.41360876
3215.3 0.43880361
3219.25 0.43202674
3223.2 0.42947301
3227.15 0.44843525
3231.1 0.45469898
3235.05 0.47054780
3239.0 0.50035083
3242.95 0.48569724
3246.9 0.46141163
3250.85 0.45909691
3254.8 0.43856356
3258.75 0.42759237
3262.7 0.42313448
3266.65 0.41604513
3270.6 0.40215608
3274.55 0.38667837
3278.5 0.38217279
3282.45 0.38395545
3286.4 0.39457279
3290.35 0.39140117
3294.3 0.38885564
3298.25 0.39741680
3302.2 0.38369378
3306.15 0.37883925
3310.1 0.38580695
3314.05 0.37696806
3318.0 0.37289470
3321.95 0.37230036
3325.9 0.37170741
3329.85 0.37339398
3333.8 0.37646571
3337.75 0.37473017
3341.7 0.37332082
3345.65 0.39417535
3349.6 0.39178711
3353.55 0.39774030
3357.5 0.39063609
3361.45 0.38121167
3365.4 0.37509644
3369.35 0.39189470
3373.3 0.39163813
3377.25 0.38882673
3381.2 0.40678585
3385.15 0.39597520
3389.1 0.40876916
3393.05 0.43100691
3397.0 0.42355379
3400.95 0.43221569
3404.9 0.44013128
3408.85 0.45813948
3412.8 0.48718345
3416.75 0.49255648
3420.7 0.51981866
3424.65 0.56264138
3428.6 0.58348954
3432.55 0.58597583
3436.5 0.54486626
3440.45 0.53514171
3444.4 0.52978390
3448.35 0.50407994
3452.3 0.48127308
3456.25 0.44076002
3460.2 0.43156826
3464.15 0.41439593
3468.1 0.40603176
3472.05 0.41632918
3476.0 0.40497911
3479.95 0.39809370
3483.9 0.39850330
3487.85 0.38919502
3491.8 0.38645434
3495.75 0.38444722
3499.7 0.36071923
3503.65 0.37306783
3507.6 0.37115774
3511.55 0.38062125
3515.5 0.37237370
3519.45 0.37074903
3523.4 0.38745108
3527.35 0.39305493
3531.3 0.40789238
3535.25 0.40198818
3539.2 0.39892852
3543.15 0.38396469
3547.1 0.40510723
3551.05 0.40601027
3555.0 0.40851146
3558.95 0.40558109
3562.9 0.42084581
3566.85 0.43876851
3570.8 0.43561178
3574.75 0.41774842
3578.7 0.40786934
3582.65 0.39798358
3586.6 0.40075085
3590.55 0.43023953
3594.5 0.41854247
3598.45 0.41342974
3602.4 0.42944485
3606.35 0.42583120
3610.3 0.39434689
3614.25 0.41559282
3618.2 0.43209738
3622.15 0.41350231
3626.1 0.40560162
3630.05 0.41199309
3634.0 0.39659753
3637.95 0.38735071
3641.9 0.38859880
3645.85 0.40096208
3649.8 0.41549334
3653.75 0.41522214
3657.7 0.40690389
3661.65 0.41194156
3665.6 0.39963871
3669.55 0.40625176
3673.5 0.39393792
3677.45 0.41455421
3681.4 0.39014557
3685.35 0.40277585
3689.3 0.38596919
3693.25 0.38954201
3697.2 0.39252725
3701.15 0.40541565
3705.1 0.36973220
3709.05 0.36890140
3713.0 0.34679490
3716.95 0.34237847
3720.9 0.33755317
3724.85 0.34576717
3728.8 0.34459674
3732.75 0.34352773
3736.7 0.33732623
3740.65 0.34239888
3744.6 0.34587860
3748.55 0.33857450
3752.5 0.32717633
3756.45 0.33004898
3760.4 0.33134955
3764.35 0.32957795
3768.3 0.33466724
3772.25 0.33887321
3776.2 0.34493747
3780.15 0.34358725
3784.1 0.34083751
3788.05 0.34742391
3792.0 0.35734540
3795.95 0.35752770
3799.9 0.36076212
3803.85 0.37421858
3807.8 0.39622259
3811.75 0.39801961
3815.7 0.42774224
3819.65 0.43162915
3823.6 0.44600260
3827.55 0.47925898
3831.5 0.49891993
3835.45 0.55811620
3839.4 0.60869640
3843.35 0.58938092
3847.3 0.54968619
3851.25 0.51039308
3855.2 0.48275238
3859.15 0.45869434
3863.1 0.42835414
3867.05 0.42065781
3871.0 0.41643605
3874.95 0.40188983
3878.9 0.37943402
3882.85 0.39070573
3886.8 0.37791541
3890.75 0.37207416
3894.7 0.36574608
3898.65 0.35585925
3902.6 0.35193405
3906.55 0.36104187
3910.5 0.36107308
3914.45 0.42601156
3918.4 0.46563697
3922.35 0.38917556
3926.3 0.34559870
3930.25 0.33640936
3934.2 0.33354479
3938.15 0.32530224
3942.1 0.34641451
3946.05 0.37840557
3950.0 0.45979998
3953.95 0.64770317
3957.9 0.64612013
3961.85 0.43443277
3965.8 0.36567673
3969.75 0.34373534
3973.7 0.33425188
3977.65 0.32632706
3981.6 0.32001847
3985.55 0.32018444
3989.5 0.31787655
3993.45 0.31828409
3997.4 0.31780872
4001.35 0.31257874
4005.3 0.30906019
4009.25 0.30901250
4013.2 0.29715434
4017.15 0.29100403
4021.1 0.30375060
4025.05 0.30097902
4029.0 0.30467752
4032.95 0.29235607
4036.9 0.29470322
4040.85 0.29055071
4044.8 0.30065227
4048.75 0.29533121
4052.7 0.28768653
4056.65 0.29424360
4060.6 0.29237118
4064.55 0.30123952
4068.5 0.30276468
4072.45 0.31485707
4076.4 0.32162550
4080.35 0.31705779
4084.3 0.30785519
4088.25 0.32135990
4092.2 0.30802718
4096.15 0.30035427
4100.1 0.30091882
4104.05 0.31786054
4108.0 0.31188235
4111.95 0.29542303
4115.9 0.29926369
4119.85 0.30198172
4123.8 0.30701739
4127.75 0.30200318
4131.7 0.30483478
4135.65 0.30360371
4139.6 0.30524108
4143.55 0.29406708
4147.5 0.29901591
4151.45 0.30868745
4155.4 0.29381642
4159.35 0.30208290
4163.3 0.30326721
4167.25 0.30100819
4171.2 0.30140409
4175.15 0.30354148
4179.1 0.30152559
4183.05 0.31308359
4187.0 0.29884216
4190.95 0.29252169
4194.9 0.31983992
4198.85 0.29852131
4202.8 0.31237006
4206.75 0.30444065
4210.7 0.29533857
4214.65 0.29112059
4218.6 0.28777626
4222.55 0.29636005
4226.5 0.28083128
4230.45 0.28327695
4234.4 0.28612435
4238.35 0.28298736
4242.3 0.26966381
4246.25 0.27456975
4250.2 0.28115228
4254.15 0.28051794
4258.1 0.27194893
4262.05 0.27290949
4266.0 0.27057406
4269.95 0.26529735
4273.9 0.27055213
4277.85 0.27601248
4281.8 0.27411255
4285.75 0.26737997
4289.7 0.26345229
4293.65 0.25948155
4297.6 0.26844171
4301.55 0.25878286
4305.5 0.27622864
4309.45 0.26032671
4313.4 0.26147005
4317.35 0.25739384
4321.3 0.25704834
4325.25 0.25670350
4329.2 0.25635934
4333.15 0.26218486
4337.1 0.26328233
4341.05 0.26929200
4345.0 0.26267812
4348.95 0.26341859
4352.9 0.25430894
4356.85 0.25396952
4360.8 0.26115748
4364.75 0.26884064
4368.7 0.26425421
4372.65 0.25776508
4376.6 0.26786569
4380.55 0.27211544
4384.5 0.25842512
4388.45 0.26131168
4392.4 0.25094551
4396.35 0.25061283
4400.3 0.25561577
4404.25 0.25136578
4408.2 0.27475893
4412.15 0.26226810
4416.1 0.25508267
4420.05 0.28475904
4424.0 0.28094125
4427.95 0.26822445
4431.9 0.26329568
4435.85 0.25134113
4439.8 0.25097004
4443.75 0.24667156
4447.7 0.25471833
4451.65 0.24602367
4455.6 0.24719463
4459.55 0.24537839
4463.5 0.24735253
4467.45 0.24473555
4471.4 0.24607249
4475.35 0.24514668
4479.3 0.24377605
4483.25 0.25224248
4487.2 0.24849066
4491.15 0.24282233
4495.1 0.24250560
4499.05 0.24218953
4503.0 0.24187407
4506.95 0.24155921
4510.9 0.24124502
4514.85 0.24093138
4518.8 0.24587619
4522.75 0.24030598
4526.7 0.24069083
4530.65 0.23968299
4534.6 0.24075456
4538.55 0.23914275
4542.5 0.23875296
4546.45 0.24106176
4550.4 0.24441756
4554.35 0.24557908
4558.3 0.24328630
4562.25 0.24286816
4566.2 0.24216494
4570.15 0.23882085
4574.1 0.24078648
4578.05 0.23920925
4582.0 0.23874500
4585.95 0.24405830
4589.9 0.25474823
4593.85 0.24224782
4597.8 0.25064731
4601.75 0.24579960
4605.7 0.25339788
4609.65 0.24745752
4613.6 0.25548539
4617.55 0.25140661
4621.5 0.25255096
4625.45 0.25989544
4629.4 0.25359288
4633.35 0.25843790
4637.3 0.26696363
4641.25 0.28743529
4645.2 0.28086156
4649.15 0.27544299
4653.1 0.27694172
4657.05 0.25253251
4661.0 0.24830285
4664.95 0.25986716
4668.9 0.25527242
4672.85 0.24638939
4676.8 0.24772976
4680.75 0.24909595
4684.7 0.24942565
4688.65 0.24503702
4692.6 0.24987721
4696.55 0.25501913
4700.5 0.23933294
4704.45 0.24189425
4708.4 0.24023530
4712.35 0.24794810
4716.3 0.23391913
4720.25 0.23643452
4724.2 0.23579940
4728.15 0.23496336
4732.1 0.23666146
4736.05 0.23620124
4740.0 0.23563334
4743.95 0.23777844
4747.9 0.23394489
4751.85 0.23200688
4755.8 0.22794741
4759.75 0.22777283
4763.7 0.22407129
4767.65 0.22843656
4771.6 0.22894342
4775.55 0.23159288
4779.5 0.23348261
4783.45 0.22460032
4787.4 0.22944094
4791.35 0.23634583
4795.3 0.23360427
4799.25 0.23594789
4803.2 0.24026756
4807.15 0.23634702
4811.1 0.23811525
4815.05 0.23342384
4819.0 0.24517301
4822.95 0.22545061
4826.9 0.21797006
4830.85 0.22129104
4834.8 0.21835193
4838.75 0.21955018
4842.7 0.21987398
4846.65 0.22421165
4850.6 0.22837712
4854.55 0.21802549
4858.5 0.22417405
4862.45 0.23025753
4866.4 0.22179294
4870.35 0.21811113
4874.3 0.21477360
4878.25 0.21451047
4882.2 0.21543726
4886.15 0.22817443
4890.1 0.21741378
4894.05 0.21871452
4898.0 0.21320210
4901.95 0.21375522
4905.9 0.21358943
4909.85 0.21708116
4913.8 0.21490894
4917.75 0.21982862
4921.7 0.22058499
4925.65 0.21559663
4929.6 0.21413204
4933.55 0.21382934
4937.5 0.22001548
4941.45 0.21866052
4945.4 0.21406345
4949.35 0.21252793
4953.3 0.21090937
4957.25 0.20991020
4961.2 0.21166736
4965.15 0.21353567
4969.1 0.22060955
4973.05 0.22366129
4977.0 0.22791308
4980.95 0.23517992
4984.9 0.22579758
4988.85 0.21475218
4992.8 0.21547325
4996.75 0.21326756
5000.7 0.20996127
5004.65 0.21325609
5008.6 0.21962214
5012.55 0.22195360
5016.5 0.21506655
5020.45 0.21676297
5024.4 0.22002628
5028.35 0.22402091
5032.3 0.22744085
5036.25 0.21625446
5040.2 0.21841650
5044.15 0.22249083
5048.1 0.22317673
5052.05 0.21845241
5056.0 0.21808481
5059.95 0.22134359
5063.9 0.22116150
5067.85 0.21877162
5071.8 0.22416522
5075.75 0.22189049
5079.7 0.22504383
5083.65 0.23045130
5087.6 0.22725315
5091.55 0.23389028
5095.5 0.23016438
5099.45 0.24581721
5103.4 0.24765645
5107.35 0.25416109
5111.3 0.26133609
5115.25 0.26029742
5119.2 0.26563627
5123.15 0.28055900
5127.1 0.28213701
5131.05 0.29445052
5135.0 0.30807471
5138.95 0.32700536
5142.9 0.34892425
5146.85 0.37537226
5150.8 0.41179961
5154.75 0.45729962
5158.7 0.51298940
5162.65 0.57861090
5166.6 0.67843080
5170.55 0.79716337
5174.5 0.94671863
5178.45 1.0975585
5182.4 1.2911417
5186.35 1.3269655
5190.3 1.1348597
5194.25 0.94461393
5198.2 0.85945559
5202.15 0.80954254
5206.1 0.70109147
5210.05 0.59149003
5214.0 0.53289825
5217.95 0.48610285
5221.9 0.44331455
5225.85 0.41071153
5229.8 0.39077556
5233.75 0.36589813
5237.7 0.34069273
5241.65 0.31975120
5245.6 0.29871213
5249.55 0.28072390
5253.5 0.27504560
5257.45 0.26940951
5261.4 0.25587597
5265.35 0.25423768
5269.3 0.24948138
5273.25 0.24977680
5277.2 0.25418964
5281.15 0.25348991
5285.1 0.24822362
5289.05 0.24018539
5293.0 0.25219226
5296.95 0.25868458
5300.9 0.26396534
5304.85 0.29070106
5308.8 0.28920966
5312.75 0.26962906
5316.7 0.27235574
5320.65 0.27565694
5324.6 0.26774827
5328.55 0.24711047
5332.5 0.22701903
5336.45 0.22479990
5340.4 0.21911600
5344.35 0.21247597
5348.3 0.21115591
5352.25 0.20527805
5356.2 0.19624434
5360.15 0.19516288
5364.1 0.19612919
5368.05 0.19579339
5372.0 0.18667494
5375.95 0.18493627
5379.9 0.18472792
5383.85 0.19065052
5387.8 0.19816449
5391.75 0.19032302
5395.7 0.18756248
5399.65 0.18702050
5403.6 0.18348236
5407.55 0.18327613
5411.5 0.18307029
5415.45 0.19543682
5419.4 0.18799807
5423.35 0.18934581
5427.3 0.18225050
5431.25 0.18204643
5435.2 0.18536641
5439.15 0.19131090
5443.1 0.18982223
5447.05 0.18535869
5451.0 0.18723063
5454.95 0.18740121
5458.9 0.18601057
5462.85 0.18042715
5466.8 0.18022633
5470.75 0.18002588
5474.7 0.18149145
5478.65 0.17962606
5482.6 0.17942666
5486.55 0.17922764
5490.5 0.18346757
5494.45 0.17883064
5498.4 0.17863266
5502.35 0.17843504
5506.3 0.18089290
5510.25 0.17804082
5514.2 0.17784424
5518.15 0.17764801
5522.1 0.17745210
5526.05 0.18224597
5530.0 0.17812467
5533.95 0.18794660
5537.9 0.17800905
5541.85 0.17800680
5545.8 0.17628406
5549.75 0.17609057
5553.7 0.18866250
5557.65 0.19575658
5561.6 0.18896480
5565.55 0.20301801
5569.5 0.18771929
5573.45 0.21122919
5577.4 0.19884259
5581.35 0.18373762
5585.3 0.20449083
5589.25 0.19049904
5593.2 0.18579102
5597.15 0.18734476
5601.1 0.18142699
5605.05 0.17886648
5609.0 0.17322901
5612.95 0.17304090
5616.9 0.17552790
5620.85 0.18211101
5624.8 0.17247859
5628.75 0.17229183
5632.7 0.17210540
5636.65 0.17191929
5640.6 0.18907905
5644.55 0.17563611
5648.5 0.17136288
5652.45 0.17117809
5656.4 0.17406736
5660.35 0.17289260
5664.3 0.17062555
5668.25 0.17044212
5672.2 0.17527983
5676.15 0.18071797
5680.1 0.19072975
5684.05 0.16971122
5688.0 0.18776031
5691.95 0.16983706
5695.9 0.17783675
5699.85 0.16898547
5703.8 0.18042350
5707.75 0.17568088
5711.7 0.17532362
5715.65 0.17880526
5719.6 0.18714234
5723.55 0.17828734
5727.5 0.16772769
5731.45 0.17902820
5735.4 0.19819690
5739.35 0.16719335
5743.3 0.16701587
5747.25 0.16731822
5751.2 0.16666180
5755.15 0.16648525
5759.1 0.16630897
5763.05 0.18259053
5767.0 0.17786181
5770.95 0.16578209
5774.9 0.16560709
5778.85 0.17448612
5782.8 0.18671966
5786.75 0.16508386
5790.7 0.16646458
5794.65 0.20346737
5798.6 0.17497255
5802.55 0.17345893
5806.5 0.16421792
5810.45 0.18659973
5814.4 0.19942690
5818.35 0.19049935
5822.3 0.20952886
5826.25 0.20512377
5830.2 0.21617189
5834.15 0.18788642
5838.1 0.19494925
5842.05 0.24008752
5846.0 0.21532898
5849.95 0.20663802
5853.9 0.18703064
5857.85 0.18073219
5861.8 0.22339718
5865.75 0.21308172
5869.7 0.20613472
5873.65 0.19199294
5877.6 0.17178221
5881.55 0.19412671
5885.5 0.16082911
5889.45 0.16066276
5893.4 0.16049667
5897.35 0.16033095
5901.3 0.16016550
5905.25 0.16000028
5909.2 0.15983544
5913.15 0.15967080
5917.1 0.15950648
5921.05 0.15934244
5925.0 0.15917872
5928.95 0.15901527
5932.9 0.15885210
5936.85 0.15868922
5940.8 0.15852664
5944.75 0.15836434
5948.7 0.15820231
5952.65 0.15804057
5956.6 0.15787910
5960.55 0.15771794
5964.5 0.15755704
5968.45 0.15739642
5972.4 0.15723613
5976.35 0.15707608
5980.3 0.15691628
5984.25 0.15675677
5988.2 0.15659758
5992.15 0.15643866
5996.1 0.15627998
