300.0 0.0
330.0 0.0000000
333.3 0.0000000
336.6 0.0000000
339.9 0.0000000
343.2 0.0000000
346.5 0.0000000
349.8 0.0000000
353.1 0.0000000
356.4 0.0000000
359.7 0.0000000
363.0 0.0000000
366.3 0.0000000
369.6 0.0000000
372.9 0.0000000
376.2 0.0000000
379.5 0.0000000
382.8 0.0000000
386.1 0.0000000
389.4 0.0000000
392.7 0.0000000
396.0 0.0000000
399.3 0.0000000
402.6 0.0000000
405.9 0.0000000
409.2 0.0000000
412.5 0.0000000
415.8 0.0000000
419.1 0.0000000
422.4 0.0000000
425.7 0.0000000
429.0 0.0000000
432.3 0.0000000
435.6 0.0000000
438.9 0.0000000
442.2 0.0000000
445.5 0.0000000
448.8 0.0000000
452.1 0.0000000
455.4 0.0000000
458.7 0.0000000
462.0 0.0000000
465.3 0.0000000
468.6 0.0000000
471.9 0.0000000
475.2 0.0000000
478.5 0.0000000
481.8 0.0000000
485.1 0.0000000
488.4 0.0000000
491.7 0.0000000
495.0 0.0000000
498.3 0.0000000
501.6 0.0000000
504.9 0.0000000
508.2 0.0000000
511.5 0.0000000
514.8 0.0000000
518.1 0.0000000
521.4 0.0000000
524.7 0.0000000
528.0 0.0000000
531.3 0.0000000
534.6 0.0000000
537.9 0.0000000
541.2 0.0000000
544.5 0.0000000
547.8 0.0000000
551.1 0.0000000
554.4 0.0000000
557.7 0.0000000
561.0 0.0000000
564.3 0.0000000
567.6 0.0000000
570.9 0.0000000
574.2 0.0000000
577.5 0.0000000
580.8 0.0000000
584.1 0.0000000
587.4 0.0000000
590.7 0.0000000
594.0 0.0000000
597.3 0.0000000
600.6 0.0000000
603.9 1.5638111
607.2 1.4780247
610.5 1.3957051
613.8 1.3167688
617.1 1.2411836
620.4 1.1688293
623.7 1.1000202
627.0 1.0355834
630.3 0.97214782
633.6 0.90683484
636.9 0.84087890
640.2 0.77747154
643.5 1.4617898
646.8 1.3869717
650.1 1.3150349
653.4 1.2458487
656.7 1.1792006
660.0 1.2256330
663.3 1.2162226
666.6 1.1433818
669.9 1.1456522
673.2 1.1634670
676.5 1.1976457
679.8 4.3813558
683.1 4.3976622
686.4 3.6756525
689.7 3.0233326
693.0 2.8010421
696.3 2.6911480
699.6 2.6642067
702.9 2.6727633
706.2 2.5710053
709.5 2.2924340
712.8 2.2844162
716.1 2.0175097
719.4 1.8126744
722.7 1.6558429
726.0 1.5761847
729.3 1.5808395
732.6 1.4981219
735.9 1.5102711
739.2 1.5371552
742.5 1.4771218
745.8 1.3018565
749.1 1.2461488
752.4 1.1237042
755.7 1.1204023
759.0 1.0952771
762.3 1.0407627
765.6 1.0182873
768.9 1.0314741
772.2 1.0528139
775.5 1.1142651
778.8 1.1360461
782.1 1.1761283
785.4 1.2397360
788.7 1.3411492
792.0 1.4685142
795.3 1.6658843
798.6 1.9438778
801.9 2.4783885
805.2 25.114634
808.5 20.196423
811.8 18.730362
815.1 18.616705
818.4 17.341558
821.7 13.805679
825.0 11.854020
828.3 11.086710
831.6 10.551943
834.9 9.8132954
838.2 8.9126053
841.5 8.3055754
844.8 8.0708561
848.1 8.0495996
851.4 8.1370726
854.7 8.1494341
858.0 8.7202873
861.3 8.8114471
864.6 8.3896704
867.9 7.6062827
871.2 7.6168151
874.5 7.5099959
877.8 7.6516275
881.1 7.7447233
884.4 7.6125283
887.7 7.3028860
891.0 7.1708798
894.3 7.3630252
897.6 7.2822757
900.9 7.3684635
904.2 7.2388468
907.5 7.3733397
910.8 7.7584519
914.1 8.1557226
917.4 8.7143698
920.7 8.8347483
924.0 8.9196663
927.3 8.0747833
930.6 7.5057182
933.9 7.0782428
937.2 6.8762407
940.5 6.8155365
943.8 6.4792695
947.1 6.3695374
950.4 6.3042984
953.7 6.2306924
957.0 6.3154655
960.3 6.2283516
963.6 6.0700550
966.9 6.2259350
970.2 6.0928512
973.5 6.1622133
976.8 6.2835250
980.1 6.3501143
983.4 6.4780407
986.7 6.4422379
990.0 6.6195383
993.3 6.7388291
996.6 6.8749981
999.9 7.1062880
1003.2 7.6055198
1006.5 8.2787790
1009.8 9.0498819
1013.1 10.031314
1016.4 11.250471
1019.7 11.948161
1023.0 10.802417
1026.3 9.1279297
1029.6 7.8570147
1032.9 7.1833773
1036.2 6.8328886
1039.5 6.6218362
1042.8 6.2838054
1046.1 6.2367220
1049.4 6.0252328
1052.7 6.1194229
1056.0 6.1113858
1059.3 6.0656819
1062.6 6.1074557
1065.9 6.0070634
1069.2 6.0734048
1072.5 6.1330628
1075.8 6.1185093
1079.1 6.2251296
1082.4 5.9609976
1085.7 5.8969936
1089.0 5.7974191
1092.3 5.8692236
1095.6 5.8726087
1098.9 5.7664690
1102.2 5.4536147
1105.5 5.2575049
1108.8 5.1640363
1112.1 5.0498929
1115.4 5.0393863
1118.7 5.0072551
1122.0 4.9793906
1125.3 5.0394387
1128.6 5.0054054
1131.9 5.0673542
1135.2 5.0726242
1138.5 5.0453296
1141.8 4.9696827
1145.1 5.0148563
1148.4 5.0196319
1151.7 5.1376271
1155.0 5.0376015
1158.3 4.9395356
1161.6 4.7062354
1164.9 4.7609749
1168.2 4.7669449
1171.5 4.6882243
1174.8 4.8310871
1178.1 4.8613944
1181.4 4.7185764
1184.7 4.6236000
1188.0 4.6152873
1191.3 4.6010365
1194.6 4.5848083
1197.9 4.6289673
1201.2 4.5342875
1204.5 4.5063601
1207.8 4.5503521
1211.1 4.5317187
1214.4 4.6302681
1217.7 4.5968404
1221.0 4.8798203
1224.3 4.8490648
1227.6 4.8844237
1230.9 4.7968373
1234.2 4.7937775
1237.5 4.8243299
1240.8 5.0249000
1244.1 5.3917961
1247.4 5.7219453
1250.7 5.9866414
1254.0 6.0771809
1257.3 6.3791518
1260.6 6.0845294
1263.9 5.5485153
1267.2 5.0618000
1270.5 4.7358999
1273.8 4.5776610
1277.1 4.4176846
1280.4 4.2674556
1283.7 4.1503057
1287.0 4.1093574
1290.3 3.9378858
1293.6 3.8594868
1296.9 3.8128066
1300.2 3.8335948
1303.5 3.8336778
1306.8 3.7296591
1310.1 3.7293384
1313.4 3.7335072
1316.7 3.7491577
1320.0 3.6412766
1323.3 3.6659522
1326.6 3.7362685
1329.9 3.5198030
1333.2 3.5984423
1336.5 3.6070943
1339.8 3.5676746
1343.1 3.5839622
1346.4 3.5133946
1349.7 3.4533820
1353.0 3.5355828
1356.3 3.6644251
1359.6 3.5781562
1362.9 3.6541452
1366.2 3.6097622
1369.5 3.6059053
1372.8 3.5722482
1376.1 3.6047904
1379.4 3.5812109
1382.7 3.5591097
1386.0 3.4330654
1389.3 3.3653147
1392.6 3.3968806
1395.9 3.4330759
1399.2 3.2764082
1402.5 3.4226310
1405.8 3.2921500
1409.1 3.3591609
1412.4 3.3170235
1415.7 3.3729076
1419.0 3.2026474
1422.3 3.2389710
1425.6 3.2249198
1428.9 3.2701714
1432.2 3.0978816
1435.5 3.1236753
1438.8 3.1724792
1442.1 3.0214376
1445.4 3.0674267
1448.7 2.9648991
1452.0 2.8728499
1455.3 2.8598859
1458.6 2.8470161
1461.9 2.8558264
1465.2 2.8632798
1468.5 2.8576946
1471.8 2.8081658
1475.1 2.7840490
1478.4 2.7717249
1481.7 2.7594891
1485.0 2.7844970
1488.3 2.7701495
1491.6 2.8011055
1494.9 2.8081586
1498.2 2.7972770
1501.5 2.8078508
1504.8 2.8239198
1508.1 2.8650932
1511.4 2.9192498
1514.7 2.8865921
1518.0 2.9527137
1521.3 2.9763908
1524.6 2.9911654
1527.9 2.9975324
1531.2 3.0086291
1534.5 3.0361400
1537.8 3.0412812
1541.1 2.9901366
1544.4 2.9538569
1547.7 2.8781092
1551.0 2.8613410
1554.3 2.7967851
1557.6 2.8281906
1560.9 2.7841744
1564.2 2.7570999
1567.5 2.7556431
1570.8 2.7296317
1574.1 2.7270825
1577.4 2.7241464
1580.7 2.7464206
1584.0 2.8016090
1587.3 2.7497623
1590.6 2.8394482
1593.9 2.9001658
1597.2 2.9764555
1600.5 2.9580812
1603.8 2.8648751
1607.1 2.8413954
1610.4 2.8413358
1613.7 2.7679477
1617.0 2.7077837
1620.3 2.6839418
1623.6 2.6650677
1626.9 2.7075915
1630.2 2.7540817
1633.5 2.7564051
1636.8 2.7301056
1640.1 2.7286422
1643.4 2.7032568
1646.7 2.7087266
1650.0 2.6731091
1653.3 2.6540399
1656.6 2.6492279
1659.9 2.6292272
1663.2 2.5884156
1666.5 2.5435801
1669.8 2.5598912
1673.1 2.5609825
1676.4 2.5547707
1679.7 2.5228653
1683.0 2.4961736
1686.3 2.4826126
1689.6 2.4633384
1692.9 2.4469466
1696.2 2.4192626
1699.5 2.3800695
1702.8 2.3855593
1706.1 2.3792653
1709.4 2.3465683
1712.7 2.2790141
1716.0 2.3313169
1719.3 2.3354034
1722.6 2.3150446
1725.9 2.3088396
1729.2 2.3225505
1732.5 2.2736568
1735.8 2.2685013
1739.1 2.2184286
1742.4 2.1780310
1745.7 2.0875127
1749.0 2.0725539
1752.3 2.0637908
1755.6 2.0383890
1758.9 2.0884860
1762.2 2.1135712
1765.5 2.1128099
1768.8 2.0623507
1772.1 2.0782444
1775.4 2.0821893
1778.7 2.1050189
1782.0 2.1001735
1785.3 2.1435657
1788.6 2.2004890
1791.9 2.2144668
1795.2 2.1808190
1798.5 2.2422354
1801.8 2.2667181
1805.1 2.2591698
1808.4 2.2654681
1811.7 2.3516326
1815.0 2.4037302
1818.3 2.3857474
1821.6 2.4255228
1824.9 2.3648658
1828.2 2.4184759
1831.5 2.4956324
1834.8 2.6974571
1838.1 2.9339333
1841.4 3.3035929
1844.7 3.6790111
1848.0 3.7880480
1851.3 3.5875010
1854.6 3.1704328
1857.9 2.8143897
1861.2 2.5919313
1864.5 2.4795382
1867.8 2.3902113
1871.1 2.3202050
1874.4 2.2642627
1877.7 2.2106493
1881.0 2.1902626
1884.3 2.1413248
1887.6 2.0984819
1890.9 2.0503674
1894.2 2.0213833
1897.5 2.0108931
1900.8 1.9491287
1904.1 1.9486926
1907.4 1.8961924
1910.7 1.8798060
1914.0 1.8737301
1917.3 1.7926282
1920.6 1.8156682
1923.9 1.8106694
1927.2 1.8333913
1930.5 1.8797696
1933.8 1.8934608
1937.1 1.8960292
1940.4 1.8906246
1943.7 1.8998948
1947.0 1.8701874
1950.3 1.8710405
1953.6 1.8920513
1956.9 1.8604184
1960.2 1.8630223
1963.5 1.8259666
1966.8 1.8333679
1970.1 1.7856851
1973.4 1.7522451
1976.7 1.7175120
1980.0 1.6986811
1983.3 1.6547949
1986.6 1.6349572
1989.9 1.5872177
1993.2 1.5536509
1996.5 1.5444781
1999.8 1.5562022
2003.1 1.5330665
2006.4 1.5629461
2009.7 1.5682499
2013.0 1.5703350
2016.3 1.5672901
2019.6 1.5657912
2022.9 1.5939633
2026.2 1.5746236
2029.5 1.6028402
2032.8 1.5982215
2036.1 1.5890850
2039.4 1.5690094
2042.7 1.5821930
2046.0 1.5682759
2049.3 1.5988780
2052.6 1.6365501
2055.9 1.6380751
2059.2 1.7006353
2062.5 1.7114344
2065.8 1.7077665
2069.1 1.6814790
2072.4 1.6769927
2075.7 1.6124758
2079.0 1.6454314
2082.3 1.6264957
2085.6 1.6207004
2088.9 1.6382171
2092.2 1.6785958
2095.5 1.6774129
2098.8 1.6955711
2102.1 1.7033067
2105.4 1.7136738
2108.7 1.6940378
2112.0 1.6994277
2115.3 1.6713793
2118.6 1.6874641
2121.9 1.6638956
2125.2 1.6118478
2128.5 1.6098827
2131.8 1.6270084
2135.1 1.5815705
2138.4 1.5765849
2141.7 1.5752225
2145.0 1.5717515
2148.3 1.5941356
2151.6 1.5845735
2154.9 1.5552194
2158.2 1.5496886
2161.5 1.5783558
2164.8 1.5728667
2168.1 1.5596474
2171.4 1.5857008
2174.7 1.5384109
2178.0 1.5169575
2181.3 1.4942688
2184.6 1.4775361
2187.9 1.4641256
2191.2 1.4317040
2194.5 1.4238102
2197.8 1.4383584
2201.1 1.4488920
2204.4 1.4652514
2207.7 1.5086501
2211.0 1.4550864
2214.3 1.4326307
2217.6 1.4215990
2220.9 1.4126897
2224.2 1.3941261
2227.5 1.4250388
2230.8 1.4177095
2234.1 1.4256046
2237.4 1.4101843
2240.7 1.4124295
2244.0 1.4111161
2247.3 1.4412699
2250.6 1.4475834
2253.9 1.4699134
2257.2 1.5153794
2260.5 1.5747215
2263.8 1.4982071
2267.1 1.4390950
2270.4 1.4451669
2273.7 1.4208537
2277.0 1.3669699
2280.3 1.3802276
2283.6 1.3821520
2286.9 1.3417711
2290.2 1.3307251
2293.5 1.2992538
2296.8 1.2789882
2300.1 1.3114003
2303.4 1.3058004
2306.7 1.2854466
2310.0 1.3087144
2313.3 1.2740618
2316.6 1.2517700
2319.9 1.2494491
2323.2 1.2266557
2326.5 1.2045978
2329.8 1.1796857
2333.1 1.1928240
2336.4 1.1882306
2339.7 1.1522453
2343.0 1.1607339
2346.3 1.1777648
2349.6 1.1839310
2352.9 1.1599275
2356.2 1.1794925
2359.5 1.2071676
2362.8 1.1828585
2366.1 1.2069082
2369.4 1.1706877
2372.7 1.1718283
2376.0 1.1528847
2379.3 1.1661381
2382.6 1.1713814
2385.9 1.1467690
2389.2 1.1769301
2392.5 1.1555351
2395.8 1.1437223
2399.1 1.1521962
2402.4 1.1257168
2405.7 1.1365093
2409.0 1.1259409
2412.3 1.1318860
2415.6 1.1378148
2418.9 1.1210521
2422.2 1.1099451
2425.5 1.1053517
2428.8 1.0987884
2432.1 1.0906669
2435.4 1.0899426
2438.7 1.1037085
2442.0 1.1006453
2445.3 1.0981468
2448.6 1.0757079
2451.9 1.0783602
2455.2 1.1222483
2458.5 1.2633520
2461.8 1.3107523
2465.1 1.1063783
2468.4 1.0658456
2471.7 1.0643126
2475.0 1.0503676
2478.3 1.0867380
2481.6 1.0550630
2484.9 1.0306480
2488.2 1.0365241
2491.5 1.0235620
2494.8 1.0088632
2498.1 0.99708444
2501.4 0.98359793
2504.7 0.92907107
2508.0 0.94303215
2511.3 0.92427272
2514.6 0.96351606
2517.9 0.96009010
2521.2 0.94871020
2524.5 0.93819606
2527.8 0.93020743
2531.1 0.95290905
2534.4 0.93238693
2537.7 0.94691288
2541.0 0.96024644
2544.3 0.97500765
2547.6 1.0126462
2550.9 1.0887460
2554.2 1.1328957
2557.5 1.0170691
2560.8 0.94941360
2564.1 0.98235834
2567.4 0.98914504
2570.7 0.93653852
2574.0 0.91552258
2577.3 0.91588545
2580.6 0.89884132
2583.9 0.89257860
2587.2 0.87508458
2590.5 0.84885484
2593.8 0.81993824
2597.1 0.81337541
2600.4 0.83725500
2603.7 0.86134064
2607.0 0.86292583
2610.3 0.87167281
2613.6 0.89224511
2616.9 0.89207309
2620.2 0.88567269
2623.5 0.85530913
2626.8 0.85804117
2630.1 0.85271257
2633.4 0.81651706
2636.7 0.82611179
2640.0 0.79762447
2643.3 0.79687411
2646.6 0.78230363
2649.9 0.79855371
2653.2 0.80791676
2656.5 0.79242933
2659.8 0.76679409
2663.1 0.76523042
2666.4 0.76094681
2669.7 0.75126100
2673.0 0.77336127
2676.3 0.75638425
2679.6 0.77507550
2682.9 0.78973585
2686.2 0.83707726
2689.5 0.82339799
2692.8 0.81778705
2696.1 0.85312068
2699.4 0.86425596
2702.7 0.89357388
2706.0 0.94931626
2709.3 0.92068738
2712.6 0.87386948
2715.9 0.86870950
2719.2 0.82911777
2722.5 0.80765963
2725.8 0.79853171
2729.1 0.78446001
2732.4 0.75760406
2735.7 0.72780681
2739.0 0.71869701
2742.3 0.72141868
2745.6 0.74072123
2748.9 0.73412871
2752.2 0.72872245
2755.5 0.74412227
2758.8 0.71780723
2762.1 0.70811576
2765.4 0.72052133
2768.7 0.70341158
2772.0 0.69521737
2775.3 0.69351828
2778.6 0.69182527
2781.9 0.69437563
2785.2 0.69949710
2788.5 0.69568461
2791.8 0.69248623
2795.1 0.73055726
2798.4 0.72552341
2801.7 0.73593360
2805.0 0.72218716
2808.3 0.70417827
2811.6 0.69230866
2814.9 0.72271627
2818.2 0.72164720
2821.5 0.71587896
2824.8 0.74832946
2828.1 0.72784644
2831.4 0.75075006
2834.7 0.79094857
2838.0 0.77664030
2841.3 0.79188204
2844.6 0.80573368
2847.9 0.83802497
2851.2 0.89043605
2854.5 0.89953512
2857.8 0.94856399
2861.1 1.0258880
2864.4 1.0630550
2867.7 1.0667378
2871.0 0.99111497
2874.3 0.97265744
2877.6 0.96216071
2880.9 0.91475946
2884.2 0.87268716
2887.5 0.79860044
2890.8 0.78133631
2894.1 0.74966282
2897.4 0.73396146
2900.7 0.75199300
2904.0 0.73092711
2907.3 0.71794641
2910.6 0.71813267
2913.9 0.70082080
2917.2 0.69535351
2920.5 0.69121426
2923.8 0.64805907
2927.1 0.66973537
2930.4 0.66580176
2933.7 0.68226188
2937.0 0.66697520
2940.3 0.66356575
2943.6 0.69293898
2946.9 0.70243508
2950.2 0.72840708
2953.5 0.71732897
2956.8 0.71134037
2960.1 0.68415034
2963.4 0.72128850
2966.7 0.72236323
2970.0 0.72627848
2973.3 0.72053921
2976.6 0.74711043
2979.9 0.77835870
2983.2 0.77219558
2986.5 0.73999131
2989.8 0.72196770
2993.1 0.70395911
2996.4 0.70834196
2999.7 0.75991672
3003.0 0.73872542
3006.3 0.72917831
3009.6 0.75688297
3012.9 0.74997848
3016.2 0.69403362
3019.5 0.73090607
3022.8 0.75939423
3026.1 0.72620052
3029.4 0.71182287
3032.7 0.72253108
3036.0 0.69504297
3039.3 0.67836243
3042.6 0.68007278
3045.9 0.70122039
3049.2 0.72612786
3052.5 0.72515047
3055.8 0.71013159
3059.1 0.71842682
3062.4 0.69649053
3065.7 0.70752907
3069.0 0.68561280
3072.3 0.72099984
3075.6 0.67808485
3078.9 0.69955993
3082.2 0.66991371
3085.5 0.67565662
3088.8 0.68037415
3092.1 0.70223957
3095.4 0.63999939
3098.7 0.63813233
3102.0 0.59949011
3105.3 0.59145981
3108.6 0.58273512
3111.9 0.59651810
3115.2 0.59410405
3118.5 0.59186864
3121.8 0.58079976
3125.1 0.58914495
3128.4 0.59474063
3131.7 0.58179891
3135.0 0.56184423
3138.3 0.56640691
3141.6 0.56826806
3144.9 0.56486189
3148.2 0.57321203
3151.5 0.58004004
3154.8 0.59003842
3158.1 0.58734977
3161.4 0.58227438
3164.7 0.59314531
3168.0 0.60969323
3171.3 0.60961443
3174.6 0.61473715
3177.9 0.63726121
3181.2 0.67430377
3184.5 0.67693287
3187.8 0.72702414
3191.1 0.73316789
3194.4 0.75710607
3197.7 0.81304932
3201.0 0.84587336
3204.3 0.94564390
3207.6 1.0307014
3210.9 0.99737352
3214.2 0.92962295
3217.5 0.86263609
3220.8 0.81541514
3224.1 0.77430099
3227.4 0.72264010
3230.7 0.70922047
3234.0 0.70167243
3237.3 0.67674881
3240.6 0.63854539
3243.9 0.65711415
3247.2 0.63521647
3250.5 0.62501925
3253.8 0.61401767
3257.1 0.59705913
3260.4 0.59011787
3263.7 0.60502595
3267.0 0.60471553
3270.3 0.71304607
3273.6 0.77890468
3276.9 0.65061438
3280.2 0.57742023
3283.5 0.56173354
3286.8 0.55662078
3290.1 0.54254508
3293.4 0.57741594
3296.7 0.63036907
3300.0 0.76551098
3303.3 1.0777158
3306.6 1.0744535
3309.9 0.72201091
3313.2 0.60738748
3316.5 0.57061154
3319.8 0.55454725
3323.1 0.54108661
3326.4 0.53032017
3329.7 0.53028989
3333.0 0.52616519
3336.3 0.52653790
3339.6 0.52545089
3342.9 0.51650900
3346.2 0.51040411
3349.5 0.51003534
3352.8 0.49018496
3356.1 0.47976789
3359.4 0.50049996
3362.7 0.49565366
3366.0 0.50146234
3369.3 0.48091274
3372.6 0.48450229
3375.9 0.47740856
3379.2 0.49373120
3382.5 0.48472309
3385.8 0.47191390
3389.1 0.48240256
3392.4 0.47906783
3395.7 0.49332672
3399.0 0.49555147
3402.3 0.51506066
3405.6 0.52584434
3408.9 0.51809269
3412.2 0.50278044
3415.5 0.52454996
3418.8 0.50251389
3422.1 0.48973054
3425.4 0.49038532
3428.7 0.51771408
3432.0 0.50770324
3435.3 0.48065081
3438.6 0.48663807
3441.9 0.49079481
3445.2 0.49871215
3448.5 0.49030530
3451.8 0.49463892
3455.1 0.49237946
3458.4 0.49477240
3461.7 0.47640789
3465.0 0.48416939
3468.3 0.49956614
3471.6 0.47524938
3474.9 0.48836398
3478.2 0.49002168
3481.5 0.48611724
3484.8 0.48650253
3488.1 0.48969749
3491.4 0.48619244
3494.7 0.50456727
3498.0 0.48136640
3501.3 0.47094217
3504.6 0.51465744
3507.9 0.48010632
3511.2 0.50212109
3514.5 0.48912427
3517.8 0.47425792
3521.1 0.46724603
3524.4 0.46164325
3527.7 0.47517151
3531.0 0.45004490
3534.3 0.45373434
3537.6 0.45806366
3540.9 0.45281312
3544.2 0.43127677
3547.5 0.43890229
3550.8 0.44919935
3554.1 0.44796172
3557.4 0.43406096
3560.7 0.43537712
3564.0 0.43143681
3567.3 0.42281306
3570.6 0.43097422
3573.9 0.43945494
3577.2 0.43621472
3580.5 0.42529118
3583.8 0.41883802
3587.1 0.41232306
3590.4 0.42635226
3593.7 0.41081080
3597.0 0.43829182
3600.3 0.41285929
3603.6 0.41447121
3606.9 0.40781206
3610.2 0.40706769
3613.5 0.40632540
3616.8 0.40558517
3620.1 0.41460228
3623.4 0.41613799
3626.7 0.42543295
3630.0 0.41478580
3633.3 0.41575670
3636.6 0.40118769
3639.9 0.40046185
3643.2 0.41160059
3646.5 0.42350921
3649.8 0.41608754
3653.1 0.40567851
3656.4 0.42137676
3659.7 0.42786101
3663.0 0.40614450
3666.3 0.41048899
3669.6 0.39402092
3672.9 0.39331517
3676.2 0.40098023
3679.5 0.39413029
3682.8 0.43061012
3686.1 0.41084406
3689.4 0.39940357
3692.7 0.44566494
3696.0 0.43948767
3699.3 0.41940171
3702.6 0.41150641
3705.9 0.39264303
3709.2 0.39188439
3712.5 0.38499698
3715.8 0.39737546
3719.1 0.38363716
3722.4 0.38528860
3725.7 0.38228479
3729.0 0.38518658
3732.3 0.38093975
3735.6 0.38284859
3738.9 0.38123721
3742.2 0.37893590
3745.5 0.39192134
3748.8 0.38591978
3752.1 0.37694862
3755.4 0.37628970
3758.7 0.37563261
3762.0 0.37497729
3765.3 0.37432370
3768.6 0.37367195
3771.9 0.37302196
3775.2 0.38051060
3778.5 0.37172714
3781.8 0.37215957
3785.1 0.37043929
3788.4 0.37193328
3791.7 0.36928245
3795.0 0.36852038
3798.3 0.37192276
3801.6 0.37693709
3804.9 0.37856475
3808.2 0.37486869
3811.5 0.37406334
3814.8 0.37282002
3818.1 0.36751407
3821.4 0.37038037
3824.7 0.36779705
3828.0 0.36692679
3831.3 0.37493306
3834.6 0.39118925
3837.9 0.37183595
3841.2 0.38456586
3844.5 0.37696874
3847.8 0.38845789
3851.1 0.37919173
3854.4 0.39132875
3857.7 0.38491979
3861.0 0.38651001
3864.3 0.39758396
3867.6 0.38778061
3870.9 0.39502490
3874.2 0.40788695
3877.5 0.43898296
3880.8 0.42876577
3884.1 0.42031991
3887.4 0.42243266
3890.7 0.38504153
3894.0 0.37843683
3897.3 0.39589953
3900.6 0.38874027
3903.9 0.37505946
3907.2 0.37694588
3910.5 0.37887037
3913.8 0.37921762
3917.1 0.37239414
3920.4 0.37959617
3923.7 0.38725081
3927.0 0.36328435
3930.3 0.36702427
3933.6 0.36436063
3936.9 0.37590748
3940.2 0.35449648
3943.5 0.35816514
3946.8 0.35706043
3950.1 0.35565266
3953.4 0.35808048
3956.7 0.35724217
3960.0 0.35624203
3963.3 0.35934287
3966.6 0.35340980
3969.9 0.35034391
3973.2 0.34407842
3976.5 0.34367982
3979.8 0.33796209
3983.1 0.34441128
3986.4 0.34504053
3989.7 0.34889737
3993.0 0.35160732
3996.3 0.33809981
3999.6 0.34525260
4002.9 0.35550502
4006.2 0.35124540
4009.5 0.35463238
4012.8 0.36098570
4016.1 0.35495880
4019.4 0.35747713
4022.7 0.35029972
4026.0 0.36779100
4029.3 0.33807570
4032.6 0.32673362
4035.9 0.33158547
4039.2 0.32705721
4042.5 0.32872728
4045.8 0.32908750
4049.1 0.33545288
4052.4 0.34155613
4055.7 0.32595167
4059.0 0.33501789
4062.3 0.34398025
4065.6 0.33121097
4068.9 0.32559100
4072.2 0.32048914
4075.5 0.31997722
4078.8 0.32124016
4082.1 0.34010628
4085.4 0.32394683
4088.7 0.32576439
4092.0 0.31743655
4095.3 0.31814280
4098.6 0.31777900
4101.9 0.32285529
4105.2 0.31950739
4108.5 0.32670185
4111.8 0.32770604
4115.1 0.32017836
4118.4 0.31788751
4121.7 0.31732264
4125.0 0.32638434
4128.3 0.32425675
4131.6 0.31732479
4134.9 0.31493476
4138.2 0.31242356
4141.5 0.31083158
4144.8 0.31332090
4148.1 0.31597307
4151.4 0.32632357
4154.7 0.33071935
4158.0 0.33688608
4161.3 0.34750357
4164.6 0.33352149
4167.9 0.31709394
4171.2 0.31804582
4174.5 0.31467873
4177.8 0.30969080
4181.1 0.31443971
4184.4 0.32371226
4187.7 0.32703376
4191.0 0.31677490
4194.3 0.31916180
4197.6 0.32385337
4200.9 0.32961789
4204.2 0.33453324
4207.5 0.31796899
4210.8 0.32103637
4214.1 0.32691160
4217.4 0.32780588
4220.7 0.32075581
4224.0 0.32010558
4227.3 0.32477692
4230.6 0.32439813
4233.9 0.32078251
4237.2 0.32857841
4240.5 0.32513294
4243.8 0.32964087
4247.1 0.33744654
4250.4 0.33265021
4253.7 0.34224924
4257.0 0.33668286
4260.3 0.35945791
4263.6 0.36202499
4266.9 0.37140799
4270.2 0.38176420
4273.5 0.38011894
4276.8 0.38778514
4280.1 0.40943247
4283.4 0.41159746
4286.7 0.42941752
4290.0 0.44913670
4293.3 0.47657651
4296.6 0.50835192
4299.9 0.54670274
4303.2 0.59955776
4306.5 0.66558295
4309.8 0.74639070
4313.1 0.84159100
4316.4 0.98645437
4319.7 1.1587133
4323.0 1.3756469
4326.3 1.5943050
4329.6 1.8748889
4332.9 1.9262798
4336.2 1.6468735
4339.5 1.3703483
4342.8 1.2464042
4346.1 1.1736380
4349.4 1.0160812
4352.7 0.85696036
4356.0 0.77182221
4359.3 0.70381933
4362.6 0.64166021
4365.9 0.59427905
4369.2 0.56525141
4372.5 0.52909702
4375.8 0.49249181
4379.1 0.46207207
4382.4 0.43153092
4385.7 0.40541533
4389.0 0.39708871
4392.3 0.38882834
4395.6 0.36917895
4398.9 0.36669925
4402.2 0.35972542
4405.5 0.36003786
4408.8 0.36628339
4412.1 0.36516041
4415.4 0.35746193
4418.7 0.34577793
4422.0 0.36294982
4425.3 0.37217724
4428.6 0.37965646
4431.9 0.41797993
4435.2 0.41570634
4438.5 0.38744116
4441.8 0.39123806
4445.1 0.39585781
4448.4 0.38438186
4451.7 0.35464472
4455.0 0.32570991
4458.3 0.32242694
4461.6 0.31417832
4464.9 0.30456421
4468.2 0.30257946
4471.5 0.29406694
4474.8 0.28104016
4478.1 0.27940637
4481.4 0.28070450
4484.7 0.28013888
4488.0 0.26701140
4491.3 0.26444453
4494.6 0.26406687
4497.9 0.27245101
4501.2 0.28310370
4504.5 0.27181950
4507.8 0.26779655
4511.1 0.26694271
4514.4 0.26181421
4517.7 0.26144189
4521.0 0.26107037
4524.3 0.27862290
4527.6 0.26793826
4530.9 0.26977903
4534.2 0.25959274
4537.5 0.25922537
4540.8 0.26387492
4544.1 0.27225676
4547.4 0.27005869
4550.7 0.26363093
4554.0 0.26621518
4557.3 0.26637962
4560.6 0.26432559
4563.9 0.25631651
4567.2 0.25595653
4570.5 0.25559738
4573.8 0.25760329
4577.1 0.25488156
4580.4 0.25452483
4583.7 0.25416896
4587.0 0.26010656
4590.3 0.25345951
4593.6 0.25310597
4596.9 0.25275323
4600.2 0.25616118
4603.5 0.25205007
4606.8 0.25169975
4610.1 0.25135010
4613.4 0.25100130
4616.7 0.25770864
4620.0 0.25180918
4623.3 0.26561859
4626.6 0.25150281
4629.9 0.25142843
4633.2 0.24892470
4636.5 0.24858128
4639.8 0.26625359
4643.1 0.27618742
4646.4 0.26653013
4649.7 0.28627154
4653.0 0.26462492
4656.3 0.29768312
4659.6 0.28014854
4662.9 0.25879502
4666.2 0.28794572
4669.5 0.26816913
4672.8 0.26146898
4676.1 0.26358247
4679.4 0.25518587
4682.7 0.25151485
4686.0 0.24352045
4689.3 0.24318898
4692.6 0.24661629
4695.9 0.25579521
4699.2 0.24219897
4702.5 0.24187046
4705.8 0.24154264
4709.1 0.24121554
4712.4 0.26521960
4715.7 0.24629624
4719.0 0.24023853
4722.3 0.23991434
4725.6 0.24389763
4728.9 0.24218605
4732.2 0.23894583
4735.5 0.23862447
4738.8 0.24533135
4742.1 0.25287482
4745.4 0.26681241
4748.7 0.23734586
4752.0 0.26251769
4755.3 0.23739472
4758.6 0.24851015
4761.9 0.23607837
4765.2 0.25199056
4768.5 0.24530149
4771.8 0.24473768
4775.1 0.24953161
4778.4 0.26109731
4781.7 0.24867725
4785.0 0.23388682
4788.3 0.24957897
4791.6 0.27622890
4794.9 0.23295772
4798.2 0.23264939
4801.5 0.23300955
4804.8 0.23203467
4808.1 0.23172835
4811.4 0.23142265
4814.7 0.25401264
4818.0 0.24736989
4821.3 0.23050959
4824.6 0.23020655
4827.9 0.24248630
4831.2 0.25942039
4834.5 0.22930132
4837.8 0.23115957
4841.1 0.28247046
4844.4 0.24284916
4847.7 0.24068661
4851.0 0.22780563
4854.3 0.25878784
4857.6 0.27650666
4860.9 0.26406118
4864.2 0.29036501
4867.5 0.28418812
4870.8 0.29941863
4874.1 0.26017457
4877.4 0.26988646
4880.7 0.33229151
4884.0 0.29794934
4887.3 0.28585169
4890.6 0.25866273
4893.9 0.24988918
4897.2 0.30880231
4900.5 0.29446942
4903.8 0.28479767
4907.1 0.26519299
4910.4 0.23721738
4913.7 0.26800653
4917.0 0.22198142
4920.3 0.22169670
4923.6 0.22141257
4926.9 0.22112915
4930.2 0.22084630
4933.5 0.22056399
4936.8 0.22028239
4940.1 0.22000127
4943.4 0.21972078
4946.7 0.21944091
4950.0 0.21916166
4953.3 0.21888296
4956.6 0.21860486
4959.9 0.21832739
4963.2 0.21805051
4966.5 0.21777421
4969.8 0.21749850
4973.1 0.21722338
4976.4 0.21694881
4979.7 0.21667485
4983.0 0.21640147
4986.3 0.21612866
4989.6 0.21585648
4992.9 0.21558483
4996.2 0.21531373
4999.5 0.21504323
5002.8 0.21477331
5006.1 0.21450400
5009.4 0.21423517
5012.7 0.21396697
5016.0 0.21369940
5019.3 0.21343231
5022.6 0.21316580
5025.9 0.21289986
5029.2 0.21263447
5032.5 0.21236965
5035.8 0.21210541
5039.1 0.21184176
5042.4 0.21157864
5045.7 0.21131602
5049.0 0.21105398
5052.3 0.21079254
5055.6 0.21053159
5058.9 0.21027122
5062.2 0.21001142
5065.5 0.20975216
5068.8 0.20949341
5072.1 0.20923528
5075.4 0.20897765
5078.7 0.20872055
5082.0 0.20846398
5085.3 0.20820798
5088.6 0.20795256
5091.9 0.20769760
5095.2 0.20744322
5098.5 0.20718938
5101.8 0.20693600
5105.1 0.20668320
5108.4 0.20643097
5111.7 0.20617923
5115.0 0.20592804
5118.3 0.20567742
5121.6 0.20542721
5124.9 0.20517762
5128.2 0.20492858
5131.5 0.20467998
5134.8 0.20443200
5138.1 0.20418441
5141.4 0.20393734
5144.7 0.20369093
5148.0 0.20344494
5151.3 0.20319942
5154.6 0.20295456
5157.9 0.20271012
5161.2 0.20246619
5164.5 0.20222276
5167.8 0.20197999
5171.1 0.20173749
5174.4 0.20149572
5177.7 0.20125437
5181.0 0.20101346
5184.3 0.20077311
5187.6 0.20053320
5190.9 0.20029391
5194.2 0.20005505
5197.5 0.19981669
5200.8 0.19957879
5204.1 0.19934149
5207.4 0.19910468
5210.7 0.19886823
5214.0 0.19863242
5217.3 0.19839703
5220.6 0.19816208
5223.9 0.19792773
5227.2 0.19769382
5230.5 0.19746037
5233.8 0.19722751
5237.1 0.19699506
5240.4 0.19676310
5243.7 0.19653167
5247.0 0.19630063
5250.3 0.19607009
5253.6 0.19584012
5256.9 0.19561049
5260.2 0.19538146
5263.5 0.19515286
5266.8 0.19492483
5270.1 0.19469711
5273.4 0.19447002
5276.7 0.19424333
5280.0 0.19401708
5283.3 0.19379134
5286.6 0.19356611
5289.9 0.19334124
5293.2 0.19311695
5296.5 0.19289307
5299.8 0.19266972
5303.1 0.19244674
5306.4 0.19222428
5309.7 0.19200225
5313.0 0.19178067
5316.3 0.19155969
5319.6 0.19133902
5322.9 0.19111888
5326.2 0.19089913
5329.5 0.19067986
5332.8 0.19046116
5336.1 0.19024280
5339.4 0.19002485
5342.7 0.18980750
5346.0 0.18959048
5349.3 0.18937396
5352.6 0.18915786
5355.9 0.18894230
5359.2 0.18872717
5362.5 0.18851237
5365.8 0.18829806
5369.1 0.18808429
5372.4 0.18787089
5375.7 0.18765798
5379.0 0.18744536
5382.3 0.18723333
5385.6 0.18702182
5388.9 0.18681064
5392.2 0.18659978
5395.5 0.18638955
5398.8 0.18617967
5402.1 0.18597023
5405.4 0.18576123
5408.7 0.18555273
5412.0 0.18534458
5415.3 0.18513687
5418.6 0.18492962
5421.9 0.18472277
5425.2 0.18451631
5428.5 0.18431042
5431.8 0.18410484
5435.1 0.18389975
5438.4 0.18369503
5441.7 0.18349075
5445.0 0.18328699
5448.3 0.18308353
5451.6 0.18288055
5454.9 0.18267798
5458.2 0.18247585
5461.5 0.18227409
5464.8 0.18207280
5468.1 0.18187186
5471.4 0.18167144
5474.7 0.18147135
5478.0 0.18127173
5481.3 0.18107259
5484.6 0.18087372
5487.9 0.18067536
5491.2 0.18047731
5494.5 0.18027973
5497.8 0.18008263
5501.1 0.17988586
5504.4 0.17968948
5507.7 0.17949356
5511.0 0.17929807
5514.3 0.17910294
5517.6 0.17890821
5520.9 0.17871384
5524.2 0.17851998
5527.5 0.17832652
5530.8 0.17813343
5534.1 0.17794073
5537.4 0.17774844
5540.7 0.17755651
5544.0 0.17736503
5547.3 0.17717387
5550.6 0.17698319
5553.9 0.17679289
5557.2 0.17660294
5560.5 0.17641352
5563.8 0.17622437
5567.1 0.17603563
5570.4 0.17584732
5573.7 0.17565939
5577.0 0.17547184
5580.3 0.17528464
5583.6 0.17509793
5586.9 0.17491157
5590.2 0.17472552
5593.5 0.17453989
5596.8 0.17435479
5600.1 0.17416993
5603.4 0.17398545
5606.7 0.17380138
5610.0 0.17361775
5613.3 0.17343445
5616.6 0.17325149
5619.9 0.17306897
5623.2 0.17288689
5626.5 0.17270504
5629.8 0.17252368
5633.1 0.17234269
5636.4 0.17216203
5639.7 0.17198180
5643.0 0.17180194
5646.3 0.17162240
5649.6 0.17144328
5652.9 0.17126454
5656.2 0.17108616
5659.5 0.17090815
5662.8 0.17073043
5666.1 0.17055324
5669.4 0.17037627
5672.7 0.17019974
5676.0 0.17002361
5679.3 0.16984780
5682.6 0.16967247
5685.9 0.16949737
5689.2 0.16932271
5692.5 0.16914833
5695.8 0.16897437
5699.1 0.16880077
5702.4 0.16862750
5705.7 0.16845471
5709.0 0.16828215
5712.3 0.16811006
5715.6 0.16793829
5718.9 0.16776687
5722.2 0.16759577
5725.5 0.16742504
5728.8 0.16725475
5732.1 0.16708472
5735.4 0.16691512
5738.7 0.16674583
5742.0 0.16657691
5745.3 0.16640832
5748.6 0.16624008
5751.9 0.16607226
5755.2 0.16590469
5758.5 0.16573752
5761.8 0.16557077
5765.1 0.16540430
5768.4 0.16523819
5771.7 0.16507238
5775.0 0.16490702
5778.3 0.16474198
5781.6 0.16457720
5784.9 0.16441284
5788.2 0.16424882
5791.5 0.16408516
5794.8 0.16392182
5798.1 0.16375883
5801.4 0.16359621
5804.7 0.16343389
5808.0 0.16327192
5811.3 0.16311033
5814.6 0.16294903
5817.9 0.16278812
5821.2 0.16262747
5824.5 0.16246721
5827.8 0.16230734
5831.1 0.16214775
5834.4 0.16198848
5837.7 0.16182955
5841.0 0.16167094
5844.3 0.16151276
5847.6 0.16135480
5850.9 0.16119723
5854.2 0.16104004
5857.5 0.16088310
5860.8 0.16072647
5864.1 0.16057029
5867.4 0.16041437
5870.7 0.16025881
5874.0 0.16010354
5877.3 0.15994865
5880.6 0.15979406
5883.9 0.15963972
5887.2 0.15948580
5890.5 0.15933222
5893.8 0.15917887
5897.1 0.15902591
5900.4 0.15887330
5903.7 0.15872099
5907.0 0.15856898
5910.3 0.15841737
5913.6 0.15826598
5916.9 0.15811500
5920.2 0.15796424
5923.5 0.15781386
5926.8 0.15766378
5930.1 0.15751407
5933.4 0.15736461
5936.7 0.15721558
5940.0 0.15706673
5943.3 0.15691829
5946.6 0.15677018
5949.9 0.15662232
5953.2 0.15647480
5956.5 0.15632759
5959.8 0.15618066
5963.1 0.15603413
5966.4 0.15588783
5969.7 0.15574187
5973.0 0.15559627
5976.3 0.15545094
5979.6 0.15530591
5982.9 0.15516117
5986.2 0.15501684
5989.5 0.15487272
5992.8 0.15472895
5996.1 0.15458544
5999.4 0.15444230
