300.0 0.0
385.0 0.0000000
388.85 0.0000000
392.7 0.0000000
396.55 0.0000000
400.4 0.0000000
404.25 0.0000000
408.1 0.0000000
411.95 0.0000000
415.8 0.0000000
419.65 0.0000000
423.5 0.0000000
427.35 0.0000000
431.2 0.0000000
435.05 0.0000000
438.9 0.0000000
442.75 0.0000000
446.6 0.0000000
450.45 0.0000000
454.3 0.0000000
458.15 0.0000000
462.0 0.0000000
465.85 0.0000000
469.7 0.0000000
473.55 0.0000000
477.4 0.0000000
481.25 0.0000000
485.1 0.0000000
488.95 0.0000000
492.8 0.0000000
496.65 0.0000000
500.5 0.0000000
504.35 0.0000000
508.2 0.0000000
512.05 0.0000000
515.9 0.0000000
519.75 0.0000000
523.6 0.0000000
527.45 0.0000000
531.3 0.0000000
535.15 0.0000000
539.0 0.0000000
542.85 0.0000000
546.7 0.0000000
550.55 0.0000000
554.4 0.0000000
558.25 0.0000000
562.1 0.0000000
565.95 0.0000000
569.8 0.0000000
573.65 0.0000000
577.5 0.0000000
581.35 0.0000000
585.2 0.0000000
589.05 0.0000000
592.9 0.0000000
596.75 0.0000000
600.6 0.0000000
604.45 0.0000000
608.3 0.0000000
612.15 0.0000000
616.0 0.0000000
619.85 0.0000000
623.7 0.0000000
627.55 0.0000000
631.4 0.0000000
635.25 0.0000000
639.1 0.0000000
642.95 0.0000000
646.8 0.0000000
650.65 0.0000000
654.5 0.0000000
658.35 0.0000000
662.2 0.0000000
666.05 0.0000000
669.9 0.0000000
673.75 0.0000000
677.6 0.0000000
681.45 0.0000000
685.3 0.0000000
689.15 0.0000000
693.0 0.0000000
696.85 0.0000000
700.7 0.0000000
704.55 3.36343027E-03
708.4 2.85913842E-03
712.25 2.41692387E-03
716.1 2.03161710E-03
719.95 1.69758603E-03
723.8 1.41021505E-03
727.65 1.16425555E-03
731.5 9.55004652E-04
735.35 7.78388348E-04
739.2 6.30106952E-04
743.05 5.06593089E-04
746.9 4.04466147E-04
750.75 3.06346919E-03
754.6 2.63260980E-03
758.45 2.25182041E-03
762.3 1.91700645E-03
766.15 1.62423984E-03
770.0 1.50184461E-03
773.85 1.32006372E-03
777.7 1.10063690E-03
781.55 9.86685278E-04
785.4 9.00526007E-04
789.25 8.21855210E-04
793.1 4.98689003E-02
796.95 4.71286364E-02
800.8 3.68177108E-02
804.65 2.83497497E-02
808.5 2.45434251E-02
812.35 2.19671056E-02
816.2 2.01922655E-02
820.05 1.87498815E-02
823.9 1.66392978E-02
827.75 1.36396140E-02
831.6 1.24531407E-02
835.45 1.00415386E-02
839.3 8.20548460E-03
843.15 6.79137046E-03
847.0 5.83501672E-03
850.85 5.26056113E-03
854.7 4.46250942E-03
858.55 4.01058327E-03
862.4 3.62305529E-03
866.25 3.07623390E-03
870.1 2.38513877E-03
873.95 1.99897634E-03
877.8 1.57040393E-03
881.65 1.35773676E-03
885.5 1.14511640E-03
889.35 9.33785748E-04
893.2 7.80069968E-04
897.05 6.70992304E-04
900.9 5.78160107E-04
904.75 5.13741223E-04
908.6 4.37318580E-04
912.45 3.74166615E-04
916.3 3.23921442E-04
920.15 2.88281997E-04
924.0 2.61969923E-04
927.85 2.48713128E-04
931.7 2.43322211E-04
935.55 2.58682121E-04
939.4 1.5637443
943.25 1.2683116
947.1 1.1862520
950.95 1.1890160
954.8 1.1168677
958.65 0.89653355
962.5 0.77614802
966.35 0.73185730
970.2 0.70221037
974.05 0.65833056
977.9 0.60269099
981.75 0.56610268
985.6 0.55445206
989.45 0.55731905
993.3 0.56775075
997.15 0.57300758
1001.0 0.61783606
1004.85 0.62904620
1008.7 0.60344720
1012.55 0.55120015
1016.4 0.55607808
1020.25 0.55232412
1024.1 0.56686980
1027.95 0.57794356
1031.8 0.57218099
1035.65 0.55284941
1039.5 0.54672348
1043.35 0.56533915
1047.2 0.56306779
1051.05 0.57371265
1054.9 0.56752616
1058.75 0.58204186
1062.6 0.61663085
1066.45 0.65260470
1070.3 0.70200497
1074.15 0.71646601
1078.0 0.72816163
1081.85 0.66354078
1085.7 0.62082368
1089.55 0.58927840
1093.4 0.57616591
1097.25 0.57474947
1101.1 0.54988021
1104.95 0.54399532
1108.8 0.54181558
1112.65 0.53884023
1116.5 0.54956800
1120.35 0.54533428
1124.2 0.53473580
1128.05 0.55181110
1131.9 0.54328543
1135.75 0.55277681
1139.6 0.56702912
1143.45 0.57644206
1147.3 0.59152514
1151.15 0.59170645
1155.0 0.61153418
1158.85 0.62615931
1162.7 0.64248705
1166.55 0.66789907
1170.4 0.71888155
1174.25 0.78693694
1178.1 0.86506093
1181.95 0.96422112
1185.8 1.0874000
1189.65 1.1611956
1193.5 1.0555910
1197.35 0.89681602
1201.2 0.77612287
1205.05 0.71339357
1208.9 0.68221158
1212.75 0.66464889
1216.6 0.63404816
1220.45 0.63259840
1224.3 0.61433363
1228.15 0.62717134
1232.0 0.62957358
1235.85 0.62806666
1239.7 0.63561082
1243.55 0.62832683
1247.4 0.63846278
1251.25 0.64795935
1255.1 0.64963573
1258.95 0.66422409
1262.8 0.63916737
1266.65 0.63539398
1270.5 0.62770015
1274.35 0.63854367
1278.2 0.64198011
1282.05 0.63338757
1285.9 0.60186779
1289.75 0.58296400
1293.6 0.57528758
1297.45 0.56519794
1301.3 0.56663972
1305.15 0.56562561
1309.0 0.56505907
1312.85 0.57448316
1316.7 0.57319295
1320.55 0.58290571
1324.4 0.58613038
1328.25 0.58557934
1332.1 0.57935995
1335.95 0.58720660
1339.8 0.59034634
1343.65 0.60686225
1347.5 0.59763068
1351.35 0.58852738
1355.2 0.56313914
1359.05 0.57212281
1362.9 0.57527530
1366.75 0.56816590
1370.6 0.58794200
1374.45 0.59410381
1378.3 0.57904869
1382.15 0.56974143
1386.0 0.57105708
1389.85 0.57162416
1393.7 0.57192743
1397.55 0.57977605
1401.4 0.57020569
1405.25 0.56896508
1409.1 0.57681072
1412.95 0.57672781
1416.8 0.59159458
1420.65 0.58962965
1424.5 0.62837261
1428.35 0.62683839
1432.2 0.63385028
1436.05 0.62487876
1439.9 0.62686896
1443.75 0.63326645
1447.6 0.66209322
1451.45 0.71311402
1455.3 0.75961685
1459.15 0.79772127
1463.0 0.81279224
1466.85 0.85633206
1470.7 0.81978297
1474.55 0.75029933
1478.4 0.68697411
1482.25 0.64507151
1486.1 0.62576389
1489.95 0.60606116
1493.8 0.58753961
1497.65 0.57343888
1501.5 0.56978774
1505.35 0.54919273
1509.2 0.54137874
1513.05 0.53791302
1516.9 0.54394579
1520.75 0.54705757
1524.6 0.53523171
1528.45 0.53820336
1532.3 0.54182619
1536.15 0.54713249
1540.0 0.53433663
1543.85 0.54092598
1547.7 0.55432743
1551.55 0.52506173
1555.4 0.53970754
1559.25 0.54392731
1563.1 0.54087317
1566.95 0.54624546
1570.8 0.53833640
1574.65 0.53193939
1578.5 0.54746526
1582.35 0.57038468
1586.2 0.55985522
1590.05 0.57470405
1593.9 0.57064885
1597.75 0.57295948
1601.6 0.57050520
1605.45 0.57862151
1609.3 0.57773578
1613.15 0.57705283
1617.0 0.55939585
1620.85 0.55108041
1624.7 0.55899739
1628.55 0.56773174
1632.4 0.54447395
1636.25 0.57154244
1640.1 0.55241495
1643.95 0.56637490
1647.8 0.56195188
1651.65 0.57414478
1655.5 0.54775012
1659.35 0.55657864
1663.2 0.55676740
1667.05 0.56722003
1670.9 0.53983480
1674.75 0.54684955
1678.6 0.55795175
1682.45 0.53382295
1686.3 0.54442030
1690.15 0.52861142
1694.0 0.51451337
1697.85 0.51449311
1701.7 0.51446837
1705.55 0.51835734
1709.4 0.52201217
1713.25 0.52329046
1717.1 0.51647544
1720.95 0.51427519
1724.8 0.51422280
1728.65 0.51416659
1732.5 0.52105772
1736.35 0.52059263
1740.2 0.52865380
1744.05 0.53223252
1747.9 0.53240818
1751.75 0.53666663
1755.6 0.54199433
1759.45 0.55218494
1763.3 0.56495279
1767.15 0.56093568
1771.0 0.57613879
1774.85 0.58313161
1778.7 0.58840775
1782.55 0.59204662
1786.4 0.59663147
1790.25 0.60450006
1794.1 0.60794002
1797.95 0.60009116
1801.8 0.59515387
1805.65 0.58217323
1809.5 0.58104938
1813.35 0.57015461
1817.2 0.57879490
1821.05 0.57198870
1824.9 0.56860417
1828.75 0.57047993
1832.6 0.56724900
1836.45 0.56886971
1840.3 0.57040429
1844.15 0.57723022
1848.0 0.59103388
1851.85 0.58225787
1855.7 0.60347992
1859.55 0.61866093
1863.4 0.63726884
1867.25 0.63565433
1871.1 0.61786813
1874.95 0.61502838
1878.8 0.61723673
1882.65 0.60345674
1886.5 0.59245390
1890.35 0.58933103
1894.2 0.58726382
1898.05 0.59874290
1901.9 0.61116636
1905.75 0.61382478
1909.6 0.61008847
1913.45 0.61187851
1917.3 0.60828257
1921.15 0.61161178
1925.0 0.60563833
1928.85 0.60337067
1932.7 0.60432345
1936.55 0.60179108
1940.4 0.59444594
1944.25 0.58610934
1948.1 0.59183931
1951.95 0.59406108
1955.8 0.59458357
1959.65 0.58909404
1963.5 0.58477670
1967.35 0.58350176
1971.2 0.58085817
1975.05 0.57886416
1978.9 0.57416338
1982.75 0.56667817
1986.6 0.56980526
1990.45 0.57011408
1994.3 0.56406575
1998.15 0.54956013
2002.0 0.56394327
2005.85 0.56670350
2009.7 0.56351870
2013.55 0.56375670
2017.4 0.56886226
2021.25 0.55860525
2025.1 0.55905086
2028.95 0.54838425
2032.8 0.54003978
2036.65 0.51916713
2040.5 0.51700538
2044.35 0.51636910
2048.2 0.51154280
2052.05 0.52568036
2055.9 0.53357726
2059.75 0.53496581
2063.6 0.52372998
2067.45 0.52931702
2071.3 0.53187490
2075.15 0.53927404
2079.0 0.53959489
2082.85 0.55233741
2086.7 0.56863797
2090.55 0.57389164
2094.4 0.56678736
2098.25 0.58440870
2102.1 0.59246498
2105.95 0.59215957
2109.8 0.59548163
2113.65 0.61986244
2117.5 0.63536310
2121.35 0.63236380
2125.2 0.64468729
2129.05 0.63029867
2132.9 0.64635879
2136.75 0.66880471
2140.6 0.72486305
2144.45 0.79055166
2148.3 0.89256543
2152.15 0.99667567
2156.0 1.0289695
2159.85 0.97710025
2163.7 0.86580771
2167.55 0.77061725
2171.4 0.71158141
2175.25 0.68251842
2179.1 0.65965670
2182.95 0.64201045
2186.8 0.62816298
2190.65 0.61487973
2194.5 0.61078429
2198.35 0.59867430
2202.2 0.58820164
2206.05 0.57618445
2209.9 0.56948495
2213.75 0.56796688
2217.6 0.55191308
2221.45 0.55317879
2225.3 0.53962547
2229.15 0.53629857
2233.0 0.53589648
2236.85 0.51397276
2240.7 0.52186501
2244.55 0.52170926
2248.4 0.52955228
2252.25 0.54427493
2256.1 0.54957366
2259.95 0.55165452
2263.8 0.55141139
2267.65 0.55545002
2271.5 0.54807663
2275.35 0.54963803
2279.2 0.55713403
2283.05 0.54912001
2286.9 0.55118871
2290.75 0.54149866
2294.6 0.54496962
2298.45 0.53203744
2302.3 0.52329135
2306.15 0.51411051
2310.0 0.50965047
2313.85 0.49762839
2317.7 0.49279186
2321.55 0.47949871
2325.4 0.47042876
2329.25 0.46871442
2333.1 0.47334144
2336.95 0.46735725
2340.8 0.47753811
2344.65 0.48023215
2348.5 0.48194420
2352.35 0.48208085
2356.2 0.48268759
2360.05 0.49245772
2363.9 0.48755467
2367.75 0.49738023
2371.6 0.49703127
2375.45 0.49526733
2379.3 0.49007174
2383.15 0.49525943
2387.0 0.49196106
2390.85 0.50263870
2394.7 0.51558340
2398.55 0.51716506
2402.4 0.53805870
2406.25 0.54262233
2410.1 0.54260325
2413.95 0.53537542
2417.8 0.53506768
2421.65 0.51555848
2425.5 0.52719146
2429.35 0.52220613
2433.2 0.52142251
2437.05 0.52814490
2440.9 0.54227418
2444.75 0.54300213
2448.6 0.55000031
2452.45 0.55363381
2456.3 0.55813265
2460.15 0.55285251
2464.0 0.55572826
2467.85 0.54765356
2471.7 0.55402982
2475.55 0.54738122
2479.4 0.53131211
2483.25 0.53171533
2487.1 0.53843290
2490.95 0.52442545
2494.8 0.52379662
2498.65 0.52436721
2502.5 0.52423084
2506.35 0.53272921
2510.2 0.53055793
2514.05 0.52173346
2517.9 0.52087754
2521.75 0.53152990
2525.6 0.53069252
2529.45 0.52723372
2533.3 0.53705800
2537.15 0.52202708
2541.0 0.51571685
2544.85 0.50895745
2548.7 0.50420129
2552.55 0.50055748
2556.4 0.49038377
2560.25 0.48858452
2564.1 0.49448836
2567.95 0.49902761
2571.8 0.50558931
2575.65 0.52151656
2579.5 0.50391871
2583.35 0.49704382
2587.2 0.49411115
2591.05 0.49190140
2594.9 0.48631245
2598.75 0.49798772
2602.6 0.49631363
2606.45 0.49996841
2610.3 0.49543929
2614.15 0.49710804
2618.0 0.49752358
2621.85 0.50905025
2625.7 0.51217884
2629.55 0.52098978
2633.4 0.53804135
2637.25 0.56008404
2641.1 0.53379422
2644.95 0.51361966
2648.8 0.51667547
2652.65 0.50885618
2656.5 0.49039727
2660.35 0.49599889
2664.2 0.49753553
2668.05 0.48381862
2671.9 0.48064747
2675.75 0.47007155
2679.6 0.46351790
2683.45 0.47606012
2687.3 0.47481912
2691.15 0.46819708
2695.0 0.47746360
2698.85 0.46559051
2702.7 0.45819867
2706.55 0.45810166
2710.4 0.45048207
2714.25 0.44310498
2718.1 0.43464848
2721.95 0.44020385
2725.8 0.43921918
2729.65 0.42660588
2733.5 0.43044084
2737.35 0.43745732
2741.2 0.44045168
2745.05 0.43221003
2748.9 0.44019961
2752.75 0.45124340
2756.6 0.44285583
2760.45 0.45257276
2764.3 0.43968058
2768.15 0.44079819
2772.0 0.43435061
2775.85 0.44002837
2779.7 0.44269308
2783.55 0.43406266
2787.4 0.44616696
2791.25 0.43873036
2795.1 0.43491268
2798.95 0.43880492
2802.8 0.42937523
2806.65 0.43415126
2810.5 0.43076599
2814.35 0.43369597
2818.2 0.43662500
2822.05 0.43083951
2825.9 0.42720994
2829.75 0.42607772
2833.6 0.42417988
2837.45 0.42166972
2841.3 0.42201447
2845.15 0.42797565
2849.0 0.42741650
2852.85 0.42707273
2856.7 0.41895914
2860.55 0.42060509
2864.4 0.43836129
2868.25 0.49419418
2872.1 0.51347840
2875.95 0.43404207
2879.8 0.41874209
2883.65 0.41874027
2887.5 0.41384497
2891.35 0.42878652
2895.2 0.41688097
2899.05 0.40781173
2902.9 0.41071710
2906.75 0.40615320
2910.6 0.40088406
2914.45 0.39675954
2918.3 0.39193991
2922.15 0.37072894
2926.0 0.37682354
2929.85 0.36983934
2933.7 0.38607576
2937.55 0.38523388
2941.4 0.38119087
2945.25 0.37748358
2949.1 0.37478077
2952.95 0.38445112
2956.8 0.37668332
2960.65 0.38307011
2964.5 0.38898963
2968.35 0.39550215
2972.2 0.41132241
2976.05 0.44282627
2979.9 0.46139956
2983.75 0.41477868
2987.6 0.38770241
2991.45 0.40168753
2995.3 0.40499812
2999.15 0.38396415
3003.0 0.37584201
3006.85 0.37648365
3010.7 0.36996084
3014.55 0.36786240
3018.4 0.36112159
3022.25 0.35075226
3026.1 0.33924177
3029.95 0.33696091
3033.8 0.34730002
3037.65 0.35774937
3041.5 0.35886627
3045.35 0.36296695
3049.2 0.37200576
3053.05 0.37240627
3056.9 0.37020236
3060.75 0.35796183
3064.6 0.35955766
3068.45 0.35777354
3072.3 0.34301591
3076.15 0.34747988
3080.0 0.33591565
3083.85 0.33601665
3087.7 0.33028132
3091.55 0.33755824
3095.4 0.34193715
3099.25 0.33579451
3103.1 0.32532960
3106.95 0.32506329
3110.8 0.32363778
3114.65 0.31990665
3118.5 0.32971710
3122.35 0.32286918
3126.2 0.33124658
3130.05 0.33791772
3133.9 0.35860422
3137.75 0.35316664
3141.6 0.35117882
3145.45 0.36678800
3149.3 0.37201634
3153.15 0.38509169
3157.0 0.40959719
3160.85 0.39771307
3164.7 0.37793243
3168.55 0.37614143
3172.4 0.35941824
3176.25 0.35052419
3180.1 0.34696576
3183.95 0.34124666
3187.8 0.32994553
3191.65 0.31733409
3195.5 0.31372228
3199.35 0.31527176
3203.2 0.32407811
3207.05 0.32156053
3210.9 0.31955576
3214.75 0.32667947
3218.6 0.31548417
3222.45 0.31157640
3226.3 0.31739205
3230.15 0.31020355
3234.0 0.30693346
3237.85 0.30652580
3241.7 0.30611899
3245.55 0.30758935
3249.4 0.31020162
3253.25 0.30885303
3257.1 0.30777219
3260.95 0.32505023
3264.8 0.32316533
3268.65 0.32816133
3272.5 0.32238376
3276.35 0.31468767
3280.2 0.30971980
3284.05 0.32367370
3287.9 0.32354519
3291.75 0.32130501
3295.6 0.33623165
3299.45 0.32737973
3303.3 0.33804360
3307.15 0.35652438
3311.0 0.35044816
3314.85 0.35770538
3318.7 0.36434838
3322.55 0.37935141
3326.4 0.40350190
3330.25 0.40805423
3334.1 0.43074709
3337.95 0.46634820
3341.8 0.48374861
3345.65 0.48593044
3349.5 0.45195141
3353.35 0.44399482
3357.2 0.43965778
3361.05 0.41842929
3364.9 0.39959556
3368.75 0.36604747
3372.6 0.35850123
3376.45 0.34431994
3380.3 0.33745208
3384.15 0.34609395
3388.0 0.33673999
3391.85 0.33109450
3395.7 0.33151481
3399.55 0.32384884
3403.4 0.32164523
3407.25 0.32005101
3411.1 0.30036899
3414.95 0.31072536
3418.8 0.30920771
3422.65 0.31716657
3426.5 0.31036708
3430.35 0.30908561
3434.2 0.32308552
3438.05 0.32783508
3441.9 0.34028995
3445.75 0.33544236
3449.6 0.33296657
3453.45 0.32055122
3457.3 0.33828014
3461.15 0.33911243
3465.0 0.34127998
3468.85 0.33890966
3472.7 0.35174564
3476.55 0.36680928
3480.4 0.36425328
3484.25 0.34939557
3488.1 0.34121031
3491.95 0.33301550
3495.8 0.33540672
3499.65 0.36016822
3503.5 0.35045496
3507.35 0.34625158
3511.2 0.35974482
3515.05 0.35679722
3518.9 0.33049056
3522.75 0.34837347
3526.6 0.36228874
3530.45 0.34677446
3534.3 0.34022376
3538.15 0.34566098
3542.0 0.33281717
3545.85 0.32512861
3549.7 0.32624742
3553.55 0.33670038
3557.4 0.34897855
3561.25 0.34882641
3565.1 0.34191227
3568.95 0.34622002
3572.8 0.33595237
3576.65 0.34158489
3580.5 0.33130220
3584.35 0.34871507
3588.2 0.32825306
3592.05 0.33895186
3595.9 0.32487735
3599.75 0.32795411
3603.6 0.33053732
3607.45 0.34146234
3611.3 0.31147340
3615.15 0.31083876
3619.0 0.29227290
3622.85 0.28861111
3626.7 0.28460294
3630.55 0.29158911
3634.4 0.29066241
3638.25 0.28982073
3642.1 0.28464761
3645.95 0.28898764
3649.8 0.29198462
3653.65 0.28587732
3657.5 0.27630979
3661.35 0.27879274
3665.2 0.27994844
3669.05 0.27850828
3672.9 0.28286636
3676.75 0.28647932
3680.6 0.29166487
3684.45 0.29058176
3688.3 0.28831419
3692.15 0.29394463
3696.0 0.30239943
3699.85 0.30261415
3703.7 0.30541262
3707.55 0.31686759
3711.4 0.33556592
3715.25 0.33715460
3719.1 0.36240366
3722.95 0.36576891
3726.8 0.37802356
3730.65 0.40629077
3734.5 0.42304111
3738.35 0.47332692
3742.2 0.51632369
3746.05 0.50003654
3749.9 0.46644974
3753.75 0.43319044
3757.6 0.40980992
3761.45 0.38946205
3765.3 0.36377117
3769.15 0.35730383
3773.0 0.35378560
3776.85 0.34149304
3780.7 0.32247341
3784.55 0.33211622
3788.4 0.32130492
3792.25 0.31639859
3796.1 0.31107619
3799.95 0.30272433
3803.8 0.29944155
3807.65 0.30724862
3811.5 0.30733275
3815.35 0.36267394
3819.2 0.39648199
3823.05 0.33143809
3826.9 0.29438090
3830.75 0.28660655
3834.6 0.28421861
3838.45 0.27724621
3842.3 0.29529396
3846.15 0.32262337
3850.0 0.39209107
3853.85 0.55242515
3857.7 0.55117565
3861.55 0.37066236
3865.4 0.31205574
3869.25 0.29338491
3873.1 0.28534228
3876.95 0.27862737
3880.8 0.27329022
3884.65 0.27348110
3888.5 0.27155861
3892.35 0.27195546
3896.2 0.27159783
3900.05 0.26717600
3903.9 0.26421550
3907.75 0.26422167
3911.6 0.25412741
3915.45 0.24891163
3919.3 0.25986034
3923.15 0.25753459
3927.0 0.26074505
3930.85 0.25024414
3934.7 0.25229734
3938.55 0.24878579
3942.4 0.25748020
3946.25 0.25296721
3950.1 0.24646193
3953.95 0.25212300
3957.8 0.25056195
3961.65 0.25820658
3965.5 0.25955859
3969.35 0.26997167
3973.2 0.27582246
3977.05 0.27195174
3980.9 0.26410341
3984.75 0.27573583
3988.6 0.26434091
3992.45 0.25779992
3996.3 0.25832820
4000.15 0.27291816
4004.0 0.26783037
4007.85 0.25373855
4011.7 0.25708041
4015.55 0.25945881
4019.4 0.26382947
4023.25 0.25956389
4027.1 0.26204118
4030.95 0.26102629
4034.8 0.26247758
4038.65 0.25291085
4042.5 0.25720954
4046.35 0.26557264
4050.2 0.25282025
4054.05 0.25997597
4057.9 0.26103798
4061.75 0.25913584
4065.6 0.25951898
4069.45 0.26140189
4073.3 0.25970805
4077.15 0.26970685
4081.0 0.25748014
4084.85 0.25207517
4088.7 0.27566060
4092.55 0.25732809
4096.4 0.26930904
4100.25 0.26251477
4104.1 0.25470689
4107.95 0.25110924
4111.8 0.24826409
4115.65 0.25570992
4119.5 0.24234957
4123.35 0.24449879
4127.2 0.24699543
4131.05 0.24432594
4134.9 0.23285925
4138.75 0.23713280
4142.6 0.24285589
4146.45 0.24234585
4150.3 0.23497954
4154.15 0.23584621
4158.0 0.23386434
4161.85 0.22933908
4165.7 0.23391783
4169.55 0.23867570
4173.4 0.23706934
4177.25 0.23128214
4181.1 0.22791974
4184.95 0.22451897
4188.8 0.23230736
4192.65 0.22398284
4196.5 0.23911902
4200.35 0.22538768
4204.2 0.22641194
4208.05 0.22291602
4211.9 0.22265047
4215.75 0.22238533
4219.6 0.22212060
4223.45 0.22720224
4227.3 0.22818749
4231.15 0.23343104
4235.0 0.22773193
4238.85 0.22840795
4242.7 0.22054185
4246.55 0.22028020
4250.4 0.22654825
4254.25 0.23324776
4258.1 0.22930241
4261.95 0.22370452
4265.8 0.23250461
4269.65 0.23622806
4273.5 0.22437613
4277.35 0.22691555
4281.2 0.21794567
4285.05 0.21768844
4288.9 0.22206640
4292.75 0.21840589
4296.6 0.23876625
4300.45 0.22794461
4304.3 0.22173154
4308.15 0.24756351
4312.0 0.24427950
4315.85 0.23325565
4319.7 0.22900224
4323.55 0.21863598
4327.4 0.21834429
4331.25 0.21463515
4335.1 0.22166836
4338.95 0.21413220
4342.8 0.21518181
4346.65 0.21363097
4350.5 0.21538006
4354.35 0.21313134
4358.2 0.21432573
4362.05 0.21354930
4365.9 0.21238506
4369.75 0.21979196
4373.6 0.21655297
4377.45 0.21164264
4381.3 0.21139590
4385.15 0.21114966
4389.0 0.21090379
4392.85 0.21065837
4396.7 0.21041335
4400.55 0.21016869
4404.4 0.21451160
4408.25 0.20968069
4412.1 0.21004520
4415.95 0.20919427
4419.8 0.21015817
4423.65 0.20877957
4427.5 0.20846759
4431.35 0.21051204
4435.2 0.21347144
4439.05 0.21451487
4442.9 0.21254073
4446.75 0.21220396
4450.6 0.21161793
4454.45 0.20872371
4458.3 0.21046972
4462.15 0.20911901
4466.0 0.20874096
4469.85 0.21341489
4473.7 0.22279222
4477.55 0.21188796
4481.4 0.21926381
4485.25 0.21505144
4489.1 0.22172846
4492.95 0.21655899
4496.8 0.22361383
4500.65 0.22007273
4504.5 0.22110337
4508.35 0.22756305
4512.2 0.22207348
4516.05 0.22634575
4519.9 0.23384315
4523.75 0.25180769
4527.6 0.24608061
4531.45 0.24136420
4535.3 0.24270883
4539.15 0.22134535
4543.0 0.21766597
4546.85 0.22783266
4550.7 0.22383294
4554.55 0.21607156
4558.4 0.21727470
4562.25 0.21850073
4566.1 0.21881774
4569.95 0.21499494
4573.8 0.21926945
4577.65 0.22380982
4581.5 0.21006982
4585.35 0.21234469
4589.2 0.21091492
4593.05 0.21771368
4596.9 0.20542112
4600.75 0.20765603
4604.6 0.20712404
4608.45 0.20641539
4612.3 0.20793301
4616.15 0.20755440
4620.0 0.20708105
4623.85 0.20899205
4627.7 0.20564802
4631.55 0.20396954
4635.4 0.20042530
4639.25 0.20029642
4643.1 0.19706552
4646.95 0.20092925
4650.8 0.20139968
4654.65 0.20375523
4658.5 0.20544283
4662.35 0.19765125
4666.2 0.20193554
4670.05 0.20803788
4673.9 0.20564952
4677.75 0.20773774
4681.6 0.21156640
4685.45 0.20813921
4689.3 0.20972161
4693.15 0.20561424
4697.0 0.21598943
4700.85 0.19863835
4704.7 0.19207034
4708.55 0.19501990
4712.4 0.19245256
4716.25 0.19353163
4720.1 0.19383998
4723.95 0.19768740
4727.8 0.20138384
4731.65 0.19227836
4735.5 0.19772404
4739.35 0.20311356
4743.2 0.19566976
4747.05 0.19244407
4750.9 0.18952140
4754.75 0.18931124
4758.6 0.19015130
4762.45 0.20141686
4766.3 0.19194034
4770.15 0.19311099
4774.0 0.18826562
4777.85 0.18877582
4781.7 0.18865108
4785.55 0.19175716
4789.4 0.18986012
4793.25 0.19422860
4797.1 0.19491915
4800.95 0.19053295
4804.8 0.18926017
4808.65 0.18901412
4812.5 0.19450440
4816.35 0.19332846
4820.2 0.18928538
4824.05 0.18794882
4827.9 0.18653846
4831.75 0.18567564
4835.6 0.18725097
4839.45 0.18892495
4843.3 0.19520538
4847.15 0.19792780
4851.0 0.20171292
4854.85 0.20816754
4858.7 0.19988507
4862.55 0.19012836
4866.4 0.19078788
4870.25 0.18885575
4874.1 0.18594846
4877.95 0.18888728
4881.8 0.19454730
4885.65 0.19663416
4889.5 0.19055365
4893.35 0.19207774
4897.2 0.19499075
4901.05 0.19855249
4904.9 0.20160560
4908.75 0.19171073
4912.6 0.19364841
4916.45 0.19728212
4920.3 0.19791171
4924.15 0.19374314
4928.0 0.19343798
4931.85 0.19634959
4935.7 0.19620915
4939.55 0.19410974
4943.4 0.19891661
4947.25 0.19691919
4951.1 0.19973898
4954.95 0.20456019
4958.8 0.20174281
4962.65 0.20765695
4966.5 0.20437062
4970.35 0.21829240
4974.2 0.21994896
4978.05 0.22574966
4981.9 0.23214707
4985.75 0.23124871
4989.6 0.23601657
4993.45 0.24930146
4997.3 0.25072989
5001.15 0.26170000
5005.0 0.27383739
5008.85 0.29069448
5012.7 0.31021175
5016.55 0.33376005
5020.4 0.36618716
5024.25 0.40668947
5028.1 0.45626310
5031.95 0.51468122
5035.8 0.60353434
5039.65 0.70923209
5043.5 0.84237707
5047.35 0.97669232
5051.2 1.1490752
5055.05 1.1810777
5058.9 1.0101951
5062.75 0.84093350
5066.6 0.76519978
5070.45 0.72083378
5074.3 0.62432992
5078.15 0.52678186
5082.0 0.47464779
5085.85 0.43301117
5089.7 0.39493591
5093.55 0.36592758
5097.4 0.34820035
5101.25 0.32606599
5105.1 0.30363482
5108.95 0.28499958
5112.8 0.26627368
5116.65 0.25026372
5120.5 0.24522589
5124.35 0.24022466
5128.2 0.22817980
5132.05 0.22674127
5135.9 0.22252131
5139.75 0.22280672
5143.6 0.22676539
5147.45 0.22616339
5151.3 0.22148652
5155.15 0.21433508
5159.0 0.22507168
5162.85 0.23088837
5166.7 0.23562463
5170.55 0.25951511
5174.4 0.25820878
5178.25 0.24075034
5182.1 0.24320854
5185.95 0.24618027
5189.8 0.23914033
5193.65 0.22072884
5197.5 0.20280191
5201.35 0.20083879
5205.2 0.19577952
5209.05 0.18986481
5212.9 0.18870325
5216.75 0.18346791
5220.6 0.17541072
5224.45 0.17446066
5228.3 0.17534110
5232.15 0.17505752
5236.0 0.16692056
5239.85 0.16538151
5243.7 0.16521077
5247.55 0.17052369
5251.4 0.17726110
5255.25 0.17026278
5259.1 0.16780894
5262.95 0.16733970
5266.8 0.16418923
5270.65 0.16401999
5274.5 0.16385105
5278.35 0.17493558
5282.2 0.16829278
5286.05 0.16951497
5289.9 0.16317789
5293.75 0.16301025
5297.6 0.16599838
5301.45 0.17133756
5305.3 0.17001992
5309.15 0.16603729
5313.0 0.16772948
5316.85 0.16789767
5320.7 0.16666700
5324.55 0.16167898
5328.4 0.16151376
5332.25 0.16134880
5336.1 0.16267709
5339.95 0.16101968
5343.8 0.16085552
5347.65 0.16069165
5351.5 0.16450791
5355.35 0.16036464
5359.2 0.16020153
5363.05 0.16003869
5366.9 0.16225770
5370.75 0.15971375
5374.6 0.15955168
5378.45 0.15938987
5382.3 0.15922831
5386.15 0.16354443
5390.0 0.15986027
5393.85 0.16869006
5397.7 0.15978484
5401.55 0.15979698
5405.4 0.15826443
5409.25 0.15810472
5413.1 0.16940746
5416.95 0.17579298
5420.8 0.16970874
5424.65 0.18234590
5428.5 0.16861971
5432.35 0.18975417
5436.2 0.17864248
5440.05 0.16508640
5443.9 0.18374895
5447.75 0.17119125
5451.6 0.16697486
5455.45 0.16838586
5459.3 0.16308106
5463.15 0.16079336
5467.0 0.15573896
5470.85 0.15558323
5474.7 0.15783291
5478.55 0.16376643
5482.4 0.15511760
5486.25 0.15496293
5490.1 0.15480846
5493.95 0.15465426
5497.8 0.17010525
5501.65 0.15802474
5505.5 0.15419309
5509.35 0.15403989
5513.2 0.15665317
5517.05 0.15560907
5520.9 0.15358163
5524.75 0.15342945
5528.6 0.15779757
5532.45 0.16270700
5536.3 0.17173542
5540.15 0.15282285
5544.0 0.16909000
5547.85 0.15296178
5551.7 0.16017997
5555.55 0.15222020
5559.4 0.16253695
5563.25 0.15827766
5567.1 0.15796888
5570.95 0.16111924
5574.8 0.16864562
5578.65 0.16067910
5582.5 0.15117483
5586.35 0.16137339
5590.2 0.17866647
5594.05 0.15073040
5597.9 0.15058275
5601.75 0.15086769
5605.6 0.15028808
5609.45 0.15014115
5613.3 0.14999440
5617.15 0.16469215
5621.0 0.16044000
5624.85 0.14955567
5628.7 0.14940989
5632.55 0.15743323
5636.4 0.16848478
5640.25 0.14897393
5644.1 0.15023200
5647.95 0.18364128
5651.8 0.15793571
5655.65 0.15658203
5659.5 0.14825201
5663.35 0.16847125
5667.2 0.18006660
5671.05 0.17201944
5674.9 0.18921801
5678.75 0.18525465
5682.6 0.19524811
5686.45 0.16971391
5690.3 0.17610756
5694.15 0.21690036
5698.0 0.19454829
5701.85 0.18671082
5705.7 0.16900757
5709.55 0.16332890
5713.4 0.20190138
5717.25 0.19259357
5721.1 0.18632913
5724.95 0.17355965
5728.8 0.15530148
5732.65 0.17551592
5736.5 0.14542185
5740.35 0.14528272
5744.2 0.14514379
5748.05 0.14500515
5751.9 0.14486670
5755.75 0.14472847
5759.6 0.14459048
5763.45 0.14445268
5767.3 0.14431512
5771.15 0.14417778
5775.0 0.14404069
5778.85 0.14390378
5782.7 0.14376712
5786.55 0.14363067
5790.4 0.14349446
5794.25 0.14335847
5798.1 0.14322264
5801.95 0.14308709
5805.8 0.14295173
5809.65 0.14281663
5813.5 0.14268172
5817.35 0.14254703
5821.2 0.14241259
5825.05 0.14227833
5828.9 0.14214428
5832.75 0.14201044
5836.6 0.14187685
5840.45 0.14174350
5844.3 0.14161028
5848.15 0.14147733
5852.0 0.14134465
5855.85 0.14121211
5859.7 0.14107980
5863.55 0.14094770
5867.4 0.14081582
5871.25 0.14068417
5875.1 0.14055274
5878.95 0.14042154
5882.8 0.14029054
5886.65 0.14015970
5890.5 0.14002910
5894.35 0.13989875
5898.2 0.13976856
5902.05 0.13963862
5905.9 0.13950887
5909.75 0.13937937
5913.6 0.13925004
5917.45 0.13912092
5921.3 0.13899206
5925.15 0.13886338
5929.0 0.13873489
5932.85 0.13860662
5936.7 0.13847861
5940.55 0.13835073
5944.4 0.13822313
5948.25 0.13809565
5952.1 0.13796841
5955.95 0.13784145
5959.8 0.13771477
5963.65 0.13758807
5967.5 0.13746166
5971.35 0.13733552
5975.2 0.13720958
5979.05 0.13708369
5982.9 0.13695809
5986.75 0.13683295
5990.6 0.13670762
5994.45 0.13658275
5998.3 0.13645811
