1351.0 0.0
1352.0 0.0
1353.0 0.0
1354.0 0.0
1355.0 0.0
1356.0 0.0
1357.0 0.0
1358.0 0.0
1359.0 0.0
1360.0 0.0
1361.0 0.0
1362.0 0.0
1363.0 0.0
1364.0 0.0
1365.0 0.0
1366.0 0.0
1367.0 0.0
1368.0 0.0
1369.0 0.0
1370.0 0.0
1371.0 0.0
1372.0 0.0
1373.0 0.0
1374.0 0.0
1375.0 0.0
1376.0 0.0
1377.0 0.0
1378.0 0.0
1379.0 0.0
1380.0 0.0
1381.0 0.0
1382.0 0.0
1383.0 0.0
1384.0 0.0
1385.0 0.0
1386.0 0.0
1387.0 0.0001
1388.0 0.0
1389.0 0.0001
1390.0 0.0
1391.0 0.0001
1392.0 0.0
1393.0 0.0001
1394.0 0.0001
1395.0 0.0
1396.0 0.0
1397.0 0.0001
1398.0 0.0001
1399.0 0.0001
1400.0 0.0
1401.0 0.0
1402.0 0.0001
1403.0 0.0001
1404.0 0.0001
1405.0 0.0
1406.0 0.0002
1407.0 0.0
1408.0 0.0002
1409.0 0.0001
1410.0 0.0002
1411.0 0.0002
1412.0 0.0002
1413.0 0.0003
1414.0 0.0002
1415.0 0.0002
1416.0 0.0004
1417.0 0.0003
1418.0 0.0003
1419.0 0.0001
1420.0 0.0003
1421.0 0.0005
1422.0 0.0006
1423.0 0.0005
1424.0 0.0002
1425.0 0.0006
1426.0 0.0006
1427.0 0.0008
1428.0 0.0006
1429.0 0.0006
1430.0 0.0007
1431.0 0.0007
1432.0 0.0007
1433.0 0.0009
1434.0 0.0011
1435.0 0.0013
1436.0 0.001
1437.0 0.0014
1438.0 0.0009
1439.0 0.0018
1440.0 0.0019
1441.0 0.002
1442.0 0.0023
1443.0 0.0013
1444.0 0.0026
1445.0 0.0029
1446.0 0.002
1447.0 0.0026
1448.0 0.0037
1449.0 0.0041
1450.0 0.0035
1451.0 0.0028
1452.0 0.0045
1453.0 0.0043
1454.0 0.0063
1455.0 0.0062
1456.0 0.0072
1457.0 0.0075
1458.0 0.0084
1459.0 0.0096
1460.0 0.0099
1461.0 0.0109
1462.0 0.0123
1463.0 0.0103
1464.0 0.0141
1465.0 0.0132
1466.0 0.0137
1467.0 0.0132
1468.0 0.0181
1469.0 0.0221
1470.0 0.0235
1471.0 0.0164
1472.0 0.0276
1473.0 0.0303
1474.0 0.0322
1475.0 0.0395
1476.0 0.032
1477.0 0.0351
1478.0 0.0342
1479.0 0.0515
1480.0 0.0547
1481.0 0.0636
1482.0 0.0557
1483.0 0.0729
1484.0 0.0803
1485.0 0.0867
1486.0 0.0899
1487.0 0.0925
1488.0 0.0927
1489.0 0.1138
1490.0 0.1213
1491.0 0.1303
1492.0 0.1325
1493.0 0.1398
1494.0 0.1476
1495.0 0.1473
1496.0 0.1619
1497.0 0.173
1498.0 0.1689
1499.0 0.1819
1500.0 0.1897
1501.0 0.1959
1502.0 0.196
1503.0 0.2011
1504.0 0.1925
1505.0 0.2092
1506.0 0.2155
1507.0 0.2189
1508.0 0.2217
1509.0 0.2137
1510.0 0.2262
1511.0 0.2265
1512.0 0.2305
1513.0 0.2291
1514.0 0.2299
1515.0 0.2327
1516.0 0.2347
1517.0 0.2346
1518.0 0.2367
1519.0 0.2346
1520.0 0.2377
1521.0 0.2388
1522.0 0.2382
1523.0 0.2397
1524.0 0.2401
1525.0 0.2398
1526.0 0.24
1527.0 0.2405
1528.0 0.2411
1529.0 0.2415
1530.0 0.2415
1531.0 0.242
1532.0 0.2421
1533.0 0.2419
1534.0 0.2414
1535.0 0.2412
1536.0 0.2422
1537.0 0.2433
1538.0 0.2443
1539.0 0.2439
1540.0 0.2437
1541.0 0.2446
1542.0 0.2447
1543.0 0.2456
1544.0 0.2466
1545.0 0.247
1546.0 0.2475
1547.0 0.2481
1548.0 0.2485
1549.0 0.2489
1550.0 0.2494
1551.0 0.2497
1552.0 0.2499
1553.0 0.2506
1554.0 0.251
1555.0 0.2514
1556.0 0.2518
1557.0 0.2522
1558.0 0.2526
1559.0 0.253
1560.0 0.2534
1561.0 0.2537
1562.0 0.2541
1563.0 0.2545
1564.0 0.2548
1565.0 0.2552
1566.0 0.2554
1567.0 0.2556
1568.0 0.2552
1569.0 0.2531
1570.0 0.2486
1571.0 0.2439
1572.0 0.2405
1573.0 0.2411
1574.0 0.2448
1575.0 0.2545
1576.0 0.2521
1577.0 0.2461
1578.0 0.249
1579.0 0.2486
1580.0 0.2472
1581.0 0.2507
1582.0 0.2533
1583.0 0.2549
1584.0 0.2572
1585.0 0.2585
1586.0 0.2593
1587.0 0.2593
1588.0 0.2595
1589.0 0.2597
1590.0 0.2598
1591.0 0.2599
1592.0 0.26
1593.0 0.2601
1594.0 0.2602
1595.0 0.2602
1596.0 0.2603
1597.0 0.2603
1598.0 0.2598
1599.0 0.2578
1600.0 0.2537
1601.0 0.2486
1602.0 0.2458
1603.0 0.2452
1604.0 0.2468
1605.0 0.2549
1606.0 0.258
1607.0 0.2523
1608.0 0.2525
1609.0 0.2511
1610.0 0.249
1611.0 0.2522
1612.0 0.2552
1613.0 0.2575
1614.0 0.2607
1615.0 0.2625
1616.0 0.263
1617.0 0.2631
1618.0 0.2636
1619.0 0.264
1620.0 0.2645
1621.0 0.2648
1622.0 0.265
1623.0 0.2652
1624.0 0.2651
1625.0 0.2657
1626.0 0.2652
1627.0 0.2657
1628.0 0.2654
1629.0 0.2659
1630.0 0.266
1631.0 0.2658
1632.0 0.2656
1633.0 0.2635
1634.0 0.2656
1635.0 0.2652
1636.0 0.2649
1637.0 0.265
1638.0 0.2626
1639.0 0.2635
1640.0 0.2623
1641.0 0.2622
1642.0 0.2611
1643.0 0.248
1644.0 0.2605
1645.0 0.261
1646.0 0.2606
1647.0 0.2595
1648.0 0.2536
1649.0 0.2572
1650.0 0.2574
1651.0 0.2411
1652.0 0.2556
1653.0 0.256
1654.0 0.253
1655.0 0.2541
1656.0 0.2538
1657.0 0.2533
1658.0 0.2531
1659.0 0.2524
1660.0 0.2516
1661.0 0.2514
1662.0 0.2504
1663.0 0.2502
1664.0 0.2497
1665.0 0.2486
1666.0 0.23
1667.0 0.2444
1668.0 0.2474
1669.0 0.2478
1670.0 0.2476
1671.0 0.2471
1672.0 0.2472
1673.0 0.2471
1674.0 0.2469
1675.0 0.2469
1676.0 0.247
1677.0 0.2468
1678.0 0.2469
1679.0 0.2473
1680.0 0.2472
1681.0 0.2447
1682.0 0.2476
1683.0 0.2478
1684.0 0.2376
1685.0 0.2481
1686.0 0.2486
1687.0 0.2479
1688.0 0.2489
1689.0 0.2489
1690.0 0.2496
1691.0 0.249
1692.0 0.2495
1693.0 0.2505
1694.0 0.2458
1695.0 0.2501
1696.0 0.2511
1697.0 0.2497
1698.0 0.2508
1699.0 0.2511
1700.0 0.2494
1701.0 0.2478
1702.0 0.2506
1703.0 0.25
1704.0 0.2503
1705.0 0.2498
1706.0 0.2496
1707.0 0.2483
1708.0 0.2471
1709.0 0.247
1710.0 0.2485
1711.0 0.2483
1712.0 0.248
1713.0 0.2476
1714.0 0.2446
1715.0 0.2467
1716.0 0.2426
1717.0 0.2449
1718.0 0.245
1719.0 0.2441
1720.0 0.2432
1721.0 0.2405
1722.0 0.2416
1723.0 0.2407
1724.0 0.24
1725.0 0.2376
1726.0 0.2373
1727.0 0.237
1728.0 0.2382
1729.0 0.2344
1730.0 0.2378
1731.0 0.2357
1732.0 0.2243
1733.0 0.2362
1734.0 0.2359
1735.0 0.2345
1736.0 0.2293
1737.0 0.2313
1738.0 0.2337
1739.0 0.2343
1740.0 0.2291
1741.0 0.2294
1742.0 0.232
1743.0 0.233
1744.0 0.2327
1745.0 0.2324
1746.0 0.2315
1747.0 0.2088
1748.0 0.2314
1749.0 0.2306
1750.0 0.2301
1751.0 0.2296
1752.0 0.2287
1753.0 0.2281
1754.0 0.2274
1755.0 0.2106
1756.0 0.2256
1757.0 0.215
1758.0 0.2229
1759.0 0.2218
1760.0 0.2199
1761.0 0.2018
1762.0 0.2162
1763.0 0.1997
1764.0 0.2119
1765.0 0.2092
1766.0 0.1297
1767.0 0.2036
1768.0 0.2003
1769.0 0.197
1770.0 0.1914
1771.0 0.1874
1772.0 0.1877
1773.0 0.1843
1774.0 0.1598
1775.0 0.1743
1776.0 0.1592
1777.0 0.168
1778.0 0.1633
1779.0 0.1347
1780.0 0.1571
1781.0 0.141
1782.0 0.1481
1783.0 0.1454
1784.0 0.1344
1785.0 0.1025
1786.0 0.1113
1787.0 0.1103
1788.0 0.1247
1789.0 0.1141
1790.0 0.1156
1791.0 0.0975
1792.0 0.0997
1793.0 0.101
1794.0 0.0745
1795.0 0.091
1796.0 0.0801
1797.0 0.0603
1798.0 0.0705
1799.0 0.0829
1800.0 0.0539
1801.0 0.039
1802.0 0.0587
1803.0 0.0604
1804.0 0.051
1805.0 0.0635
1806.0 0.0365
1807.0 0.0526
1808.0 0.0516
1809.0 0.0343
1810.0 0.0467
1811.0 0.0163
1812.0 0.0267
1813.0 0.0118
1814.0 0.0392
1815.0 0.0225
1816.0 0.0229
1817.0 0.0191
1818.0 0.0308
1819.0 0.0236
1820.0 0.0134
1821.0 0.0116
1822.0 0.006
1823.0 0.0171
1824.0 0.0234
1825.0 0.0133
1826.0 0.0081
1827.0 0.0135
1828.0 0.0118
1829.0 0.0012
1830.0 0.0044
1831.0 0.004
1832.0 0.0115
1833.0 0.0059
1834.0 0.0092
1835.0 0.0004
1836.0 0.0013
1837.0 0.0049
1838.0 0.0002
1839.0 0.0068
1840.0 0.0001
1841.0 0.0049
1842.0 0.0
1843.0 0.0048
1844.0 0.0026
1845.0 0.0063
1846.0 0.004
1847.0 0.0
1848.0 0.0001
1849.0 0.0013
1850.0 0.0024
1851.0 0.0016
1852.0 0.0045
1853.0 0.0001
1854.0 0.0
1855.0 0.0017
1856.0 0.0022
1857.0 0.0004
1858.0 0.0028
1859.0 0.0023
1860.0 0.0001
1861.0 0.0006
1862.0 0.0029
1863.0 0.0015
1864.0 0.0013
1865.0 0.0011
1866.0 0.0026
1867.0 0.0014
1868.0 0.0
1869.0 0.0008
1870.0 0.0003
1871.0 0.0
1872.0 0.0006
1873.0 0.0
1874.0 0.0
1875.0 0.0006
1876.0 0.0007
1877.0 0.0
1878.0 0.001
1879.0 0.0016
1880.0 0.0016
1881.0 0.0002
1882.0 0.0013
1883.0 0.0013
1884.0 0.0001
1885.0 0.001
1886.0 0.0011
1887.0 0.0003
1888.0 0.0013
1889.0 0.0012
1890.0 0.0001
1891.0 0.0008
1892.0 0.0003
1893.0 0.0004
1894.0 0.0002
1895.0 0.0008
1896.0 0.0007
1897.0 0.0009
1898.0 0.0001
1899.0 0.0001
1900.0 0.0001
1901.0 0.0002
1902.0 0.0007
1903.0 0.0
1904.0 0.0006
1905.0 0.0002
1906.0 0.0001
1907.0 0.0
1908.0 0.0007
1909.0 0.0002
1910.0 0.0005
1911.0 0.0004
1912.0 0.0002
1913.0 0.0004
1914.0 0.0001
1915.0 0.0003
1916.0 0.0002
1917.0 0.0003
1918.0 0.0006
1919.0 0.0005
1920.0 0.0
1921.0 0.0
1922.0 0.0005
1923.0 0.0005
1924.0 0.0
1925.0 0.0004
1926.0 0.0004
1927.0 0.0001
1928.0 0.0004
1929.0 0.0003
1930.0 0.0004
1931.0 0.0001
1932.0 0.0002
1933.0 0.0003
1934.0 0.0001
1935.0 0.0004
1936.0 0.0004
1937.0 0.0004
1938.0 0.0002
1939.0 0.0002
1940.0 0.0002
1941.0 0.0002
1942.0 0.0003
1943.0 0.0004
1944.0 0.0003
1945.0 0.0002
1946.0 0.0003
1947.0 0.0003
1948.0 0.0003
1949.0 0.0003
1950.0 0.0002
