1901.0 0.0001
1902.0 0.0003
1903.0 0.0
1904.0 0.0003
1905.0 0.0001
1906.0 0.0001
1907.0 0.0
1908.0 0.0004
1909.0 0.0001
1910.0 0.0004
1911.0 0.0003
1912.0 0.0002
1913.0 0.0003
1914.0 0.0001
1915.0 0.0003
1916.0 0.0002
1917.0 0.0003
1918.0 0.0008
1919.0 0.0007
1920.0 0.0
1921.0 0.0
1922.0 0.0008
1923.0 0.0009
1924.0 0.0001
1925.0 0.0009
1926.0 0.0008
1927.0 0.0002
1928.0 0.0011
1929.0 0.0008
1930.0 0.001
1931.0 0.0004
1932.0 0.0008
1933.0 0.001
1934.0 0.0004
1935.0 0.0018
1936.0 0.0016
1937.0 0.0017
1938.0 0.0008
1939.0 0.0009
1940.0 0.0013
1941.0 0.0013
1942.0 0.002
1943.0 0.0024
1944.0 0.0022
1945.0 0.0015
1946.0 0.0024
1947.0 0.0023
1948.0 0.0025
1949.0 0.0028
1950.0 0.0026
1951.0 0.0025
1952.0 0.0031
1953.0 0.0027
1954.0 0.0027
1955.0 0.0026
1956.0 0.0025
1957.0 0.0028
1958.0 0.0027
1959.0 0.0025
1960.0 0.0036
1961.0 0.0033
1962.0 0.0039
1963.0 0.0042
1964.0 0.0032
1965.0 0.0053
1966.0 0.0035
1967.0 0.0061
1968.0 0.004
1969.0 0.0065
1970.0 0.006
1971.0 0.0059
1972.0 0.0072
1973.0 0.007
1974.0 0.0073
1975.0 0.009
1976.0 0.0084
1977.0 0.0094
1978.0 0.01
1979.0 0.0106
1980.0 0.0083
1981.0 0.0114
1982.0 0.012
1983.0 0.0118
1984.0 0.0131
1985.0 0.0133
1986.0 0.0142
1987.0 0.0111
1988.0 0.0154
1989.0 0.0162
1990.0 0.0151
1991.0 0.0175
1992.0 0.0185
1993.0 0.0194
1994.0 0.0193
1995.0 0.0211
1996.0 0.0212
1997.0 0.0203
1998.0 0.0181
1999.0 0.0171
2000.0 0.0182
2001.0 0.0139
2003.0 0.0085
2004.0 0.0102
2005.0 0.0116
2008.0 0.0179
2009.0 0.0365
2012.0 0.0279
2013.0 0.0229
2016.0 0.0386
2017.0 0.047
2020.0 0.063
2021.0 0.0741
2024.0 0.0739
2025.0 0.0918
2028.0 0.1139
2029.0 0.1215
2032.0 0.136
2033.0 0.1393
2036.0 0.1529
2037.0 0.157
2040.0 0.1622
2041.0 0.165
2044.0 0.1749
2045.0 0.1802
2048.0 0.1723
2049.0 0.1707
2050.0 0.1562
2051.0 0.1352
2052.0 0.1382
2053.0 0.1579
2054.0 0.1547
2055.0 0.1201
2056.0 0.1491
2057.0 0.1606
2058.0 0.13
2059.0 0.183
2060.0 0.1711
2061.0 0.1602
2062.0 0.1884
2063.0 0.1222
2064.0 0.1814
2065.0 0.1457
2066.0 0.1551
2067.0 0.1863
2068.0 0.1387
2069.0 0.1827
2070.0 0.194
2071.0 0.1591
2072.0 0.1758
2073.0 0.2038
2074.0 0.1964
2075.0 0.1761
2076.0 0.1958
2077.0 0.2046
2078.0 0.2082
2079.0 0.2111
2080.0 0.209
2081.0 0.2106
2082.0 0.2096
2083.0 0.2102
2084.0 0.2093
2085.0 0.2089
2086.0 0.213
2087.0 0.2106
2088.0 0.2161
2089.0 0.2172
2090.0 0.2113
2091.0 0.2162
2092.0 0.2194
2093.0 0.2196
2094.0 0.2151
2095.0 0.2195
2096.0 0.2205
2097.0 0.2214
2098.0 0.2213
2099.0 0.2191
2100.0 0.2219
2101.0 0.2216
2102.0 0.2211
2103.0 0.2221
2104.0 0.2232
2105.0 0.2221
2106.0 0.2231
2107.0 0.2228
2108.0 0.2226
2109.0 0.2219
2110.0 0.2219
2111.0 0.222
2112.0 0.2211
2113.0 0.2242
2114.0 0.2233
2115.0 0.2239
2116.0 0.2241
2117.0 0.2237
2118.0 0.2239
2119.0 0.2242
2120.0 0.2232
2121.0 0.2244
2122.0 0.2247
2123.0 0.2249
2124.0 0.225
2125.0 0.2249
2126.0 0.2257
2127.0 0.2259
2128.0 0.2231
2129.0 0.2261
2130.0 0.2263
2131.0 0.2266
2132.0 0.2267
2133.0 0.2268
2134.0 0.227
2135.0 0.2271
2136.0 0.2258
2137.0 0.2274
2138.0 0.2276
2139.0 0.2276
2140.0 0.2278
2141.0 0.2279
2142.0 0.2281
2143.0 0.2274
2144.0 0.2283
2145.0 0.2284
2146.0 0.2284
2147.0 0.2284
2148.0 0.228
2149.0 0.2274
2150.0 0.2274
2151.0 0.2279
2152.0 0.2268
2153.0 0.226
2154.0 0.2283
2155.0 0.2274
2156.0 0.2292
2157.0 0.229
2158.0 0.2289
2159.0 0.2264
2160.0 0.2276
2161.0 0.2239
2162.0 0.229
2163.0 0.2287
2164.0 0.2288
2165.0 0.2287
2166.0 0.2288
2167.0 0.2242
2168.0 0.2281
2169.0 0.2278
2170.0 0.229
2171.0 0.2291
2172.0 0.229
2173.0 0.2259
2174.0 0.2282
2175.0 0.2277
2176.0 0.2277
2177.0 0.2288
2178.0 0.2279
2179.0 0.2278
2180.0 0.2285
2181.0 0.2285
2182.0 0.2285
2183.0 0.2268
2184.0 0.2216
2185.0 0.2171
2186.0 0.2281
2187.0 0.2264
2188.0 0.2265
2189.0 0.228
2190.0 0.2277
2191.0 0.2278
2192.0 0.2279
2193.0 0.2278
2194.0 0.2278
2195.0 0.2203
2196.0 0.2277
2197.0 0.2276
2198.0 0.2258
2199.0 0.2235
2200.0 0.2067
2201.0 0.2249
2202.0 0.2208
2203.0 0.2231
2204.0 0.225
2205.0 0.2169
2206.0 0.2264
2207.0 0.2276
2208.0 0.2281
2209.0 0.2285
2210.0 0.2286
2211.0 0.2266
2212.0 0.2289
2213.0 0.2291
2214.0 0.2289
2215.0 0.2278
2216.0 0.2242
2217.0 0.2289
2218.0 0.2292
2219.0 0.2301
2220.0 0.2301
2221.0 0.2297
2222.0 0.2252
2223.0 0.2305
2224.0 0.2299
2225.0 0.2308
2226.0 0.2302
2227.0 0.2267
2228.0 0.2313
2229.0 0.2318
2230.0 0.2328
2231.0 0.2316
2232.0 0.2313
2233.0 0.2316
2234.0 0.2331
2235.0 0.2332
2236.0 0.231
2237.0 0.2334
2238.0 0.2283
2239.0 0.2358
2240.0 0.2355
2241.0 0.2339
2242.0 0.2369
2243.0 0.2338
2244.0 0.2261
2245.0 0.2376
2246.0 0.2283
2247.0 0.2262
2248.0 0.2375
2249.0 0.2367
2250.0 0.236
2251.0 0.2344
2252.0 0.2375
2253.0 0.2345
2254.0 0.2226
2255.0 0.2373
2256.0 0.2273
2257.0 0.2219
2258.0 0.2339
2259.0 0.2378
2260.0 0.2318
2261.0 0.2151
2262.0 0.2227
2263.0 0.2389
2264.0 0.2324
2265.0 0.2249
2266.0 0.2373
2267.0 0.2348
2268.0 0.2285
2269.0 0.2212
2270.0 0.2339
2271.0 0.2349
2272.0 0.2298
2273.0 0.2335
2274.0 0.2343
2275.0 0.2263
2276.0 0.2072
2277.0 0.2221
2278.0 0.2276
2279.0 0.2302
2280.0 0.2302
2281.0 0.2126
2282.0 0.2267
2283.0 0.1837
2284.0 0.1929
2285.0 0.22
2286.0 0.2251
2287.0 0.2214
2288.0 0.2224
2289.0 0.2212
2290.0 0.1853
2291.0 0.213
2292.0 0.2183
2293.0 0.2179
2294.0 0.205
2295.0 0.1955
2296.0 0.2014
2297.0 0.2148
2298.0 0.2077
2299.0 0.2005
2300.0 0.1964
2301.0 0.2005
2302.0 0.2068
2303.0 0.2088
2304.0 0.1984
2305.0 0.2021
2306.0 0.2025
2307.0 0.2068
2308.0 0.2063
2309.0 0.2043
2310.0 0.2052
2311.0 0.2115
2312.0 0.2057
2313.0 0.2114
2314.0 0.2115
2315.0 0.2109
2316.0 0.1933
2317.0 0.1463
2318.0 0.176
2319.0 0.1999
2320.0 0.2003
2321.0 0.2025
2322.0 0.1967
2323.0 0.2059
2324.0 0.2064
2325.0 0.2124
2326.0 0.2146
2327.0 0.2151
2328.0 0.217
2329.0 0.2106
2330.0 0.2184
2331.0 0.2096
2332.0 0.2083
2333.0 0.217
2334.0 0.2071
2335.0 0.2072
2336.0 0.2047
2337.0 0.2223
2338.0 0.2165
2339.0 0.2171
2340.0 0.1883
2341.0 0.2068
2342.0 0.2147
2343.0 0.2226
2344.0 0.2223
2345.0 0.2106
2346.0 0.2193
2347.0 0.2172
2348.0 0.1979
2349.0 0.2216
2350.0 0.2184
2351.0 0.1808
2352.0 0.2107
2353.0 0.2207
2354.0 0.2247
2355.0 0.2139
2356.0 0.1652
2357.0 0.2168
2358.0 0.209
2359.0 0.1768
2360.0 0.2144
2361.0 0.2115
2362.0 0.2024
2363.0 0.2049
2364.0 0.1818
2365.0 0.1962
2366.0 0.1899
2367.0 0.1855
2368.0 0.1788
2369.0 0.1637
2370.0 0.1516
2371.0 0.1262
2372.0 0.1441
2373.0 0.1493
2374.0 0.1551
2375.0 0.1457
2376.0 0.1445
2377.0 0.1256
2378.0 0.1261
2379.0 0.134
2380.0 0.1184
2381.0 0.1248
2382.0 0.1221
2383.0 0.1018
2384.0 0.0779
2385.0 0.1088
2386.0 0.0845
2387.0 0.1002
2388.0 0.0823
2389.0 0.0938
2390.0 0.0822
2391.0 0.0798
2392.0 0.0823
2393.0 0.0778
2394.0 0.0753
2395.0 0.0699
2396.0 0.0693
2397.0 0.0599
2398.0 0.062
2399.0 0.0592
2400.0 0.0577
2401.0 0.0557
2402.0 0.0523
2403.0 0.0504
2404.0 0.0428
2405.0 0.0462
2406.0 0.0423
2407.0 0.032
2408.0 0.0385
2409.0 0.0374
2410.0 0.0285
2411.0 0.0347
2412.0 0.0313
2413.0 0.0313
2414.0 0.028
2415.0 0.028
2416.0 0.0146
2417.0 0.0251
2418.0 0.0236
2419.0 0.0152
2420.0 0.0211
2421.0 0.0203
2422.0 0.018
2423.0 0.0181
2424.0 0.0135
2425.0 0.0157
2426.0 0.0151
2427.0 0.0145
2428.0 0.0137
2429.0 0.013
2430.0 0.0122
2431.0 0.0116
2432.0 0.011
2433.0 0.0099
2434.0 0.0097
2435.0 0.0074
2436.0 0.0057
2437.0 0.0079
2438.0 0.0077
2439.0 0.0073
2440.0 0.0069
2441.0 0.0065
2442.0 0.0062
2443.0 0.0052
2444.0 0.0054
2445.0 0.0051
2446.0 0.0019
2447.0 0.004
2448.0 0.0033
2449.0 0.0041
2450.0 0.0029
2451.0 0.0028
2452.0 0.0032
2453.0 0.0033
2454.0 0.0028
2455.0 0.0026
2456.0 0.0028
2457.0 0.0026
2458.0 0.0025
2459.0 0.0023
2460.0 0.0022
2461.0 0.0021
2462.0 0.0019
2463.0 0.0011
2464.0 0.0018
2465.0 0.0017
2466.0 0.0016
2467.0 0.0015
2468.0 0.0012
2469.0 0.0014
2470.0 0.0013
2471.0 0.0012
2472.0 0.0005
2473.0 0.0004
2474.0 0.0011
2475.0 0.001
2476.0 0.001
2477.0 0.0009
2478.0 0.0009
2479.0 0.0008
2480.0 0.0007
2481.0 0.0007
2482.0 0.0007
2483.0 0.0007
2484.0 0.0003
2485.0 0.0006
2486.0 0.0006
2487.0 0.0004
2488.0 0.0001
2489.0 0.0005
2490.0 0.0005
2491.0 0.0004
2492.0 0.0002
2493.0 0.0004
2494.0 0.0004
2495.0 0.0002
2496.0 0.0004
2497.0 0.0004
2498.0 0.0003
2499.0 0.0003
