      1.010000e+03  0.000000e+00
      1.020000e+03  0.000000e+00
      1.030000e+03  0.000000e+00
      1.040000e+03  0.000000e+00
      1.050000e+03  0.000000e+00
      1.060000e+03  0.000000e+00
      1.070000e+03  0.000000e+00
      1.080000e+03  0.000000e+00
      1.090000e+03  0.000000e+00
      1.100000e+03  0.000000e+00
      1.110000e+03  0.000000e+00
      1.120000e+03  0.000000e+00
      1.130000e+03  0.000000e+00
      1.140000e+03  0.000000e+00
      1.150000e+03  0.000000e+00
      1.160000e+03  0.000000e+00
      1.170000e+03  0.000000e+00
      1.180000e+03  0.000000e+00
      1.190000e+03  0.000000e+00
      1.200000e+03  0.000000e+00
      1.210000e+03  0.000000e+00
      1.220000e+03  0.000000e+00
      1.230000e+03  0.000000e+00
      1.240000e+03  0.000000e+00
      1.250000e+03  0.000000e+00
      1.260000e+03  0.000000e+00
      1.270000e+03  0.000000e+00
      1.280000e+03  0.000000e+00
      1.290000e+03  0.000000e+00
      1.300000e+03  0.000000e+00
      1.310000e+03  0.000000e+00
      1.320000e+03  0.000000e+00
      1.330000e+03  0.000000e+00
      1.340000e+03  0.000000e+00
      1.350000e+03  0.000000e+00
      1.360000e+03  0.000000e+00
      1.370000e+03  0.000000e+00
      1.380000e+03  0.000000e+00
      1.390000e+03  0.000000e+00
      1.400000e+03  0.000000e+00
      1.410000e+03  0.000000e+00
      1.420000e+03  0.000000e+00
      1.430000e+03  0.000000e+00
      1.440000e+03  0.000000e+00
      1.450000e+03  0.000000e+00
      1.460000e+03  0.000000e+00
      1.470000e+03  0.000000e+00
      1.480000e+03  0.000000e+00
      1.490000e+03  0.000000e+00
      1.500000e+03  0.000000e+00
      1.510000e+03  0.000000e+00
      1.520000e+03  0.000000e+00
      1.530000e+03  0.000000e+00
      1.540000e+03  0.000000e+00
      1.550000e+03  0.000000e+00
      1.560000e+03  0.000000e+00
      1.570000e+03  0.000000e+00
      1.580000e+03  0.000000e+00
      1.590000e+03  0.000000e+00
      1.600000e+03  0.000000e+00
      1.610000e+03  0.000000e+00
      1.620000e+03  0.000000e+00
      1.630000e+03  0.000000e+00
      1.640000e+03  0.000000e+00
      1.650000e+03  0.000000e+00
      1.660000e+03  0.000000e+00
      1.670000e+03  0.000000e+00
      1.680000e+03  0.000000e+00
      1.690000e+03  0.000000e+00
      1.700000e+03  0.000000e+00
      1.710000e+03  0.000000e+00
      1.720000e+03  0.000000e+00
      1.730000e+03  0.000000e+00
      1.740000e+03  0.000000e+00
      1.750000e+03  0.000000e+00
      1.760000e+03  0.000000e+00
      1.770000e+03  0.000000e+00
      1.780000e+03  0.000000e+00
      1.790000e+03  0.000000e+00
      1.800000e+03  0.000000e+00
      1.810000e+03  0.000000e+00
      1.820000e+03  0.000000e+00
      1.830000e+03  0.000000e+00
      1.840000e+03  0.000000e+00
      1.850000e+03  0.000000e+00
      1.860000e+03  0.000000e+00
      1.870000e+03  0.000000e+00
      1.880000e+03  0.000000e+00
      1.890000e+03  0.000000e+00
      1.900000e+03  0.000000e+00
      1.910000e+03  0.000000e+00
      1.920000e+03  0.000000e+00
      1.930000e+03  0.000000e+00
      1.940000e+03  0.000000e+00
      1.950000e+03  0.000000e+00
      1.960000e+03  0.000000e+00
      1.970000e+03  0.000000e+00
      1.980000e+03  0.000000e+00
      1.990000e+03  0.000000e+00
      2.000000e+03  0.000000e+00
      2.010000e+03  0.000000e+00
      2.020000e+03  0.000000e+00
      2.030000e+03  0.000000e+00
      2.040000e+03  0.000000e+00
      2.050000e+03  0.000000e+00
      2.060000e+03  0.000000e+00
      2.070000e+03  0.000000e+00
      2.080000e+03  0.000000e+00
      2.090000e+03  0.000000e+00
      2.100000e+03  0.000000e+00
      2.110000e+03  0.000000e+00
      2.120000e+03  0.000000e+00
      2.130000e+03  0.000000e+00
      2.140000e+03  0.000000e+00
      2.150000e+03  0.000000e+00
      2.160000e+03  0.000000e+00
      2.170000e+03  0.000000e+00
      2.180000e+03  0.000000e+00
      2.190000e+03  0.000000e+00
      2.200000e+03  0.000000e+00
      2.210000e+03  0.000000e+00
      2.220000e+03  0.000000e+00
      2.230000e+03  0.000000e+00
      2.240000e+03  0.000000e+00
      2.250000e+03  0.000000e+00
      2.260000e+03  0.000000e+00
      2.270000e+03  0.000000e+00
      2.280000e+03  0.000000e+00
      2.290000e+03  0.000000e+00
      2.300000e+03  0.000000e+00
      2.310000e+03  0.000000e+00
      2.320000e+03  0.000000e+00
      2.330000e+03  0.000000e+00
      2.340000e+03  0.000000e+00
      2.350000e+03  0.000000e+00
      2.360000e+03  0.000000e+00
      2.370000e+03  0.000000e+00
      2.380000e+03  0.000000e+00
      2.390000e+03  0.000000e+00
      2.400000e+03  0.000000e+00
      2.410000e+03  0.000000e+00
      2.420000e+03  0.000000e+00
      2.430000e+03  0.000000e+00
      2.440000e+03  0.000000e+00
      2.450000e+03  0.000000e+00
      2.460000e+03  0.000000e+00
      2.470000e+03  0.000000e+00
      2.480000e+03  0.000000e+00
      2.490000e+03  0.000000e+00
      2.500000e+03  0.000000e+00
      2.510000e+03  0.000000e+00
      2.520000e+03  0.000000e+00
      2.530000e+03  0.000000e+00
      2.540000e+03  0.000000e+00
      2.550000e+03  0.000000e+00
      2.560000e+03  0.000000e+00
      2.570000e+03  0.000000e+00
      2.580000e+03  0.000000e+00
      2.590000e+03  0.000000e+00
      2.600000e+03  0.000000e+00
      2.610000e+03  0.000000e+00
      2.620000e+03  0.000000e+00
      2.630000e+03  0.000000e+00
      2.640000e+03  0.000000e+00
      2.650000e+03  0.000000e+00
      2.660000e+03  0.000000e+00
      2.670000e+03  0.000000e+00
      2.680000e+03  0.000000e+00
      2.690000e+03  0.000000e+00
      2.700000e+03  0.000000e+00
      2.710000e+03  0.000000e+00
      2.720000e+03  0.000000e+00
      2.730000e+03  0.000000e+00
      2.740000e+03  0.000000e+00
      2.750000e+03  0.000000e+00
      2.760000e+03  0.000000e+00
      2.770000e+03  0.000000e+00
      2.780000e+03  0.000000e+00
      2.790000e+03  0.000000e+00
      2.800000e+03  0.000000e+00
      2.810000e+03  0.000000e+00
      2.820000e+03  0.000000e+00
      2.830000e+03  0.000000e+00
      2.840000e+03  0.000000e+00
      2.850000e+03  0.000000e+00
      2.860000e+03  0.000000e+00
      2.870000e+03  0.000000e+00
      2.880000e+03  0.000000e+00
      2.890000e+03  0.000000e+00
      2.900000e+03  0.000000e+00
      2.910000e+03  0.000000e+00
      2.920000e+03  0.000000e+00
      2.930000e+03  0.000000e+00
      2.940000e+03  0.000000e+00
      2.950000e+03  0.000000e+00
      2.960000e+03  0.000000e+00
      2.970000e+03  0.000000e+00
      2.980000e+03  0.000000e+00
      2.990000e+03  0.000000e+00
      3.000000e+03  0.000000e+00
      3.010000e+03  0.000000e+00
      3.020000e+03  0.000000e+00
      3.030000e+03  0.000000e+00
      3.040000e+03  0.000000e+00
      3.050000e+03  0.000000e+00
      3.060000e+03  0.000000e+00
      3.070000e+03  0.000000e+00
      3.080000e+03  0.000000e+00
      3.090000e+03  0.000000e+00
      3.100000e+03  0.000000e+00
      3.110000e+03  0.000000e+00
      3.120000e+03  0.000000e+00
      3.130000e+03  0.000000e+00
      3.140000e+03  0.000000e+00
      3.150000e+03  0.000000e+00
      3.160000e+03  0.000000e+00
      3.170000e+03  0.000000e+00
      3.180000e+03  0.000000e+00
      3.190000e+03  0.000000e+00
      3.200000e+03  0.000000e+00
      3.210000e+03  0.000000e+00
      3.220000e+03  0.000000e+00
      3.230000e+03  0.000000e+00
      3.240000e+03  0.000000e+00
      3.250000e+03  0.000000e+00
      3.260000e+03  0.000000e+00
      3.270000e+03  0.000000e+00
      3.280000e+03  0.000000e+00
      3.290000e+03  0.000000e+00
      3.300000e+03  0.000000e+00
      3.310000e+03  0.000000e+00
      3.320000e+03  0.000000e+00
      3.330000e+03  0.000000e+00
      3.340000e+03  0.000000e+00
      3.350000e+03  0.000000e+00
      3.360000e+03  0.000000e+00
      3.370000e+03  0.000000e+00
      3.380000e+03  0.000000e+00
      3.390000e+03  0.000000e+00
      3.400000e+03  0.000000e+00
      3.410000e+03  0.000000e+00
      3.420000e+03  0.000000e+00
      3.430000e+03  0.000000e+00
      3.440000e+03  0.000000e+00
      3.450000e+03  0.000000e+00
      3.460000e+03  0.000000e+00
      3.470000e+03  0.000000e+00
      3.480000e+03  0.000000e+00
      3.490000e+03  0.000000e+00
      3.500000e+03  0.000000e+00
      3.510000e+03  0.000000e+00
      3.520000e+03  0.000000e+00
      3.530000e+03  0.000000e+00
      3.540000e+03  0.000000e+00
      3.550000e+03  0.000000e+00
      3.560000e+03  0.000000e+00
      3.570000e+03  0.000000e+00
      3.580000e+03  0.000000e+00
      3.590000e+03  0.000000e+00
      3.600000e+03  0.000000e+00
      3.610000e+03  0.000000e+00
      3.620000e+03  0.000000e+00
      3.630000e+03  0.000000e+00
      3.640000e+03  0.000000e+00
      3.650000e+03  0.000000e+00
      3.660000e+03  0.000000e+00
      3.670000e+03  0.000000e+00
      3.680000e+03  0.000000e+00
      3.690000e+03  0.000000e+00
      3.700000e+03  0.000000e+00
      3.710000e+03  0.000000e+00
      3.720000e+03  0.000000e+00
      3.730000e+03  0.000000e+00
      3.740000e+03  0.000000e+00
      3.750000e+03  0.000000e+00
      3.760000e+03  0.000000e+00
      3.770000e+03  0.000000e+00
      3.780000e+03  0.000000e+00
      3.790000e+03  0.000000e+00
      3.800000e+03  0.000000e+00
      3.810000e+03  0.000000e+00
      3.820000e+03  0.000000e+00
      3.830000e+03  0.000000e+00
      3.840000e+03  0.000000e+00
      3.850000e+03  0.000000e+00
      3.860000e+03  0.000000e+00
      3.870000e+03  0.000000e+00
      3.880000e+03  0.000000e+00
      3.890000e+03  0.000000e+00
      3.900000e+03  0.000000e+00
      3.910000e+03  0.000000e+00
      3.920000e+03  0.000000e+00
      3.930000e+03  0.000000e+00
      3.940000e+03  0.000000e+00
      3.950000e+03  0.000000e+00
      3.960000e+03  0.000000e+00
      3.970000e+03  0.000000e+00
      3.980000e+03  0.000000e+00
      3.990000e+03  0.000000e+00
      4.000000e+03  0.000000e+00
      4.010000e+03  0.000000e+00
      4.020000e+03  0.000000e+00
      4.030000e+03  0.000000e+00
      4.040000e+03  0.000000e+00
      4.050000e+03  0.000000e+00
      4.060000e+03  0.000000e+00
      4.070000e+03  0.000000e+00
      4.080000e+03  0.000000e+00
      4.090000e+03  0.000000e+00
      4.100000e+03  0.000000e+00
      4.110000e+03  0.000000e+00
      4.120000e+03  0.000000e+00
      4.130000e+03  0.000000e+00
      4.140000e+03  0.000000e+00
      4.150000e+03  0.000000e+00
      4.160000e+03  0.000000e+00
      4.170000e+03  0.000000e+00
      4.180000e+03  0.000000e+00
      4.190000e+03  0.000000e+00
      4.200000e+03  0.000000e+00
      4.210000e+03  0.000000e+00
      4.220000e+03  0.000000e+00
      4.230000e+03  0.000000e+00
      4.240000e+03  0.000000e+00
      4.250000e+03  0.000000e+00
      4.260000e+03  0.000000e+00
      4.270000e+03  0.000000e+00
      4.280000e+03  0.000000e+00
      4.290000e+03  0.000000e+00
      4.300000e+03  0.000000e+00
      4.310000e+03  0.000000e+00
      4.320000e+03  0.000000e+00
      4.330000e+03  0.000000e+00
      4.340000e+03  0.000000e+00
      4.350000e+03  0.000000e+00
      4.360000e+03  0.000000e+00
      4.370000e+03  0.000000e+00
      4.380000e+03  0.000000e+00
      4.390000e+03  0.000000e+00
      4.400000e+03  0.000000e+00
      4.410000e+03  0.000000e+00
      4.420000e+03  0.000000e+00
      4.430000e+03  0.000000e+00
      4.440000e+03  0.000000e+00
      4.450000e+03  0.000000e+00
      4.460000e+03  0.000000e+00
      4.470000e+03  0.000000e+00
      4.480000e+03  0.000000e+00
      4.490000e+03  0.000000e+00
      4.500000e+03  0.000000e+00
      4.510000e+03  0.000000e+00
      4.520000e+03  0.000000e+00
      4.530000e+03  0.000000e+00
      4.540000e+03  0.000000e+00
      4.550000e+03  0.000000e+00
      4.560000e+03  0.000000e+00
      4.570000e+03  0.000000e+00
      4.580000e+03  0.000000e+00
      4.590000e+03  0.000000e+00
      4.600000e+03  0.000000e+00
      4.610000e+03  0.000000e+00
      4.620000e+03  0.000000e+00
      4.630000e+03  0.000000e+00
      4.640000e+03  0.000000e+00
      4.650000e+03  0.000000e+00
      4.660000e+03  0.000000e+00
      4.670000e+03  0.000000e+00
      4.680000e+03  0.000000e+00
      4.690000e+03  0.000000e+00
      4.700000e+03  0.000000e+00
      4.710000e+03  0.000000e+00
      4.720000e+03  0.000000e+00
      4.730000e+03  0.000000e+00
      4.740000e+03  0.000000e+00
      4.750000e+03  0.000000e+00
      4.760000e+03  0.000000e+00
      4.770000e+03  0.000000e+00
      4.780000e+03  0.000000e+00
      4.790000e+03  0.000000e+00
      4.800000e+03  0.000000e+00
      4.810000e+03  0.000000e+00
      4.820000e+03  0.000000e+00
      4.830000e+03  0.000000e+00
      4.840000e+03  0.000000e+00
      4.850000e+03  0.000000e+00
      4.860000e+03  0.000000e+00
      4.870000e+03  0.000000e+00
      4.880000e+03  0.000000e+00
      4.890000e+03  0.000000e+00
      4.900000e+03  0.000000e+00
      4.910000e+03  0.000000e+00
      4.920000e+03  0.000000e+00
      4.930000e+03  0.000000e+00
      4.940000e+03  0.000000e+00
      4.950000e+03  0.000000e+00
      4.960000e+03  0.000000e+00
      4.970000e+03  0.000000e+00
      4.980000e+03  0.000000e+00
      4.990000e+03  0.000000e+00
      5.000000e+03  0.000000e+00
      5.010000e+03  0.000000e+00
      5.020000e+03  0.000000e+00
      5.030000e+03  0.000000e+00
      5.040000e+03  0.000000e+00
      5.050000e+03  0.000000e+00
      5.060000e+03  0.000000e+00
      5.070000e+03  0.000000e+00
      5.080000e+03  0.000000e+00
      5.090000e+03  0.000000e+00
      5.100000e+03  0.000000e+00
      5.110000e+03  0.000000e+00
      5.120000e+03  0.000000e+00
      5.130000e+03  0.000000e+00
      5.140000e+03  0.000000e+00
      5.150000e+03  0.000000e+00
      5.160000e+03  0.000000e+00
      5.170000e+03  0.000000e+00
      5.180000e+03  0.000000e+00
      5.190000e+03  0.000000e+00
      5.200000e+03  0.000000e+00
      5.210000e+03  0.000000e+00
      5.220000e+03  0.000000e+00
      5.230000e+03  0.000000e+00
      5.240000e+03  0.000000e+00
      5.250000e+03  0.000000e+00
      5.260000e+03  0.000000e+00
      5.270000e+03  0.000000e+00
      5.280000e+03  0.000000e+00
      5.290000e+03  0.000000e+00
      5.300000e+03  0.000000e+00
      5.310000e+03  0.000000e+00
      5.320000e+03  0.000000e+00
      5.330000e+03  0.000000e+00
      5.340000e+03  0.000000e+00
      5.350000e+03  0.000000e+00
      5.360000e+03  0.000000e+00
      5.370000e+03  0.000000e+00
      5.380000e+03  0.000000e+00
      5.390000e+03  0.000000e+00
      5.400000e+03  0.000000e+00
      5.410000e+03  0.000000e+00
      5.420000e+03  0.000000e+00
      5.430000e+03  0.000000e+00
      5.440000e+03  0.000000e+00
      5.450000e+03  0.000000e+00
      5.460000e+03  0.000000e+00
      5.470000e+03  0.000000e+00
      5.480000e+03  0.000000e+00
      5.490000e+03  0.000000e+00
      5.500000e+03  0.000000e+00
      5.510000e+03  0.000000e+00
      5.520000e+03  0.000000e+00
      5.530000e+03  0.000000e+00
      5.540000e+03  0.000000e+00
      5.550000e+03  0.000000e+00
      5.560000e+03  0.000000e+00
      5.570000e+03  0.000000e+00
      5.580000e+03  0.000000e+00
      5.590000e+03  0.000000e+00
      5.600000e+03  0.000000e+00
      5.610000e+03  0.000000e+00
      5.620000e+03  0.000000e+00
      5.630000e+03  0.000000e+00
      5.640000e+03  0.000000e+00
      5.650000e+03  0.000000e+00
      5.660000e+03  0.000000e+00
      5.670000e+03  0.000000e+00
      5.680000e+03  0.000000e+00
      5.690000e+03  0.000000e+00
      5.700000e+03  0.000000e+00
      5.710000e+03  0.000000e+00
      5.720000e+03  0.000000e+00
      5.730000e+03  0.000000e+00
      5.740000e+03  0.000000e+00
      5.750000e+03  0.000000e+00
      5.760000e+03  0.000000e+00
      5.770000e+03  0.000000e+00
      5.780000e+03  0.000000e+00
      5.790000e+03  0.000000e+00
      5.800000e+03  0.000000e+00
      5.810000e+03  0.000000e+00
      5.820000e+03  0.000000e+00
      5.830000e+03  0.000000e+00
      5.840000e+03  0.000000e+00
      5.850000e+03  0.000000e+00
      5.860000e+03  0.000000e+00
      5.870000e+03  0.000000e+00
      5.880000e+03  0.000000e+00
      5.890000e+03  0.000000e+00
      5.900000e+03  0.000000e+00
      5.910000e+03  0.000000e+00
      5.920000e+03  0.000000e+00
      5.930000e+03  0.000000e+00
      5.940000e+03  0.000000e+00
      5.950000e+03  0.000000e+00
      5.960000e+03  0.000000e+00
      5.970000e+03  0.000000e+00
      5.980000e+03  0.000000e+00
      5.990000e+03  0.000000e+00
      6.000000e+03  0.000000e+00
      6.010000e+03  0.000000e+00
      6.020000e+03  0.000000e+00
      6.030000e+03  0.000000e+00
      6.040000e+03  0.000000e+00
      6.050000e+03  0.000000e+00
      6.060000e+03  0.000000e+00
      6.070000e+03  0.000000e+00
      6.080000e+03  0.000000e+00
      6.090000e+03  0.000000e+00
      6.100000e+03  0.000000e+00
      6.110000e+03  0.000000e+00
      6.120000e+03  0.000000e+00
      6.130000e+03  0.000000e+00
      6.140000e+03  0.000000e+00
      6.150000e+03  0.000000e+00
      6.160000e+03  0.000000e+00
      6.170000e+03  0.000000e+00
      6.180000e+03  0.000000e+00
      6.190000e+03  0.000000e+00
      6.200000e+03  0.000000e+00
      6.210000e+03  0.000000e+00
      6.220000e+03  0.000000e+00
      6.230000e+03  0.000000e+00
      6.240000e+03  0.000000e+00
      6.250000e+03  0.000000e+00
      6.260000e+03  0.000000e+00
      6.270000e+03  0.000000e+00
      6.280000e+03  0.000000e+00
      6.290000e+03  0.000000e+00
      6.300000e+03  0.000000e+00
      6.310000e+03  0.000000e+00
      6.320000e+03  0.000000e+00
      6.330000e+03  0.000000e+00
      6.340000e+03  0.000000e+00
      6.350000e+03  0.000000e+00
      6.360000e+03  0.000000e+00
      6.370000e+03  0.000000e+00
      6.380000e+03  0.000000e+00
      6.390000e+03  0.000000e+00
      6.400000e+03  0.000000e+00
      6.410000e+03  0.000000e+00
      6.420000e+03  0.000000e+00
      6.430000e+03  0.000000e+00
      6.440000e+03  0.000000e+00
      6.450000e+03  0.000000e+00
      6.460000e+03  0.000000e+00
      6.470000e+03  0.000000e+00
      6.480000e+03  0.000000e+00
      6.490000e+03  0.000000e+00
      6.500000e+03  0.000000e+00
      6.510000e+03  0.000000e+00
      6.520000e+03  0.000000e+00
      6.530000e+03  0.000000e+00
      6.540000e+03  0.000000e+00
      6.550000e+03  0.000000e+00
      6.560000e+03  0.000000e+00
      6.570000e+03  0.000000e+00
      6.580000e+03  0.000000e+00
      6.590000e+03  0.000000e+00
      6.600000e+03  0.000000e+00
      6.610000e+03  0.000000e+00
      6.620000e+03  0.000000e+00
      6.630000e+03  0.000000e+00
      6.640000e+03  0.000000e+00
      6.650000e+03  0.000000e+00
      6.660000e+03  0.000000e+00
      6.670000e+03  0.000000e+00
      6.680000e+03  0.000000e+00
      6.690000e+03  0.000000e+00
      6.700000e+03  0.000000e+00
      6.710000e+03  0.000000e+00
      6.720000e+03  0.000000e+00
      6.730000e+03  0.000000e+00
      6.740000e+03  0.000000e+00
      6.750000e+03  0.000000e+00
      6.760000e+03  0.000000e+00
      6.770000e+03  0.000000e+00
      6.780000e+03  0.000000e+00
      6.790000e+03  0.000000e+00
      6.800000e+03  0.000000e+00
      6.810000e+03  0.000000e+00
      6.820000e+03  0.000000e+00
      6.830000e+03  0.000000e+00
      6.840000e+03  0.000000e+00
      6.850000e+03  0.000000e+00
      6.860000e+03  0.000000e+00
      6.870000e+03  0.000000e+00
      6.880000e+03  0.000000e+00
      6.890000e+03  0.000000e+00
      6.900000e+03  0.000000e+00
      6.910000e+03  0.000000e+00
      6.920000e+03  0.000000e+00
      6.930000e+03  0.000000e+00
      6.940000e+03  0.000000e+00
      6.950000e+03  0.000000e+00
      6.960000e+03  0.000000e+00
      6.970000e+03  0.000000e+00
      6.980000e+03  0.000000e+00
      6.990000e+03  0.000000e+00
      7.000000e+03  0.000000e+00
      7.010000e+03  0.000000e+00
      7.020000e+03  0.000000e+00
      7.030000e+03  0.000000e+00
      7.040000e+03  0.000000e+00
      7.050000e+03  0.000000e+00
      7.060000e+03  0.000000e+00
      7.070000e+03  0.000000e+00
      7.080000e+03  0.000000e+00
      7.090000e+03  0.000000e+00
      7.100000e+03  0.000000e+00
      7.110000e+03  0.000000e+00
      7.120000e+03  0.000000e+00
      7.130000e+03  0.000000e+00
      7.140000e+03  0.000000e+00
      7.150000e+03  0.000000e+00
      7.160000e+03  0.000000e+00
      7.170000e+03  0.000000e+00
      7.180000e+03  0.000000e+00
      7.190000e+03  0.000000e+00
      7.200000e+03  0.000000e+00
      7.210000e+03  0.000000e+00
      7.220000e+03  0.000000e+00
      7.230000e+03  0.000000e+00
      7.240000e+03  0.000000e+00
      7.250000e+03  0.000000e+00
      7.260000e+03  0.000000e+00
      7.270000e+03  0.000000e+00
      7.280000e+03  0.000000e+00
      7.290000e+03  0.000000e+00
      7.300000e+03  0.000000e+00
      7.310000e+03  0.000000e+00
      7.320000e+03  0.000000e+00
      7.330000e+03  0.000000e+00
      7.340000e+03  0.000000e+00
      7.350000e+03  0.000000e+00
      7.360000e+03  0.000000e+00
      7.370000e+03  0.000000e+00
      7.380000e+03  0.000000e+00
      7.390000e+03  0.000000e+00
      7.400000e+03  0.000000e+00
      7.410000e+03  0.000000e+00
      7.420000e+03  0.000000e+00
      7.430000e+03  0.000000e+00
      7.440000e+03  0.000000e+00
      7.450000e+03  0.000000e+00
      7.460000e+03  0.000000e+00
      7.470000e+03  0.000000e+00
      7.480000e+03  0.000000e+00
      7.490000e+03  0.000000e+00
      7.500000e+03  0.000000e+00
      7.510000e+03  0.000000e+00
      7.520000e+03  0.000000e+00
      7.530000e+03  0.000000e+00
      7.540000e+03  0.000000e+00
      7.550000e+03  0.000000e+00
      7.560000e+03  0.000000e+00
      7.570000e+03  0.000000e+00
      7.580000e+03  0.000000e+00
      7.590000e+03  0.000000e+00
      7.600000e+03  0.000000e+00
      7.610000e+03  0.000000e+00
      7.620000e+03  0.000000e+00
      7.630000e+03  0.000000e+00
      7.640000e+03  0.000000e+00
      7.650000e+03  0.000000e+00
      7.660000e+03  0.000000e+00
      7.670000e+03  0.000000e+00
      7.680000e+03  0.000000e+00
      7.690000e+03  0.000000e+00
      7.700000e+03  0.000000e+00
      7.710000e+03  0.000000e+00
      7.720000e+03  0.000000e+00
      7.730000e+03  0.000000e+00
      7.740000e+03  0.000000e+00
      7.750000e+03  0.000000e+00
      7.760000e+03  0.000000e+00
      7.770000e+03  0.000000e+00
      7.780000e+03  0.000000e+00
      7.790000e+03  0.000000e+00
      7.800000e+03  0.000000e+00
      7.810000e+03  0.000000e+00
      7.820000e+03  0.000000e+00
      7.830000e+03  0.000000e+00
      7.840000e+03  0.000000e+00
      7.850000e+03  0.000000e+00
      7.860000e+03  0.000000e+00
      7.870000e+03  0.000000e+00
      7.880000e+03  0.000000e+00
      7.890000e+03  0.000000e+00
      7.900000e+03  0.000000e+00
      7.910000e+03  0.000000e+00
      7.920000e+03  0.000000e+00
      7.930000e+03  0.000000e+00
      7.940000e+03  0.000000e+00
      7.950000e+03  0.000000e+00
      7.960000e+03  0.000000e+00
      7.970000e+03  0.000000e+00
      7.980000e+03  0.000000e+00
      7.990000e+03  0.000000e+00
      8.000000e+03  0.000000e+00
      8.010000e+03  0.000000e+00
      8.020000e+03  0.000000e+00
      8.030000e+03  0.000000e+00
      8.040000e+03  0.000000e+00
      8.050000e+03  0.000000e+00
      8.060000e+03  0.000000e+00
      8.070000e+03  0.000000e+00
      8.080000e+03  0.000000e+00
      8.090000e+03  0.000000e+00
      8.100000e+03  0.000000e+00
      8.110000e+03  0.000000e+00
      8.120000e+03  0.000000e+00
      8.130000e+03  0.000000e+00
      8.140000e+03  0.000000e+00
      8.150000e+03  0.000000e+00
      8.160000e+03  0.000000e+00
      8.170000e+03  0.000000e+00
      8.180000e+03  0.000000e+00
      8.190000e+03  0.000000e+00
      8.200000e+03  0.000000e+00
      8.210000e+03  0.000000e+00
      8.220000e+03  0.000000e+00
      8.230000e+03  0.000000e+00
      8.240000e+03  0.000000e+00
      8.250000e+03  0.000000e+00
      8.260000e+03  0.000000e+00
      8.270000e+03  0.000000e+00
      8.280000e+03  0.000000e+00
      8.290000e+03  0.000000e+00
      8.300000e+03  0.000000e+00
      8.310000e+03  0.000000e+00
      8.320000e+03  0.000000e+00
      8.330000e+03  0.000000e+00
      8.340000e+03  0.000000e+00
      8.350000e+03  0.000000e+00
      8.360000e+03  0.000000e+00
      8.370000e+03  0.000000e+00
      8.380000e+03  0.000000e+00
      8.390000e+03  0.000000e+00
      8.400000e+03  0.000000e+00
      8.410000e+03  0.000000e+00
      8.420000e+03  0.000000e+00
      8.430000e+03  0.000000e+00
      8.440000e+03  0.000000e+00
      8.450000e+03  0.000000e+00
      8.460000e+03  0.000000e+00
      8.470000e+03  0.000000e+00
      8.480000e+03  0.000000e+00
      8.490000e+03  0.000000e+00
      8.500000e+03  0.000000e+00
      8.510000e+03  0.000000e+00
      8.520000e+03  0.000000e+00
      8.530000e+03  0.000000e+00
      8.540000e+03  0.000000e+00
      8.550000e+03  0.000000e+00
      8.560000e+03  0.000000e+00
      8.570000e+03  0.000000e+00
      8.580000e+03  0.000000e+00
      8.590000e+03  0.000000e+00
      8.600000e+03  0.000000e+00
      8.610000e+03  0.000000e+00
      8.620000e+03  0.000000e+00
      8.630000e+03  0.000000e+00
      8.640000e+03  0.000000e+00
      8.650000e+03  0.000000e+00
      8.660000e+03  0.000000e+00
      8.670000e+03  0.000000e+00
      8.680000e+03  0.000000e+00
      8.690000e+03  0.000000e+00
      8.700000e+03  0.000000e+00
      8.710000e+03  0.000000e+00
      8.720000e+03  0.000000e+00
      8.730000e+03  0.000000e+00
      8.740000e+03  0.000000e+00
      8.750000e+03  0.000000e+00
      8.760000e+03  0.000000e+00
      8.770000e+03  0.000000e+00
      8.780000e+03  0.000000e+00
      8.790000e+03  0.000000e+00
      8.800000e+03  0.000000e+00
      8.810000e+03  0.000000e+00
      8.820000e+03  0.000000e+00
      8.830000e+03  0.000000e+00
      8.840000e+03  0.000000e+00
      8.850000e+03  0.000000e+00
      8.860000e+03  0.000000e+00
      8.870000e+03  0.000000e+00
      8.880000e+03  0.000000e+00
      8.890000e+03  0.000000e+00
      8.900000e+03  0.000000e+00
      8.910000e+03  0.000000e+00
      8.920000e+03  0.000000e+00
      8.930000e+03  0.000000e+00
      8.940000e+03  0.000000e+00
      8.950000e+03  0.000000e+00
      8.960000e+03  0.000000e+00
      8.970000e+03  0.000000e+00
      8.980000e+03  0.000000e+00
      8.990000e+03  0.000000e+00
      9.000000e+03  0.000000e+00
      9.010000e+03  0.000000e+00
      9.020000e+03  0.000000e+00
      9.030000e+03  0.000000e+00
      9.040000e+03  0.000000e+00
      9.050000e+03  0.000000e+00
      9.060000e+03  0.000000e+00
      9.070000e+03  0.000000e+00
      9.080000e+03  0.000000e+00
      9.090000e+03  0.000000e+00
      9.100000e+03  0.000000e+00
      9.110000e+03  0.000000e+00
      9.120000e+03  0.000000e+00
      9.130000e+03  0.000000e+00
      9.140000e+03  0.000000e+00
      9.150000e+03  0.000000e+00
      9.160000e+03  0.000000e+00
      9.170000e+03  0.000000e+00
      9.180000e+03  0.000000e+00
      9.190000e+03  0.000000e+00
      9.200000e+03  0.000000e+00
      9.210000e+03  0.000000e+00
      9.220000e+03  0.000000e+00
      9.230000e+03  0.000000e+00
      9.240000e+03  0.000000e+00
      9.250000e+03  0.000000e+00
      9.260000e+03  0.000000e+00
      9.270000e+03  0.000000e+00
      9.280000e+03  0.000000e+00
      9.290000e+03  0.000000e+00
      9.300000e+03  0.000000e+00
      9.310000e+03  0.000000e+00
      9.320000e+03  0.000000e+00
      9.330000e+03  0.000000e+00
      9.340000e+03  0.000000e+00
      9.350000e+03  0.000000e+00
      9.360000e+03  0.000000e+00
      9.370000e+03  0.000000e+00
      9.380000e+03  0.000000e+00
      9.390000e+03  0.000000e+00
      9.400000e+03  0.000000e+00
      9.410000e+03  0.000000e+00
      9.420000e+03  0.000000e+00
      9.430000e+03  0.000000e+00
      9.440000e+03  0.000000e+00
      9.450000e+03  0.000000e+00
      9.460000e+03  0.000000e+00
      9.470000e+03  0.000000e+00
      9.480000e+03  0.000000e+00
      9.490000e+03  0.000000e+00
      9.500000e+03  0.000000e+00
      9.510000e+03  0.000000e+00
      9.520000e+03  0.000000e+00
      9.530000e+03  0.000000e+00
      9.540000e+03  0.000000e+00
      9.550000e+03  0.000000e+00
      9.560000e+03  0.000000e+00
      9.570000e+03  0.000000e+00
      9.580000e+03  0.000000e+00
      9.590000e+03  0.000000e+00
      9.600000e+03  0.000000e+00
      9.610000e+03  0.000000e+00
      9.620000e+03  0.000000e+00
      9.630000e+03  0.000000e+00
      9.640000e+03  0.000000e+00
      9.650000e+03  0.000000e+00
      9.660000e+03  0.000000e+00
      9.670000e+03  0.000000e+00
      9.680000e+03  0.000000e+00
      9.690000e+03  0.000000e+00
      9.700000e+03  0.000000e+00
      9.710000e+03  0.000000e+00
      9.720000e+03  0.000000e+00
      9.730000e+03  0.000000e+00
      9.740000e+03  0.000000e+00
      9.750000e+03  0.000000e+00
      9.760000e+03  0.000000e+00
      9.770000e+03  0.000000e+00
      9.780000e+03  0.000000e+00
      9.790000e+03  0.000000e+00
      9.800000e+03  0.000000e+00
      9.810000e+03  0.000000e+00
      9.820000e+03  0.000000e+00
      9.830000e+03  0.000000e+00
      9.840000e+03  0.000000e+00
      9.850000e+03  0.000000e+00
      9.860000e+03  0.000000e+00
      9.870000e+03  0.000000e+00
      9.880000e+03  0.000000e+00
      9.890000e+03  0.000000e+00
      9.900000e+03  0.000000e+00
      9.910000e+03  0.000000e+00
      9.920000e+03  0.000000e+00
      9.930000e+03  0.000000e+00
      9.940000e+03  0.000000e+00
      9.950000e+03  0.000000e+00
      9.960000e+03  0.000000e+00
      9.970000e+03  0.000000e+00
      9.980000e+03  0.000000e+00
      9.990000e+03  0.000000e+00
      1.000000e+04  0.000000e+00
      1.001000e+04  0.000000e+00
      1.002000e+04  0.000000e+00
      1.003000e+04  0.000000e+00
      1.004000e+04  0.000000e+00
      1.005000e+04  0.000000e+00
      1.006000e+04  0.000000e+00
      1.007000e+04  0.000000e+00
      1.008000e+04  0.000000e+00
      1.009000e+04  0.000000e+00
      1.010000e+04  0.000000e+00
      1.011000e+04  0.000000e+00
      1.012000e+04  0.000000e+00
      1.013000e+04  0.000000e+00
      1.014000e+04  0.000000e+00
      1.015000e+04  0.000000e+00
      1.016000e+04  0.000000e+00
      1.017000e+04  0.000000e+00
      1.018000e+04  0.000000e+00
      1.019000e+04  0.000000e+00
      1.020000e+04  0.000000e+00
      1.021000e+04  0.000000e+00
      1.022000e+04  0.000000e+00
      1.023000e+04  0.000000e+00
      1.024000e+04  0.000000e+00
      1.025000e+04  0.000000e+00
      1.026000e+04  0.000000e+00
      1.027000e+04  0.000000e+00
      1.028000e+04  0.000000e+00
      1.029000e+04  0.000000e+00
      1.030000e+04  0.000000e+00
      1.031000e+04  0.000000e+00
      1.032000e+04  0.000000e+00
      1.033000e+04  0.000000e+00
      1.034000e+04  0.000000e+00
      1.035000e+04  0.000000e+00
      1.036000e+04  0.000000e+00
      1.037000e+04  0.000000e+00
      1.038000e+04  0.000000e+00
      1.039000e+04  0.000000e+00
      1.040000e+04  0.000000e+00
      1.041000e+04  0.000000e+00
      1.042000e+04  0.000000e+00
      1.043000e+04  0.000000e+00
      1.044000e+04  0.000000e+00
      1.045000e+04  0.000000e+00
      1.046000e+04  0.000000e+00
      1.047000e+04  0.000000e+00
      1.048000e+04  0.000000e+00
      1.049000e+04  0.000000e+00
      1.050000e+04  0.000000e+00
      1.051000e+04  0.000000e+00
      1.052000e+04  0.000000e+00
      1.053000e+04  0.000000e+00
      1.054000e+04  0.000000e+00
      1.055000e+04  0.000000e+00
      1.056000e+04  0.000000e+00
      1.057000e+04  0.000000e+00
      1.058000e+04  0.000000e+00
      1.059000e+04  0.000000e+00
      1.060000e+04  0.000000e+00
      1.061000e+04  0.000000e+00
      1.062000e+04  0.000000e+00
      1.063000e+04  0.000000e+00
      1.064000e+04  0.000000e+00
      1.065000e+04  0.000000e+00
      1.066000e+04  0.000000e+00
      1.067000e+04  0.000000e+00
      1.068000e+04  0.000000e+00
      1.069000e+04  0.000000e+00
      1.070000e+04  0.000000e+00
      1.071000e+04  0.000000e+00
      1.072000e+04  0.000000e+00
      1.073000e+04  0.000000e+00
      1.074000e+04  0.000000e+00
      1.075000e+04  0.000000e+00
      1.076000e+04  0.000000e+00
      1.077000e+04  0.000000e+00
      1.078000e+04  0.000000e+00
      1.079000e+04  0.000000e+00
      1.080000e+04  0.000000e+00
      1.081000e+04  0.000000e+00
      1.082000e+04  0.000000e+00
      1.083000e+04  0.000000e+00
      1.084000e+04  0.000000e+00
      1.085000e+04  0.000000e+00
      1.086000e+04  0.000000e+00
      1.087000e+04  0.000000e+00
      1.088000e+04  0.000000e+00
      1.089000e+04  0.000000e+00
      1.090000e+04  0.000000e+00
      1.091000e+04  0.000000e+00
      1.092000e+04  0.000000e+00
      1.093000e+04  0.000000e+00
      1.094000e+04  0.000000e+00
      1.095000e+04  0.000000e+00
      1.096000e+04  0.000000e+00
      1.097000e+04  0.000000e+00
      1.098000e+04  0.000000e+00
      1.099000e+04  0.000000e+00
      1.100000e+04  0.000000e+00
      1.101000e+04  0.000000e+00
      1.102000e+04  0.000000e+00
      1.103000e+04  0.000000e+00
      1.104000e+04  0.000000e+00
      1.105000e+04  0.000000e+00
      1.106000e+04  0.000000e+00
      1.107000e+04  0.000000e+00
      1.108000e+04  0.000000e+00
      1.109000e+04  0.000000e+00
      1.110000e+04  0.000000e+00
      1.111000e+04  0.000000e+00
      1.112000e+04  0.000000e+00
      1.113000e+04  0.000000e+00
      1.114000e+04  0.000000e+00
      1.115000e+04  0.000000e+00
      1.116000e+04  0.000000e+00
      1.117000e+04  0.000000e+00
      1.118000e+04  0.000000e+00
      1.119000e+04  0.000000e+00
      1.120000e+04  0.000000e+00
      1.121000e+04  0.000000e+00
      1.122000e+04  0.000000e+00
      1.123000e+04  0.000000e+00
      1.124000e+04  0.000000e+00
      1.125000e+04  0.000000e+00
      1.126000e+04  0.000000e+00
      1.127000e+04  0.000000e+00
      1.128000e+04  0.000000e+00
      1.129000e+04  0.000000e+00
      1.130000e+04  0.000000e+00
      1.131000e+04  0.000000e+00
      1.132000e+04  0.000000e+00
      1.133000e+04  0.000000e+00
      1.134000e+04  0.000000e+00
      1.135000e+04  0.000000e+00
      1.136000e+04  0.000000e+00
      1.137000e+04  0.000000e+00
      1.138000e+04  0.000000e+00
      1.139000e+04  0.000000e+00
      1.140000e+04  0.000000e+00
      1.141000e+04  0.000000e+00
      1.142000e+04  0.000000e+00
      1.143000e+04  0.000000e+00
      1.144000e+04  0.000000e+00
      1.145000e+04  0.000000e+00
      1.146000e+04  0.000000e+00
      1.147000e+04  0.000000e+00
      1.148000e+04  0.000000e+00
      1.149000e+04  0.000000e+00
      1.150000e+04  0.000000e+00
      1.151000e+04  0.000000e+00
      1.152000e+04  0.000000e+00
      1.153000e+04  0.000000e+00
      1.154000e+04  0.000000e+00
      1.155000e+04  0.000000e+00
      1.156000e+04  0.000000e+00
      1.157000e+04  0.000000e+00
      1.158000e+04  0.000000e+00
      1.159000e+04  0.000000e+00
      1.160000e+04  0.000000e+00
      1.161000e+04  0.000000e+00
      1.162000e+04  0.000000e+00
      1.163000e+04  0.000000e+00
      1.164000e+04  0.000000e+00
      1.165000e+04  0.000000e+00
      1.166000e+04  0.000000e+00
      1.167000e+04  0.000000e+00
      1.168000e+04  0.000000e+00
      1.169000e+04  0.000000e+00
      1.170000e+04  0.000000e+00
      1.171000e+04  0.000000e+00
      1.172000e+04  0.000000e+00
      1.173000e+04  0.000000e+00
      1.174000e+04  0.000000e+00
      1.175000e+04  0.000000e+00
      1.176000e+04  0.000000e+00
      1.177000e+04  0.000000e+00
      1.178000e+04  0.000000e+00
      1.179000e+04  0.000000e+00
      1.180000e+04  0.000000e+00
      1.181000e+04  0.000000e+00
      1.182000e+04  0.000000e+00
      1.183000e+04  0.000000e+00
      1.184000e+04  0.000000e+00
      1.185000e+04  0.000000e+00
      1.186000e+04  0.000000e+00
      1.187000e+04  0.000000e+00
      1.188000e+04  0.000000e+00
      1.189000e+04  0.000000e+00
      1.190000e+04  0.000000e+00
      1.191000e+04  0.000000e+00
      1.192000e+04  0.000000e+00
      1.193000e+04  0.000000e+00
      1.194000e+04  0.000000e+00
      1.195000e+04  0.000000e+00
      1.196000e+04  0.000000e+00
      1.197000e+04  0.000000e+00
      1.198000e+04  0.000000e+00
      1.199000e+04  0.000000e+00
      1.200000e+04  0.000000e+00
      1.201000e+04  0.000000e+00
      1.202000e+04  0.000000e+00
      1.203000e+04  0.000000e+00
      1.204000e+04  0.000000e+00
      1.205000e+04  0.000000e+00
      1.206000e+04  0.000000e+00
      1.207000e+04  0.000000e+00
      1.208000e+04  0.000000e+00
      1.209000e+04  0.000000e+00
      1.210000e+04  0.000000e+00
      1.211000e+04  0.000000e+00
      1.212000e+04  0.000000e+00
      1.213000e+04  0.000000e+00
      1.214000e+04  0.000000e+00
      1.215000e+04  0.000000e+00
      1.216000e+04  0.000000e+00
      1.217000e+04  0.000000e+00
      1.218000e+04  0.000000e+00
      1.219000e+04  0.000000e+00
      1.220000e+04  0.000000e+00
      1.221000e+04  0.000000e+00
      1.222000e+04  0.000000e+00
      1.223000e+04  0.000000e+00
      1.224000e+04  0.000000e+00
      1.225000e+04  0.000000e+00
      1.226000e+04  0.000000e+00
      1.227000e+04  0.000000e+00
      1.228000e+04  0.000000e+00
      1.229000e+04  0.000000e+00
      1.230000e+04  0.000000e+00
      1.231000e+04  0.000000e+00
      1.232000e+04  0.000000e+00
      1.233000e+04  0.000000e+00
      1.234000e+04  0.000000e+00
      1.235000e+04  0.000000e+00
      1.236000e+04  0.000000e+00
      1.237000e+04  0.000000e+00
      1.238000e+04  0.000000e+00
      1.239000e+04  0.000000e+00
      1.240000e+04  0.000000e+00
      1.241000e+04  0.000000e+00
      1.242000e+04  0.000000e+00
      1.243000e+04  0.000000e+00
      1.244000e+04  0.000000e+00
      1.245000e+04  0.000000e+00
      1.246000e+04  0.000000e+00
      1.247000e+04  0.000000e+00
      1.248000e+04  0.000000e+00
      1.249000e+04  0.000000e+00
      1.250000e+04  0.000000e+00
      1.251000e+04  0.000000e+00
      1.252000e+04  0.000000e+00
      1.253000e+04  0.000000e+00
      1.254000e+04  0.000000e+00
      1.255000e+04  0.000000e+00
      1.256000e+04  0.000000e+00
      1.257000e+04  0.000000e+00
      1.258000e+04  0.000000e+00
      1.259000e+04  0.000000e+00
      1.260000e+04  0.000000e+00
      1.261000e+04  0.000000e+00
      1.262000e+04  0.000000e+00
      1.263000e+04  0.000000e+00
      1.264000e+04  0.000000e+00
      1.265000e+04  0.000000e+00
      1.266000e+04  0.000000e+00
      1.267000e+04  0.000000e+00
      1.268000e+04  0.000000e+00
      1.269000e+04  0.000000e+00
      1.270000e+04  0.000000e+00
      1.271000e+04  0.000000e+00
      1.272000e+04  0.000000e+00
      1.273000e+04  0.000000e+00
      1.274000e+04  0.000000e+00
      1.275000e+04  0.000000e+00
      1.276000e+04  0.000000e+00
      1.277000e+04  0.000000e+00
      1.278000e+04  0.000000e+00
      1.279000e+04  0.000000e+00
      1.280000e+04  0.000000e+00
      1.281000e+04  0.000000e+00
      1.282000e+04  0.000000e+00
      1.283000e+04  0.000000e+00
      1.284000e+04  0.000000e+00
      1.285000e+04  0.000000e+00
      1.286000e+04  0.000000e+00
      1.287000e+04  0.000000e+00
      1.288000e+04  0.000000e+00
      1.289000e+04  0.000000e+00
      1.290000e+04  0.000000e+00
      1.291000e+04  0.000000e+00
      1.292000e+04  0.000000e+00
      1.293000e+04  0.000000e+00
      1.294000e+04  0.000000e+00
      1.295000e+04  0.000000e+00
      1.296000e+04  0.000000e+00
      1.297000e+04  0.000000e+00
      1.298000e+04  0.000000e+00
      1.299000e+04  0.000000e+00
      1.300000e+04  0.000000e+00
      1.301000e+04  0.000000e+00
      1.302000e+04  0.000000e+00
      1.303000e+04  0.000000e+00
      1.304000e+04  0.000000e+00
      1.305000e+04  0.000000e+00
      1.306000e+04  0.000000e+00
      1.307000e+04  0.000000e+00
      1.308000e+04  0.000000e+00
      1.309000e+04  0.000000e+00
      1.310000e+04  0.000000e+00
      1.311000e+04  0.000000e+00
      1.312000e+04  0.000000e+00
      1.313000e+04  0.000000e+00
      1.314000e+04  0.000000e+00
      1.315000e+04  0.000000e+00
      1.316000e+04  0.000000e+00
      1.317000e+04  0.000000e+00
      1.318000e+04  0.000000e+00
      1.319000e+04  0.000000e+00
      1.320000e+04  0.000000e+00
      1.321000e+04  0.000000e+00
      1.322000e+04  0.000000e+00
      1.323000e+04  0.000000e+00
      1.324000e+04  0.000000e+00
      1.325000e+04  0.000000e+00
      1.326000e+04  0.000000e+00
      1.327000e+04  0.000000e+00
      1.328000e+04  0.000000e+00
      1.329000e+04  0.000000e+00
      1.330000e+04  0.000000e+00
      1.331000e+04  0.000000e+00
      1.332000e+04  0.000000e+00
      1.333000e+04  0.000000e+00
      1.334000e+04  0.000000e+00
      1.335000e+04  0.000000e+00
      1.336000e+04  0.000000e+00
      1.337000e+04  0.000000e+00
      1.338000e+04  0.000000e+00
      1.339000e+04  0.000000e+00
      1.340000e+04  0.000000e+00
      1.341000e+04  0.000000e+00
      1.342000e+04  0.000000e+00
      1.343000e+04  0.000000e+00
      1.344000e+04  0.000000e+00
      1.345000e+04  0.000000e+00
      1.346000e+04  0.000000e+00
      1.347000e+04  0.000000e+00
      1.348000e+04  0.000000e+00
      1.349000e+04  0.000000e+00
      1.350000e+04  0.000000e+00
      1.351000e+04  0.000000e+00
      1.352000e+04  0.000000e+00
      1.353000e+04  0.000000e+00
      1.354000e+04  0.000000e+00
      1.355000e+04  0.000000e+00
      1.356000e+04  0.000000e+00
      1.357000e+04  0.000000e+00
      1.358000e+04  0.000000e+00
      1.359000e+04  0.000000e+00
      1.360000e+04  0.000000e+00
      1.361000e+04  0.000000e+00
      1.362000e+04  0.000000e+00
      1.363000e+04  0.000000e+00
      1.364000e+04  0.000000e+00
      1.365000e+04  0.000000e+00
      1.366000e+04  0.000000e+00
      1.367000e+04  0.000000e+00
      1.368000e+04  0.000000e+00
      1.369000e+04  0.000000e+00
      1.370000e+04  0.000000e+00
      1.371000e+04  0.000000e+00
      1.372000e+04  0.000000e+00
      1.373000e+04  0.000000e+00
      1.374000e+04  0.000000e+00
      1.375000e+04  0.000000e+00
      1.376000e+04  0.000000e+00
      1.377000e+04  0.000000e+00
      1.378000e+04  0.000000e+00
      1.379000e+04  0.000000e+00
      1.380000e+04  0.000000e+00
      1.381000e+04  0.000000e+00
      1.382000e+04  0.000000e+00
      1.383000e+04  0.000000e+00
      1.384000e+04  0.000000e+00
      1.385000e+04  0.000000e+00
      1.386000e+04  0.000000e+00
      1.387000e+04  0.000000e+00
      1.388000e+04  0.000000e+00
      1.389000e+04  0.000000e+00
      1.390000e+04  0.000000e+00
      1.391000e+04  0.000000e+00
      1.392000e+04  0.000000e+00
      1.393000e+04  0.000000e+00
      1.394000e+04  0.000000e+00
      1.395000e+04  0.000000e+00
      1.396000e+04  0.000000e+00
      1.397000e+04  0.000000e+00
      1.398000e+04  0.000000e+00
      1.399000e+04  0.000000e+00
      1.400000e+04  0.000000e+00
      1.401000e+04  0.000000e+00
      1.402000e+04  0.000000e+00
      1.403000e+04  0.000000e+00
      1.404000e+04  0.000000e+00
      1.405000e+04  0.000000e+00
      1.406000e+04  0.000000e+00
      1.407000e+04  0.000000e+00
      1.408000e+04  0.000000e+00
      1.409000e+04  0.000000e+00
      1.410000e+04  0.000000e+00
      1.411000e+04  0.000000e+00
      1.412000e+04  0.000000e+00
      1.413000e+04  0.000000e+00
      1.414000e+04  0.000000e+00
      1.415000e+04  0.000000e+00
      1.416000e+04  0.000000e+00
      1.417000e+04  0.000000e+00
      1.418000e+04  0.000000e+00
      1.419000e+04  0.000000e+00
      1.420000e+04  0.000000e+00
      1.421000e+04  0.000000e+00
      1.422000e+04  0.000000e+00
      1.423000e+04  0.000000e+00
      1.424000e+04  0.000000e+00
      1.425000e+04  0.000000e+00
      1.426000e+04  0.000000e+00
      1.427000e+04  0.000000e+00
      1.428000e+04  0.000000e+00
      1.429000e+04  0.000000e+00
      1.430000e+04  0.000000e+00
      1.431000e+04  0.000000e+00
      1.432000e+04  0.000000e+00
      1.433000e+04  0.000000e+00
      1.434000e+04  0.000000e+00
      1.435000e+04  0.000000e+00
      1.436000e+04  0.000000e+00
      1.437000e+04  0.000000e+00
      1.438000e+04  0.000000e+00
      1.439000e+04  0.000000e+00
      1.440000e+04  0.000000e+00
      1.441000e+04  0.000000e+00
      1.442000e+04  0.000000e+00
      1.443000e+04  0.000000e+00
      1.444000e+04  0.000000e+00
      1.445000e+04  0.000000e+00
      1.446000e+04  0.000000e+00
      1.447000e+04  0.000000e+00
      1.448000e+04  0.000000e+00
      1.449000e+04  0.000000e+00
      1.450000e+04  0.000000e+00
      1.451000e+04  0.000000e+00
      1.452000e+04  0.000000e+00
      1.453000e+04  0.000000e+00
      1.454000e+04  0.000000e+00
      1.455000e+04  0.000000e+00
      1.456000e+04  0.000000e+00
      1.457000e+04  0.000000e+00
      1.458000e+04  0.000000e+00
      1.459000e+04  0.000000e+00
      1.460000e+04  0.000000e+00
      1.461000e+04  0.000000e+00
      1.462000e+04  0.000000e+00
      1.463000e+04  0.000000e+00
      1.464000e+04  0.000000e+00
      1.465000e+04  0.000000e+00
      1.466000e+04  0.000000e+00
      1.467000e+04  0.000000e+00
      1.468000e+04  0.000000e+00
      1.469000e+04  0.000000e+00
      1.470000e+04  0.000000e+00
      1.471000e+04  0.000000e+00
      1.472000e+04  0.000000e+00
      1.473000e+04  0.000000e+00
      1.474000e+04  0.000000e+00
      1.475000e+04  0.000000e+00
      1.476000e+04  0.000000e+00
      1.477000e+04  0.000000e+00
      1.478000e+04  0.000000e+00
      1.479000e+04  0.000000e+00
      1.480000e+04  0.000000e+00
      1.481000e+04  0.000000e+00
      1.482000e+04  0.000000e+00
      1.483000e+04  0.000000e+00
      1.484000e+04  0.000000e+00
      1.485000e+04  0.000000e+00
      1.486000e+04  0.000000e+00
      1.487000e+04  0.000000e+00
      1.488000e+04  0.000000e+00
      1.489000e+04  0.000000e+00
      1.490000e+04  0.000000e+00
      1.491000e+04  0.000000e+00
      1.492000e+04  0.000000e+00
      1.493000e+04  0.000000e+00
      1.494000e+04  0.000000e+00
      1.495000e+04  0.000000e+00
      1.496000e+04  0.000000e+00
      1.497000e+04  0.000000e+00
      1.498000e+04  0.000000e+00
      1.499000e+04  0.000000e+00
      1.500000e+04  0.000000e+00
      1.501000e+04  0.000000e+00
      1.502000e+04  0.000000e+00
      1.503000e+04  0.000000e+00
      1.504000e+04  0.000000e+00
      1.505000e+04  0.000000e+00
      1.506000e+04  0.000000e+00
      1.507000e+04  0.000000e+00
      1.508000e+04  0.000000e+00
      1.509000e+04  0.000000e+00
      1.510000e+04  0.000000e+00
      1.511000e+04  0.000000e+00
      1.512000e+04  0.000000e+00
      1.513000e+04  0.000000e+00
      1.514000e+04  0.000000e+00
      1.515000e+04  0.000000e+00
      1.516000e+04  0.000000e+00
      1.517000e+04  0.000000e+00
      1.518000e+04  0.000000e+00
      1.519000e+04  0.000000e+00
      1.520000e+04  0.000000e+00
      1.521000e+04  0.000000e+00
      1.522000e+04  0.000000e+00
      1.523000e+04  0.000000e+00
      1.524000e+04  2.306192e-02
      1.525000e+04  2.306192e-02
      1.526000e+04  2.306192e-02
      1.527000e+04  2.306192e-02
      1.528000e+04  2.306192e-02
      1.529000e+04  2.306192e-02
      1.530000e+04  2.306192e-02
      1.531000e+04  2.306192e-02
      1.532000e+04  2.306192e-02
      1.533000e+04  2.306192e-02
      1.534000e+04  2.306192e-02
      1.535000e+04  2.306192e-02
      1.536000e+04  2.306192e-02
      1.537000e+04  2.306192e-02
      1.538000e+04  2.306192e-02
      1.539000e+04  2.306192e-02
      1.540000e+04  2.306192e-02
      1.541000e+04  2.306192e-02
      1.542000e+04  2.306192e-02
      1.543000e+04  2.306192e-02
      1.544000e+04  4.612383e-01
      1.545000e+04  4.612383e-01
      1.546000e+04  4.612383e-01
      1.547000e+04  4.612383e-01
      1.548000e+04  4.612383e-01
      1.549000e+04  4.612383e-01
      1.550000e+04  4.612383e-01
      1.551000e+04  4.612383e-01
      1.552000e+04  4.612383e-01
      1.553000e+04  4.612383e-01
      1.554000e+04  4.612383e-01
      1.555000e+04  4.612383e-01
      1.556000e+04  4.612383e-01
      1.557000e+04  4.612383e-01
      1.558000e+04  4.612383e-01
      1.559000e+04  4.612383e-01
      1.560000e+04  4.612383e-01
      1.561000e+04  4.612383e-01
      1.562000e+04  4.612383e-01
      1.563000e+04  4.612383e-01
      1.564000e+04  4.612383e-01
      1.565000e+04  4.612383e-01
      1.566000e+04  4.612383e-01
      1.567000e+04  4.612383e-01
      1.568000e+04  4.612383e-01
      1.569000e+04  4.612383e-01
      1.570000e+04  4.612383e-01
      1.571000e+04  4.612383e-01
      1.572000e+04  4.612383e-01
      1.573000e+04  4.612383e-01
      1.574000e+04  4.612383e-01
      1.575000e+04  4.612383e-01
      1.576000e+04  4.612383e-01
      1.577000e+04  4.612383e-01
      1.578000e+04  4.612383e-01
      1.579000e+04  4.612383e-01
      1.580000e+04  4.612383e-01
      1.581000e+04  4.612383e-01
      1.582000e+04  4.612383e-01
      1.583000e+04  4.612383e-01
      1.584000e+04  4.612383e-01
      1.585000e+04  4.612383e-01
      1.586000e+04  4.612383e-01
      1.587000e+04  4.612383e-01
      1.588000e+04  4.612383e-01
      1.589000e+04  4.612383e-01
      1.590000e+04  4.612383e-01
      1.591000e+04  4.612383e-01
      1.592000e+04  4.612383e-01
      1.593000e+04  4.612383e-01
      1.594000e+04  4.612383e-01
      1.595000e+04  4.612383e-01
      1.596000e+04  4.612383e-01
      1.597000e+04  4.612383e-01
      1.598000e+04  4.612383e-01
      1.599000e+04  4.612383e-01
      1.600000e+04  4.612383e-01
      1.601000e+04  4.612383e-01
      1.602000e+04  4.612383e-01
      1.603000e+04  4.612383e-01
      1.604000e+04  4.612383e-01
      1.605000e+04  4.612383e-01
      1.606000e+04  4.612383e-01
      1.607000e+04  4.612383e-01
      1.608000e+04  4.612383e-01
      1.609000e+04  4.612383e-01
      1.610000e+04  4.612383e-01
      1.611000e+04  4.612383e-01
      1.612000e+04  4.612383e-01
      1.613000e+04  4.612383e-01
      1.614000e+04  4.612383e-01
      1.615000e+04  4.612383e-01
      1.616000e+04  4.612383e-01
      1.617000e+04  4.612383e-01
      1.618000e+04  4.612383e-01
      1.619000e+04  4.612383e-01
      1.620000e+04  4.612383e-01
      1.621000e+04  4.612383e-01
      1.622000e+04  4.612383e-01
      1.623000e+04  4.612383e-01
      1.624000e+04  4.612383e-01
      1.625000e+04  4.612383e-01
      1.626000e+04  4.612383e-01
      1.627000e+04  4.612383e-01
      1.628000e+04  4.612383e-01
      1.629000e+04  4.612383e-01
      1.630000e+04  4.612383e-01
      1.631000e+04  4.612383e-01
      1.632000e+04  4.612383e-01
      1.633000e+04  4.612383e-01
      1.634000e+04  4.612383e-01
      1.635000e+04  4.612383e-01
      1.636000e+04  4.612383e-01
      1.637000e+04  4.612383e-01
      1.638000e+04  4.612383e-01
      1.639000e+04  4.612383e-01
      1.640000e+04  4.612383e-01
      1.641000e+04  4.612383e-01
      1.642000e+04  4.612383e-01
      1.643000e+04  4.612383e-01
      1.644000e+04  4.612383e-01
      1.645000e+04  4.612383e-01
      1.646000e+04  4.612383e-01
      1.647000e+04  4.612383e-01
      1.648000e+04  4.612383e-01
      1.649000e+04  4.612383e-01
      1.650000e+04  4.612383e-01
      1.651000e+04  4.612383e-01
      1.652000e+04  4.612383e-01
      1.653000e+04  4.612383e-01
      1.654000e+04  4.612383e-01
      1.655000e+04  4.612383e-01
      1.656000e+04  4.612383e-01
      1.657000e+04  4.612383e-01
      1.658000e+04  4.612383e-01
      1.659000e+04  4.612383e-01
      1.660000e+04  4.612383e-01
      1.661000e+04  4.612383e-01
      1.662000e+04  4.612383e-01
      1.663000e+04  4.612383e-01
      1.664000e+04  4.612383e-01
      1.665000e+04  4.612383e-01
      1.666000e+04  4.612383e-01
      1.667000e+04  4.612383e-01
      1.668000e+04  4.612383e-01
      1.669000e+04  4.612383e-01
      1.670000e+04  4.612383e-01
      1.671000e+04  4.612383e-01
      1.672000e+04  4.612383e-01
      1.673000e+04  4.612383e-01
      1.674000e+04  4.612383e-01
      1.675000e+04  4.612383e-01
      1.676000e+04  4.612383e-01
      1.677000e+04  4.612383e-01
      1.678000e+04  4.612383e-01
      1.679000e+04  4.612383e-01
      1.680000e+04  4.612383e-01
      1.681000e+04  4.612383e-01
      1.682000e+04  4.612383e-01
      1.683000e+04  4.612383e-01
      1.684000e+04  4.612383e-01
      1.685000e+04  4.612383e-01
      1.686000e+04  4.612383e-01
      1.687000e+04  4.612383e-01
      1.688000e+04  4.612383e-01
      1.689000e+04  4.612383e-01
      1.690000e+04  4.612383e-01
      1.691000e+04  4.612383e-01
      1.692000e+04  4.612383e-01
      1.693000e+04  4.612383e-01
      1.694000e+04  4.612383e-01
      1.695000e+04  4.612383e-01
      1.696000e+04  4.612383e-01
      1.697000e+04  4.612383e-01
      1.698000e+04  4.612383e-01
      1.699000e+04  4.612383e-01
      1.700000e+04  4.612383e-01
      1.701000e+04  4.612383e-01
      1.702000e+04  4.612383e-01
      1.703000e+04  4.612383e-01
      1.704000e+04  4.612383e-01
      1.705000e+04  4.612383e-01
      1.706000e+04  4.612383e-01
      1.707000e+04  4.612383e-01
      1.708000e+04  4.612383e-01
      1.709000e+04  4.612383e-01
      1.710000e+04  4.612383e-01
      1.711000e+04  4.612383e-01
      1.712000e+04  4.612383e-01
      1.713000e+04  4.612383e-01
      1.714000e+04  4.612383e-01
      1.715000e+04  4.612383e-01
      1.716000e+04  4.612383e-01
      1.717000e+04  4.612383e-01
      1.718000e+04  4.612383e-01
      1.719000e+04  4.612383e-01
      1.720000e+04  4.612383e-01
      1.721000e+04  4.612383e-01
      1.722000e+04  4.612383e-01
      1.723000e+04  4.612383e-01
      1.724000e+04  4.612383e-01
      1.725000e+04  4.612383e-01
      1.726000e+04  4.612383e-01
      1.727000e+04  4.612383e-01
      1.728000e+04  4.612383e-01
      1.729000e+04  4.612383e-01
      1.730000e+04  4.612383e-01
      1.731000e+04  4.612383e-01
      1.732000e+04  4.612383e-01
      1.733000e+04  4.612383e-01
      1.734000e+04  4.612383e-01
      1.735000e+04  4.612383e-01
      1.736000e+04  4.612383e-01
      1.737000e+04  4.612383e-01
      1.738000e+04  4.612383e-01
      1.739000e+04  4.612383e-01
      1.740000e+04  4.612383e-01
      1.741000e+04  4.612383e-01
      1.742000e+04  4.612383e-01
      1.743000e+04  4.612383e-01
      1.744000e+04  4.612383e-01
      1.745000e+04  4.612383e-01
      1.746000e+04  4.612383e-01
      1.747000e+04  4.612383e-01
      1.748000e+04  4.612383e-01
      1.749000e+04  4.612383e-01
      1.750000e+04  4.612383e-01
      1.751000e+04  4.612383e-01
      1.752000e+04  4.612383e-01
      1.753000e+04  4.612383e-01
      1.754000e+04  4.612383e-01
      1.755000e+04  4.612383e-01
      1.756000e+04  4.612383e-01
      1.757000e+04  4.612383e-01
      1.758000e+04  4.612383e-01
      1.759000e+04  4.612383e-01
      1.760000e+04  4.612383e-01
      1.761000e+04  4.612383e-01
      1.762000e+04  4.612383e-01
      1.763000e+04  4.612383e-01
      1.764000e+04  4.612383e-01
      1.765000e+04  4.612383e-01
      1.766000e+04  4.612383e-01
      1.767000e+04  4.612383e-01
      1.768000e+04  4.612383e-01
      1.769000e+04  4.612383e-01
      1.770000e+04  4.612383e-01
      1.771000e+04  4.612383e-01
      1.772000e+04  4.612383e-01
      1.773000e+04  4.612383e-01
      1.774000e+04  4.612383e-01
      1.775000e+04  4.612383e-01
      1.776000e+04  4.612383e-01
      1.777000e+04  4.612383e-01
      1.778000e+04  4.612383e-01
      1.779000e+04  4.612383e-01
      1.780000e+04  4.612383e-01
      1.781000e+04  4.612383e-01
      1.782000e+04  4.612383e-01
      1.783000e+04  4.612383e-01
      1.784000e+04  4.612383e-01
      1.785000e+04  4.612383e-01
      1.786000e+04  4.612383e-01
      1.787000e+04  4.612383e-01
      1.788000e+04  4.612383e-01
      1.789000e+04  4.612383e-01
      1.790000e+04  4.612383e-01
      1.791000e+04  4.612383e-01
      1.792000e+04  4.612383e-01
      1.793000e+04  4.612383e-01
      1.794000e+04  4.612383e-01
      1.795000e+04  4.612383e-01
      1.796000e+04  4.612383e-01
      1.797000e+04  4.612383e-01
      1.798000e+04  4.612383e-01
      1.799000e+04  4.612383e-01
      1.800000e+04  4.612383e-01
      1.801000e+04  4.611871e-01
      1.802000e+04  4.611358e-01
      1.803000e+04  4.610846e-01
      1.804000e+04  4.610333e-01
      1.805000e+04  4.609821e-01
      1.806000e+04  4.609308e-01
      1.807000e+04  4.608796e-01
      1.808000e+04  4.608283e-01
      1.809000e+04  4.607771e-01
      1.810000e+04  4.607258e-01
      1.811000e+04  4.606746e-01
      1.812000e+04  4.606233e-01
      1.813000e+04  4.605721e-01
      1.814000e+04  4.605208e-01
      1.815000e+04  4.604696e-01
      1.816000e+04  4.604183e-01
      1.817000e+04  4.603671e-01
      1.818000e+04  4.603158e-01
      1.819000e+04  4.602646e-01
      1.820000e+04  4.602133e-01
      1.821000e+04  4.601621e-01
      1.822000e+04  4.601108e-01
      1.823000e+04  4.600596e-01
      1.824000e+04  4.600083e-01
      1.825000e+04  4.599571e-01
      1.826000e+04  4.599058e-01
      1.827000e+04  4.598546e-01
      1.828000e+04  4.598033e-01
      1.829000e+04  4.597521e-01
      1.830000e+04  4.597008e-01
      1.831000e+04  4.596496e-01
      1.832000e+04  4.595983e-01
      1.833000e+04  4.595471e-01
      1.834000e+04  4.594958e-01
      1.835000e+04  4.594446e-01
      1.836000e+04  4.593933e-01
      1.837000e+04  4.593421e-01
      1.838000e+04  4.592908e-01
      1.839000e+04  4.592396e-01
      1.840000e+04  4.591884e-01
      1.841000e+04  4.591371e-01
      1.842000e+04  4.590859e-01
      1.843000e+04  4.590346e-01
      1.844000e+04  4.589834e-01
      1.845000e+04  4.589321e-01
      1.846000e+04  4.588809e-01
      1.847000e+04  4.588296e-01
      1.848000e+04  4.587784e-01
      1.849000e+04  4.587271e-01
      1.850000e+04  4.586759e-01
      1.851000e+04  4.586246e-01
      1.852000e+04  4.585734e-01
      1.853000e+04  4.585221e-01
      1.854000e+04  4.584709e-01
      1.855000e+04  4.584196e-01
      1.856000e+04  4.583684e-01
      1.857000e+04  4.583171e-01
      1.858000e+04  4.582659e-01
      1.859000e+04  4.582146e-01
      1.860000e+04  4.581634e-01
      1.861000e+04  4.581121e-01
      1.862000e+04  4.580609e-01
      1.863000e+04  4.580096e-01
      1.864000e+04  4.579584e-01
      1.865000e+04  4.579071e-01
      1.866000e+04  4.578559e-01
      1.867000e+04  4.578046e-01
      1.868000e+04  4.577534e-01
      1.869000e+04  4.577021e-01
      1.870000e+04  4.576509e-01
      1.871000e+04  4.575996e-01
      1.872000e+04  4.575484e-01
      1.873000e+04  4.574971e-01
      1.874000e+04  4.574459e-01
      1.875000e+04  4.573946e-01
      1.876000e+04  4.573434e-01
      1.877000e+04  4.572922e-01
      1.878000e+04  4.572409e-01
      1.879000e+04  4.571897e-01
      1.880000e+04  4.571384e-01
      1.881000e+04  4.570872e-01
      1.882000e+04  4.570359e-01
      1.883000e+04  4.569847e-01
      1.884000e+04  4.569334e-01
      1.885000e+04  4.568822e-01
      1.886000e+04  4.568309e-01
      1.887000e+04  4.567797e-01
      1.888000e+04  4.567284e-01
      1.889000e+04  4.566772e-01
      1.890000e+04  4.566259e-01
      1.891000e+04  4.565747e-01
      1.892000e+04  4.565234e-01
      1.893000e+04  4.564722e-01
      1.894000e+04  4.564209e-01
      1.895000e+04  4.563697e-01
      1.896000e+04  4.563184e-01
      1.897000e+04  4.562672e-01
      1.898000e+04  4.562159e-01
      1.899000e+04  4.561647e-01
      1.900000e+04  4.561134e-01
      1.901000e+04  4.559084e-01
      1.902000e+04  4.557034e-01
      1.903000e+04  4.554984e-01
      1.904000e+04  4.552935e-01
      1.905000e+04  4.550885e-01
      1.906000e+04  4.548835e-01
      1.907000e+04  4.546785e-01
      1.908000e+04  4.544735e-01
      1.909000e+04  4.542685e-01
      1.910000e+04  4.540635e-01
      1.911000e+04  4.538585e-01
      1.912000e+04  4.536535e-01
      1.913000e+04  4.534485e-01
      1.914000e+04  4.532435e-01
      1.915000e+04  4.530385e-01
      1.916000e+04  4.528335e-01
      1.917000e+04  4.526285e-01
      1.918000e+04  4.524235e-01
      1.919000e+04  4.522185e-01
      1.920000e+04  4.520135e-01
      1.921000e+04  4.518085e-01
      1.922000e+04  4.516035e-01
      1.923000e+04  4.513985e-01
      1.924000e+04  4.511936e-01
      1.925000e+04  4.509886e-01
      1.926000e+04  4.507836e-01
      1.927000e+04  4.505786e-01
      1.928000e+04  4.503736e-01
      1.929000e+04  4.501686e-01
      1.930000e+04  4.499636e-01
      1.931000e+04  4.497586e-01
      1.932000e+04  4.495536e-01
      1.933000e+04  4.493486e-01
      1.934000e+04  4.491436e-01
      1.935000e+04  4.489386e-01
      1.936000e+04  4.487336e-01
      1.937000e+04  4.485286e-01
      1.938000e+04  4.483236e-01
      1.939000e+04  4.481186e-01
      1.940000e+04  4.479136e-01
      1.941000e+04  4.477086e-01
      1.942000e+04  4.475036e-01
      1.943000e+04  4.472987e-01
      1.944000e+04  4.470937e-01
      1.945000e+04  4.468887e-01
      1.946000e+04  4.466837e-01
      1.947000e+04  4.464787e-01
      1.948000e+04  4.462737e-01
      1.949000e+04  4.460687e-01
      1.950000e+04  4.458637e-01
      1.951000e+04  4.456587e-01
      1.952000e+04  4.454537e-01
      1.953000e+04  4.452487e-01
      1.954000e+04  4.450437e-01
      1.955000e+04  4.448387e-01
      1.956000e+04  4.446337e-01
      1.957000e+04  4.444287e-01
      1.958000e+04  4.442237e-01
      1.959000e+04  4.440187e-01
      1.960000e+04  4.438137e-01
      1.961000e+04  4.436087e-01
      1.962000e+04  4.434038e-01
      1.963000e+04  4.431988e-01
      1.964000e+04  4.429938e-01
      1.965000e+04  4.427888e-01
      1.966000e+04  4.425838e-01
      1.967000e+04  4.423788e-01
      1.968000e+04  4.421738e-01
      1.969000e+04  4.419688e-01
      1.970000e+04  4.417638e-01
      1.971000e+04  4.415588e-01
      1.972000e+04  4.413538e-01
      1.973000e+04  4.411488e-01
      1.974000e+04  4.409438e-01
      1.975000e+04  4.407388e-01
      1.976000e+04  4.405338e-01
      1.977000e+04  4.403288e-01
      1.978000e+04  4.401238e-01
      1.979000e+04  4.399188e-01
      1.980000e+04  4.397138e-01
      1.981000e+04  4.395089e-01
      1.982000e+04  4.393039e-01
      1.983000e+04  4.390989e-01
      1.984000e+04  4.388939e-01
      1.985000e+04  4.386889e-01
      1.986000e+04  4.384839e-01
      1.987000e+04  4.382789e-01
      1.988000e+04  4.380739e-01
      1.989000e+04  4.378689e-01
      1.990000e+04  4.376639e-01
      1.991000e+04  4.374589e-01
      1.992000e+04  4.372539e-01
      1.993000e+04  4.370489e-01
      1.994000e+04  4.368439e-01
      1.995000e+04  4.366389e-01
      1.996000e+04  4.364339e-01
      1.997000e+04  4.362289e-01
      1.998000e+04  4.360239e-01
      1.999000e+04  4.358189e-01
      2.000000e+04  4.356140e-01
      2.001000e+04  2.178070e-02
      2.002000e+04  2.178070e-02
      2.003000e+04  2.178070e-02
      2.004000e+04  2.178070e-02
      2.005000e+04  2.178070e-02
      2.006000e+04  2.178070e-02
      2.007000e+04  2.178070e-02
      2.008000e+04  2.178070e-02
      2.009000e+04  2.178070e-02
      2.010000e+04  2.178070e-02
      2.011000e+04  2.178070e-02
      2.012000e+04  2.178070e-02
      2.013000e+04  2.178070e-02
      2.014000e+04  2.178070e-02
      2.015000e+04  2.178070e-02
      2.016000e+04  2.178070e-02
      2.017000e+04  2.178070e-02
      2.018000e+04  2.178070e-02
      2.019000e+04  2.178070e-02
      2.020000e+04  0.000000e+00
      2.021000e+04  0.000000e+00
      2.022000e+04  0.000000e+00
      2.023000e+04  0.000000e+00
      2.024000e+04  0.000000e+00
      2.025000e+04  0.000000e+00
      2.026000e+04  0.000000e+00
      2.027000e+04  0.000000e+00
      2.028000e+04  0.000000e+00
      2.029000e+04  0.000000e+00
      2.030000e+04  0.000000e+00
      2.031000e+04  0.000000e+00
      2.032000e+04  0.000000e+00
      2.033000e+04  0.000000e+00
      2.034000e+04  0.000000e+00
      2.035000e+04  0.000000e+00
      2.036000e+04  0.000000e+00
      2.037000e+04  0.000000e+00
      2.038000e+04  0.000000e+00
      2.039000e+04  0.000000e+00
      2.040000e+04  0.000000e+00
      2.041000e+04  0.000000e+00
      2.042000e+04  0.000000e+00
      2.043000e+04  0.000000e+00
      2.044000e+04  0.000000e+00
      2.045000e+04  0.000000e+00
      2.046000e+04  0.000000e+00
      2.047000e+04  0.000000e+00
      2.048000e+04  0.000000e+00
      2.049000e+04  0.000000e+00
      2.050000e+04  0.000000e+00
      2.051000e+04  0.000000e+00
      2.052000e+04  0.000000e+00
      2.053000e+04  0.000000e+00
      2.054000e+04  0.000000e+00
      2.055000e+04  0.000000e+00
      2.056000e+04  0.000000e+00
      2.057000e+04  0.000000e+00
      2.058000e+04  0.000000e+00
      2.059000e+04  0.000000e+00
      2.060000e+04  0.000000e+00
      2.061000e+04  0.000000e+00
      2.062000e+04  0.000000e+00
      2.063000e+04  0.000000e+00
      2.064000e+04  0.000000e+00
      2.065000e+04  0.000000e+00
      2.066000e+04  0.000000e+00
      2.067000e+04  0.000000e+00
      2.068000e+04  0.000000e+00
      2.069000e+04  0.000000e+00
      2.070000e+04  0.000000e+00
      2.071000e+04  0.000000e+00
      2.072000e+04  0.000000e+00
      2.073000e+04  0.000000e+00
      2.074000e+04  0.000000e+00
      2.075000e+04  0.000000e+00
      2.076000e+04  0.000000e+00
      2.077000e+04  0.000000e+00
      2.078000e+04  0.000000e+00
      2.079000e+04  0.000000e+00
      2.080000e+04  0.000000e+00
      2.081000e+04  0.000000e+00
      2.082000e+04  0.000000e+00
      2.083000e+04  0.000000e+00
      2.084000e+04  0.000000e+00
      2.085000e+04  0.000000e+00
      2.086000e+04  0.000000e+00
      2.087000e+04  0.000000e+00
      2.088000e+04  0.000000e+00
      2.089000e+04  0.000000e+00
      2.090000e+04  0.000000e+00
      2.091000e+04  0.000000e+00
      2.092000e+04  0.000000e+00
      2.093000e+04  0.000000e+00
      2.094000e+04  0.000000e+00
      2.095000e+04  0.000000e+00
      2.096000e+04  0.000000e+00
      2.097000e+04  0.000000e+00
      2.098000e+04  0.000000e+00
      2.099000e+04  0.000000e+00
      2.100000e+04  0.000000e+00
