0 0.0
1 0.0
2 0.0
3 0.0
4 0.0
5 0.0
6 0.0
7 0.0
8 0.0
9 0.0
10 0.0
11 0.0
12 0.0
13 0.0
14 0.0
15 0.0
16 0.0
17 0.0
18 0.0
19 0.0
20 0.0
21 0.0
22 0.0
23 0.0
24 0.0
25 0.0
26 0.0
27 0.0
28 0.0
29 0.0
30 0.0
31 0.0
32 0.0
33 0.0
34 0.0
35 0.0
36 0.0
37 0.0
38 0.0
39 0.0
40 0.0
41 0.0
42 0.0
43 0.0
44 0.0
45 0.0
46 0.0
47 0.0
48 0.0
49 0.0
50 0.0
51 0.0
52 0.0
53 0.0
54 0.0
55 0.0
56 0.0
57 0.0
58 0.0
59 0.0
60 0.0
61 0.0
62 0.0
63 0.0
64 0.0
65 0.0
66 0.0
67 0.0
68 0.0
69 0.0
70 0.0
71 0.0
72 0.0
73 0.0
74 0.0
75 0.0
76 0.0
77 0.0
78 0.0
79 0.0
80 0.0
81 0.0
82 0.0
83 0.0
84 0.0
85 0.0
86 0.0
87 0.0
88 0.0
89 0.0
90 0.0
91 0.0
92 0.0
93 0.0
94 0.0
95 0.0
96 0.0
97 0.0
98 0.0
99 0.0
100 0.0
101 0.0
102 0.0
103 0.0
104 0.0
105 0.0
106 0.0
107 0.0
108 0.0
109 0.0
110 0.0
111 0.0
112 0.0
113 0.0
114 0.0
115 0.0
116 0.0
117 0.0
118 0.0
119 0.0
120 0.0
121 0.0
122 0.0
123 0.0
124 0.0
125 0.0
126 0.0
127 0.0
128 0.0
129 0.0
130 0.0
131 0.0
132 0.0
133 0.0
134 0.0
135 0.0
136 0.0
137 0.0
138 0.0
139 0.0
140 0.0
141 0.0
142 0.0
143 0.0
144 0.0
145 0.0
146 0.0
147 0.0
148 0.0
149 0.0
150 0.0
151 0.0
152 0.0
153 0.0
154 0.0
155 0.0
156 0.0
157 0.0
158 0.0
159 0.0
160 0.0
161 0.0
162 0.0
163 0.0
164 0.0
165 0.0
166 0.0
167 0.0
168 0.0
169 0.0
170 0.0
171 0.0
172 0.0
173 0.0
174 0.0
175 0.0
176 0.0
177 0.0
178 0.0
179 0.0
180 0.0
181 0.0
182 0.0
183 0.0
184 0.0
185 0.0
186 0.0
187 0.0
188 0.0
189 0.0
190 0.0
191 0.0
192 0.0
193 0.0
194 0.0
195 0.0
196 0.0
197 0.0
198 0.0
199 0.0
200 0.0
201 0.0
202 0.0
203 0.0
204 0.0
205 0.0
206 0.0
207 0.0
208 0.0
209 0.0
210 0.0
211 0.0
212 0.0
213 0.0
214 0.0
215 0.0
216 0.0
217 0.0
218 0.0
219 0.0
220 0.0
221 0.0
222 0.0
223 0.0
224 0.0
225 0.0
226 0.0
227 0.0
228 0.0
229 0.0
230 0.0
231 0.0
232 0.0
233 0.0
234 0.0
235 0.0
236 0.0
237 0.0
238 0.0
239 0.0
240 0.0
241 0.0
242 0.0
243 0.0
244 0.0
245 0.0
246 0.0
247 0.0
248 0.0
249 0.0
250 0.0
251 0.0
252 0.0
253 0.0
254 0.0
255 0.0
256 0.0
257 0.0
258 0.0
259 0.0
260 0.0
261 0.0
262 0.0
263 0.0
264 0.0
265 0.0
266 0.0
267 0.0
268 0.0
269 0.0
270 0.0
271 0.0
272 0.0
273 0.0
274 0.0
275 0.0
276 0.0
277 0.0
278 0.0
279 0.0
280 0.0
281 0.0
282 0.0
283 0.0
284 0.0
285 0.0
286 0.0
287 0.0
288 0.0
289 0.0
290 0.0
291 0.0
292 0.0
293 0.0
294 0.0
295 0.0
296 0.0
297 0.0
298 0.0
299 0.0
300 0.0
301 0.0
302 0.0
303 0.0
304 0.0
305 0.0
306 0.0
307 0.0
308 0.0
309 0.0
310 0.0
311 0.0
312 0.0
313 0.0
314 0.0
315 0.0
316 0.0
317 0.0
318 0.0
319 0.0
320 0.0
321 0.0
322 0.0
323 0.0
324 0.0
325 0.0
326 0.0
327 0.0
328 0.0
329 0.0
330 0.0
331 0.0
332 0.0
333 0.0
334 0.0
335 0.0
336 0.0
337 0.0
338 0.0
339 0.0
340 0.0
341 0.0
342 0.0
343 0.0
344 0.0
345 0.0
346 0.0
347 0.0
348 0.0
349 0.0
350 0.0
351 0.0
352 0.0
353 0.0
354 0.0
355 0.0
356 0.0
357 0.0
358 0.0
359 0.0
360 0.0
361 0.0
362 0.0
363 0.0
364 0.0
365 0.0
366 0.0
367 0.0
368 0.0
369 0.0
370 0.0
371 0.0
372 0.0
373 0.0
374 0.0
375 0.0
376 0.0
377 0.0
378 0.0
379 0.0
380 0.0
381 0.0
382 0.0
383 0.0
384 0.0
385 0.0
386 0.0
387 0.0
388 0.0
389 0.0
390 0.0
391 0.0
392 0.0
393 0.0
394 0.0
395 0.0
396 0.0
397 0.0
398 0.0
399 0.0
400 0.0
401 0.0
402 0.0
403 0.0
404 0.0
405 0.0
406 0.0
407 0.0
408 0.0
409 0.0
410 0.0
411 0.0
412 0.0
413 0.0
414 0.0
415 0.0
416 0.0
417 0.0
418 0.0
419 0.0
420 0.0
421 0.0
422 0.0
423 0.0
424 0.0
425 0.0
426 0.0
427 0.0
428 0.0
429 0.0
430 0.0
431 0.0
432 0.0
433 0.0
434 0.0
435 0.0
436 0.0
437 0.0
438 0.0
439 0.0
440 0.0
441 0.0
442 0.0
443 0.0
444 0.0
445 0.0
446 0.0
447 0.0
448 0.0
449 0.0
450 0.0
451 0.0
452 0.0
453 0.0
454 0.0
455 0.0
456 0.0
457 0.0
458 0.0
459 0.0
460 0.0
461 0.0
462 0.0
463 0.0
464 0.0
465 0.0
466 0.0
467 0.0
468 0.0
469 0.0
470 0.0
471 0.0
472 0.0
473 0.0
474 0.0
475 0.0
476 0.0
477 0.0
478 0.0
479 0.0
480 0.0
481 0.0
482 0.0
483 0.0
484 0.0
485 0.0
486 0.0
487 0.0
488 0.0
489 0.0
490 0.0
491 0.0
492 0.0
493 0.0
494 0.0
495 0.0
496 0.0
497 0.0
498 0.0
499 0.0
500 0.0
501 0.0
502 0.0
503 0.0
504 0.0
505 0.0
506 0.0
507 0.0
508 0.0
509 -0.0
510 0.0
511 0.0
512 0.0
513 0.0
514 -0.0
515 0.0
516 -0.0
517 0.0
518 -0.0
519 0.0
520 -0.0
521 0.0
522 -0.0
523 0.0
524 -0.0
525 0.0
526 0.0
527 0.0
528 0.0
529 0.0
530 -0.0
531 -0.0
532 0.0
533 0.0
534 0.0
535 -0.0
536 0.0
537 -0.0
538 0.0
539 -0.0
540 0.0
541 -0.0
542 0.0
543 -0.0
544 0.0
545 -0.0
546 0.0
547 0.0
548 0.0
549 0.0
550 0.0
551 0.0
552 0.0
553 0.0
554 -0.0
555 0.0
556 -0.0
557 0.0
558 -0.0
559 0.0
560 -0.0
561 0.0
562 0.0
563 0.0
564 0.0
565 0.0
566 -0.0
567 0.0
568 -0.0
569 0.0
570 -0.0
571 0.0
572 -0.0
573 0.0
574 -0.0
575 0.0
576 -0.0
577 0.0
578 0.0
579 0.0
580 0.0
581 0.0
582 0.0
583 0.0
584 0.0
585 -0.0
586 0.0
587 -0.0
588 0.0
589 -0.0
590 0.0
591 -0.0
592 0.0
593 -0.0
594 0.0
595 -0.0
596 0.0
597 0.0
598 0.0
599 0.0
600 0.0
601 0.0
602 0.0
603 0.0
604 0.0
605 0.0
606 0.0
607 0.0
608 0.0
609 0.0
610 -0.0
611 0.0
612 0.0
613 0.0
614 0.0
615 0.0
616 0.0
617 0.0
618 0.0
619 0.0
620 0.0
621 0.0
622 0.0
623 0.0
624 0.0
625 -0.0
626 0.0
627 -0.0
628 0.0
629 -0.0
630 0.0
631 0.0
632 0.0
633 0.0
634 0.0
635 0.0
636 -0.0
637 0.0
638 0.0
639 0.0
640 0.0
641 0.0
642 0.0
643 0.0
644 0.0
645 0.0
646 0.0
647 0.0
648 0.0
649 0.0
650 0.0
651 0.0
652 0.0
653 0.0
654 0.0
655 0.0
656 0.0
657 0.0
658 0.0
659 0.0
660 0.0
661 0.0
662 0.0
663 0.0
664 0.0
665 0.0
666 0.0
667 0.0
668 0.0
669 0.0
670 0.0
671 0.0
672 0.0
673 0.0
674 0.0
675 0.0
676 0.0
677 0.0
678 0.0
679 0.0
680 0.0
681 0.0
682 0.0
683 0.0
684 0.0
685 0.0
686 0.0
687 0.0
688 0.0
689 0.0
690 0.0
691 0.0
692 0.0
693 0.0
694 0.0
695 0.0
696 0.0
697 0.0
698 0.0
699 0.0
700 0.0
701 0.0
702 0.0
703 0.0
704 0.0
705 0.0
706 0.0
707 0.0
708 0.0
709 0.0
710 0.0
711 0.0
712 0.0
713 0.0
714 0.0
715 0.0
716 0.0
717 0.0
718 0.0
719 0.0
720 0.0
721 0.0
722 0.0
723 0.0
724 0.0
725 0.0
726 -0.0
727 0.0
728 0.0
729 0.0
730 0.0
731 0.0
732 0.0
733 0.0
734 0.0
735 0.0
736 -0.0
737 -0.0
738 0.0
739 -0.0
740 0.0
741 -0.0
742 0.0
743 0.0
744 0.0
745 -0.0
746 0.0
747 0.0
748 0.0
749 0.0
750 0.0
751 0.0
752 0.0
753 0.0
754 0.0
755 -0.0
756 -0.0
757 -0.0
758 -0.0
759 0.0
760 -0.0
761 0.0
762 -0.0
763 0.0
764 -0.0
765 0.0
766 0.0
767 0.0
768 0.0
769 0.0
770 0.0
771 0.0
772 -0.0
773 -0.0
774 -0.0
775 -0.0
776 -0.0
777 -0.0
778 0.0
779 -0.0
780 0.0
781 -0.0
782 0.0
783 -0.0
784 0.0
785 0.0
786 0.0
787 -0.0
788 0.0
789 0.0
790 -0.0
791 0.0
792 0.0
793 0.0
794 -0.0
795 0.0
796 -0.0
797 0.0
798 -0.0
799 0.0
800 -0.0
801 0.0
802 -0.0
803 0.0
804 0.0
805 0.0
806 0.0
807 0.0
808 0.0
809 0.0
810 -0.0
811 0.0
812 -0.0
813 0.0
814 -0.0
815 0.0
816 -0.0
817 0.0
818 -0.0
819 0.0
820 -0.0
821 -0.0
822 -0.0
823 -0.0
824 -0.0
825 -0.0
826 0.0
827 -0.0
828 -0.0
829 -0.0
830 0.0
831 -0.0
832 -0.0
833 -0.0
834 -0.0
835 -0.0
836 0.0
837 -0.0
838 -0.0
839 -0.0
840 -0.0
841 -0.0
842 -0.0
843 -0.0
844 -0.0
845 -0.0
846 -0.0
847 -0.0
848 -0.0
849 -0.0
850 -0.0
851 -0.0
852 -0.0
853 -0.0
854 -0.0
855 0.0
856 0.0
857 0.0
858 0.0
859 0.0
860 0.0
861 0.0
862 0.0
863 0.0
864 0.0
865 0.0
866 0.0
867 0.0
868 0.0
869 0.0
870 0.0
871 0.0
872 0.0
873 0.0
874 0.0
875 0.0
876 0.0
877 0.0
878 0.0
879 0.0
880 0.0
881 0.0
882 0.0
883 0.0
884 0.0
885 0.0
886 0.0
887 0.0
888 0.0
889 0.0
890 0.0
891 0.0
892 0.0
893 0.0
894 0.0
895 0.0
896 0.0
897 0.0
898 0.0
899 0.0
900 -0.000602804833816
901 -0.000803381284702
902 0.000551301816536
903 -0.000453688180351
904 0.000719984191226
905 0.0025103188104
906 0.00141016448416
907 0.000871157812484
908 0.000304389290193
909 0.000950540636922
910 0.000653156752794
911 0.000492498604159
912 -0.000365825335617
913 0.00084773779867
914 -0.000666052617901
915 0.000438710691547
916 0.000320493737827
917 0.000300799700597
918 0.000751989924393
919 -0.000197691753748
920 0.00287328981007
921 0.00145339808429
922 0.00129665280993
923 0.00199450991512
924 0.00169971308915
925 7.32396713747e-05
926 0.00138228567088
927 0.0010652882327
928 0.000883641617857
929 0.00184825640474
930 0.00196283742185
931 0.0011466252854
932 0.00243270746861
933 0.00127541638079
934 0.00338821007524
935 0.0037338400903
936 0.00350180994137
937 0.00303866571587
938 0.00456590355668
939 0.00300911833501
940 0.00462982782052
941 0.00467401144952
942 0.00589824572491
943 0.00595388605673
944 0.00651746982779
945 0.0079251756496
946 0.00989252318807
947 0.00938160629656
948 0.0109086936646
949 0.0114462234951
950 0.0118783970422
951 0.0140271419112
952 0.0179184325417
953 0.0181696200904
954 0.0202014158285
955 0.0227702691168
956 0.0253216016807
957 0.0286650119002
958 0.0358096628985
959 0.0393194385674
960 0.0460801147764
961 0.0537375610835
962 0.060173571002
963 0.0715534637265
964 0.0816347863342
965 0.0953598307439
966 0.111026035001
967 0.129012866018
968 0.151792193824
969 0.179401130641
970 0.206316527557
971 0.236187524914
972 0.269051241445
973 0.305169445434
974 0.337675667357
975 0.376047406816
976 0.413021616751
977 0.454211252504
978 0.484141937964
979 0.51116126975
980 0.534570237589
981 0.56075915522
982 0.575426144992
983 0.586704037069
984 0.59443643878
985 0.597047083768
986 0.600266769316
987 0.599073149631
988 0.597530146575
989 0.597565308316
990 0.595830656566
991 0.595476479616
992 0.596147937317
993 0.597075231131
994 0.598992696579
995 0.600419245422
996 0.602561857416
997 0.606842677933
998 0.61050452656
999 0.613609359533
1000 0.617315251735
1001 0.623085400702
1002 0.628062173215
1003 0.634156315973
1004 0.639238803509
1005 0.644691825364
1006 0.651151885161
1007 0.655346522077
1008 0.659254998761
1009 0.662792426837
1010 0.6654599289
1011 0.667885460225
1012 0.669091517884
1013 0.670484546621
1014 0.671118264603
1015 0.672108672992
1016 0.673558505236
1017 0.674547666555
1018 0.674515743495
1019 0.672352136821
1020 0.671452234355
1021 0.669498150782
1022 0.667301281172
1023 0.664242239082
1024 0.661678365188
1025 0.658619852626
1026 0.654916172691
1027 0.651797948727
1028 0.64903256447
1029 0.645883383139
1030 0.644644565158
1031 0.643215795704
1032 0.641489315853
1033 0.640502723374
1034 0.638758803598
1035 0.637587438675
1036 0.637786725395
1037 0.638371170931
1038 0.639252104059
1039 0.640545966967
1040 0.644743689657
1041 0.648983999131
1042 0.653506651764
1043 0.659167100923
1044 0.665262267686
1045 0.6725350025
1046 0.679681739875
1047 0.686512886647
1048 0.692414183819
1049 0.695752823861
1050 0.698406806295
1051 0.700530478448
1052 0.697578018193
1053 0.690823214824
1054 0.683782363096
1055 0.671706042097
1056 0.654143287516
1057 0.635577297146
1058 0.614547917601
1059 0.587975811939
1060 0.559455977438
1061 0.529975108903
1062 0.496859889341
1063 0.464762558688
1064 0.433333375277
1065 0.402046946877
1066 0.369827939856
1067 0.338696310733
1068 0.312400574638
1069 0.285068181305
1070 0.256925998393
1071 0.232463804426
1072 0.208673887115
1073 0.187784893305
1074 0.16828706929
1075 0.149141440011
1076 0.131414413158
1077 0.114044433629
1078 0.0998857356238
1079 0.0872473780277
1080 0.0746646463458
1081 0.0645818423939
1082 0.055997685958
1083 0.0474669356254
1084 0.0403882059759
1085 0.0352216767722
1086 0.0302432379493
1087 0.0258036970637
1088 0.0223669703444
1089 0.0191168711616
1090 0.0167815498901
1091 0.0147683602332
1092 0.012492664508
1093 0.0115886400214
1094 0.0108260067356
1095 0.00900556366045
1096 0.00743435262545
1097 0.0072453543773
1098 0.00695870713593
1099 0.00680483469517
1100 0.00578883742098
1101 0.00351126195345
1102 0.00316571628744
1103 0.0038556832745
1104 0.00325131068304
1105 0.00327221548199
1106 0.00379766176773
1107 0.00273935659843
1108 0.00160052537887
1109 0.00212922457817
1110 0.00279541951754
1111 0.00153316460354
1112 0.00343592767907
1113 0.00338573948592
1114 0.00354645387624
1115 0.00387655999457
1116 0.00300696507883
1117 0.00242418548775
1118 0.00176036158188
1119 0.00203837164656
1120 0.00208840186945
1121 0.00161336805245
1122 0.00086175846557
1123 0.000464588089527
1124 0.00115838262673
1125 0.000849338609635
1126 0.000365748804379
1127 0.0015946313805
1128 0.00201218620694
1129 0.00148712832155
1130 0.000144399466502
1131 0.000312423097899
1132 0.000690961174551
1133 0.00136508319465
1134 0.000329234632096
1135 0.000411579711765
1136 0.000799088607647
1137 0.000799699278151
1138 0.00139317508374
1139 0.0014369972559
1140 0.000132018544136
1141 -0.000107146609226
1142 0.000369492050754
1143 0.000507434771098
1144 6.4139832861e-06
1145 -0.000686627722417
1146 3.46807047773e-05
1147 0.000625088276035
1148 0.000135853022227
1149 0.000766535836477
1150 0.00117062406122
1151 -6.3286148955e-05
1152 -8.8356319069e-05
1153 -0.000690155040424
1154 0.00127743688063
1155 0.000937779078765
1156 0.000166601302925
1157 0.000132782446373
1158 -0.000562816411185
1159 -0.00164127040233
1160 -0.00129800131056
1161 2.71361099991e-05
1162 -0.00015207848058
1163 -0.00106385603275
1164 0.000138420260683
1165 0.00122841115134
1166 0.00223421631241
1167 0.00117168772063
1168 -0.000154828178387
1169 6.29767535149e-05
1170 -0.000585828413704
1171 0.000719703664377
1172 0.000797269141306
1173 0.00207012080923
1174 -5.12264246824e-05
1175 -0.0007757786621
1176 -0.000460967555448
1177 0.00128603943752
1178 0.00165284752801
1179 0.00110696528449
1180 0.000625237116555
1181 0.000837915293751
1182 0.000784384263955
1183 0.00154741411876
1184 4.60653585635e-05
1185 -0.0010976510521
1186 -0.000980383588088
1187 -0.000486969958652
1188 -0.000366627560656
1189 -0.000251180666725
1190 -0.00178386089143
1191 -0.00197866847618
1192 -0.0010530426352
1193 0.000141676684343
1194 0.00116827447352
1195 4.94301510195e-05
1196 0.000456689104349
1197 -0.000173867513359
1198 0.00042058442829
1199 -0.000180758479331
1200 0.000418840976292
1201 1.73497159684e-06
1202 0.0
1203 0.0
1204 1.71654496464e-06
1205 2.58600924865e-06
1206 3.47492083509e-06
1207 0.0
1208 0.0
1209 8.66842405611e-07
1210 0.0
1211 1.74049956849e-06
1212 3.48640800952e-06
1213 0.0
1214 0.0
1215 8.70970205439e-07
1216 0.0
1217 2.62265347254e-06
1218 2.61286342483e-06
1219 0.0
1220 0.0
1221 8.75056398012e-07
1222 8.72625275129e-07
1223 3.49279341581e-06
1224 2.62680529181e-06
1225 0.0
1226 0.0
1227 1.74985946572e-06
1228 0.0
1229 3.5130943488e-06
1230 2.63692062041e-06
1231 0.0
1232 0.0
1233 1.75803547547e-06
1234 0.0
1235 5.2808729509e-06
1236 2.64064488956e-06
1237 0.0
1238 1.76089753796e-06
1239 1.76140064609e-06
1240 0.0
1241 0.0
1242 0.0
1243 0.0
1244 8.81607885335e-07
1245 0.0
1246 5.28921907898e-06
1247 3.52626423665e-06
1248 0.0
1249 0.0
1250 8.81599000502e-07
1251 0.0
1252 7.03327739188e-06
1253 3.52037059197e-06
1254 0.0
1255 8.81020750363e-07
1256 8.80488198848e-07
1257 0.0
1258 0.0
1259 0.0
1260 0.0
1261 1.71451504758e-06
1262 0.0
1263 5.05388172231e-06
1264 3.31347637901e-06
1265 0.0
1266 1.67042238377e-06
1267 8.46550753964e-07
1268 0.0
1269 2.14340735739e-06
1270 0.0
1271 0.0
1272 2.57622567194e-06
1273 0.0
1274 5.17704460818e-06
1275 1.73000998005e-06
1276 0.0
1277 0.0
1278 3.50003175886e-06
1279 0.0
1280 2.63987524781e-06
1281 0.0
1282 0.0
1283 2.65403020399e-06
1284 0.0
1285 5.31015435894e-06
1286 3.540893709e-06
1287 0.0
1288 0.0
1289 3.5405479123e-06
1290 0.0
1291 0.0
1292 0.0
1293 0.0
1294 2.66035798843e-06
1295 0.0
1296 6.19925737626e-06
1297 0.0
1298 0.0
1299 2.66086265435e-06
1300 3.52893663004e-06
1301 2.6485362108e-06
1302 1.76923159227e-06
1303 0.0
1304 0.0
1305 2.65254013481e-06
1306 0.0
1307 6.13567283496e-06
1308 8.79833134248e-07
1309 0.0
1310 3.48456282352e-06
1311 3.52092567709e-06
1312 5.25727381083e-06
1313 2.61289193923e-06
1314 0.0
1315 0.0
1316 1.7547876747e-06
1317 0.0
1318 5.20302812099e-06
1319 8.67623410114e-07
1320 0.0
1321 8.70336691133e-06
1322 5.21769752408e-06
1323 5.15461753458e-06
1324 1.74435320208e-06
1325 0.0
1326 8.74951297799e-07
1327 8.66545226281e-07
1328 3.34033604165e-06
1329 7.50740199983e-06
1330 9.36868536954e-06
1331 9.96226202643e-06
1332 1.54853502511e-05
1333 1.17820824536e-05
1334 1.02073174248e-05
1335 8.56115095999e-06
1336 8.41924038299e-06
1337 5.87157317143e-06
1338 4.24907133896e-06
1339 5.9427031923e-06
1340 7.27463864735e-06
1341 9.99253503721e-06
1342 5.14034078669e-06
1343 5.10458381476e-06
1344 7.45705013996e-06
1345 8.73718248507e-06
1346 9.18600783118e-06
1347 1.30802355205e-05
1348 7.6964904361e-06
1349 8.82966138144e-06
1350 1.13676939721e-05
1351 1.43322901823e-05
1352 1.31874146786e-05
1353 1.54844775721e-05
1354 1.12613009537e-05
1355 1.243670966e-05
1356 2.68572676078e-05
1357 2.71933314902e-05
1358 3.09749271704e-05
1359 3.95099524298e-05
1360 3.96742212199e-05
1361 2.90406734714e-05
1362 2.69585047505e-05
1363 7.54363406507e-05
1364 4.61455665344e-05
1365 4.33440099539e-05
1366 0.000156102024866
1367 0.00012977724087
1368 7.07196619052e-05
1369 0.000126403650883
1370 0.000122594347235
1371 0.000107959906574
1372 0.000206521547997
1373 0.000236619439212
1374 0.000239437803035
1375 0.000245530075848
1376 0.00023505742969
1377 0.000222456876074
1378 0.000191550527713
1379 0.0001815896486
1380 8.90014725337e-05
1381 8.79442091496e-05
1382 5.89181514572e-05
1383 5.46764687221e-05
1384 0.000128424397868
1385 9.06432300837e-05
1386 0.000135686702649
1387 0.000145922725561
1388 8.49433659776e-05
1389 0.000123730192389
1390 0.000105475848593
1391 9.56394641234e-05
1392 3.20708280545e-05
1393 5.43316671569e-05
1394 4.82683988345e-05
1395 2.60782139862e-05
1396 2.53075192834e-05
1397 4.13556887568e-05
1398 6.6926200994e-05
1399 5.74854849631e-05
1400 1.87452197708e-05
1401 2.02534884011e-05
1402 6.49071880745e-05
1403 6.25259098456e-05
1404 3.27074359765e-05
1405 2.82358622914e-05
1406 5.99412132057e-05
1407 3.71968745686e-05
1408 6.57971658571e-05
1409 4.70821861388e-05
1410 7.64758670988e-05
1411 8.33265926627e-05
1412 8.90359096633e-05
1413 0.00011116908749
1414 5.57267569052e-05
1415 7.38069325982e-05
1416 0.000146439198031
1417 0.000145543530058
1418 0.000130897681144
1419 9.91885528203e-05
1420 0.000157705629345
1421 0.000180577203597
1422 0.000211239066372
1423 0.000188904603869
1424 0.000231128979456
1425 0.000246415221024
1426 0.000273332980882
1427 0.000273701525137
1428 0.000240748860706
1429 0.000269630391048
1430 0.000318347315771
1431 0.000270132060866
1432 0.000201996289809
1433 0.000261902885329
1434 0.000262498594672
1435 0.000292011744446
1436 0.00029103122589
1437 0.000272050659113
1438 0.000287836015665
1439 0.000282381436997
1440 0.00028672206269
1441 0.00026160991226
1442 0.000247483907638
1443 0.000223234377646
1444 0.000239908303938
1445 0.000208465514627
1446 0.000199333561104
1447 0.000194524641607
1448 0.000203792791184
1449 0.00018961576622
1450 0.000112507401397
1451 0.000111013329338
1452 0.000138103747495
1453 0.000133584477482
1454 0.000134335564536
1455 0.000110803367753
1456 0.000115076777797
1457 0.000108119828414
1458 0.000104839142672
1459 0.000101454578849
1460 8.82062244714e-05
1461 8.46322877022e-05
1462 8.06151683796e-05
1463 7.08576884118e-05
1464 7.70789358033e-05
1465 6.72503306717e-05
1466 6.55071865261e-05
1467 6.06225387903e-05
1468 6.76801485599e-05
1469 6.57771755621e-05
1470 5.08426695315e-05
1471 4.80952878069e-05
1472 5.24094373474e-05
1473 5.39686630758e-05
1474 5.89805802165e-05
1475 6.19032919169e-05
1476 5.38548361705e-05
1477 5.45963034019e-05
1478 5.95968080547e-05
1479 5.73196621945e-05
1480 4.75277765111e-05
1481 5.43395970901e-05
1482 5.6085606059e-05
1483 6.05439366678e-05
1484 5.8923525003e-05
1485 5.96030705332e-05
1486 5.57640658143e-05
1487 5.76724106318e-05
1488 6.0530888247e-05
1489 6.60615085908e-05
1490 6.91421526026e-05
1491 6.4889593687e-05
1492 6.56244950376e-05
1493 7.12920071987e-05
1494 6.67450234435e-05
1495 7.28532340665e-05
1496 7.42814111254e-05
1497 7.57852926669e-05
1498 7.77749068318e-05
1499 8.44138542761e-05
1500 8.35983009505e-05
1501 9.17558904379e-05
1502 9.24595628062e-05
1503 9.28478876148e-05
1504 9.49771069154e-05
1505 0.000102504262226
1506 0.000103745521348
1507 0.000112485471695
1508 0.000112517383397
1509 0.000113489567938
1510 0.000122424041645
1511 0.000135045953623
1512 0.000129229488893
1513 0.000139059891103
1514 0.000144666187504
1515 0.000146814575266
1516 0.000149852691998
1517 0.000165240781931
1518 0.000162093424092
1519 0.000176160365469
1520 0.000177792660047
1521 0.000183371318854
1522 0.000187088909875
1523 0.000196308821999
1524 0.000191424089188
1525 0.000207652604532
1526 0.000207517332403
1527 0.000207575198128
1528 0.000211594051024
1529 0.000216898179794
1530 0.000215054133723
1531 0.000221382249139
1532 0.000212291378376
1533 0.000213027729376
1534 0.000218745866921
1535 0.000213999930782
1536 0.000215446774023
1537 0.000214889018406
1538 0.000206932680204
1539 0.000203036012164
1540 0.000201944150536
1541 0.000195719172109
1542 0.000195092223011
1543 0.000192509102411
1544 0.000180044361012
1545 0.000178307296781
1546 0.000178398895152
1547 0.000164849384509
1548 0.000164883716751
1549 0.00016131940053
1550 0.000150445622917
1551 0.000145882031741
1552 0.000144969719045
1553 0.000136895235107
1554 0.000135987168408
1555 0.000133265970547
1556 0.000124200276442
1557 0.000119639758635
1558 0.000120542280035
1559 0.0001106566353
1560 0.000112477661294
1561 0.000108809259372
1562 0.00010244576732
1563 9.88260231749e-05
1564 9.97291001005e-05
1565 9.25164685983e-05
1566 9.43130700781e-05
1567 9.24427540715e-05
1568 8.65522952983e-05
1569 8.70906219001e-05
1570 8.42096666286e-05
1571 7.83141170887e-05
1572 8.09235502903e-05
1573 7.67697907685e-05
1574 7.60996160063e-05
1575 7.51517577885e-05
1576 7.77512115536e-05
1577 7.02802181585e-05
1578 7.35708579639e-05
1579 7.01954948894e-05
1580 6.82410312785e-05
1581 7.11795641999e-05
1582 7.36391868703e-05
1583 6.92987745773e-05
1584 7.32619314748e-05
1585 7.24346682813e-05
1586 6.80070233846e-05
1587 6.98327672726e-05
1588 7.26055032115e-05
1589 6.80668830742e-05
1590 7.16961702466e-05
1591 7.08076076806e-05
1592 6.71713284134e-05
1593 6.99039009784e-05
1594 7.17068711611e-05
1595 6.62689008527e-05
1596 7.16883088623e-05
1597 7.25784658996e-05
1598 6.95505875348e-05
1599 6.83619963091e-05
1600 6.78340693342e-05
1601 6.64504355047e-05
1602 6.81392214539e-05
1603 7.07754787386e-05
1604 7.04456769237e-05
1605 7.21557394893e-05
1606 7.21491976065e-05
1607 7.07193500424e-05
1608 7.62105039583e-05
1609 7.36318496331e-05
1610 7.24051244094e-05
1611 7.6225236619e-05
1612 8.05994383153e-05
1613 7.72451845456e-05
1614 8.22590687961e-05
1615 8.1423864565e-05
1616 8.15618962423e-05
1617 8.52308669268e-05
1618 8.71237367338e-05
1619 8.53117753442e-05
1620 9.08145121961e-05
1621 9.17695017593e-05
1622 9.2703846708e-05
1623 9.54321437867e-05
1624 9.72513061093e-05
1625 9.54275580964e-05
1626 9.99215568062e-05
1627 0.000101701829318
1628 0.000102550340907
1629 0.000108060294234
1630 0.000112373483847
1631 0.000114291488585
1632 0.000117879863996
1633 0.000118632393171
1634 0.000122529414986
1635 0.00012674307329
1636 0.000126118650278
1637 0.000129556851165
1638 0.000136796987026
1639 0.000138690258671
1640 0.000139657871806
1641 0.000142441507438
1642 0.00014413689909
1643 0.000147772661946
1644 0.000156583832198
1645 0.000156424616918
1646 0.000161271895216
1647 0.00016491332897
1648 0.000163317201026
1649 0.000169300492952
1650 0.000172877447208
1651 0.000172535523554
1652 0.000179742690352
1653 0.000180947087138
1654 0.000182051317119
1655 0.000186882038886
1656 0.000187559519601
1657 0.000186505180818
1658 0.000189149473011
1659 0.000188759372465
1660 0.000190132957743
1661 0.000190073052505
1662 0.000187577405674
1663 0.000185229488735
1664 0.000183228787097
1665 0.000176601923286
1666 0.000169952520384
1667 0.000167407420075
1668 0.000167020577454
1669 0.000158160806197
1670 0.000153620701567
1671 0.000156937914571
1672 0.000157324941027
1673 0.000147407051072
1674 0.000140873575585
1675 0.000131424252882
1676 0.000120926636724
1677 0.000125082192542
1678 0.000123596950581
1679 0.000111083078322
1680 0.000101386257038
1681 9.30924226748e-05
1682 8.73658290233e-05
1683 9.63996767752e-05
1684 9.39942402842e-05
1685 7.91001492738e-05
1686 6.99996655136e-05
1687 5.78931828671e-05
1688 4.7299967479e-05
1689 6.09392231697e-05
1690 6.23215250668e-05
1691 4.78974548859e-05
1692 4.44988535923e-05
1693 3.54637956543e-05
1694 2.81043231873e-05
1695 4.27122478245e-05
1696 4.17498979751e-05
1697 2.70912145945e-05
1698 2.45449181915e-05
1699 1.99961482557e-05
1700 1.5398225402e-05
1701 3.16925293223e-05
1702 3.08019968907e-05
1703 1.44769341055e-05
1704 1.54187038859e-05
1705 1.17768497551e-05
1706 7.23232583896e-06
1707 2.07859345942e-05
1708 1.79577782896e-05
1709 9.89943403374e-06
1710 1.26807364576e-05
1711 2.72331503424e-06
1712 0.0
1713 1.3630379316e-05
1714 1.80236149217e-05
1715 8.14792954634e-06
1716 1.17786900002e-05
1717 2.72650418906e-06
1718 0.0
1719 1.45551619333e-05
1720 1.72017555666e-05
1721 7.17357045978e-06
1722 8.1447168965e-06
1723 0.0
1724 0.0
1725 1.8035945023e-05
1726 1.80997237226e-05
1727 4.52794844998e-06
1728 7.21730561058e-06
1729 0.0
1730 -9.06901568656e-06
1731 1.08687891911e-05
1732 1.59164229139e-05
1733 8.11652552181e-06
1734 5.44880382927e-06
1735 9.05291868097e-07
1736 1.78943121599e-06
1737 1.8003150448e-05
1738 9.99397864301e-06
1739 6.35304830199e-06
1740 0.0
1741 -8.88448656086e-06
1742 0.0
1743 1.273196997e-05
1744 6.23873239727e-06
1745 1.80320496267e-06
1746 3.48012355512e-06
1747 0.0
1748 0.0
1749 1.63763131418e-05
1750 4.53972810317e-06
1751 8.95344494142e-07
1752 9.06628548818e-07
1753 -9.09088417402e-06
1754 4.49996138074e-06
1755 1.40803769071e-05
1756 4.45162235002e-06
1757 3.49438940777e-06
1758 2.72576511501e-06
1759 0.0
1760 0.0
1761 1.60165950409e-05
1762 0.0
1763 7.07919842729e-06
1764 5.44412373314e-06
1765 0.0
1766 2.56581721784e-06
1767 1.1717282735e-05
1768 1.80911335725e-06
1769 0.0
1770 0.0
1771 -8.83647550634e-06
1772 5.4323454515e-06
1773 3.61565123548e-06
1774 0.0
1775 5.33452002844e-06
1776 0.0
1777 0.0
1778 1.40927587383e-05
1779 7.38904987945e-06
1780 1.23792716252e-05
1781 0.0
1782 -9.01586304745e-06
1783 0.0
1784 1.31607571312e-05
1785 3.04369339188e-06
1786 3.42038528492e-06
1787 0.0
1788 -8.87671558773e-06
1789 0.0
1790 1.33431233632e-05
1791 0.0
1792 8.27020277292e-07
1793 0.0
1794 -8.37234844492e-06
1795 8.3349524907e-07
1796 1.1215869071e-05
1797 7.86959620789e-07
1798 2.54863703236e-06
1799 8.71421181975e-07
1800 -6.13345778572e-06
1801 2.92007272983e-06
1802 9.99129363306e-06
1803 3.61771408509e-06
1804 8.2395642969e-07
1805 0.0
1806 -5.28352307776e-06
1807 3.22722204911e-06
1808 1.26092785002e-05
1809 0.0
1810 0.0
1811 0.0
1812 -4.97284898409e-06
1813 1.4567953487e-06
1814 7.04984400031e-06
1815 1.24749416124e-06
1816 1.20764332082e-06
1817 1.98068101488e-06
1818 0.0
1819 6.0633475047e-07
1820 2.10884147424e-06
1821 3.13495788535e-07
1822 2.04410484017e-06
1823 0.0
1824 -7.80289614907e-06
1825 1.38551031704e-06
1826 2.94183980163e-06
1827 0.0
1828 3.25946418697e-07
1829 0.0
1830 -3.77121696347e-06
1831 2.96170002033e-06
1832 6.74141646904e-06
1833 4.20096132562e-07
1834 1.50702083043e-06
1835 0.0
1836 -1.65663722843e-06
1837 1.67974103698e-06
1838 4.19322847225e-06
1839 0.0
1840 6.22104159867e-07
1841 0.0
1842 -1.62428019235e-06
1843 3.83766537875e-06
1844 5.11473681204e-06
1845 0.0
1846 0.0
1847 0.0
1848 0.0
1849 2.73172217496e-06
1850 4.49567388013e-06
1851 7.36671489234e-07
1852 0.0
1853 -2.22046573967e-06
1854 -2.53467107156e-06
1855 4.41573695904e-07
1856 3.6042280324e-06
1857 2.99400835917e-07
1858 0.0
1859 0.0
1860 -8.44522625241e-07
1861 1.49207276721e-06
1862 1.09446575933e-05
1863 5.15363655616e-07
1864 0.0
1865 -3.99526450849e-06
1866 0.0
1867 2.89728235231e-06
1868 4.08068822585e-06
1869 1.99260996809e-06
1870 2.09565000024e-07
1871 -5.19687720194e-07
1872 -2.45616141304e-06
1873 2.01020539235e-07
1874 2.77055275482e-06
1875 0.0
1876 0.0
1877 -1.37436889477e-06
1878 -5.46083226164e-06
1879 6.43785720355e-07
1880 6.41432179037e-06
1881 9.98697183628e-07
1882 0.0
1883 -6.52714432396e-06
1884 -3.14231934375e-06
1885 2.0727025725e-06
1886 8.30747954425e-06
1887 9.20790453134e-07
1888 0.0
1889 0.0
1890 -2.57063350747e-06
1891 1.88573501114e-06
1892 6.22875869922e-06
1893 2.74698357969e-06
1894 0.0
1895 0.0
1896 -6.59452543776e-06
1897 5.04451129906e-06
1898 5.11047385237e-06
1899 0.0
1900 0.0
1901 0.0
1902 -3.46267454452e-06
1903 3.61287131398e-07
1904 9.16861344269e-06
1905 2.89756390372e-06
1906 1.23961945764e-06
1907 0.0
1908 -6.19516867112e-06
1909 0.0
1910 9.72419587401e-06
1911 4.19838893554e-06
1912 4.1793180167e-07
1913 0.0
1914 -5.83857368479e-06
1915 0.0
1916 5.36257817276e-06
1917 8.2575954209e-07
1918 0.0
1919 0.0
1920 -1.02681113783e-06
1921 1.93204357422e-06
1922 1.78846452278e-05
1923 9.25964133035e-06
1924 1.02668038519e-06
1925 0.0
1926 -5.8948506808e-06
1927 3.7512847126e-06
1928 1.24747053778e-05
1929 7.38746515045e-06
1930 1.35968612869e-06
1931 -4.25817069058e-06
1932 -6.94647714073e-06
1933 1.26066640128e-05
1934 1.07158244516e-05
1935 0.0
1936 -5.83864436296e-06
1937 -1.27310425107e-05
1938 -6.11689227676e-06
1939 9.46280238582e-06
1940 1.24858946904e-05
1941 3.78661221925e-06
1942 -8.30959024775e-06
1943 -1.6211477415e-05
1944 -6.1482426458e-06
1945 1.36070588253e-05
1946 1.6009647237e-05
1947 4.34656503735e-06
1948 0.0
1949 -7.08542732966e-06
1950 -7.10246220238e-06
1951 1.35129690454e-05
1952 1.23594038232e-05
1953 2.3369433972e-06
1954 -5.49610438946e-06
1955 -5.54152314864e-06
1956 -5.17289612352e-06
1957 1.10647517172e-05
1958 7.12275050704e-06
1959 4.81501229596e-06
1960 -7.22930597969e-06
1961 -7.07157037449e-06
1962 -6.46657047016e-06
1963 4.84005092622e-06
1964 6.31240315815e-06
1965 0.0
1966 -1.36910187818e-05
1967 -6.98881701957e-06
1968 0.0
1969 1.18049005747e-05
1970 0.0
1971 7.50694740451e-07
1972 0.0
1973 0.0
1974 0.0
1975 1.27893918607e-05
1976 0.0
1977 0.0
1978 -8.91772133818e-06
1979 -8.82512981452e-06
1980 0.0
1981 1.22611176011e-05
1982 0.0
1983 4.45959699198e-06
1984 0.0
1985 -8.91594417045e-06
1986 2.60632952634e-06
1987 1.90242640932e-05
1988 2.72466975845e-06
1989 0.0
1990 0.0
1991 -8.8347142941e-06
1992 0.0
1993 1.45448962032e-05
1994 1.75197169683e-06
1995 2.6564226563e-06
1996 0.0
1997 -8.07280648884e-06
1998 8.81836355077e-06
1999 6.50809201822e-06
2000 0.0
2001 2.00678710859e-06
2002 0.0
2003 0.0
2004 1.99463320179e-06
2005 1.55388276742e-06
2006 -4.40447143798e-06
2007 0.0
2008 0.0
2009 -6.68870330349e-06
2010 8.7142187511e-06
2011 6.39508892341e-06
2012 0.0
2013 0.0
2014 -1.03651134782e-05
2015 -5.32826894822e-06
2016 1.19487361464e-05
2017 2.22805334044e-06
2018 1.8039063878e-06
2019 0.0
2020 -6.66810698389e-06
2021 0.0
2022 1.35124304198e-05
2023 7.79383202913e-07
2024 5.52901807889e-06
2025 0.0
2026 -1.69959633811e-05
2027 0.0
2028 1.46520464411e-05
2029 8.76210665891e-07
2030 0.0
2031 0.0
2032 -8.93538784139e-06
2033 0.0
2034 1.24945331926e-05
2035 0.0
2036 0.0
2037 0.0
2038 -8.8911820221e-06
2039 3.53201737106e-06
2040 1.48704185068e-05
2041 0.0
2042 0.0
2043 0.0
2044 -8.77488477938e-06
2045 5.30823656563e-06
2046 8.75680984889e-06
2047 0.0
2048 0.0
2049 3.1870507266e-06
2050 -7.47456580137e-06
2051 1.47117452038e-06
2052 8.33604385312e-06
2053 1.37869658462e-06
2054 2.64712949665e-06
2055 0.0
2056 -1.33125136232e-05
2057 6.74489685015e-07
2058 1.4536553341e-05
2059 3.76639638439e-06
2060 3.36610257604e-06
2061 0.0
2062 -7.33465272721e-06
2063 0.0
2064 9.27967512394e-06
2065 0.0
2066 0.0
2067 0.0
2068 0.0
2069 6.84250307731e-06
2070 1.09485282029e-05
2071 0.0
2072 0.0
2073 0.0
2074 -8.36391835094e-06
2075 4.20707535608e-06
2076 1.0336928645e-05
2077 0.0
2078 0.0
2079 0.0
2080 -0.0
2081 2.68683833273e-06
2082 1.6848690791e-05
2083 4.42625464055e-06
2084 2.6424237052e-06
2085 0.0
2086 -8.90644886555e-06
2087 0.0
2088 1.25286896114e-05
2089 5.37336669748e-06
2090 2.69137369699e-06
2091 0.0
2092 -9.01405787491e-06
2093 4.50872252565e-06
2094 8.12779847696e-06
2095 0.0
2096 3.62813121073e-06
2097 -9.07332542814e-06
2098 -9.00521264194e-06
2099 5.40185296651e-06
2100 9.96195376031e-06
2101 0.0
2102 0.0
2103 0.0
2104 -9.08973892641e-06
2105 9.08330557556e-06
2106 1.72545513454e-05
2107 3.63081400018e-06
2108 0.0
2109 -9.06165276361e-06
2110 -9.05939642383e-06
2111 6.34360112878e-06
2112 1.26908098615e-05
2113 0.0
2114 0.0
2115 -9.09414461887e-06
2116 -9.08676610927e-06
2117 8.1811897836e-06
2118 1.53119116175e-05
2119 4.51953011651e-06
2120 0.0
2121 -9.09641814712e-06
2122 -9.11068399802e-06
2123 5.46633602674e-06
2124 8.15242308755e-06
2125 2.72455152336e-06
2126 8.2056291336e-06
2127 0.0
2128 0.0
2129 1.09482761934e-05
2130 1.09525821519e-05
2131 0.0
2132 1.82516906694e-06
2133 0.0
2134 -9.12895337198e-06
2135 1.18629120717e-05
2136 1.36789211285e-05
2137 3.65087292661e-06
2138 2.73799553962e-06
2139 -9.12941975074e-06
2140 -9.13064198763e-06
2141 1.27737367792e-05
2142 9.1169506545e-06
2143 0.0
2144 9.12532399946e-07
2145 -9.1219261318e-06
2146 -9.11788128599e-06
2147 1.18533333296e-05
2148 1.36539373689e-05
2149 3.63584705967e-06
2150 0.0
2151 -9.05946424096e-06
2152 -9.0599555779e-06
2153 3.6255204113e-06
2154 1.81559450644e-06
2155 0.0
2156 0.0
2157 -9.11017077296e-06
2158 -9.09924222449e-06
2159 1.17963604662e-05
2160 7.24716564659e-06
2161 3.60655631767e-06
2162 9.07992535113e-07
2163 -9.0158980833e-06
2164 0.0
2165 2.36678069868e-05
2166 1.53834424414e-05
2167 9.02438336882e-07
2168 0.0
2169 -1.80940170583e-05
2170 -9.1007845394e-06
2171 1.45773297195e-05
2172 1.16873262919e-05
2173 8.1075756707e-06
2174 3.624200494e-06
2175 -9.07945163889e-06
2176 -9.07812270847e-06
2177 2.18555730927e-05
2178 1.16531031933e-05
2179 9.91156650562e-06
2180 5.46996027889e-06
2181 -9.12208882274e-06
2182 0.0
2183 1.71150367972e-05
2184 5.38019950217e-06
2185 0.0
2186 -9.11245815529e-06
2187 -9.0928828761e-06
2188 0.0
2189 1.91049412629e-05
2190 9.07310456596e-06
2191 6.36825143262e-06
2192 9.12061221871e-07
2193 -9.11837662832e-06
2194 4.51725291501e-06
2195 2.24964131434e-05
2196 1.09178841961e-05
2197 1.63699915597e-05
2198 0.0
2199 -1.78068362917e-05
2200 0.0
2201 2.91275291524e-05
2202 1.59969311215e-05
2203 -8.95526928697e-06
2204 9.84010638701e-06
2205 -8.9019100776e-06
2206 0.0
2207 2.54289968263e-05
2208 1.82216552335e-06
2209 0.0
2210 8.17586350771e-06
2211 -2.71691542836e-05
2212 -9.1098343729e-06
2213 1.73049310093e-05
2214 1.63518979577e-05
2215 6.35760087032e-06
2216 7.12480009428e-06
2217 -3.59858501666e-05
2218 0.0
2219 2.36276180223e-05
2220 1.63055993334e-05
2221 0.0
2222 4.5231137536e-06
2223 -3.63175206225e-05
2224 -9.0568470444e-06
2225 2.71561645183e-05
2226 1.16279436754e-05
2227 0.0
2228 1.72101517107e-05
2229 -2.72080352689e-05
2230 0.0
2231 3.32786782774e-05
2232 1.50987879198e-05
2233 -8.96018874787e-06
2234 1.80556551869e-05
2235 -2.70753094029e-05
2236 0.0
2237 2.32690644855e-05
2238 2.0713188413e-05
2239 0.0
2240 1.60927104587e-05
2241 -2.68108135503e-05
2242 -9.00221793662e-06
2243 1.97693364087e-05
2244 4.46335677829e-06
2245 -9.02234163106e-06
2246 2.64662518011e-06
2247 -3.49648111623e-05
2248 -9.03199446069e-06
2249 2.1611535882e-05
2250 9.78779743231e-06
2251 1.07175952398e-05
2252 2.50070623687e-05
2253 -2.67135158179e-05
2254 1.50045321177e-05
2255 7.12319573552e-06
2256 -1.74494803434e-05
2257 8.68999510815e-07
2258 -1.77767122003e-05
2259 -8.94400239703e-06
2260 2.89723778594e-05
2261 1.8982166314e-05
2262 0.0
2263 1.06468570324e-05
2264 -8.6919115798e-06
2265 -8.70722794783e-06
2266 3.05753970353e-05
2267 3.0406461672e-05
2268 -8.42456605426e-06
2269 1.6277856672e-05
2270 0.0
2271 -8.87011949628e-06
2272 3.29101519631e-05
2273 8.8153454934e-06
2274 -1.77302894426e-05
2275 1.71904065857e-06
2276 -2.56920460981e-05
2277 -3.4622551678e-05
2278 1.96531082022e-05
2279 1.25737017034e-05
2280 -8.62664336841e-06
2281 8.59432622533e-06
2282 -8.52994387851e-06
2283 -4.13672088139e-05
2284 1.13132762726e-05
2285 0.0
2286 -1.78487291999e-05
2287 1.06919602677e-05
2288 -2.67480878642e-05
2289 -2.62730654824e-05
2290 2.93095493536e-05
2291 2.11862082643e-05
2292 -8.65989623826e-06
2293 2.5514194376e-05
2294 0.0
2295 -8.54742437046e-06
2296 3.39970737666e-05
2297 5.33368191071e-06
2298 0.0
2299 1.09698089887e-05
2300 -2.51498616011e-05
2301 -1.71596279652e-05
2302 3.31342401564e-05
2303 1.21461314238e-05
2304 -1.68372688444e-05
2305 1.02910173993e-05
2306 -2.61046803343e-05
2307 -8.6302981388e-06
2308 3.5351188991e-05
2309 1.32431521258e-05
2310 0.0
2311 1.44239012837e-05
2312 -2.67675690295e-05
2313 -2.70387209054e-05
2314 3.07047440178e-05
2315 1.62034611139e-05
2316 -7.84161182286e-06
2317 4.39863746113e-06
2318 -3.24699798358e-05
2319 -1.68358080567e-05
2320 2.16527559346e-05
2321 4.34707286815e-06
2322 0.0
2323 2.09412460337e-05
2324 -8.9023754366e-06
2325 0.0
2326 2.56013239725e-05
2327 1.5163616262e-05
2328 -8.50035100537e-06
2329 3.43643714685e-06
2330 -8.88728874972e-06
2331 4.38956015326e-06
2332 4.01859682336e-05
2333 7.07828252239e-06
2334 -1.73817614278e-05
2335 0.0
2336 -2.63120954044e-05
2337 -8.87977696857e-06
2338 2.81426175807e-05
2339 1.71821622314e-06
2340 -1.63857002259e-05
2341 -8.38946144957e-06
2342 -1.74584884445e-05
2343 0.0
2344 3.80474791476e-05
2345 2.04280258591e-05
2346 -8.49387950619e-06
2347 0.0
2348 -3.33563303138e-05
2349 -8.54511694739e-06
2350 2.75525943199e-05
2351 0.0
2352 -8.29889902778e-06
2353 3.34584076516e-06
2354 -8.74117762755e-06
2355 0.0
2356 2.77899021138e-05
2357 7.86597224794e-06
2358 2.36723512306e-06
2359 1.60668997002e-06
2360 -3.60115115772e-05
2361 0.0
2362 3.93317381909e-05
2363 0.0
2364 2.59321101451e-06
2365 8.85453887024e-06
2366 -1.74942568708e-05
2367 0.0
2368 3.29638752002e-05
2369 6.04397612389e-06
2370 0.0
2371 6.62685434407e-07
2372 -2.40500700696e-05
2373 3.33311489482e-06
2374 4.37260912511e-05
2375 9.57348964981e-06
2376 0.0
2377 -8.20816374114e-06
2378 -3.34469154313e-05
2379 0.0
2380 4.4873484489e-05
2381 1.22765454822e-05
2382 0.0
2383 2.45316742053e-06
2384 -1.66623605426e-05
2385 6.99949975206e-06
2386 1.81118841848e-05
2387 -1.70411709233e-05
2388 4.24693204309e-06
2389 1.14907417077e-05
2390 -8.5754929639e-06
2391 1.79164161628e-05
2392 4.13496229188e-05
2393 5.25109604779e-06
2394 1.46508453055e-05
2395 3.45382529416e-06
2396 -2.41397224112e-05
2397 0.0
2398 1.83882905311e-05
2399 -1.75438270509e-05
2400 0.0
2401 3.47980112339e-06
2402 -2.63742860227e-05
2403 0.0
2404 2.68775360405e-05
2405 -1.70226549561e-05
2406 -8.34513478019e-06
2407 3.18617301747e-06
2408 -1.7358916681e-05
2409 1.46863894011e-05
2410 1.52694073394e-05
2411 -3.47795232499e-05
2412 -8.65070854391e-06
2413 -8.72680101948e-06
2414 -3.98472976002e-05
2415 9.14681098328e-06
2416 4.21608470642e-05
2417 -8.39058494405e-06
2418 4.17625320736e-06
2419 -1.27131879873e-05
2420 -2.58430227052e-05
2421 3.03505614799e-05
2422 3.16172334189e-05
2423 -2.5772892952e-05
2424 0.0
2425 -1.67974020715e-05
2426 -3.93812331914e-05
2427 9.98963823887e-06
2428 5.01365454572e-05
2429 4.31780454557e-06
2430 3.02200539538e-05
2431 -8.64020653446e-06
2432 -4.23140515586e-05
2433 2.38954965599e-05
2434 2.99028760579e-05
2435 -6.38651457033e-06
2436 6.35684535062e-06
2437 -1.54269154316e-05
2438 -5.16807573238e-05
2439 3.97552931738e-05
2440 3.88443007137e-05
2441 -1.72837875568e-05
2442 0.0
2443 -2.48358095242e-05
2444 -4.28864404904e-05
2445 2.01546593984e-05
2446 3.01225153058e-05
2447 -1.4093519485e-05
2448 -1.62327008489e-05
2449 2.53768093266e-06
2450 -3.30110538468e-05
2451 1.91572365914e-05
2452 3.77392227853e-05
2453 -4.21375520666e-05
2454 -1.3917568138e-05
2455 -7.34201878002e-06
2456 -0.000102130415155
2457 -8.52600230275e-06
2458 3.84935740225e-05
2459 -8.50297287256e-06
2460 -8.52026267493e-06
2461 -1.6931531732e-05
2462 -4.83297381447e-05
2463 3.03189534815e-05
2464 4.60232992787e-05
2465 -1.64072620826e-05
2466 -1.66506649338e-05
2467 1.30417977956e-05
2468 -3.17307055254e-05
2469 2.35962427821e-05
2470 2.01946468653e-05
2471 2.97377106287e-05
2472 6.87521732173e-06
2473 5.57300989242e-06
2474 -3.9569941284e-05
2475 -7.79403956737e-06
2476 0.0
2477 -1.55275758068e-05
2478 -4.48826392962e-05
2479 -3.70688564096e-05
2480 -5.84663872943e-05
2481 1.59683245372e-05
2482 2.07562620739e-05
2483 1.96507455348e-05
2484 -4.30755766793e-06
2485 -6.03273145683e-06
2486 -1.25791775544e-05
2487 1.38154275965e-05
2488 6.64178942667e-06
2489 1.06679534376e-05
2490 -2.47451252387e-05
2491 -1.84621105083e-05
2492 -1.52725539723e-05
2493 -2.31474971823e-05
2494 -1.26778390773e-05
2495 -2.99102471312e-06
2496 -3.02191373884e-05
2497 0.0
2498 -1.27745206289e-05
2499 0.0
